0	1
1	0.824824
2	0.737305
3	0.683346
4	0.646597
5	0.618834
6	0.597483
7	0.580825
8	0.567512
9	0.554237
10	0.542412
11	0.532149
12	0.523932
13	0.516164
14	0.509787
15	0.502006
16	0.495271
17	0.490468
18	0.484864
19	0.478123
20	0.472008
21	0.465159
22	0.459517
23	0.453412
24	0.448435
25	0.445124
26	0.441018
27	0.437466
28	0.434329
29	0.429813
30	0.426362
31	0.422162
32	0.418239
33	0.414777
34	0.411057
35	0.409302
36	0.405992
37	0.403263
38	0.400033
39	0.396204
40	0.393826
41	0.392964
42	0.390819
43	0.386459
44	0.382523
45	0.380851
46	0.377848
47	0.376436
48	0.37449
49	0.371149
50	0.368904
51	0.367613
52	0.365557
53	0.363288
54	0.362706
55	0.361702
56	0.36069
57	0.358566
58	0.355878
59	0.354217
60	0.351138
61	0.349087
62	0.34793
63	0.347594
64	0.347179
65	0.346313
66	0.344147
67	0.343757
68	0.340785
69	0.33821
70	0.336542
71	0.335414
72	0.333343
73	0.330536
74	0.328475
75	0.327081
76	0.32561
77	0.32507
78	0.323546
79	0.321287
80	0.321469
81	0.320619
82	0.319067
83	0.319985
84	0.319177
85	0.318075
86	0.317656
87	0.316459
88	0.315653
89	0.314134
90	0.313462
91	0.313275
92	0.313273
93	0.312173
94	0.311266
95	0.311464
96	0.310936
97	0.308756
98	0.30833
99	0.308053
100	0.307457
101	0.306063
102	0.30443
103	0.303036
104	0.30317
105	0.300887
106	0.299888
107	0.298468
108	0.297709
109	0.296763
110	0.294947
111	0.295163
112	0.294955
113	0.29326
114	0.292815
115	0.291156
116	0.29073
117	0.288037
118	0.287353
119	0.28875
120	0.288213
121	0.287776
122	0.285946
123	0.284836
124	0.282597
125	0.28153
126	0.279903
127	0.277827
128	0.277141
129	0.277714
130	0.279707
131	0.280081
132	0.280317
133	0.278427
134	0.276369
135	0.276347
136	0.275469
137	0.273301
138	0.273435
139	0.273737
140	0.273839
141	0.273223
142	0.271213
143	0.268991
144	0.266942
145	0.265195
146	0.262731
147	0.259739
148	0.258954
149	0.259325
150	0.259929
151	0.260616
152	0.260117
153	0.26175
154	0.26223
155	0.261084
156	0.258948
157	0.259121
158	0.259243
159	0.260444
160	0.260675
161	0.26071
162	0.260906
163	0.259471
164	0.258473
165	0.258507
166	0.258205
167	0.258812
168	0.258498
169	0.25856
170	0.258602
171	0.257382
172	0.25513
173	0.253729
174	0.252828
175	0.251484
176	0.252595
177	0.253381
178	0.253737
179	0.253935
180	0.252928
181	0.252522
182	0.251811
183	0.252401
184	0.251393
185	0.251237
186	0.248938
187	0.247646
188	0.248442
189	0.247462
190	0.247078
191	0.247171
192	0.246349
193	0.246411
194	0.245722
195	0.245561
196	0.245352
197	0.245303
198	0.244666
199	0.242902
200	0.241992
201	0.241019
202	0.238737
203	0.237688
204	0.235968
205	0.235972
206	0.235089
207	0.236141
208	0.23645
209	0.235264
210	0.234108
211	0.233574
212	0.232901
213	0.232076
214	0.230442
215	0.230182
216	0.229965
217	0.229129
218	0.231161
219	0.23218
220	0.232097
221	0.232878
222	0.231132
223	0.231182
224	0.231731
225	0.230201
226	0.228547
227	0.227093
228	0.22678
229	0.226624
230	0.227209
231	0.228381
232	0.228494
233	0.228435
234	0.226105
235	0.225882
236	0.22467
237	0.224008
238	0.223263
239	0.222293
240	0.221339
241	0.219685
242	0.218235
243	0.217137
244	0.215657
245	0.216365
246	0.215824
247	0.215421
248	0.215292
249	0.213255
250	0.211786
251	0.212342
252	0.210132
253	0.210327
254	0.209917
255	0.208668
256	0.205815
257	0.20528
258	0.204578
259	0.204286
260	0.202852
261	0.201402
262	0.200739
263	0.201592
264	0.200102
265	0.198697
266	0.197944
267	0.198147
268	0.198498
269	0.19844
270	0.197668
271	0.198915
272	0.199549
273	0.200839
274	0.199754
275	0.198537
276	0.196138
277	0.194788
278	0.19511
279	0.195424
280	0.197409
281	0.197289
282	0.195391
283	0.194586
284	0.193486
285	0.193157
286	0.192629
287	0.191726
288	0.191147
289	0.191535
290	0.191689
291	0.191745
292	0.192199
293	0.191453
294	0.19073
295	0.191106
296	0.191283
297	0.190881
298	0.189184
299	0.187986
300	0.186425
301	0.187043
302	0.189528
303	0.190619
304	0.189596
305	0.188642
306	0.188064
307	0.188242
308	0.187954
309	0.187769
310	0.186979
311	0.1865
312	0.185458
313	0.185161
314	0.185425
315	0.186279
316	0.185778
317	0.186515
318	0.18674
319	0.186116
320	0.187325
321	0.187656
322	0.187452
323	0.188634
324	0.188274
325	0.189163
326	0.188467
327	0.188392
328	0.191161
329	0.192015
330	0.192693
331	0.192672
332	0.1925
333	0.190984
334	0.190143
335	0.188973
336	0.188108
337	0.187715
338	0.187872
339	0.186122
340	0.186715
341	0.185353
342	0.184574
343	0.184646
344	0.182735
345	0.18199
346	0.181707
347	0.181068
348	0.181581
349	0.183246
350	0.184044
351	0.182835
352	0.182026
353	0.181127
354	0.181595
355	0.18086
356	0.180206
357	0.181218
358	0.18148
359	0.181064
360	0.18051
361	0.181469
362	0.181217
363	0.180824
364	0.18175
365	0.181737
366	0.179692
367	0.178895
368	0.17668
369	0.17632
370	0.1757
371	0.172839
372	0.171668
373	0.169956
374	0.169302
375	0.16865
376	0.167975
377	0.169292
378	0.170061
379	0.170757
380	0.169329
381	0.168865
382	0.166828
383	0.164651
384	0.162533
385	0.162574
386	0.162952
387	0.162701
388	0.164182
389	0.165523
390	0.16578
391	0.16606
392	0.166938
393	0.168293
394	0.167849
395	0.166851
396	0.16832
397	0.167259
398	0.165483
399	0.166409
400	0.164628
401	0.163383
402	0.162725
403	0.161233
404	0.160559
405	0.160711
406	0.161206
407	0.164038
408	0.163607
409	0.164569
410	0.16598
411	0.165324
412	0.164433
413	0.163895
414	0.16485
415	0.165109
416	0.165318
417	0.164106
418	0.165217
419	0.161955
420	0.160358
421	0.159483
422	0.158951
423	0.157757
424	0.15775
425	0.156694
426	0.155526
427	0.154463
428	0.15301
429	0.153359
430	0.154218
431	0.15451
432	0.154055
433	0.152266
434	0.153508
435	0.15395
436	0.154622
437	0.153672
438	0.153918
439	0.155866
440	0.155588
441	0.154442
442	0.153124
443	0.153372
444	0.153438
445	0.152229
446	0.151747
447	0.15116
448	0.151238
449	0.151188
450	0.15278
451	0.153459
452	0.154147
453	0.153538
454	0.153481
455	0.151922
456	0.15244
457	0.153454
458	0.15342
459	0.1536
460	0.153756
461	0.153099
462	0.154027
463	0.153783
464	0.153772
465	0.152656
466	0.15365
467	0.153364
468	0.154961
469	0.155854
470	0.154063
471	0.153471
472	0.151044
473	0.149453
474	0.148227
475	0.148282
476	0.148754
477	0.149673
478	0.149432
479	0.148499
480	0.148996
481	0.147863
482	0.14693
483	0.146619
484	0.146466
485	0.147792
486	0.148875
487	0.148093
488	0.148386
489	0.148965
490	0.147922
491	0.146667
492	0.146395
493	0.147524
494	0.147413
495	0.149751
496	0.14998
497	0.149663
498	0.148153
499	0.147748
500	0.148626
501	0.148685
502	0.149931
503	0.149466
504	0.148164
505	0.147302
506	0.146731
507	0.146295
508	0.147365
509	0.146775
510	0.146584
511	0.146207
512	0.147286
513	0.145682
514	0.144419
515	0.144161
516	0.142454
517	0.142717
518	0.143017
519	0.14106
520	0.138055
521	0.136192
522	0.135414
523	0.137107
524	0.136985
525	0.137214
526	0.137243
527	0.136616
528	0.135519
529	0.133887
530	0.133064
531	0.133186
532	0.132292
533	0.131938
534	0.131462
535	0.130921
536	0.129121
537	0.12547
538	0.124377
539	0.12433
540	0.124604
541	0.122665
542	0.122604
543	0.123057
544	0.122715
545	0.122383
546	0.121601
547	0.121969
548	0.12127
549	0.121743
550	0.122161
551	0.12263
552	0.122671
553	0.122627
554	0.123066
555	0.123682
556	0.122372
557	0.121276
558	0.121215
559	0.120799
560	0.11956
561	0.119606
562	0.119614
563	0.118521
564	0.119199
565	0.121489
566	0.121279
567	0.12074
568	0.121873
569	0.12103
570	0.121427
571	0.121614
572	0.121563
573	0.121086
574	0.120756
575	0.120548
576	0.119482
577	0.118345
578	0.118852
579	0.117441
580	0.116499
581	0.11535
582	0.115725
583	0.115677
584	0.114977
585	0.115011
586	0.115305
587	0.116184
588	0.116641
589	0.116497
590	0.115189
591	0.115349
592	0.115877
593	0.114889
594	0.114806
595	0.114873
596	0.115586
597	0.118
598	0.117741
599	0.117177
600	0.11547
601	0.115436
602	0.114062
603	0.113319
604	0.112248
605	0.112207
606	0.113151
607	0.114279
608	0.115618
609	0.116385
610	0.116252
611	0.116156
612	0.11608
613	0.116106
614	0.11566
615	0.114056
616	0.115009
617	0.115046
618	0.114437
619	0.112548
620	0.11177
621	0.110947
622	0.110563
623	0.110115
624	0.10966
625	0.110094
626	0.110314
627	0.110963
628	0.111846
629	0.112235
630	0.112123
631	0.114812
632	0.115767
633	0.114769
634	0.114217
635	0.113311
636	0.110523
637	0.111485
638	0.112118
639	0.111663
640	0.111133
641	0.109562
642	0.110132
643	0.109585
644	0.10952
645	0.110209
646	0.109655
647	0.109597
648	0.109438
649	0.110962
650	0.110851
651	0.110794
652	0.109319
653	0.109109
654	0.108975
655	0.108845
656	0.108343
657	0.107068
658	0.107841
659	0.108898
660	0.109164
661	0.108994
662	0.108554
663	0.109556
664	0.10941
665	0.109136
666	0.110301
667	0.109505
668	0.108676
669	0.10802
670	0.107897
671	0.10769
672	0.107102
673	0.10826
674	0.107382
675	0.10797
676	0.106861
677	0.104351
678	0.103571
679	0.102431
680	0.101403
681	0.102656
682	0.102983
683	0.102697
684	0.103247
685	0.101417
686	0.10163
687	0.10081
688	0.0996123
689	0.0993668
690	0.100759
691	0.102235
692	0.102491
693	0.101467
694	0.101274
695	0.10056
696	0.100626
697	0.098287
698	0.0967331
699	0.0953438
700	0.0961672
701	0.0967837
702	0.0957648
703	0.0983948
704	0.0989388
705	0.100118
706	0.0977208
707	0.0965976
708	0.0951982
709	0.0943223
710	0.094313
711	0.0942253
712	0.093616
713	0.093061
714	0.0910763
715	0.0902059
716	0.0895372
717	0.0880245
718	0.0868085
719	0.0890244
720	0.0898544
721	0.0891435
722	0.0885181
723	0.0869263
724	0.0854032
725	0.0834541
726	0.082028
727	0.08318
728	0.0837212
729	0.0834482
730	0.0840266
731	0.085178
732	0.0862935
733	0.085428
734	0.0849598
735	0.0845284
736	0.0837121
737	0.0847496
738	0.0839693
739	0.0833123
740	0.0819426
741	0.0820394
742	0.0835524
743	0.0822456
744	0.0807085
745	0.0795987
746	0.0804294
747	0.080391
748	0.0814347
749	0.0840086
750	0.0857674
751	0.0859365
752	0.0858818
753	0.0856828
754	0.0859842
755	0.0855894
756	0.0855942
757	0.0838197
758	0.0831381
759	0.0845567
760	0.08345
761	0.0833195
762	0.0842911
763	0.0844864
764	0.0842412
765	0.0847227
766	0.0842524
767	0.0853692
768	0.084973
769	0.08548
770	0.0866608
771	0.0861092
772	0.0868826
773	0.08744
774	0.0890643
775	0.0900312
776	0.0898468
777	0.0895395
778	0.0891375
779	0.0898772
780	0.0905199
781	0.0899521
782	0.0907373
783	0.0910314
784	0.091152
785	0.0888783
786	0.0887833
787	0.0897094
788	0.0895703
789	0.0900327
790	0.0892179
791	0.0902919
792	0.088427
793	0.0889612
794	0.0900446
795	0.0905774
796	0.0904902
797	0.0908569
798	0.0899632
799	0.0900936
800	0.0886276
801	0.0868749
802	0.0878063
803	0.0876761
804	0.0874815
805	0.0864118
806	0.085998
807	0.0876053
808	0.0857688
809	0.0851355
810	0.0839566
811	0.0839633
812	0.083529
813	0.082329
814	0.084346
815	0.0851501
816	0.0849024
817	0.0842184
818	0.0839919
819	0.0849852
820	0.0843154
821	0.0838463
822	0.0840328
823	0.0833144
824	0.0828777
825	0.083097
826	0.0831677
827	0.0815291
828	0.081294
829	0.0781217
830	0.0785465
831	0.0778653
832	0.0782248
833	0.0775843
834	0.0774266
835	0.0792802
836	0.0791105
837	0.0793974
838	0.0796751
839	0.0810097
840	0.0816684
841	0.0818123
842	0.0815393
843	0.0812653
844	0.0811391
845	0.0815639
846	0.0812191
847	0.0791991
848	0.0787331
849	0.0789767
850	0.0791671
851	0.0777417
852	0.0760344
853	0.0755665
854	0.0748385
855	0.0755057
856	0.0770233
857	0.0776028
858	0.0763935
859	0.0761089
860	0.0747808
861	0.0757604
862	0.0752893
863	0.0756376
864	0.0770653
865	0.077301
866	0.0772677
867	0.0780349
868	0.0757653
869	0.075177
870	0.0758631
871	0.0769409
872	0.076249
873	0.0755923
874	0.0765064
875	0.0748857
876	0.0731529
877	0.0722794
878	0.0712774
879	0.0696114
880	0.0691519
881	0.0686693
882	0.0689211
883	0.0702203
884	0.0704027
885	0.0711297
886	0.0717036
887	0.070866
888	0.0693695
889	0.0679332
890	0.0670882
891	0.0670271
892	0.0676991
893	0.0672956
894	0.0693245
895	0.0705529
896	0.0702577
897	0.069746
898	0.0698562
899	0.0696289
900	0.0701466
901	0.0702826
902	0.0706782
903	0.0715207
904	0.0708737
905	0.0717763
906	0.0731562
907	0.0741634
908	0.0727897
909	0.07114
910	0.0713407
911	0.0703764
912	0.0690618
913	0.0702151
914	0.0714604
915	0.0710259
916	0.0718237
917	0.0716175
918	0.0723038
919	0.072633
920	0.0730784
921	0.0711126
922	0.0698722
923	0.0684366
924	0.0687781
925	0.0696814
926	0.0686037
927	0.0687249
928	0.0686041
929	0.0701665
930	0.0682289
931	0.0676515
932	0.0668718
933	0.0656144
934	0.0656288
935	0.0663495
936	0.0651967
937	0.0651639
938	0.0642318
939	0.063956
940	0.0645343
941	0.0632438
942	0.0623667
943	0.0607686
944	0.061695
945	0.0610006
946	0.0604101
947	0.0597103
948	0.0590433
949	0.0573995
950	0.0556264
951	0.0548456
952	0.0535462
953	0.0551813
954	0.0551037
955	0.0547038
956	0.0556744
957	0.05722
958	0.0575853
959	0.0582483
960	0.0581024
961	0.0582123
962	0.0570647
963	0.0559624
964	0.0555314
965	0.0559744
966	0.0562556
967	0.0560712
968	0.0555231
969	0.0549382
970	0.0559208
971	0.0544144
972	0.054149
973	0.0542819
974	0.055552
975	0.0556211
976	0.0564307
977	0.0557644
978	0.0551043
979	0.0543495
980	0.053455
981	0.0544891
982	0.054111
983	0.053927
984	0.0543658
985	0.055158
986	0.0568951
987	0.056975
988	0.0568343
989	0.0567863
990	0.0560541
991	0.0546817
992	0.0547159
993	0.0554047
994	0.0567387
995	0.0575802
996	0.0579862
997	0.0570945
998	0.0598214
999	0.0606163
