#Nstep		#H_istantaneo
0	-0.778621	
1	-0.77979	
2	-0.803587	
3	-0.832794	
4	-0.913729	
5	-0.917071	
6	-0.97023	
7	-0.98156	
8	-0.979122	
9	-1.04533	
10	-1.04266	
11	-1.0399	
12	-1.07845	
13	-1.08863	
14	-1.07672	
15	-1.04236	
16	-1.03597	
17	-1.03335	
18	-1.06769	
19	-1.07366	
20	-1.08096	
21	-1.08937	
22	-1.0929	
23	-1.06592	
24	-1.06677	
25	-1.06808	
26	-1.03046	
27	-1.03421	
28	-1.04657	
29	-1.04404	
30	-1.05565	
31	-1.05333	
32	-1.05761	
33	-1.04707	
34	-1.07845	
35	-1.08455	
36	-1.08871	
37	-1.0872	
38	-1.10213	
39	-1.09677	
40	-1.06924	
41	-1.07191	
42	-1.07103	
43	-1.06999	
44	-1.07726	
45	-1.08154	
46	-1.11615	
47	-1.11298	
48	-1.11996	
49	-1.11771	
50	-1.11995	
51	-1.12744	
52	-1.1223	
53	-1.12835	
54	-1.1265	
55	-1.13311	
56	-1.12557	
57	-1.12773	
58	-1.11695	
59	-1.11695	
60	-1.11399	
61	-1.12459	
62	-1.13058	
63	-1.12572	
64	-1.13048	
65	-1.13891	
66	-1.13232	
67	-1.12845	
68	-1.13114	
69	-1.12825	
70	-1.16713	
71	-1.17481	
72	-1.15167	
73	-1.15553	
74	-1.15553	
75	-1.15921	
76	-1.1628	
77	-1.1686	
78	-1.16637	
79	-1.16532	
80	-1.15597	
81	-1.15351	
82	-1.17321	
83	-1.16256	
84	-1.18029	
85	-1.17786	
86	-1.17004	
87	-1.17289	
88	-1.17777	
89	-1.18969	
90	-1.21394	
91	-1.21877	
92	-1.20107	
93	-1.20012	
94	-1.22321	
95	-1.223	
96	-1.22256	
97	-1.21665	
98	-1.2135	
99	-1.21108	
100	-1.2128	
101	-1.18967	
102	-1.19685	
103	-1.19847	
104	-1.195	
105	-1.19166	
106	-1.22322	
107	-1.22638	
108	-1.18115	
109	-1.18148	
110	-1.15147	
111	-1.15637	
112	-1.15084	
113	-1.15053	
114	-1.15292	
115	-1.15287	
116	-1.14093	
117	-1.12916	
118	-1.16833	
119	-1.14031	
120	-1.13516	
121	-1.13049	
122	-1.12385	
123	-1.12389	
124	-1.12281	
125	-1.09163	
126	-1.08176	
127	-1.11211	
128	-1.1126	
129	-1.1126	
130	-1.11076	
131	-1.10278	
132	-1.10775	
133	-1.13528	
134	-1.13177	
135	-1.14422	
136	-1.14865	
137	-1.15433	
138	-1.14909	
139	-1.14909	
140	-1.14649	
141	-1.15272	
142	-1.15748	
143	-1.1707	
144	-1.17625	
145	-1.16829	
146	-1.17668	
147	-1.17645	
148	-1.17841	
149	-1.17522	
150	-1.16295	
151	-1.1618	
152	-1.15931	
153	-1.15717	
154	-1.1665	
155	-1.16951	
156	-1.1757	
157	-1.17306	
158	-1.17565	
159	-1.17593	
160	-1.16344	
161	-1.16538	
162	-1.16416	
163	-1.16375	
164	-1.18756	
165	-1.17961	
166	-1.17653	
167	-1.19213	
168	-1.19208	
169	-1.18215	
170	-1.1861	
171	-1.1968	
172	-1.19659	
173	-1.19218	
174	-1.20391	
175	-1.21072	
176	-1.21538	
177	-1.22367	
178	-1.2285	
179	-1.21963	
180	-1.21815	
181	-1.19962	
182	-1.19864	
183	-1.19447	
184	-1.20186	
185	-1.19346	
186	-1.19346	
187	-1.18836	
188	-1.16926	
189	-1.16956	
190	-1.16412	
191	-1.16555	
192	-1.14513	
193	-1.14629	
194	-1.12593	
195	-1.11563	
196	-1.11677	
197	-1.11453	
198	-1.09937	
199	-1.12328	
200	-1.1219	
201	-1.12117	
202	-1.12841	
203	-1.12362	
204	-1.1303	
205	-1.12923	
206	-1.13037	
207	-1.14087	
208	-1.15178	
209	-1.15912	
210	-1.15684	
211	-1.15564	
212	-1.15124	
213	-1.15952	
214	-1.15952	
215	-1.1461	
216	-1.13596	
217	-1.13847	
218	-1.14178	
219	-1.13066	
220	-1.13037	
221	-1.12394	
222	-1.11453	
223	-1.10164	
224	-1.09045	
225	-1.0957	
226	-1.09145	
227	-1.09103	
228	-1.08489	
229	-1.0931	
230	-1.10272	
231	-1.11526	
232	-1.13115	
233	-1.11381	
234	-1.12159	
235	-1.10464	
236	-1.10288	
237	-1.09774	
238	-1.09774	
239	-1.09511	
240	-1.0978	
241	-1.1005	
242	-1.12031	
243	-1.11935	
244	-1.12351	
245	-1.11809	
246	-1.12583	
247	-1.11668	
248	-1.10044	
249	-1.10935	
250	-1.12955	
251	-1.10251	
252	-1.12046	
253	-1.11748	
254	-1.11246	
255	-1.13431	
256	-1.14138	
257	-1.14858	
258	-1.1167	
259	-1.12845	
260	-1.12846	
261	-1.13386	
262	-1.14235	
263	-1.13909	
264	-1.14861	
265	-1.14984	
266	-1.14491	
267	-1.13252	
268	-1.12845	
269	-1.12236	
270	-1.11916	
271	-1.13881	
272	-1.13362	
273	-1.13818	
274	-1.10449	
275	-1.11111	
276	-1.11412	
277	-1.11125	
278	-1.10075	
279	-1.09795	
280	-1.10103	
281	-1.10178	
282	-1.10071	
283	-1.10498	
284	-1.11495	
285	-1.10404	
286	-1.10466	
287	-1.10928	
288	-1.12019	
289	-1.12019	
290	-1.12384	
291	-1.11703	
292	-1.11977	
293	-1.1584	
294	-1.15328	
295	-1.15815	
296	-1.16915	
297	-1.17304	
298	-1.17678	
299	-1.17678	
300	-1.18047	
301	-1.17737	
302	-1.17644	
303	-1.17031	
304	-1.17004	
305	-1.17365	
306	-1.17507	
307	-1.17378	
308	-1.16791	
309	-1.1643	
310	-1.13513	
311	-1.1344	
312	-1.09706	
313	-1.09345	
314	-1.08226	
315	-1.0838	
316	-1.09099	
317	-1.10197	
318	-1.09505	
319	-1.09321	
320	-1.13669	
321	-1.14436	
322	-1.14341	
323	-1.13479	
324	-1.09149	
325	-1.09002	
326	-1.09322	
327	-1.09571	
328	-1.10904	
329	-1.106	
330	-1.11122	
331	-1.12404	
332	-1.15309	
333	-1.15286	
334	-1.0958	
335	-1.0973	
336	-1.08456	
337	-1.06775	
338	-1.06877	
339	-1.06696	
340	-1.04554	
341	-1.07777	
342	-1.06927	
343	-1.06916	
344	-1.06985	
345	-1.06962	
346	-1.07054	
347	-1.07823	
348	-1.08626	
349	-1.08109	
350	-1.07721	
351	-1.07711	
352	-1.11026	
353	-1.11386	
354	-1.12332	
355	-1.12403	
356	-1.13208	
357	-1.14233	
358	-1.14433	
359	-1.14433	
360	-1.1872	
361	-1.15896	
362	-1.14688	
363	-1.14617	
364	-1.14476	
365	-1.1443	
366	-1.14919	
367	-1.15531	
368	-1.14332	
369	-1.14479	
370	-1.1397	
371	-1.14417	
372	-1.14414	
373	-1.14343	
374	-1.14276	
375	-1.13172	
376	-1.1322	
377	-1.14611	
378	-1.14905	
379	-1.15462	
380	-1.15212	
381	-1.15548	
382	-1.17052	
383	-1.17174	
384	-1.17372	
385	-1.17372	
386	-1.16967	
387	-1.16967	
388	-1.1495	
389	-1.15393	
390	-1.14792	
391	-1.12814	
392	-1.12074	
393	-1.10395	
394	-1.10216	
395	-1.11287	
396	-1.11914	
397	-1.1079	
398	-1.10933	
399	-1.11226	
400	-1.12403	
401	-1.09861	
402	-1.08788	
403	-1.08462	
404	-1.08646	
405	-1.08372	
406	-1.07546	
407	-1.07546	
408	-1.10144	
409	-1.10638	
410	-1.12636	
411	-1.13391	
412	-1.15102	
413	-1.14176	
414	-1.15471	
415	-1.15219	
416	-1.14863	
417	-1.14794	
418	-1.14226	
419	-1.13547	
420	-1.12952	
421	-1.1833	
422	-1.18117	
423	-1.18698	
424	-1.19224	
425	-1.19742	
426	-1.1785	
427	-1.15435	
428	-1.15289	
429	-1.1642	
430	-1.1642	
431	-1.14351	
432	-1.14559	
433	-1.14751	
434	-1.14479	
435	-1.14605	
436	-1.14989	
437	-1.14773	
438	-1.15626	
439	-1.15363	
440	-1.14798	
441	-1.16037	
442	-1.1497	
443	-1.14299	
444	-1.15247	
445	-1.15298	
446	-1.15363	
447	-1.16528	
448	-1.16993	
449	-1.1665	
450	-1.14629	
451	-1.14844	
452	-1.14143	
453	-1.14924	
454	-1.14965	
455	-1.15419	
456	-1.15183	
457	-1.14484	
458	-1.14854	
459	-1.14938	
460	-1.14337	
461	-1.13913	
462	-1.13913	
463	-1.13913	
464	-1.14198	
465	-1.13588	
466	-1.13588	
467	-1.13634	
468	-1.13082	
469	-1.1379	
470	-1.14151	
471	-1.14343	
472	-1.14343	
473	-1.14749	
474	-1.14441	
475	-1.16936	
476	-1.16936	
477	-1.16953	
478	-1.16554	
479	-1.16342	
480	-1.16629	
481	-1.16357	
482	-1.16121	
483	-1.1257	
484	-1.12933	
485	-1.13032	
486	-1.17193	
487	-1.1519	
488	-1.1373	
489	-1.1577	
490	-1.13786	
491	-1.13344	
492	-1.1151	
493	-1.11851	
494	-1.12261	
495	-1.12037	
496	-1.11408	
497	-1.10831	
498	-1.08534	
499	-1.15908	
500	-1.15786	
501	-1.14867	
502	-1.14468	
503	-1.14526	
504	-1.14603	
505	-1.1253	
506	-1.13067	
507	-1.13324	
508	-1.12605	
509	-1.11724	
510	-1.11897	
511	-1.11642	
512	-1.12035	
513	-1.11576	
514	-1.11066	
515	-1.12416	
516	-1.1378	
517	-1.14193	
518	-1.15301	
519	-1.14745	
520	-1.14064	
521	-1.1506	
522	-1.1548	
523	-1.15071	
524	-1.14976	
525	-1.15534	
526	-1.16264	
527	-1.1714	
528	-1.17099	
529	-1.16684	
530	-1.1711	
531	-1.17018	
532	-1.15841	
533	-1.16405	
534	-1.17168	
535	-1.16088	
536	-1.15568	
537	-1.14862	
538	-1.17612	
539	-1.17622	
540	-1.17528	
541	-1.17637	
542	-1.16659	
543	-1.16489	
544	-1.17272	
545	-1.1778	
546	-1.17187	
547	-1.17384	
548	-1.17051	
549	-1.16324	
550	-1.16236	
551	-1.1588	
552	-1.16586	
553	-1.16315	
554	-1.17098	
555	-1.17835	
556	-1.17848	
557	-1.17267	
558	-1.18036	
559	-1.18036	
560	-1.18218	
561	-1.16804	
562	-1.15417	
563	-1.15879	
564	-1.15417	
565	-1.14876	
566	-1.13736	
567	-1.1341	
568	-1.1341	
569	-1.12729	
570	-1.1157	
571	-1.0937	
572	-1.09498	
573	-1.14751	
574	-1.15561	
575	-1.15324	
576	-1.16103	
577	-1.15993	
578	-1.16624	
579	-1.16811	
580	-1.16625	
581	-1.16456	
582	-1.16456	
583	-1.12418	
584	-1.12235	
585	-1.12411	
586	-1.11916	
587	-1.11681	
588	-1.11465	
589	-1.1206	
590	-1.12491	
591	-1.11612	
592	-1.119	
593	-1.11702	
594	-1.13283	
595	-1.13291	
596	-1.0843	
597	-1.08273	
598	-1.09259	
599	-1.0792	
600	-1.0844	
601	-1.08251	
602	-1.09277	
603	-1.09277	
604	-1.09428	
605	-1.09675	
606	-1.09181	
607	-1.09684	
608	-1.10371	
609	-1.10688	
610	-1.09773	
611	-1.09773	
612	-1.09773	
613	-1.10226	
614	-1.1017	
615	-1.08688	
616	-1.11531	
617	-1.13474	
618	-1.1214	
619	-1.14851	
620	-1.14604	
621	-1.1429	
622	-1.13719	
623	-1.13548	
624	-1.1303	
625	-1.12792	
626	-1.13121	
627	-1.12886	
628	-1.12397	
629	-1.1211	
630	-1.13201	
631	-1.08423	
632	-1.08877	
633	-1.09354	
634	-1.08944	
635	-1.09278	
636	-1.08633	
637	-1.09147	
638	-1.09102	
639	-1.09368	
640	-1.08845	
641	-1.07319	
642	-1.07442	
643	-1.06491	
644	-1.06491	
645	-1.07923	
646	-1.1109	
647	-1.117	
648	-1.10849	
649	-1.11371	
650	-1.10525	
651	-1.09898	
652	-1.09878	
653	-1.10195	
654	-1.11192	
655	-1.10623	
656	-1.11146	
657	-1.10832	
658	-1.10937	
659	-1.10728	
660	-1.10068	
661	-1.10217	
662	-1.13568	
663	-1.1327	
664	-1.09951	
665	-1.10685	
666	-1.1168	
667	-1.13143	
668	-1.13568	
669	-1.13487	
670	-1.15443	
671	-1.15496	
672	-1.15138	
673	-1.15615	
674	-1.13779	
675	-1.13733	
676	-1.16899	
677	-1.16598	
678	-1.1647	
679	-1.16396	
680	-1.15098	
681	-1.15516	
682	-1.15629	
683	-1.16833	
684	-1.16148	
685	-1.11966	
686	-1.11584	
687	-1.12219	
688	-1.12219	
689	-1.11811	
690	-1.11119	
691	-1.09346	
692	-1.10079	
693	-1.11425	
694	-1.10509	
695	-1.10394	
696	-1.10191	
697	-1.10414	
698	-1.10647	
699	-1.0897	
700	-1.0946	
701	-1.09553	
702	-1.08855	
703	-1.09163	
704	-1.10594	
705	-1.11231	
706	-1.09516	
707	-1.11055	
708	-1.12467	
709	-1.12625	
710	-1.13288	
711	-1.13704	
712	-1.13704	
713	-1.13014	
714	-1.13488	
715	-1.12755	
716	-1.18494	
717	-1.19133	
718	-1.18141	
719	-1.15821	
720	-1.16483	
721	-1.16345	
722	-1.15827	
723	-1.15501	
724	-1.16329	
725	-1.15824	
726	-1.15348	
727	-1.13909	
728	-1.14083	
729	-1.1556	
730	-1.16193	
731	-1.16722	
732	-1.1637	
733	-1.16208	
734	-1.16208	
735	-1.1741	
736	-1.16879	
737	-1.15713	
738	-1.14681	
739	-1.14779	
740	-1.14948	
741	-1.1517	
742	-1.15668	
743	-1.15924	
744	-1.1532	
745	-1.15538	
746	-1.10919	
747	-1.10781	
748	-1.11095	
749	-1.11412	
750	-1.11541	
751	-1.09588	
752	-1.10208	
753	-1.10241	
754	-1.10466	
755	-1.1042	
756	-1.09397	
757	-1.1067	
758	-1.13001	
759	-1.13643	
760	-1.13469	
761	-1.12001	
762	-1.12829	
763	-1.12829	
764	-1.12829	
765	-1.12402	
766	-1.11068	
767	-1.1141	
768	-1.11912	
769	-1.13048	
770	-1.13709	
771	-1.12388	
772	-1.12583	
773	-1.18255	
774	-1.18087	
775	-1.18503	
776	-1.15143	
777	-1.14262	
778	-1.10899	
779	-1.11752	
780	-1.12164	
781	-1.12579	
782	-1.13394	
783	-1.12615	
784	-1.1256	
785	-1.13021	
786	-1.11391	
787	-1.11391	
788	-1.1105	
789	-1.1105	
790	-1.10166	
791	-1.11395	
792	-1.10275	
793	-1.09994	
794	-1.13068	
795	-1.13147	
796	-1.1299	
797	-1.1282	
798	-1.13619	
799	-1.14084	
800	-1.14224	
801	-1.12395	
802	-1.1231	
803	-1.121	
804	-1.12388	
805	-1.12525	
806	-1.12925	
807	-1.15289	
808	-1.16484	
809	-1.1542	
810	-1.17884	
811	-1.18502	
812	-1.16637	
813	-1.13253	
814	-1.13234	
815	-1.1575	
816	-1.15632	
817	-1.15924	
818	-1.14883	
819	-1.15014	
820	-1.14241	
821	-1.14205	
822	-1.1344	
823	-1.12751	
824	-1.17038	
825	-1.16797	
826	-1.16017	
827	-1.15471	
828	-1.15921	
829	-1.15242	
830	-1.15711	
831	-1.15417	
832	-1.15417	
833	-1.15091	
834	-1.15091	
835	-1.15868	
836	-1.15802	
837	-1.1534	
838	-1.16106	
839	-1.15945	
840	-1.16362	
841	-1.16212	
842	-1.16603	
843	-1.16434	
844	-1.16806	
845	-1.16806	
846	-1.1632	
847	-1.16206	
848	-1.15269	
849	-1.1435	
850	-1.13978	
851	-1.13117	
852	-1.1345	
853	-1.13165	
854	-1.12906	
855	-1.13079	
856	-1.14114	
857	-1.15457	
858	-1.12545	
859	-1.12245	
860	-1.13382	
861	-1.13472	
862	-1.13155	
863	-1.13149	
864	-1.12505	
865	-1.11669	
866	-1.11402	
867	-1.11715	
868	-1.11286	
869	-1.12322	
870	-1.11618	
871	-1.1353	
872	-1.13156	
873	-1.15055	
874	-1.10839	
875	-1.11483	
876	-1.11483	
877	-1.11365	
878	-1.12227	
879	-1.13356	
880	-1.13829	
881	-1.17139	
882	-1.16969	
883	-1.16257	
884	-1.15798	
885	-1.12989	
886	-1.13179	
887	-1.11024	
888	-1.11816	
889	-1.12374	
890	-1.11825	
891	-1.11825	
892	-1.11825	
893	-1.11908	
894	-1.1189	
895	-1.11005	
896	-1.11028	
897	-1.10185	
898	-1.10831	
899	-1.09856	
900	-1.11061	
901	-1.11017	
902	-1.10965	
903	-1.09709	
904	-1.08452	
905	-1.08358	
906	-1.08075	
907	-1.08163	
908	-1.08304	
909	-1.08213	
910	-1.08388	
911	-1.08103	
912	-1.08149	
913	-1.08451	
914	-1.07562	
915	-1.07343	
916	-1.07114	
917	-1.07111	
918	-1.07705	
919	-1.07705	
920	-1.07319	
921	-1.07023	
922	-1.07581	
923	-1.07491	
924	-1.07959	
925	-1.08025	
926	-1.08144	
927	-1.08234	
928	-1.08924	
929	-1.08924	
930	-1.0857	
931	-1.09054	
932	-1.10796	
933	-1.11361	
934	-1.11361	
935	-1.11465	
936	-1.11465	
937	-1.11642	
938	-1.10515	
939	-1.09948	
940	-1.10447	
941	-1.10651	
942	-1.09669	
943	-1.09986	
944	-1.10333	
945	-1.10772	
946	-1.11058	
947	-1.11071	
948	-1.10484	
949	-1.10385	
950	-1.1226	
951	-1.1226	
952	-1.12558	
953	-1.12216	
954	-1.1253	
955	-1.11649	
956	-1.11666	
957	-1.11463	
958	-1.10904	
959	-1.10014	
960	-1.09528	
961	-1.08549	
962	-1.08841	
963	-1.07731	
964	-1.08716	
965	-1.09477	
966	-1.10012	
967	-1.09666	
968	-1.08529	
969	-1.08529	
970	-1.08275	
971	-1.07234	
972	-1.08473	
973	-1.07359	
974	-1.07048	
975	-1.12308	
976	-1.11763	
977	-1.11055	
978	-1.12062	
979	-1.16809	
980	-1.14736	
981	-1.11649	
982	-1.11206	
983	-1.11099	
984	-1.08901	
985	-1.09178	
986	-1.09987	
987	-1.09497	
988	-1.16762	
989	-1.16592	
990	-1.16889	
991	-1.16798	
992	-1.17216	
993	-1.1691	
994	-1.16276	
995	-1.13146	
996	-1.13952	
997	-1.11975	
998	-1.10856	
999	-1.11191	
1000	-1.11846	
1001	-1.11561	
1002	-1.1269	
1003	-1.13501	
1004	-1.13974	
1005	-1.13459	
1006	-1.13774	
1007	-1.13959	
1008	-1.14976	
1009	-1.15115	
1010	-1.15115	
1011	-1.14964	
1012	-1.12896	
1013	-1.12449	
1014	-1.13193	
1015	-1.14091	
1016	-1.14805	
1017	-1.15084	
1018	-1.14961	
1019	-1.15283	
1020	-1.1514	
1021	-1.15119	
1022	-1.15187	
1023	-1.15187	
1024	-1.15124	
1025	-1.15594	
1026	-1.15323	
1027	-1.15086	
1028	-1.14467	
1029	-1.13831	
1030	-1.12767	
1031	-1.12342	
1032	-1.12477	
1033	-1.13247	
1034	-1.13466	
1035	-1.15158	
1036	-1.15104	
1037	-1.15455	
1038	-1.15457	
1039	-1.1522	
1040	-1.14948	
1041	-1.12011	
1042	-1.11716	
1043	-1.12107	
1044	-1.12412	
1045	-1.12944	
1046	-1.12915	
1047	-1.13002	
1048	-1.12974	
1049	-1.12974	
1050	-1.13182	
1051	-1.1295	
1052	-1.13837	
1053	-1.1581	
1054	-1.15861	
1055	-1.15528	
1056	-1.15284	
1057	-1.14074	
1058	-1.13975	
1059	-1.1013	
1060	-1.09896	
1061	-1.12323	
1062	-1.12082	
1063	-1.11555	
1064	-1.11208	
1065	-1.09281	
1066	-1.09594	
1067	-1.0943	
1068	-1.0943	
1069	-1.08798	
1070	-1.07012	
1071	-1.06661	
1072	-1.08788	
1073	-1.07347	
1074	-1.06968	
1075	-1.12228	
1076	-1.10899	
1077	-1.10026	
1078	-1.10455	
1079	-1.09326	
1080	-1.09833	
1081	-1.12876	
1082	-1.12244	
1083	-1.12244	
1084	-1.11056	
1085	-1.10289	
1086	-1.11425	
1087	-1.12037	
1088	-1.11574	
1089	-1.09884	
1090	-1.09081	
1091	-1.09356	
1092	-1.09928	
1093	-1.10261	
1094	-1.10288	
1095	-1.09897	
1096	-1.09899	
1097	-1.09667	
1098	-1.10131	
1099	-1.09862	
1100	-1.09316	
1101	-1.09274	
1102	-1.09594	
1103	-1.09463	
1104	-1.11585	
1105	-1.10994	
1106	-1.10994	
1107	-1.12043	
1108	-1.13104	
1109	-1.13493	
1110	-1.12931	
1111	-1.12031	
1112	-1.12259	
1113	-1.11576	
1114	-1.1317	
1115	-1.14709	
1116	-1.14409	
1117	-1.13778	
1118	-1.1283	
1119	-1.13126	
1120	-1.12178	
1121	-1.12838	
1122	-1.12339	
1123	-1.12765	
1124	-1.13232	
1125	-1.14881	
1126	-1.15129	
1127	-1.15027	
1128	-1.15004	
1129	-1.13199	
1130	-1.12479	
1131	-1.13272	
1132	-1.11808	
1133	-1.128	
1134	-1.16045	
1135	-1.15427	
1136	-1.15842	
1137	-1.15953	
1138	-1.15154	
1139	-1.15517	
1140	-1.1563	
1141	-1.13469	
1142	-1.13423	
1143	-1.14446	
1144	-1.14193	
1145	-1.14492	
1146	-1.17637	
1147	-1.17786	
1148	-1.17143	
1149	-1.12653	
1150	-1.14259	
1151	-1.147	
1152	-1.14985	
1153	-1.13757	
1154	-1.13058	
1155	-1.12935	
1156	-1.12536	
1157	-1.12405	
1158	-1.1255	
1159	-1.11693	
1160	-1.1135	
1161	-1.1135	
1162	-1.11614	
1163	-1.10003	
1164	-1.09596	
1165	-1.08944	
1166	-1.0987	
1167	-1.12476	
1168	-1.13101	
1169	-1.13056	
1170	-1.12119	
1171	-1.1283	
1172	-1.1283	
1173	-1.12513	
1174	-1.12786	
1175	-1.13696	
1176	-1.13696	
1177	-1.14892	
1178	-1.15546	
1179	-1.15369	
1180	-1.15459	
1181	-1.15324	
1182	-1.16425	
1183	-1.15896	
1184	-1.15439	
1185	-1.1647	
1186	-1.16615	
1187	-1.16148	
1188	-1.16452	
1189	-1.16265	
1190	-1.16265	
1191	-1.18143	
1192	-1.17942	
1193	-1.18228	
1194	-1.17957	
1195	-1.18275	
1196	-1.1693	
1197	-1.174	
1198	-1.174	
1199	-1.17577	
1200	-1.1543	
1201	-1.1552	
1202	-1.19309	
1203	-1.18947	
1204	-1.19796	
1205	-1.19294	
1206	-1.19243	
1207	-1.19987	
1208	-1.19987	
1209	-1.19617	
1210	-1.19478	
1211	-1.1967	
1212	-1.19257	
1213	-1.19212	
1214	-1.19215	
1215	-1.18875	
1216	-1.19141	
1217	-1.19386	
1218	-1.18304	
1219	-1.16995	
1220	-1.16719	
1221	-1.16717	
1222	-1.16053	
1223	-1.16246	
1224	-1.14012	
1225	-1.14236	
1226	-1.14607	
1227	-1.14341	
1228	-1.14085	
1229	-1.14313	
1230	-1.11696	
1231	-1.11595	
1232	-1.13408	
1233	-1.13521	
1234	-1.12377	
1235	-1.12552	
1236	-1.12271	
1237	-1.12271	
1238	-1.12271	
1239	-1.12291	
1240	-1.12223	
1241	-1.11822	
1242	-1.14246	
1243	-1.14925	
1244	-1.15437	
1245	-1.1548	
1246	-1.15263	
1247	-1.16415	
1248	-1.15779	
1249	-1.15765	
1250	-1.16094	
1251	-1.16646	
1252	-1.16896	
1253	-1.17376	
1254	-1.1802	
1255	-1.17864	
1256	-1.15837	
1257	-1.16555	
1258	-1.16555	
1259	-1.16678	
1260	-1.17459	
1261	-1.17849	
1262	-1.1764	
1263	-1.17379	
1264	-1.17101	
1265	-1.17609	
1266	-1.18326	
1267	-1.19074	
1268	-1.20228	
1269	-1.20046	
1270	-1.20643	
1271	-1.20948	
1272	-1.20918	
1273	-1.20481	
1274	-1.19364	
1275	-1.19761	
1276	-1.19826	
1277	-1.19183	
1278	-1.19481	
1279	-1.14405	
1280	-1.13098	
1281	-1.13012	
1282	-1.13202	
1283	-1.12261	
1284	-1.12541	
1285	-1.12541	
1286	-1.12357	
1287	-1.1271	
1288	-1.12993	
1289	-1.13432	
1290	-1.14172	
1291	-1.173	
1292	-1.16908	
1293	-1.17156	
1294	-1.16861	
1295	-1.16657	
1296	-1.16514	
1297	-1.16772	
1298	-1.16638	
1299	-1.15954	
1300	-1.15668	
1301	-1.15347	
1302	-1.15827	
1303	-1.15932	
1304	-1.15862	
1305	-1.16356	
1306	-1.15928	
1307	-1.15972	
1308	-1.15907	
1309	-1.15964	
1310	-1.15208	
1311	-1.15208	
1312	-1.1573	
1313	-1.15361	
1314	-1.1545	
1315	-1.15735	
1316	-1.16111	
1317	-1.15703	
1318	-1.1701	
1319	-1.16625	
1320	-1.16055	
1321	-1.16343	
1322	-1.15871	
1323	-1.14872	
1324	-1.14905	
1325	-1.15923	
1326	-1.14595	
1327	-1.1425	
1328	-1.12522	
1329	-1.1291	
1330	-1.13605	
1331	-1.1485	
1332	-1.154	
1333	-1.15518	
1334	-1.15357	
1335	-1.1524	
1336	-1.14804	
1337	-1.15811	
1338	-1.13176	
1339	-1.12904	
1340	-1.13199	
1341	-1.12395	
1342	-1.15994	
1343	-1.16649	
1344	-1.16719	
1345	-1.16994	
1346	-1.17128	
1347	-1.17019	
1348	-1.16631	
1349	-1.16278	
1350	-1.16726	
1351	-1.1682	
1352	-1.17012	
1353	-1.158	
1354	-1.15358	
1355	-1.15858	
1356	-1.15413	
1357	-1.14336	
1358	-1.14629	
1359	-1.14409	
1360	-1.14487	
1361	-1.1435	
1362	-1.13766	
1363	-1.14645	
1364	-1.14645	
1365	-1.14484	
1366	-1.12211	
1367	-1.13387	
1368	-1.13233	
1369	-1.12377	
1370	-1.12235	
1371	-1.12133	
1372	-1.11798	
1373	-1.11798	
1374	-1.12602	
1375	-1.12264	
1376	-1.12964	
1377	-1.12194	
1378	-1.12304	
1379	-1.12095	
1380	-1.14481	
1381	-1.14613	
1382	-1.15103	
1383	-1.16539	
1384	-1.15825	
1385	-1.15384	
1386	-1.15131	
1387	-1.14952	
1388	-1.16578	
1389	-1.16197	
1390	-1.16252	
1391	-1.15594	
1392	-1.15131	
1393	-1.16093	
1394	-1.1626	
1395	-1.15526	
1396	-1.16424	
1397	-1.15718	
1398	-1.15704	
1399	-1.16676	
1400	-1.16422	
1401	-1.16997	
1402	-1.16192	
1403	-1.18611	
1404	-1.18383	
1405	-1.11173	
1406	-1.09965	
1407	-1.07981	
1408	-1.09292	
1409	-1.07825	
1410	-1.0752	
1411	-1.10171	
1412	-1.08755	
1413	-1.08076	
1414	-1.08174	
1415	-1.0861	
1416	-1.0861	
1417	-1.08973	
1418	-1.07106	
1419	-1.07349	
1420	-1.07542	
1421	-1.0753	
1422	-1.06359	
1423	-1.06802	
1424	-1.07472	
1425	-1.07446	
1426	-1.08213	
1427	-1.10094	
1428	-1.09103	
1429	-1.09632	
1430	-1.0935	
1431	-1.08695	
1432	-1.10257	
1433	-1.10175	
1434	-1.09934	
1435	-1.09784	
1436	-1.11977	
1437	-1.13825	
1438	-1.1353	
1439	-1.12926	
1440	-1.13046	
1441	-1.13046	
1442	-1.12462	
1443	-1.12413	
1444	-1.12523	
1445	-1.11941	
1446	-1.11984	
1447	-1.12031	
1448	-1.13542	
1449	-1.14012	
1450	-1.14103	
1451	-1.14827	
1452	-1.14575	
1453	-1.14105	
1454	-1.16519	
1455	-1.17177	
1456	-1.17222	
1457	-1.17777	
1458	-1.18222	
1459	-1.1763	
1460	-1.18017	
1461	-1.18203	
1462	-1.18203	
1463	-1.15182	
1464	-1.15623	
1465	-1.15349	
1466	-1.13937	
1467	-1.14079	
1468	-1.13999	
1469	-1.14204	
1470	-1.12899	
1471	-1.11741	
1472	-1.11741	
1473	-1.10743	
1474	-1.12067	
1475	-1.11607	
1476	-1.12218	
1477	-1.12203	
1478	-1.12881	
1479	-1.13876	
1480	-1.13168	
1481	-1.12977	
1482	-1.12178	
1483	-1.11833	
1484	-1.11424	
1485	-1.11055	
1486	-1.10336	
1487	-1.09994	
1488	-1.10253	
1489	-1.10209	
1490	-1.09578	
1491	-1.09721	
1492	-1.10955	
1493	-1.10605	
1494	-1.10797	
1495	-1.12812	
1496	-1.12603	
1497	-1.09434	
1498	-1.089	
1499	-1.0784	
1500	-1.08113	
1501	-1.09064	
1502	-1.1007	
1503	-1.09503	
1504	-1.10038	
1505	-1.1072	
1506	-1.10365	
1507	-1.11276	
1508	-1.11558	
1509	-1.12308	
1510	-1.11334	
1511	-1.14164	
1512	-1.14164	
1513	-1.13703	
1514	-1.1357	
1515	-1.13636	
1516	-1.13803	
1517	-1.17238	
1518	-1.17548	
1519	-1.18448	
1520	-1.18854	
1521	-1.18999	
1522	-1.18293	
1523	-1.18593	
1524	-1.18222	
1525	-1.17085	
1526	-1.18718	
1527	-1.19263	
1528	-1.19316	
1529	-1.19316	
1530	-1.18868	
1531	-1.19115	
1532	-1.1948	
1533	-1.18766	
1534	-1.18608	
1535	-1.19743	
1536	-1.19251	
1537	-1.19206	
1538	-1.18292	
1539	-1.17552	
1540	-1.17552	
1541	-1.17517	
1542	-1.17206	
1543	-1.17043	
1544	-1.1722	
1545	-1.17277	
1546	-1.16665	
1547	-1.16869	
1548	-1.17077	
1549	-1.16942	
1550	-1.17183	
1551	-1.16762	
1552	-1.08355	
1553	-1.08927	
1554	-1.0781	
1555	-1.08699	
1556	-1.08778	
1557	-1.08472	
1558	-1.08324	
1559	-1.08931	
1560	-1.09486	
1561	-1.09486	
1562	-1.09928	
1563	-1.09279	
1564	-1.12232	
1565	-1.14239	
1566	-1.13433	
1567	-1.14184	
1568	-1.14515	
1569	-1.14567	
1570	-1.15012	
1571	-1.14858	
1572	-1.14685	
1573	-1.14332	
1574	-1.14169	
1575	-1.13282	
1576	-1.12813	
1577	-1.1265	
1578	-1.13701	
1579	-1.13804	
1580	-1.14247	
1581	-1.1387	
1582	-1.11459	
1583	-1.11704	
1584	-1.11913	
1585	-1.11202	
1586	-1.11432	
1587	-1.09948	
1588	-1.10596	
1589	-1.11637	
1590	-1.1173	
1591	-1.11551	
1592	-1.11079	
1593	-1.1179	
1594	-1.1098	
1595	-1.10196	
1596	-1.06664	
1597	-1.07618	
1598	-1.06792	
1599	-1.08021	
1600	-1.08229	
1601	-1.08963	
1602	-1.08223	
1603	-1.08223	
1604	-1.06974	
1605	-1.07108	
1606	-1.06885	
1607	-1.06885	
1608	-1.07705	
1609	-1.08889	
1610	-1.07781	
1611	-1.08137	
1612	-1.0744	
1613	-1.06306	
1614	-1.05497	
1615	-1.05351	
1616	-1.06025	
1617	-1.05722	
1618	-1.06711	
1619	-1.0663	
1620	-1.07573	
1621	-1.10808	
1622	-1.12704	
1623	-1.12866	
1624	-1.12866	
1625	-1.125	
1626	-1.125	
1627	-1.12504	
1628	-1.12623	
1629	-1.12769	
1630	-1.10613	
1631	-1.11151	
1632	-1.09949	
1633	-1.0906	
1634	-1.0906	
1635	-1.0906	
1636	-1.09501	
1637	-1.09124	
1638	-1.09257	
1639	-1.09103	
1640	-1.093	
1641	-1.08677	
1642	-1.0893	
1643	-1.08811	
1644	-1.08651	
1645	-1.08839	
1646	-1.11985	
1647	-1.12682	
1648	-1.12707	
1649	-1.1182	
1650	-1.11189	
1651	-1.11085	
1652	-1.11821	
1653	-1.11306	
1654	-1.10526	
1655	-1.12436	
1656	-1.13682	
1657	-1.12235	
1658	-1.11851	
1659	-1.14546	
1660	-1.12962	
1661	-1.1374	
1662	-1.13555	
1663	-1.12276	
1664	-1.12281	
1665	-1.11611	
1666	-1.09694	
1667	-1.09757	
1668	-1.16993	
1669	-1.10937	
1670	-1.11385	
1671	-1.11619	
1672	-1.14479	
1673	-1.14797	
1674	-1.14669	
1675	-1.13797	
1676	-1.13671	
1677	-1.13628	
1678	-1.14246	
1679	-1.13732	
1680	-1.1423	
1681	-1.14372	
1682	-1.14806	
1683	-1.14696	
1684	-1.14231	
1685	-1.14821	
1686	-1.14721	
1687	-1.11333	
1688	-1.10386	
1689	-1.09988	
1690	-1.10811	
1691	-1.11798	
1692	-1.12069	
1693	-1.12015	
1694	-1.11191	
1695	-1.11525	
1696	-1.11489	
1697	-1.10335	
1698	-1.09282	
1699	-1.10127	
1700	-1.08449	
1701	-1.08378	
1702	-1.08445	
1703	-1.07686	
1704	-1.08691	
1705	-1.09123	
1706	-1.09038	
1707	-1.10426	
1708	-1.09628	
1709	-1.09979	
1710	-1.08568	
1711	-1.08568	
1712	-1.08099	
1713	-1.09699	
1714	-1.14479	
1715	-1.14037	
1716	-1.14873	
1717	-1.14901	
1718	-1.1461	
1719	-1.1277	
1720	-1.12014	
1721	-1.12226	
1722	-1.12277	
1723	-1.1249	
1724	-1.1218	
1725	-1.11919	
1726	-1.11401	
1727	-1.11796	
1728	-1.12045	
1729	-1.11907	
1730	-1.11687	
1731	-1.12083	
1732	-1.12534	
1733	-1.12453	
1734	-1.12798	
1735	-1.12798	
1736	-1.14032	
1737	-1.14257	
1738	-1.14521	
1739	-1.14673	
1740	-1.14666	
1741	-1.13689	
1742	-1.13598	
1743	-1.13624	
1744	-1.13485	
1745	-1.14235	
1746	-1.14973	
1747	-1.15327	
1748	-1.15214	
1749	-1.13726	
1750	-1.13418	
1751	-1.12995	
1752	-1.13532	
1753	-1.17641	
1754	-1.17693	
1755	-1.17861	
1756	-1.15768	
1757	-1.14887	
1758	-1.14747	
1759	-1.16107	
1760	-1.16132	
1761	-1.10725	
1762	-1.12009	
1763	-1.11659	
1764	-1.11659	
1765	-1.11599	
1766	-1.10315	
1767	-1.10064	
1768	-1.11654	
1769	-1.12194	
1770	-1.12276	
1771	-1.15578	
1772	-1.16085	
1773	-1.15466	
1774	-1.15604	
1775	-1.1533	
1776	-1.15869	
1777	-1.16836	
1778	-1.15616	
1779	-1.15616	
1780	-1.15616	
1781	-1.15259	
1782	-1.14946	
1783	-1.16526	
1784	-1.15196	
1785	-1.14707	
1786	-1.15223	
1787	-1.14262	
1788	-1.15308	
1789	-1.14725	
1790	-1.14958	
1791	-1.15734	
1792	-1.15901	
1793	-1.1588	
1794	-1.148	
1795	-1.148	
1796	-1.14831	
1797	-1.1496	
1798	-1.14902	
1799	-1.15235	
1800	-1.14659	
1801	-1.14665	
1802	-1.14988	
1803	-1.14248	
1804	-1.13452	
1805	-1.12962	
1806	-1.12962	
1807	-1.13202	
1808	-1.12064	
1809	-1.11645	
1810	-1.11645	
1811	-1.12799	
1812	-1.12799	
1813	-1.1181	
1814	-1.12969	
1815	-1.11828	
1816	-1.11551	
1817	-1.11246	
1818	-1.11246	
1819	-1.13468	
1820	-1.13759	
1821	-1.14187	
1822	-1.13984	
1823	-1.14069	
1824	-1.14219	
1825	-1.18164	
1826	-1.18938	
1827	-1.17558	
1828	-1.17645	
1829	-1.17694	
1830	-1.17934	
1831	-1.15899	
1832	-1.14463	
1833	-1.13767	
1834	-1.14039	
1835	-1.13957	
1836	-1.14942	
1837	-1.15163	
1838	-1.18032	
1839	-1.16471	
1840	-1.16822	
1841	-1.16822	
1842	-1.16139	
1843	-1.15821	
1844	-1.1545	
1845	-1.14988	
1846	-1.15533	
1847	-1.15533	
1848	-1.15412	
1849	-1.1539	
1850	-1.14985	
1851	-1.1381	
1852	-1.12729	
1853	-1.13665	
1854	-1.13097	
1855	-1.1253	
1856	-1.12303	
1857	-1.13945	
1858	-1.1438	
1859	-1.15851	
1860	-1.15956	
1861	-1.1552	
1862	-1.1547	
1863	-1.12517	
1864	-1.14213	
1865	-1.1415	
1866	-1.15468	
1867	-1.15417	
1868	-1.14975	
1869	-1.15847	
1870	-1.15847	
1871	-1.15897	
1872	-1.15792	
1873	-1.15913	
1874	-1.1093	
1875	-1.10542	
1876	-1.10104	
1877	-1.12508	
1878	-1.11254	
1879	-1.11732	
1880	-1.11892	
1881	-1.12108	
1882	-1.13939	
1883	-1.14093	
1884	-1.14695	
1885	-1.14663	
1886	-1.14551	
1887	-1.15744	
1888	-1.16342	
1889	-1.163	
1890	-1.15498	
1891	-1.14878	
1892	-1.14165	
1893	-1.14165	
1894	-1.13836	
1895	-1.13055	
1896	-1.11606	
1897	-1.11265	
1898	-1.11511	
1899	-1.10519	
1900	-1.10628	
1901	-1.10137	
1902	-1.11179	
1903	-1.11296	
1904	-1.10829	
1905	-1.11343	
1906	-1.11446	
1907	-1.10796	
1908	-1.10398	
1909	-1.09199	
1910	-1.08041	
1911	-1.08041	
1912	-1.10679	
1913	-1.10957	
1914	-1.12551	
1915	-1.13332	
1916	-1.12828	
1917	-1.13286	
1918	-1.13031	
1919	-1.13964	
1920	-1.09439	
1921	-1.10314	
1922	-1.10899	
1923	-1.09921	
1924	-1.12756	
1925	-1.13773	
1926	-1.13158	
1927	-1.13378	
1928	-1.12669	
1929	-1.13186	
1930	-1.13082	
1931	-1.12703	
1932	-1.13757	
1933	-1.145	
1934	-1.15013	
1935	-1.14752	
1936	-1.14752	
1937	-1.14678	
1938	-1.14629	
1939	-1.1411	
1940	-1.1411	
1941	-1.13887	
1942	-1.12334	
1943	-1.15535	
1944	-1.14616	
1945	-1.14082	
1946	-1.14082	
1947	-1.14636	
1948	-1.1417	
1949	-1.18971	
1950	-1.17351	
1951	-1.14388	
1952	-1.14255	
1953	-1.13975	
1954	-1.14362	
1955	-1.1409	
1956	-1.13924	
1957	-1.13924	
1958	-1.12671	
1959	-1.12517	
1960	-1.13112	
1961	-1.12767	
1962	-1.13747	
1963	-1.13918	
1964	-1.14029	
1965	-1.14805	
1966	-1.15258	
1967	-1.15258	
1968	-1.14104	
1969	-1.16078	
1970	-1.1285	
1971	-1.11988	
1972	-1.1195	
1973	-1.11555	
1974	-1.11929	
1975	-1.12287	
1976	-1.12287	
1977	-1.12482	
1978	-1.12587	
1979	-1.12989	
1980	-1.134	
1981	-1.134	
1982	-1.13176	
1983	-1.12745	
1984	-1.13839	
1985	-1.13576	
1986	-1.13576	
1987	-1.1034	
1988	-1.10595	
1989	-1.09925	
1990	-1.13971	
1991	-1.13971	
1992	-1.13661	
1993	-1.1548	
1994	-1.15598	
1995	-1.18472	
1996	-1.18607	
1997	-1.18331	
1998	-1.17735	
1999	-1.17983	
2000	-1.17983	
2001	-1.15604	
2002	-1.15695	
2003	-1.16412	
2004	-1.17624	
2005	-1.16152	
2006	-1.15686	
2007	-1.16613	
2008	-1.16108	
2009	-1.16419	
2010	-1.16704	
2011	-1.16388	
2012	-1.16358	
2013	-1.16109	
2014	-1.16037	
2015	-1.16528	
2016	-1.16716	
2017	-1.23167	
2018	-1.23146	
2019	-1.2318	
2020	-1.23489	
2021	-1.17035	
2022	-1.17379	
2023	-1.14673	
2024	-1.15084	
2025	-1.15072	
2026	-1.17527	
2027	-1.17566	
2028	-1.17341	
2029	-1.17341	
2030	-1.17645	
2031	-1.1795	
2032	-1.17709	
2033	-1.17981	
2034	-1.17931	
2035	-1.18693	
2036	-1.18489	
2037	-1.18204	
2038	-1.18021	
2039	-1.18317	
2040	-1.17792	
2041	-1.14146	
2042	-1.10635	
2043	-1.10152	
2044	-1.12659	
2045	-1.11934	
2046	-1.11278	
2047	-1.10738	
2048	-1.09764	
2049	-1.12772	
2050	-1.16948	
2051	-1.16674	
2052	-1.15321	
2053	-1.15321	
2054	-1.17104	
2055	-1.18016	
2056	-1.18625	
2057	-1.17233	
2058	-1.17233	
2059	-1.16246	
2060	-1.16105	
2061	-1.16512	
2062	-1.16106	
2063	-1.16833	
2064	-1.16927	
2065	-1.16527	
2066	-1.16527	
2067	-1.16823	
2068	-1.16951	
2069	-1.17258	
2070	-1.18724	
2071	-1.18047	
2072	-1.17577	
2073	-1.17491	
2074	-1.16756	
2075	-1.1716	
2076	-1.15884	
2077	-1.17205	
2078	-1.18695	
2079	-1.18695	
2080	-1.18967	
2081	-1.19102	
2082	-1.19102	
2083	-1.1891	
2084	-1.16526	
2085	-1.15127	
2086	-1.15302	
2087	-1.09476	
2088	-1.12988	
2089	-1.12364	
2090	-1.14127	
2091	-1.13395	
2092	-1.10352	
2093	-1.13326	
2094	-1.12953	
2095	-1.12919	
2096	-1.13455	
2097	-1.13455	
2098	-1.13023	
2099	-1.12954	
2100	-1.13145	
2101	-1.1316	
2102	-1.13158	
2103	-1.13179	
2104	-1.13805	
2105	-1.14654	
2106	-1.14189	
2107	-1.13623	
2108	-1.09424	
2109	-1.10753	
2110	-1.11281	
2111	-1.11141	
2112	-1.13664	
2113	-1.13345	
2114	-1.14082	
2115	-1.14521	
2116	-1.14491	
2117	-1.14785	
2118	-1.16536	
2119	-1.13323	
2120	-1.14623	
2121	-1.1203	
2122	-1.12198	
2123	-1.12198	
2124	-1.12281	
2125	-1.11449	
2126	-1.10689	
2127	-1.1514	
2128	-1.15287	
2129	-1.1613	
2130	-1.16389	
2131	-1.16557	
2132	-1.16922	
2133	-1.17256	
2134	-1.17088	
2135	-1.1686	
2136	-1.15477	
2137	-1.14194	
2138	-1.14135	
2139	-1.13947	
2140	-1.14529	
2141	-1.15157	
2142	-1.15157	
2143	-1.14812	
2144	-1.14267	
2145	-1.1347	
2146	-1.13396	
2147	-1.13176	
2148	-1.12742	
2149	-1.12728	
2150	-1.05469	
2151	-1.05471	
2152	-1.05704	
2153	-1.05704	
2154	-1.08557	
2155	-1.11408	
2156	-1.11408	
2157	-1.10755	
2158	-1.11566	
2159	-1.11929	
2160	-1.11473	
2161	-1.1112	
2162	-1.12046	
2163	-1.11125	
2164	-1.11417	
2165	-1.11159	
2166	-1.11159	
2167	-1.11703	
2168	-1.11061	
2169	-1.11139	
2170	-1.11934	
2171	-1.12275	
2172	-1.13555	
2173	-1.13273	
2174	-1.10261	
2175	-1.08825	
2176	-1.10162	
2177	-1.10211	
2178	-1.09432	
2179	-1.09147	
2180	-1.09278	
2181	-1.04295	
2182	-1.0368	
2183	-1.03992	
2184	-1.04064	
2185	-1.09049	
2186	-1.06162	
2187	-1.06354	
2188	-1.0586	
2189	-1.06326	
2190	-1.06505	
2191	-1.06456	
2192	-1.0773	
2193	-1.0738	
2194	-1.06014	
2195	-1.06541	
2196	-1.05595	
2197	-1.05564	
2198	-1.042	
2199	-1.04727	
2200	-1.02995	
2201	-1.04899	
2202	-1.04952	
2203	-1.07455	
2204	-1.07997	
2205	-1.09286	
2206	-1.10243	
2207	-1.10696	
2208	-1.11881	
2209	-1.11746	
2210	-1.11746	
2211	-1.11931	
2212	-1.1134	
2213	-1.1134	
2214	-1.10747	
2215	-1.09957	
2216	-1.10809	
2217	-1.09827	
2218	-1.11208	
2219	-1.08922	
2220	-1.08648	
2221	-1.09147	
2222	-1.08405	
2223	-1.08078	
2224	-1.07835	
2225	-1.08787	
2226	-1.09632	
2227	-1.09162	
2228	-1.09162	
2229	-1.11501	
2230	-1.10875	
2231	-1.10314	
2232	-1.0979	
2233	-1.09739	
2234	-1.11073	
2235	-1.10852	
2236	-1.10852	
2237	-1.14141	
2238	-1.14141	
2239	-1.15439	
2240	-1.1555	
2241	-1.15714	
2242	-1.16737	
2243	-1.17424	
2244	-1.16659	
2245	-1.16187	
2246	-1.17686	
2247	-1.16572	
2248	-1.15928	
2249	-1.14234	
2250	-1.15163	
2251	-1.14367	
2252	-1.14696	
2253	-1.13682	
2254	-1.12742	
2255	-1.14921	
2256	-1.13662	
2257	-1.11452	
2258	-1.11531	
2259	-1.11531	
2260	-1.11453	
2261	-1.11724	
2262	-1.1239	
2263	-1.11752	
2264	-1.12363	
2265	-1.12454	
2266	-1.12418	
2267	-1.12208	
2268	-1.11656	
2269	-1.12252	
2270	-1.13206	
2271	-1.14144	
2272	-1.14929	
2273	-1.17859	
2274	-1.18453	
2275	-1.18337	
2276	-1.18194	
2277	-1.18194	
2278	-1.18289	
2279	-1.18232	
2280	-1.18221	
2281	-1.1825	
2282	-1.17484	
2283	-1.17892	
2284	-1.1698	
2285	-1.1698	
2286	-1.16229	
2287	-1.16311	
2288	-1.15782	
2289	-1.15782	
2290	-1.15003	
2291	-1.14848	
2292	-1.15471	
2293	-1.14284	
2294	-1.13367	
2295	-1.10279	
2296	-1.10275	
2297	-1.09916	
2298	-1.19097	
2299	-1.18769	
2300	-1.19712	
2301	-1.1995	
2302	-1.20239	
2303	-1.20592	
2304	-1.21418	
2305	-1.22707	
2306	-1.2265	
2307	-1.22247	
2308	-1.21842	
2309	-1.21596	
2310	-1.21596	
2311	-1.21709	
2312	-1.21438	
2313	-1.21614	
2314	-1.2146	
2315	-1.21449	
2316	-1.21087	
2317	-1.21299	
2318	-1.14211	
2319	-1.14514	
2320	-1.14929	
2321	-1.14772	
2322	-1.14772	
2323	-1.14612	
2324	-1.14579	
2325	-1.14379	
2326	-1.14379	
2327	-1.18364	
2328	-1.18928	
2329	-1.18674	
2330	-1.18946	
2331	-1.18975	
2332	-1.19721	
2333	-1.18835	
2334	-1.17985	
2335	-1.15567	
2336	-1.15905	
2337	-1.15979	
2338	-1.16362	
2339	-1.15912	
2340	-1.15962	
2341	-1.15522	
2342	-1.15352	
2343	-1.14444	
2344	-1.14301	
2345	-1.13876	
2346	-1.14409	
2347	-1.14706	
2348	-1.13691	
2349	-1.13219	
2350	-1.14981	
2351	-1.1147	
2352	-1.1195	
2353	-1.13705	
2354	-1.12667	
2355	-1.12781	
2356	-1.12024	
2357	-1.12218	
2358	-1.1353	
2359	-1.14313	
2360	-1.13961	
2361	-1.1319	
2362	-1.12886	
2363	-1.1299	
2364	-1.14077	
2365	-1.14727	
2366	-1.14993	
2367	-1.15659	
2368	-1.15804	
2369	-1.15549	
2370	-1.14932	
2371	-1.14283	
2372	-1.15191	
2373	-1.15911	
2374	-1.163	
2375	-1.15692	
2376	-1.16388	
2377	-1.16429	
2378	-1.16538	
2379	-1.16116	
2380	-1.15683	
2381	-1.16033	
2382	-1.15706	
2383	-1.1552	
2384	-1.1512	
2385	-1.13844	
2386	-1.14079	
2387	-1.14273	
2388	-1.14273	
2389	-1.1461	
2390	-1.15693	
2391	-1.1496	
2392	-1.1496	
2393	-1.17301	
2394	-1.16666	
2395	-1.1843	
2396	-1.19295	
2397	-1.19396	
2398	-1.19777	
2399	-1.20001	
2400	-1.19989	
2401	-1.19353	
2402	-1.17959	
2403	-1.18791	
2404	-1.18846	
2405	-1.18806	
2406	-1.16818	
2407	-1.16424	
2408	-1.17205	
2409	-1.1786	
2410	-1.17962	
2411	-1.18262	
2412	-1.18547	
2413	-1.19181	
2414	-1.18723	
2415	-1.16793	
2416	-1.15789	
2417	-1.1715	
2418	-1.17494	
2419	-1.16594	
2420	-1.15042	
2421	-1.14807	
2422	-1.14363	
2423	-1.1389	
2424	-1.13793	
2425	-1.13677	
2426	-1.12183	
2427	-1.09725	
2428	-1.1022	
2429	-1.10534	
2430	-1.10748	
2431	-1.09726	
2432	-1.09251	
2433	-1.10647	
2434	-1.12007	
2435	-1.10716	
2436	-1.10775	
2437	-1.10477	
2438	-1.13101	
2439	-1.1407	
2440	-1.13479	
2441	-1.13801	
2442	-1.13885	
2443	-1.12038	
2444	-1.1115	
2445	-1.12192	
2446	-1.11545	
2447	-1.06535	
2448	-1.09661	
2449	-1.10028	
2450	-1.09906	
2451	-1.09165	
2452	-1.07776	
2453	-1.05432	
2454	-1.05446	
2455	-1.05575	
2456	-1.05112	
2457	-1.05324	
2458	-1.11133	
2459	-1.08482	
2460	-1.08431	
2461	-1.10703	
2462	-1.10352	
2463	-1.09905	
2464	-1.0952	
2465	-1.09781	
2466	-1.17148	
2467	-1.15105	
2468	-1.13665	
2469	-1.14729	
2470	-1.14729	
2471	-1.15651	
2472	-1.15915	
2473	-1.15443	
2474	-1.1572	
2475	-1.15403	
2476	-1.15333	
2477	-1.15757	
2478	-1.15654	
2479	-1.162	
2480	-1.14336	
2481	-1.09094	
2482	-1.09368	
2483	-1.10122	
2484	-1.09789	
2485	-1.11734	
2486	-1.12114	
2487	-1.1271	
2488	-1.12889	
2489	-1.13377	
2490	-1.13492	
2491	-1.13642	
2492	-1.15669	
2493	-1.14081	
2494	-1.14447	
2495	-1.13653	
2496	-1.13884	
2497	-1.1455	
2498	-1.15252	
2499	-1.1623	
2500	-1.16628	
2501	-1.16628	
2502	-1.16362	
2503	-1.15531	
2504	-1.15433	
2505	-1.14816	
2506	-1.09551	
2507	-1.10504	
2508	-1.14929	
2509	-1.14605	
2510	-1.15038	
2511	-1.15216	
2512	-1.15289	
2513	-1.15289	
2514	-1.14871	
2515	-1.1312	
2516	-1.13554	
2517	-1.12941	
2518	-1.12865	
2519	-1.17437	
2520	-1.17616	
2521	-1.17376	
2522	-1.17393	
2523	-1.16724	
2524	-1.16416	
2525	-1.16637	
2526	-1.16896	
2527	-1.16362	
2528	-1.15838	
2529	-1.16219	
2530	-1.16296	
2531	-1.17273	
2532	-1.16614	
2533	-1.16039	
2534	-1.14919	
2535	-1.15095	
2536	-1.15648	
2537	-1.16092	
2538	-1.16357	
2539	-1.15931	
2540	-1.1606	
2541	-1.16426	
2542	-1.16021	
2543	-1.16708	
2544	-1.14741	
2545	-1.15697	
2546	-1.15611	
2547	-1.16034	
2548	-1.15852	
2549	-1.18662	
2550	-1.18943	
2551	-1.19243	
2552	-1.19202	
2553	-1.19849	
2554	-1.18354	
2555	-1.15027	
2556	-1.1555	
2557	-1.14537	
2558	-1.14237	
2559	-1.14013	
2560	-1.14626	
2561	-1.15105	
2562	-1.14827	
2563	-1.15447	
2564	-1.15153	
2565	-1.1433	
2566	-1.13497	
2567	-1.1309	
2568	-1.1297	
2569	-1.12467	
2570	-1.12916	
2571	-1.12858	
2572	-1.12371	
2573	-1.13158	
2574	-1.13024	
2575	-1.13269	
2576	-1.15323	
2577	-1.1549	
2578	-1.1549	
2579	-1.15148	
2580	-1.14814	
2581	-1.15201	
2582	-1.15283	
2583	-1.15292	
2584	-1.16588	
2585	-1.15268	
2586	-1.15396	
2587	-1.18486	
2588	-1.17048	
2589	-1.16162	
2590	-1.16162	
2591	-1.15945	
2592	-1.16385	
2593	-1.16392	
2594	-1.15855	
2595	-1.13978	
2596	-1.14261	
2597	-1.14077	
2598	-1.13663	
2599	-1.13227	
2600	-1.15307	
2601	-1.15593	
2602	-1.15593	
2603	-1.16571	
2604	-1.16571	
2605	-1.16929	
2606	-1.16929	
2607	-1.16929	
2608	-1.19741	
2609	-1.1977	
2610	-1.20398	
2611	-1.20194	
2612	-1.20194	
2613	-1.2089	
2614	-1.20348	
2615	-1.20742	
2616	-1.20682	
2617	-1.20733	
2618	-1.21197	
2619	-1.21443	
2620	-1.21351	
2621	-1.20888	
2622	-1.15745	
2623	-1.15745	
2624	-1.15745	
2625	-1.15824	
2626	-1.14697	
2627	-1.14774	
2628	-1.11452	
2629	-1.1305	
2630	-1.13262	
2631	-1.14141	
2632	-1.14607	
2633	-1.14069	
2634	-1.12389	
2635	-1.11765	
2636	-1.12467	
2637	-1.15083	
2638	-1.14884	
2639	-1.15016	
2640	-1.14104	
2641	-1.14307	
2642	-1.13307	
2643	-1.13774	
2644	-1.12889	
2645	-1.12889	
2646	-1.12362	
2647	-1.12159	
2648	-1.13119	
2649	-1.12662	
2650	-1.13155	
2651	-1.13181	
2652	-1.13546	
2653	-1.13907	
2654	-1.13099	
2655	-1.13825	
2656	-1.13616	
2657	-1.11746	
2658	-1.10949	
2659	-1.11811	
2660	-1.11323	
2661	-1.11509	
2662	-1.11035	
2663	-1.10481	
2664	-1.13002	
2665	-1.10238	
2666	-1.10963	
2667	-1.0874	
2668	-1.08784	
2669	-1.07258	
2670	-1.0648	
2671	-1.05923	
2672	-1.0587	
2673	-1.05833	
2674	-1.06256	
2675	-1.05702	
2676	-1.07165	
2677	-1.06344	
2678	-1.06001	
2679	-1.06174	
2680	-1.06791	
2681	-1.07325	
2682	-1.07543	
2683	-1.07794	
2684	-1.0796	
2685	-1.07944	
2686	-1.08156	
2687	-1.08322	
2688	-1.08217	
2689	-1.09223	
2690	-1.09262	
2691	-1.09114	
2692	-1.12099	
2693	-1.12062	
2694	-1.13188	
2695	-1.14052	
2696	-1.14052	
2697	-1.13324	
2698	-1.13193	
2699	-1.13288	
2700	-1.12931	
2701	-1.12931	
2702	-1.11427	
2703	-1.10661	
2704	-1.10702	
2705	-1.10702	
2706	-1.10702	
2707	-1.10363	
2708	-1.10886	
2709	-1.10654	
2710	-1.09688	
2711	-1.08808	
2712	-1.09583	
2713	-1.09507	
2714	-1.09807	
2715	-1.09458	
2716	-1.09403	
2717	-1.09266	
2718	-1.09633	
2719	-1.10184	
2720	-1.14709	
2721	-1.14464	
2722	-1.15746	
2723	-1.15732	
2724	-1.14854	
2725	-1.14315	
2726	-1.15379	
2727	-1.15379	
2728	-1.15333	
2729	-1.11178	
2730	-1.11902	
2731	-1.11722	
2732	-1.11984	
2733	-1.1224	
2734	-1.1105	
2735	-1.10992	
2736	-1.11037	
2737	-1.10926	
2738	-1.11205	
2739	-1.11029	
2740	-1.09669	
2741	-1.10309	
2742	-1.10309	
2743	-1.09982	
2744	-1.091	
2745	-1.08529	
2746	-1.09178	
2747	-1.09422	
2748	-1.09502	
2749	-1.09895	
2750	-1.0926	
2751	-1.09629	
2752	-1.09347	
2753	-1.09347	
2754	-1.11818	
2755	-1.11476	
2756	-1.11725	
2757	-1.11796	
2758	-1.12629	
2759	-1.12402	
2760	-1.13289	
2761	-1.13016	
2762	-1.13236	
2763	-1.12491	
2764	-1.13847	
2765	-1.16002	
2766	-1.16574	
2767	-1.16244	
2768	-1.16244	
2769	-1.16371	
2770	-1.16139	
2771	-1.14802	
2772	-1.14906	
2773	-1.1499	
2774	-1.1499	
2775	-1.14774	
2776	-1.18301	
2777	-1.18396	
2778	-1.17749	
2779	-1.17192	
2780	-1.17022	
2781	-1.14739	
2782	-1.148	
2783	-1.14517	
2784	-1.14358	
2785	-1.15643	
2786	-1.14019	
2787	-1.12963	
2788	-1.16599	
2789	-1.17628	
2790	-1.17748	
2791	-1.16691	
2792	-1.1645	
2793	-1.1645	
2794	-1.16817	
2795	-1.16125	
2796	-1.17017	
2797	-1.18635	
2798	-1.18264	
2799	-1.17292	
2800	-1.16815	
2801	-1.16487	
2802	-1.15546	
2803	-1.15094	
2804	-1.15773	
2805	-1.15773	
2806	-1.15866	
2807	-1.163	
2808	-1.1632	
2809	-1.15092	
2810	-1.14486	
2811	-1.14513	
2812	-1.15103	
2813	-1.14032	
2814	-1.12277	
2815	-1.13032	
2816	-1.12329	
2817	-1.12725	
2818	-1.12219	
2819	-1.1214	
2820	-1.11171	
2821	-1.11927	
2822	-1.12094	
2823	-1.12227	
2824	-1.12462	
2825	-1.12373	
2826	-1.11745	
2827	-1.10945	
2828	-1.12789	
2829	-1.12755	
2830	-1.1285	
2831	-1.13196	
2832	-1.12945	
2833	-1.1222	
2834	-1.13136	
2835	-1.13451	
2836	-1.12552	
2837	-1.13666	
2838	-1.13778	
2839	-1.14379	
2840	-1.13937	
2841	-1.13418	
2842	-1.15483	
2843	-1.15528	
2844	-1.13757	
2845	-1.13573	
2846	-1.14209	
2847	-1.16931	
2848	-1.16808	
2849	-1.16732	
2850	-1.17467	
2851	-1.17257	
2852	-1.16861	
2853	-1.16397	
2854	-1.16265	
2855	-1.17319	
2856	-1.21464	
2857	-1.1577	
2858	-1.16889	
2859	-1.17177	
2860	-1.17913	
2861	-1.16955	
2862	-1.18399	
2863	-1.18516	
2864	-1.17815	
2865	-1.17609	
2866	-1.16752	
2867	-1.17341	
2868	-1.14542	
2869	-1.14137	
2870	-1.15392	
2871	-1.14428	
2872	-1.15183	
2873	-1.15183	
2874	-1.16115	
2875	-1.11909	
2876	-1.12541	
2877	-1.13235	
2878	-1.13113	
2879	-1.12834	
2880	-1.11067	
2881	-1.12652	
2882	-1.12702	
2883	-1.1163	
2884	-1.11494	
2885	-1.12844	
2886	-1.12993	
2887	-1.13527	
2888	-1.13868	
2889	-1.12777	
2890	-1.10534	
2891	-1.10465	
2892	-1.10558	
2893	-1.11093	
2894	-1.11093	
2895	-1.11284	
2896	-1.11457	
2897	-1.11621	
2898	-1.11445	
2899	-1.10038	
2900	-1.09698	
2901	-1.12018	
2902	-1.11092	
2903	-1.11073	
2904	-1.13423	
2905	-1.13377	
2906	-1.13216	
2907	-1.13961	
2908	-1.13545	
2909	-1.12694	
2910	-1.1639	
2911	-1.16369	
2912	-1.15208	
2913	-1.15971	
2914	-1.1642	
2915	-1.15725	
2916	-1.16406	
2917	-1.16722	
2918	-1.16974	
2919	-1.16032	
2920	-1.16118	
2921	-1.16564	
2922	-1.1659	
2923	-1.16382	
2924	-1.16397	
2925	-1.16139	
2926	-1.15822	
2927	-1.16243	
2928	-1.17672	
2929	-1.17604	
2930	-1.17689	
2931	-1.18018	
2932	-1.18018	
2933	-1.18181	
2934	-1.18379	
2935	-1.18172	
2936	-1.1771	
2937	-1.1771	
2938	-1.18534	
2939	-1.18717	
2940	-1.18571	
2941	-1.16936	
2942	-1.17645	
2943	-1.17708	
2944	-1.18688	
2945	-1.18677	
2946	-1.186	
2947	-1.18465	
2948	-1.1804	
2949	-1.18459	
2950	-1.1825	
2951	-1.18687	
2952	-1.18329	
2953	-1.17753	
2954	-1.17518	
2955	-1.16668	
2956	-1.15876	
2957	-1.14885	
2958	-1.14904	
2959	-1.15535	
2960	-1.16199	
2961	-1.16797	
2962	-1.18046	
2963	-1.18376	
2964	-1.17793	
2965	-1.18161	
2966	-1.18161	
2967	-1.18584	
2968	-1.16362	
2969	-1.13879	
2970	-1.14381	
2971	-1.14381	
2972	-1.14719	
2973	-1.15078	
2974	-1.15245	
2975	-1.16286	
2976	-1.18153	
2977	-1.18153	
2978	-1.18176	
2979	-1.18096	
2980	-1.1847	
2981	-1.1847	
2982	-1.19198	
2983	-1.196	
2984	-1.19666	
2985	-1.17037	
2986	-1.16495	
2987	-1.1661	
2988	-1.16418	
2989	-1.15774	
2990	-1.15978	
2991	-1.15586	
2992	-1.16507	
2993	-1.15979	
2994	-1.15723	
2995	-1.1521	
2996	-1.15407	
2997	-1.15512	
2998	-1.14569	
2999	-1.15325	
3000	-1.16623	
3001	-1.17032	
3002	-1.16984	
3003	-1.14762	
3004	-1.14951	
3005	-1.14944	
3006	-1.13315	
3007	-1.12366	
3008	-1.1184	
3009	-1.1124	
3010	-1.12681	
3011	-1.13236	
3012	-1.14502	
3013	-1.1504	
3014	-1.12028	
3015	-1.11261	
3016	-1.12829	
3017	-1.12759	
3018	-1.12843	
3019	-1.11697	
3020	-1.11633	
3021	-1.12541	
3022	-1.10716	
3023	-1.11726	
3024	-1.11556	
3025	-1.11946	
3026	-1.11943	
3027	-1.11637	
3028	-1.12395	
3029	-1.11918	
3030	-1.11383	
3031	-1.10571	
3032	-1.10711	
3033	-1.10986	
3034	-1.10867	
3035	-1.09901	
3036	-1.09914	
3037	-1.10377	
3038	-1.11264	
3039	-1.10684	
3040	-1.12003	
3041	-1.12003	
3042	-1.12846	
3043	-1.1381	
3044	-1.14235	
3045	-1.15872	
3046	-1.15627	
3047	-1.15573	
3048	-1.14545	
3049	-1.13845	
3050	-1.13353	
3051	-1.1405	
3052	-1.1405	
3053	-1.14617	
3054	-1.15311	
3055	-1.14099	
3056	-1.1432	
3057	-1.14165	
3058	-1.14234	
3059	-1.15289	
3060	-1.11959	
3061	-1.11959	
3062	-1.11484	
3063	-1.12266	
3064	-1.11507	
3065	-1.1091	
3066	-1.10785	
3067	-1.10678	
3068	-1.1171	
3069	-1.13613	
3070	-1.13052	
3071	-1.14044	
3072	-1.13675	
3073	-1.14821	
3074	-1.15674	
3075	-1.15688	
3076	-1.16341	
3077	-1.17209	
3078	-1.17167	
3079	-1.16563	
3080	-1.16795	
3081	-1.16855	
3082	-1.16873	
3083	-1.15144	
3084	-1.15401	
3085	-1.15204	
3086	-1.14634	
3087	-1.1369	
3088	-1.13295	
3089	-1.15952	
3090	-1.15871	
3091	-1.15566	
3092	-1.16783	
3093	-1.16482	
3094	-1.15684	
3095	-1.15021	
3096	-1.15108	
3097	-1.15108	
3098	-1.14416	
3099	-1.14889	
3100	-1.15412	
3101	-1.15873	
3102	-1.17822	
3103	-1.17781	
3104	-1.16293	
3105	-1.17344	
3106	-1.16087	
3107	-1.16119	
3108	-1.07703	
3109	-1.09895	
3110	-1.099	
3111	-1.10787	
3112	-1.1192	
3113	-1.11313	
3114	-1.11345	
3115	-1.11345	
3116	-1.11143	
3117	-1.10603	
3118	-1.10436	
3119	-1.10436	
3120	-1.10836	
3121	-1.11551	
3122	-1.10808	
3123	-1.11847	
3124	-1.11869	
3125	-1.10905	
3126	-1.11461	
3127	-1.11546	
3128	-1.11796	
3129	-1.11504	
3130	-1.12078	
3131	-1.124	
3132	-1.12763	
3133	-1.15835	
3134	-1.16896	
3135	-1.17428	
3136	-1.16978	
3137	-1.17687	
3138	-1.17072	
3139	-1.17052	
3140	-1.17052	
3141	-1.17791	
3142	-1.17819	
3143	-1.16821	
3144	-1.1431	
3145	-1.14086	
3146	-1.14895	
3147	-1.15178	
3148	-1.15533	
3149	-1.16375	
3150	-1.16375	
3151	-1.15923	
3152	-1.14989	
3153	-1.15488	
3154	-1.14904	
3155	-1.15227	
3156	-1.16591	
3157	-1.17455	
3158	-1.1754	
3159	-1.17171	
3160	-1.17065	
3161	-1.1735	
3162	-1.12862	
3163	-1.12862	
3164	-1.14525	
3165	-1.13826	
3166	-1.14558	
3167	-1.14109	
3168	-1.13693	
3169	-1.13303	
3170	-1.13952	
3171	-1.13867	
3172	-1.14055	
3173	-1.12409	
3174	-1.13144	
3175	-1.13646	
3176	-1.15824	
3177	-1.18138	
3178	-1.17122	
3179	-1.16606	
3180	-1.16833	
3181	-1.16755	
3182	-1.18063	
3183	-1.17549	
3184	-1.17697	
3185	-1.14603	
3186	-1.14723	
3187	-1.15793	
3188	-1.15478	
3189	-1.13849	
3190	-1.13477	
3191	-1.14296	
3192	-1.1396	
3193	-1.13876	
3194	-1.14227	
3195	-1.13289	
3196	-1.1323	
3197	-1.1323	
3198	-1.13024	
3199	-1.13842	
3200	-1.1444	
3201	-1.14688	
3202	-1.14896	
3203	-1.13968	
3204	-1.13962	
3205	-1.13837	
3206	-1.14117	
3207	-1.14273	
3208	-1.10757	
3209	-1.076	
3210	-1.08517	
3211	-1.087	
3212	-1.08749	
3213	-1.07846	
3214	-1.07961	
3215	-1.0771	
3216	-1.07943	
3217	-1.06912	
3218	-1.06657	
3219	-1.06583	
3220	-1.07924	
3221	-1.05551	
3222	-1.05621	
3223	-1.07418	
3224	-1.06863	
3225	-1.06186	
3226	-1.06512	
3227	-1.07638	
3228	-1.0838	
3229	-1.08976	
3230	-1.08964	
3231	-1.09634	
3232	-1.13207	
3233	-1.1311	
3234	-1.13277	
3235	-1.16964	
3236	-1.16964	
3237	-1.17743	
3238	-1.17743	
3239	-1.16543	
3240	-1.16543	
3241	-1.16133	
3242	-1.16328	
3243	-1.17799	
3244	-1.18062	
3245	-1.17365	
3246	-1.18165	
3247	-1.18528	
3248	-1.18809	
3249	-1.18721	
3250	-1.16848	
3251	-1.16234	
3252	-1.14727	
3253	-1.1394	
3254	-1.13967	
3255	-1.13967	
3256	-1.1416	
3257	-1.13776	
3258	-1.13868	
3259	-1.13219	
3260	-1.13219	
3261	-1.14069	
3262	-1.14913	
3263	-1.14951	
3264	-1.14922	
3265	-1.14193	
3266	-1.17187	
3267	-1.192	
3268	-1.18937	
3269	-1.17619	
3270	-1.17452	
3271	-1.17173	
3272	-1.17544	
3273	-1.17544	
3274	-1.18192	
3275	-1.18052	
3276	-1.17995	
3277	-1.17896	
3278	-1.2126	
3279	-1.21872	
3280	-1.2243	
3281	-1.22407	
3282	-1.22849	
3283	-1.22688	
3284	-1.21953	
3285	-1.21922	
3286	-1.21875	
3287	-1.215	
3288	-1.20057	
3289	-1.19699	
3290	-1.19614	
3291	-1.20427	
3292	-1.21309	
3293	-1.19746	
3294	-1.19156	
3295	-1.18998	
3296	-1.18678	
3297	-1.18439	
3298	-1.18342	
3299	-1.14683	
3300	-1.14476	
3301	-1.14121	
3302	-1.13719	
3303	-1.13715	
3304	-1.15889	
3305	-1.16674	
3306	-1.16674	
3307	-1.16017	
3308	-1.16017	
3309	-1.15161	
3310	-1.1537	
3311	-1.16023	
3312	-1.15411	
3313	-1.15302	
3314	-1.14722	
3315	-1.14753	
3316	-1.14528	
3317	-1.14511	
3318	-1.14948	
3319	-1.15051	
3320	-1.14069	
3321	-1.13537	
3322	-1.13565	
3323	-1.14278	
3324	-1.13923	
3325	-1.13618	
3326	-1.13348	
3327	-1.10671	
3328	-1.10032	
3329	-1.10511	
3330	-1.09645	
3331	-1.08592	
3332	-1.08592	
3333	-1.12678	
3334	-1.10667	
3335	-1.10576	
3336	-1.11007	
3337	-1.12878	
3338	-1.12953	
3339	-1.15629	
3340	-1.14213	
3341	-1.14691	
3342	-1.15099	
3343	-1.15227	
3344	-1.15662	
3345	-1.15662	
3346	-1.16174	
3347	-1.15976	
3348	-1.16101	
3349	-1.16496	
3350	-1.17427	
3351	-1.16837	
3352	-1.16928	
3353	-1.16332	
3354	-1.16856	
3355	-1.17305	
3356	-1.18868	
3357	-1.18251	
3358	-1.19028	
3359	-1.18707	
3360	-1.17828	
3361	-1.16213	
3362	-1.15692	
3363	-1.15736	
3364	-1.16063	
3365	-1.16965	
3366	-1.1588	
3367	-1.16074	
3368	-1.16476	
3369	-1.17603	
3370	-1.17626	
3371	-1.17836	
3372	-1.18752	
3373	-1.18329	
3374	-1.18762	
3375	-1.19537	
3376	-1.15422	
3377	-1.13865	
3378	-1.14773	
3379	-1.15432	
3380	-1.14909	
3381	-1.14361	
3382	-1.14246	
3383	-1.13639	
3384	-1.14186	
3385	-1.14997	
3386	-1.14708	
3387	-1.1508	
3388	-1.14996	
3389	-1.15209	
3390	-1.16392	
3391	-1.16737	
3392	-1.17953	
3393	-1.17358	
3394	-1.17304	
3395	-1.18027	
3396	-1.18028	
3397	-1.18127	
3398	-1.16997	
3399	-1.16975	
3400	-1.16498	
3401	-1.16741	
3402	-1.1758	
3403	-1.17105	
3404	-1.16671	
3405	-1.162	
3406	-1.16748	
3407	-1.15858	
3408	-1.0954	
3409	-1.10006	
3410	-1.08525	
3411	-1.09387	
3412	-1.10074	
3413	-1.10981	
3414	-1.12822	
3415	-1.11678	
3416	-1.10051	
3417	-1.09025	
3418	-1.09081	
3419	-1.07961	
3420	-1.08202	
3421	-1.072	
3422	-1.072	
3423	-1.081	
3424	-1.08194	
3425	-1.08026	
3426	-1.07766	
3427	-1.07362	
3428	-1.07452	
3429	-1.07228	
3430	-1.07538	
3431	-1.07682	
3432	-1.11391	
3433	-1.18639	
3434	-1.18469	
3435	-1.18245	
3436	-1.1517	
3437	-1.14774	
3438	-1.14951	
3439	-1.1567	
3440	-1.1567	
3441	-1.15566	
3442	-1.14379	
3443	-1.14187	
3444	-1.14866	
3445	-1.1634	
3446	-1.15501	
3447	-1.1576	
3448	-1.15331	
3449	-1.15331	
3450	-1.15261	
3451	-1.1499	
3452	-1.15306	
3453	-1.15306	
3454	-1.14171	
3455	-1.14171	
3456	-1.1442	
3457	-1.14322	
3458	-1.14857	
3459	-1.14111	
3460	-1.14535	
3461	-1.18251	
3462	-1.17843	
3463	-1.1839	
3464	-1.17914	
3465	-1.18733	
3466	-1.19374	
3467	-1.18476	
3468	-1.18971	
3469	-1.19304	
3470	-1.19725	
3471	-1.19596	
3472	-1.18717	
3473	-1.18614	
3474	-1.18489	
3475	-1.19168	
3476	-1.19276	
3477	-1.17834	
3478	-1.17047	
3479	-1.15973	
3480	-1.15868	
3481	-1.15062	
3482	-1.15145	
3483	-1.1836	
3484	-1.18066	
3485	-1.18845	
3486	-1.18265	
3487	-1.18265	
3488	-1.18873	
3489	-1.17771	
3490	-1.17317	
3491	-1.18409	
3492	-1.18174	
3493	-1.17316	
3494	-1.17067	
3495	-1.17111	
3496	-1.15134	
3497	-1.1443	
3498	-1.15056	
3499	-1.14715	
3500	-1.12139	
3501	-1.12376	
3502	-1.12835	
3503	-1.12971	
3504	-1.12633	
3505	-1.12718	
3506	-1.12217	
3507	-1.1358	
3508	-1.13224	
3509	-1.15026	
3510	-1.11607	
3511	-1.11977	
3512	-1.11971	
3513	-1.13161	
3514	-1.15237	
3515	-1.15915	
3516	-1.15969	
3517	-1.16117	
3518	-1.16816	
3519	-1.16816	
3520	-1.15776	
3521	-1.14033	
3522	-1.14097	
3523	-1.13802	
3524	-1.10218	
3525	-1.1008	
3526	-1.10119	
3527	-1.06733	
3528	-1.06556	
3529	-1.06296	
3530	-1.0619	
3531	-1.07073	
3532	-1.07461	
3533	-1.0733	
3534	-1.06747	
3535	-1.06448	
3536	-1.06448	
3537	-1.06801	
3538	-1.06434	
3539	-1.07014	
3540	-1.06835	
3541	-1.06955	
3542	-1.07516	
3543	-1.07776	
3544	-1.07388	
3545	-1.07014	
3546	-1.06986	
3547	-1.07068	
3548	-1.07819	
3549	-1.07212	
3550	-1.07272	
3551	-1.05447	
3552	-1.05579	
3553	-1.05898	
3554	-1.05768	
3555	-1.05942	
3556	-1.06268	
3557	-1.06008	
3558	-1.06467	
3559	-1.06715	
3560	-1.0766	
3561	-1.08166	
3562	-1.08166	
3563	-1.08438	
3564	-1.09423	
3565	-1.09168	
3566	-1.12704	
3567	-1.13202	
3568	-1.13768	
3569	-1.12851	
3570	-1.13461	
3571	-1.11793	
3572	-1.08824	
3573	-1.08927	
3574	-1.09051	
3575	-1.09964	
3576	-1.09407	
3577	-1.09293	
3578	-1.0965	
3579	-1.09147	
3580	-1.10656	
3581	-1.11057	
3582	-1.11406	
3583	-1.11819	
3584	-1.11928	
3585	-1.1112	
3586	-1.10241	
3587	-1.08869	
3588	-1.08869	
3589	-1.0847	
3590	-1.09056	
3591	-1.09108	
3592	-1.08888	
3593	-1.09248	
3594	-1.09248	
3595	-1.0922	
3596	-1.09194	
3597	-1.10121	
3598	-1.09264	
3599	-1.10417	
3600	-1.10436	
3601	-1.10844	
3602	-1.11229	
3603	-1.11065	
3604	-1.11514	
3605	-1.11286	
3606	-1.09988	
3607	-1.10418	
3608	-1.10632	
3609	-1.11071	
3610	-1.11536	
3611	-1.10757	
3612	-1.10082	
3613	-1.10586	
3614	-1.10486	
3615	-1.12089	
3616	-1.1221	
3617	-1.12289	
3618	-1.12352	
3619	-1.12074	
3620	-1.12829	
3621	-1.13286	
3622	-1.13336	
3623	-1.14028	
3624	-1.14028	
3625	-1.13408	
3626	-1.13565	
3627	-1.1296	
3628	-1.13164	
3629	-1.13265	
3630	-1.13154	
3631	-1.15859	
3632	-1.15644	
3633	-1.15682	
3634	-1.15395	
3635	-1.14303	
3636	-1.14303	
3637	-1.14542	
3638	-1.14076	
3639	-1.13469	
3640	-1.12076	
3641	-1.11705	
3642	-1.11852	
3643	-1.1245	
3644	-1.13151	
3645	-1.14407	
3646	-1.14781	
3647	-1.1478	
3648	-1.1513	
3649	-1.14665	
3650	-1.14665	
3651	-1.14876	
3652	-1.15197	
3653	-1.15599	
3654	-1.1472	
3655	-1.14617	
3656	-1.15322	
3657	-1.15836	
3658	-1.15836	
3659	-1.14841	
3660	-1.13992	
3661	-1.1249	
3662	-1.12269	
3663	-1.11996	
3664	-1.1234	
3665	-1.12341	
3666	-1.14038	
3667	-1.13598	
3668	-1.13864	
3669	-1.13385	
3670	-1.14553	
3671	-1.15426	
3672	-1.15578	
3673	-1.14915	
3674	-1.13728	
3675	-1.14571	
3676	-1.14838	
3677	-1.15121	
3678	-1.15121	
3679	-1.15652	
3680	-1.15466	
3681	-1.1593	
3682	-1.16202	
3683	-1.156	
3684	-1.15677	
3685	-1.16132	
3686	-1.15159	
3687	-1.14675	
3688	-1.15088	
3689	-1.15108	
3690	-1.15427	
3691	-1.14933	
3692	-1.14627	
3693	-1.13775	
3694	-1.12937	
3695	-1.0786	
3696	-1.08298	
3697	-1.07058	
3698	-1.07058	
3699	-1.08731	
3700	-1.09459	
3701	-1.09893	
3702	-1.10072	
3703	-1.10712	
3704	-1.1107	
3705	-1.1062	
3706	-1.14631	
3707	-1.15191	
3708	-1.15602	
3709	-1.15552	
3710	-1.15817	
3711	-1.15817	
3712	-1.15817	
3713	-1.15788	
3714	-1.15788	
3715	-1.15135	
3716	-1.15157	
3717	-1.10493	
3718	-1.10972	
3719	-1.10963	
3720	-1.1082	
3721	-1.11581	
3722	-1.11759	
3723	-1.11216	
3724	-1.09872	
3725	-1.11666	
3726	-1.11807	
3727	-1.13463	
3728	-1.13493	
3729	-1.17305	
3730	-1.16743	
3731	-1.16653	
3732	-1.14308	
3733	-1.15363	
3734	-1.14788	
3735	-1.14449	
3736	-1.13715	
3737	-1.13159	
3738	-1.12881	
3739	-1.09451	
3740	-1.09992	
3741	-1.10292	
3742	-1.10129	
3743	-1.10366	
3744	-1.11261	
3745	-1.11894	
3746	-1.12889	
3747	-1.12623	
3748	-1.11944	
3749	-1.12574	
3750	-1.12562	
3751	-1.10977	
3752	-1.11027	
3753	-1.14318	
3754	-1.14415	
3755	-1.14615	
3756	-1.14599	
3757	-1.14091	
3758	-1.13158	
3759	-1.14772	
3760	-1.15456	
3761	-1.13659	
3762	-1.14235	
3763	-1.14427	
3764	-1.14265	
3765	-1.14191	
3766	-1.14364	
3767	-1.14051	
3768	-1.14084	
3769	-1.13477	
3770	-1.12943	
3771	-1.13456	
3772	-1.13317	
3773	-1.13952	
3774	-1.1349	
3775	-1.13863	
3776	-1.16411	
3777	-1.1697	
3778	-1.18181	
3779	-1.18513	
3780	-1.19522	
3781	-1.1917	
3782	-1.18697	
3783	-1.18021	
3784	-1.17742	
3785	-1.16878	
3786	-1.16989	
3787	-1.16257	
3788	-1.16262	
3789	-1.16447	
3790	-1.15735	
3791	-1.1613	
3792	-1.15715	
3793	-1.17165	
3794	-1.14439	
3795	-1.14477	
3796	-1.14533	
3797	-1.12416	
3798	-1.12925	
3799	-1.15196	
3800	-1.15848	
3801	-1.15856	
3802	-1.15276	
3803	-1.15286	
3804	-1.15817	
3805	-1.16049	
3806	-1.20479	
3807	-1.20868	
3808	-1.20468	
3809	-1.18945	
3810	-1.19055	
3811	-1.18117	
3812	-1.17338	
3813	-1.17757	
3814	-1.14943	
3815	-1.16125	
3816	-1.1659	
3817	-1.1695	
3818	-1.16811	
3819	-1.16534	
3820	-1.16618	
3821	-1.16618	
3822	-1.16949	
3823	-1.17403	
3824	-1.16043	
3825	-1.16231	
3826	-1.17422	
3827	-1.13605	
3828	-1.13841	
3829	-1.13617	
3830	-1.13617	
3831	-1.1296	
3832	-1.12822	
3833	-1.11619	
3834	-1.12193	
3835	-1.12104	
3836	-1.11399	
3837	-1.10308	
3838	-1.10414	
3839	-1.10967	
3840	-1.10923	
3841	-1.12673	
3842	-1.12542	
3843	-1.12542	
3844	-1.12614	
3845	-1.12089	
3846	-1.11457	
3847	-1.10603	
3848	-1.14506	
3849	-1.12938	
3850	-1.12135	
3851	-1.12737	
3852	-1.12917	
3853	-1.14542	
3854	-1.14682	
3855	-1.13954	
3856	-1.14071	
3857	-1.14623	
3858	-1.13378	
3859	-1.14301	
3860	-1.14022	
3861	-1.14194	
3862	-1.1321	
3863	-1.13519	
3864	-1.12864	
3865	-1.13219	
3866	-1.14068	
3867	-1.15183	
3868	-1.1408	
3869	-1.14693	
3870	-1.1281	
3871	-1.1281	
3872	-1.12067	
3873	-1.11882	
3874	-1.1218	
3875	-1.12179	
3876	-1.12786	
3877	-1.13088	
3878	-1.12987	
3879	-1.12312	
3880	-1.12702	
3881	-1.10177	
3882	-1.10397	
3883	-1.11075	
3884	-1.1141	
3885	-1.1159	
3886	-1.10721	
3887	-1.11453	
3888	-1.11478	
3889	-1.1251	
3890	-1.13179	
3891	-1.13225	
3892	-1.13272	
3893	-1.13577	
3894	-1.13486	
3895	-1.14026	
3896	-1.1433	
3897	-1.14771	
3898	-1.14962	
3899	-1.15813	
3900	-1.13321	
3901	-1.13598	
3902	-1.12652	
3903	-1.12728	
3904	-1.13224	
3905	-1.17572	
3906	-1.1796	
3907	-1.17368	
3908	-1.1728	
3909	-1.17427	
3910	-1.21728	
3911	-1.22447	
3912	-1.21037	
3913	-1.21489	
3914	-1.2082	
3915	-1.20445	
3916	-1.20382	
3917	-1.18987	
3918	-1.18849	
3919	-1.18694	
3920	-1.13335	
3921	-1.13058	
3922	-1.12285	
3923	-1.11183	
3924	-1.12362	
3925	-1.13165	
3926	-1.14115	
3927	-1.14148	
3928	-1.08631	
3929	-1.08863	
3930	-1.09692	
3931	-1.10274	
3932	-1.08534	
3933	-1.08514	
3934	-1.0552	
3935	-1.05959	
3936	-1.05117	
3937	-1.05591	
3938	-1.06898	
3939	-1.07108	
3940	-1.05534	
3941	-1.05632	
3942	-1.05959	
3943	-1.07631	
3944	-1.07199	
3945	-1.07046	
3946	-1.06996	
3947	-1.0665	
3948	-1.06529	
3949	-1.0641	
3950	-1.13771	
3951	-1.14231	
3952	-1.13987	
3953	-1.14569	
3954	-1.1405	
3955	-1.14705	
3956	-1.14065	
3957	-1.13748	
3958	-1.1379	
3959	-1.12527	
3960	-1.12508	
3961	-1.11547	
3962	-1.13258	
3963	-1.12085	
3964	-1.10278	
3965	-1.09359	
3966	-1.08082	
3967	-1.12695	
3968	-1.13081	
3969	-1.14425	
3970	-1.1382	
3971	-1.13378	
3972	-1.15199	
3973	-1.15194	
3974	-1.15446	
3975	-1.15397	
3976	-1.15155	
3977	-1.16273	
3978	-1.16273	
3979	-1.13766	
3980	-1.13763	
3981	-1.14135	
3982	-1.14135	
3983	-1.14497	
3984	-1.13199	
3985	-1.13604	
3986	-1.14376	
3987	-1.13871	
3988	-1.16291	
3989	-1.15041	
3990	-1.14467	
3991	-1.14623	
3992	-1.14132	
3993	-1.14172	
3994	-1.14401	
3995	-1.1214	
3996	-1.13887	
3997	-1.13751	
3998	-1.14642	
3999	-1.15335	
4000	-1.16089	
4001	-1.16091	
4002	-1.15407	
4003	-1.15852	
4004	-1.15917	
4005	-1.16798	
4006	-1.17383	
4007	-1.17539	
4008	-1.16592	
4009	-1.16333	
4010	-1.16139	
4011	-1.19071	
4012	-1.1884	
4013	-1.18226	
4014	-1.18133	
4015	-1.18393	
4016	-1.18985	
4017	-1.18985	
4018	-1.20031	
4019	-1.20021	
4020	-1.19908	
4021	-1.1913	
4022	-1.18049	
4023	-1.19223	
4024	-1.19148	
4025	-1.19234	
4026	-1.19051	
4027	-1.19051	
4028	-1.16749	
4029	-1.16661	
4030	-1.16303	
4031	-1.16794	
4032	-1.16868	
4033	-1.17632	
4034	-1.17711	
4035	-1.19251	
4036	-1.18797	
4037	-1.19072	
4038	-1.18757	
4039	-1.18737	
4040	-1.18788	
4041	-1.18126	
4042	-1.17924	
4043	-1.17301	
4044	-1.1835	
4045	-1.1794	
4046	-1.17717	
4047	-1.16933	
4048	-1.17086	
4049	-1.15934	
4050	-1.1545	
4051	-1.1545	
4052	-1.13921	
4053	-1.14069	
4054	-1.14322	
4055	-1.1342	
4056	-1.15855	
4057	-1.15855	
4058	-1.15976	
4059	-1.1658	
4060	-1.16678	
4061	-1.16058	
4062	-1.16364	
4063	-1.14602	
4064	-1.137	
4065	-1.14126	
4066	-1.14471	
4067	-1.14579	
4068	-1.16183	
4069	-1.18416	
4070	-1.21363	
4071	-1.21363	
4072	-1.22331	
4073	-1.22925	
4074	-1.22306	
4075	-1.21562	
4076	-1.21218	
4077	-1.2159	
4078	-1.2083	
4079	-1.20932	
4080	-1.20932	
4081	-1.20926	
4082	-1.2036	
4083	-1.17055	
4084	-1.17795	
4085	-1.17554	
4086	-1.17554	
4087	-1.18249	
4088	-1.18073	
4089	-1.18306	
4090	-1.19576	
4091	-1.19553	
4092	-1.20201	
4093	-1.20384	
4094	-1.20748	
4095	-1.196	
4096	-1.19464	
4097	-1.19772	
4098	-1.19471	
4099	-1.19711	
4100	-1.1966	
4101	-1.19142	
4102	-1.19326	
4103	-1.17848	
4104	-1.14643	
4105	-1.14643	
4106	-1.14189	
4107	-1.13177	
4108	-1.13034	
4109	-1.13562	
4110	-1.13812	
4111	-1.14704	
4112	-1.14373	
4113	-1.13565	
4114	-1.13287	
4115	-1.12419	
4116	-1.11331	
4117	-1.13139	
4118	-1.13751	
4119	-1.14465	
4120	-1.14494	
4121	-1.14507	
4122	-1.14655	
4123	-1.15864	
4124	-1.15185	
4125	-1.15274	
4126	-1.15274	
4127	-1.1509	
4128	-1.14044	
4129	-1.14307	
4130	-1.14541	
4131	-1.1225	
4132	-1.11168	
4133	-1.112	
4134	-1.13538	
4135	-1.13611	
4136	-1.14307	
4137	-1.13529	
4138	-1.12039	
4139	-1.12039	
4140	-1.14255	
4141	-1.1427	
4142	-1.14227	
4143	-1.14623	
4144	-1.12204	
4145	-1.12204	
4146	-1.12836	
4147	-1.12423	
4148	-1.12669	
4149	-1.12538	
4150	-1.13391	
4151	-1.13995	
4152	-1.14851	
4153	-1.14627	
4154	-1.14485	
4155	-1.14605	
4156	-1.14253	
4157	-1.14567	
4158	-1.1502	
4159	-1.14942	
4160	-1.15283	
4161	-1.15238	
4162	-1.15185	
4163	-1.15246	
4164	-1.15443	
4165	-1.15359	
4166	-1.14855	
4167	-1.15181	
4168	-1.15312	
4169	-1.17918	
4170	-1.18155	
4171	-1.17851	
4172	-1.16885	
4173	-1.16381	
4174	-1.16222	
4175	-1.16497	
4176	-1.1641	
4177	-1.15672	
4178	-1.15672	
4179	-1.15643	
4180	-1.1639	
4181	-1.15993	
4182	-1.16058	
4183	-1.16594	
4184	-1.16277	
4185	-1.16217	
4186	-1.17119	
4187	-1.1503	
4188	-1.15208	
4189	-1.14444	
4190	-1.16232	
4191	-1.15768	
4192	-1.16272	
4193	-1.17036	
4194	-1.17036	
4195	-1.17036	
4196	-1.1721	
4197	-1.1721	
4198	-1.16347	
4199	-1.15047	
4200	-1.1547	
4201	-1.14487	
4202	-1.15329	
4203	-1.14774	
4204	-1.15237	
4205	-1.15289	
4206	-1.14619	
4207	-1.12252	
4208	-1.10585	
4209	-1.11699	
4210	-1.12516	
4211	-1.12531	
4212	-1.14065	
4213	-1.13506	
4214	-1.12875	
4215	-1.12875	
4216	-1.13416	
4217	-1.13413	
4218	-1.1344	
4219	-1.14053	
4220	-1.13178	
4221	-1.13178	
4222	-1.12948	
4223	-1.13225	
4224	-1.12595	
4225	-1.11913	
4226	-1.11722	
4227	-1.11718	
4228	-1.12038	
4229	-1.11282	
4230	-1.11668	
4231	-1.11837	
4232	-1.09724	
4233	-1.08529	
4234	-1.10369	
4235	-1.10923	
4236	-1.11087	
4237	-1.11839	
4238	-1.09456	
4239	-1.08604	
4240	-1.0597	
4241	-1.0597	
4242	-1.06502	
4243	-1.06182	
4244	-1.07836	
4245	-1.0827	
4246	-1.0827	
4247	-1.09086	
4248	-1.09044	
4249	-1.09544	
4250	-1.09585	
4251	-1.09578	
4252	-1.10537	
4253	-1.10537	
4254	-1.08548	
4255	-1.11955	
4256	-1.11593	
4257	-1.11199	
4258	-1.10764	
4259	-1.10997	
4260	-1.11476	
4261	-1.11648	
4262	-1.11013	
4263	-1.10095	
4264	-1.10849	
4265	-1.10809	
4266	-1.10855	
4267	-1.10935	
4268	-1.13914	
4269	-1.15862	
4270	-1.15885	
4271	-1.15761	
4272	-1.15575	
4273	-1.15575	
4274	-1.14215	
4275	-1.14556	
4276	-1.14552	
4277	-1.1214	
4278	-1.1244	
4279	-1.12757	
4280	-1.12438	
4281	-1.12355	
4282	-1.18299	
4283	-1.18171	
4284	-1.17533	
4285	-1.17801	
4286	-1.18992	
4287	-1.19157	
4288	-1.19028	
4289	-1.18329	
4290	-1.17601	
4291	-1.156	
4292	-1.15541	
4293	-1.15295	
4294	-1.13735	
4295	-1.15584	
4296	-1.17129	
4297	-1.17762	
4298	-1.17462	
4299	-1.16187	
4300	-1.18227	
4301	-1.18957	
4302	-1.17916	
4303	-1.18135	
4304	-1.17486	
4305	-1.19135	
4306	-1.19645	
4307	-1.19885	
4308	-1.19815	
4309	-1.20557	
4310	-1.20557	
4311	-1.20993	
4312	-1.20993	
4313	-1.20217	
4314	-1.21534	
4315	-1.21534	
4316	-1.21225	
4317	-1.21639	
4318	-1.21639	
4319	-1.21265	
4320	-1.19871	
4321	-1.2032	
4322	-1.20397	
4323	-1.19277	
4324	-1.18144	
4325	-1.18918	
4326	-1.1876	
4327	-1.1831	
4328	-1.1831	
4329	-1.17984	
4330	-1.18341	
4331	-1.18777	
4332	-1.19435	
4333	-1.19599	
4334	-1.18577	
4335	-1.19456	
4336	-1.19456	
4337	-1.17988	
4338	-1.17988	
4339	-1.17383	
4340	-1.17973	
4341	-1.1704	
4342	-1.18727	
4343	-1.18813	
4344	-1.18118	
4345	-1.17452	
4346	-1.17351	
4347	-1.17871	
4348	-1.14944	
4349	-1.14661	
4350	-1.14768	
4351	-1.14193	
4352	-1.14919	
4353	-1.14825	
4354	-1.14501	
4355	-1.13798	
4356	-1.1849	
4357	-1.18156	
4358	-1.18952	
4359	-1.17144	
4360	-1.17923	
4361	-1.17837	
4362	-1.1718	
4363	-1.14815	
4364	-1.14059	
4365	-1.15552	
4366	-1.15463	
4367	-1.15849	
4368	-1.16132	
4369	-1.16789	
4370	-1.16718	
4371	-1.15068	
4372	-1.1538	
4373	-1.1538	
4374	-1.14351	
4375	-1.14229	
4376	-1.13791	
4377	-1.14163	
4378	-1.14145	
4379	-1.14487	
4380	-1.15052	
4381	-1.1604	
4382	-1.13626	
4383	-1.13902	
4384	-1.13961	
4385	-1.13884	
4386	-1.14264	
4387	-1.13313	
4388	-1.1267	
4389	-1.1267	
4390	-1.12942	
4391	-1.12453	
4392	-1.12836	
4393	-1.11579	
4394	-1.101	
4395	-1.09726	
4396	-1.09012	
4397	-1.09012	
4398	-1.10137	
4399	-1.11212	
4400	-1.10548	
4401	-1.10731	
4402	-1.10941	
4403	-1.09566	
4404	-1.10054	
4405	-1.08983	
4406	-1.07549	
4407	-1.07548	
4408	-1.07548	
4409	-1.07324	
4410	-1.07324	
4411	-1.06162	
4412	-1.05544	
4413	-1.04795	
4414	-1.04018	
4415	-1.03429	
4416	-1.03629	
4417	-1.03093	
4418	-1.03183	
4419	-1.03183	
4420	-1.01289	
4421	-1.01154	
4422	-1.01342	
4423	-1.01275	
4424	-1.01078	
4425	-1.00784	
4426	-0.996433	
4427	-1.01492	
4428	-1.02605	
4429	-1.02221	
4430	-1.03199	
4431	-1.03126	
4432	-1.05946	
4433	-1.05827	
4434	-1.10218	
4435	-1.1026	
4436	-1.1026	
4437	-1.10162	
4438	-1.09369	
4439	-1.09235	
4440	-1.09391	
4441	-1.0892	
4442	-1.06589	
4443	-1.06471	
4444	-1.06471	
4445	-1.07391	
4446	-1.07279	
4447	-1.07309	
4448	-1.08552	
4449	-1.08497	
4450	-1.0981	
4451	-1.10358	
4452	-1.09958	
4453	-1.09622	
4454	-1.0957	
4455	-1.09467	
4456	-1.09285	
4457	-1.09285	
4458	-1.08692	
4459	-1.10169	
4460	-1.09687	
4461	-1.09782	
4462	-1.10894	
4463	-1.11419	
4464	-1.10572	
4465	-1.09811	
4466	-1.10116	
4467	-1.11475	
4468	-1.11475	
4469	-1.108	
4470	-1.11759	
4471	-1.12994	
4472	-1.12821	
4473	-1.11916	
4474	-1.11916	
4475	-1.11454	
4476	-1.10162	
4477	-1.09511	
4478	-1.08939	
4479	-1.1081	
4480	-1.10629	
4481	-1.12933	
4482	-1.1198	
4483	-1.12809	
4484	-1.13313	
4485	-1.13048	
4486	-1.12718	
4487	-1.12754	
4488	-1.15312	
4489	-1.1308	
4490	-1.11275	
4491	-1.10768	
4492	-1.10689	
4493	-1.10822	
4494	-1.10791	
4495	-1.11434	
4496	-1.11398	
4497	-1.11417	
4498	-1.11751	
4499	-1.1161	
4500	-1.10196	
4501	-1.09804	
4502	-1.11977	
4503	-1.12089	
4504	-1.12218	
4505	-1.12065	
4506	-1.11445	
4507	-1.11092	
4508	-1.10655	
4509	-1.12127	
4510	-1.13182	
4511	-1.13527	
4512	-1.1392	
4513	-1.13552	
4514	-1.13852	
4515	-1.13448	
4516	-1.13533	
4517	-1.1261	
4518	-1.12714	
4519	-1.12791	
4520	-1.11818	
4521	-1.12642	
4522	-1.13032	
4523	-1.13332	
4524	-1.13847	
4525	-1.13922	
4526	-1.14575	
4527	-1.14853	
4528	-1.14787	
4529	-1.15456	
4530	-1.15898	
4531	-1.16063	
4532	-1.15733	
4533	-1.15733	
4534	-1.16129	
4535	-1.13322	
4536	-1.12489	
4537	-1.12489	
4538	-1.12817	
4539	-1.12488	
4540	-1.12294	
4541	-1.12032	
4542	-1.12244	
4543	-1.11391	
4544	-1.11173	
4545	-1.1225	
4546	-1.12108	
4547	-1.13996	
4548	-1.14106	
4549	-1.14096	
4550	-1.14534	
4551	-1.1527	
4552	-1.15198	
4553	-1.14667	
4554	-1.13547	
4555	-1.13607	
4556	-1.13593	
4557	-1.13162	
4558	-1.12453	
4559	-1.12972	
4560	-1.12742	
4561	-1.12734	
4562	-1.12669	
4563	-1.12669	
4564	-1.13562	
4565	-1.1408	
4566	-1.16308	
4567	-1.15919	
4568	-1.15448	
4569	-1.15608	
4570	-1.15115	
4571	-1.15069	
4572	-1.15054	
4573	-1.15093	
4574	-1.18056	
4575	-1.18007	
4576	-1.1507	
4577	-1.13845	
4578	-1.09803	
4579	-1.09177	
4580	-1.08514	
4581	-1.09137	
4582	-1.08917	
4583	-1.11691	
4584	-1.11329	
4585	-1.11713	
4586	-1.10723	
4587	-1.10399	
4588	-1.10212	
4589	-1.09794	
4590	-1.11001	
4591	-1.11399	
4592	-1.11399	
4593	-1.11048	
4594	-1.11744	
4595	-1.11744	
4596	-1.11369	
4597	-1.10037	
4598	-1.11161	
4599	-1.10848	
4600	-1.11691	
4601	-1.1338	
4602	-1.15597	
4603	-1.15866	
4604	-1.17275	
4605	-1.17784	
4606	-1.17392	
4607	-1.17416	
4608	-1.17624	
4609	-1.17762	
4610	-1.19343	
4611	-1.19725	
4612	-1.2021	
4613	-1.20585	
4614	-1.20569	
4615	-1.21035	
4616	-1.2066	
4617	-1.19639	
4618	-1.19639	
4619	-1.2025	
4620	-1.20076	
4621	-1.19962	
4622	-1.19484	
4623	-1.19484	
4624	-1.19368	
4625	-1.19529	
4626	-1.15302	
4627	-1.14417	
4628	-1.11946	
4629	-1.1149	
4630	-1.11394	
4631	-1.11889	
4632	-1.11356	
4633	-1.10453	
4634	-1.13813	
4635	-1.14033	
4636	-1.14588	
4637	-1.14486	
4638	-1.14509	
4639	-1.11779	
4640	-1.11924	
4641	-1.12019	
4642	-1.11059	
4643	-1.11	
4644	-1.09555	
4645	-1.12056	
4646	-1.11991	
4647	-1.08843	
4648	-1.06721	
4649	-1.05473	
4650	-1.05596	
4651	-1.05518	
4652	-1.05526	
4653	-1.05868	
4654	-1.0607	
4655	-1.0607	
4656	-1.12787	
4657	-1.12575	
4658	-1.12575	
4659	-1.13575	
4660	-1.13557	
4661	-1.12741	
4662	-1.14865	
4663	-1.14042	
4664	-1.14175	
4665	-1.13284	
4666	-1.1312	
4667	-1.12054	
4668	-1.11985	
4669	-1.11727	
4670	-1.11727	
4671	-1.10967	
4672	-1.12046	
4673	-1.12445	
4674	-1.13237	
4675	-1.13033	
4676	-1.1355	
4677	-1.1355	
4678	-1.15542	
4679	-1.15346	
4680	-1.1475	
4681	-1.14188	
4682	-1.14347	
4683	-1.12857	
4684	-1.13894	
4685	-1.13398	
4686	-1.14082	
4687	-1.13672	
4688	-1.13672	
4689	-1.1661	
4690	-1.1491	
4691	-1.1491	
4692	-1.16245	
4693	-1.15986	
4694	-1.16058	
4695	-1.16937	
4696	-1.16153	
4697	-1.16223	
4698	-1.16223	
4699	-1.16249	
4700	-1.0904	
4701	-1.07881	
4702	-1.06467	
4703	-1.07855	
4704	-1.08616	
4705	-1.09629	
4706	-1.09102	
4707	-1.097	
4708	-1.10081	
4709	-1.09781	
4710	-1.09804	
4711	-1.08266	
4712	-1.08638	
4713	-1.09312	
4714	-1.10207	
4715	-1.10312	
4716	-1.12287	
4717	-1.12623	
4718	-1.12424	
4719	-1.11514	
4720	-1.12196	
4721	-1.11936	
4722	-1.12155	
4723	-1.12461	
4724	-1.11441	
4725	-1.11547	
4726	-1.11222	
4727	-1.11405	
4728	-1.11527	
4729	-1.11168	
4730	-1.10811	
4731	-1.09088	
4732	-1.0939	
4733	-1.08708	
4734	-1.07468	
4735	-1.08326	
4736	-1.08262	
4737	-1.10006	
4738	-1.0979	
4739	-1.1021	
4740	-1.10129	
4741	-1.10706	
4742	-1.10818	
4743	-1.11583	
4744	-1.1128	
4745	-1.11743	
4746	-1.14707	
4747	-1.1433	
4748	-1.14849	
4749	-1.13868	
4750	-1.13541	
4751	-1.12964	
4752	-1.13434	
4753	-1.14324	
4754	-1.1609	
4755	-1.1576	
4756	-1.14957	
4757	-1.13977	
4758	-1.13977	
4759	-1.17953	
4760	-1.13826	
4761	-1.13826	
4762	-1.13735	
4763	-1.14841	
4764	-1.17694	
4765	-1.17174	
4766	-1.17174	
4767	-1.16657	
4768	-1.17582	
4769	-1.17696	
4770	-1.18771	
4771	-1.19459	
4772	-1.19482	
4773	-1.20243	
4774	-1.18595	
4775	-1.13721	
4776	-1.1408	
4777	-1.1552	
4778	-1.1552	
4779	-1.15292	
4780	-1.14788	
4781	-1.14629	
4782	-1.14493	
4783	-1.14517	
4784	-1.14282	
4785	-1.15208	
4786	-1.09752	
4787	-1.10612	
4788	-1.08644	
4789	-1.08644	
4790	-1.08678	
4791	-1.08705	
4792	-1.09416	
4793	-1.13187	
4794	-1.11699	
4795	-1.12654	
4796	-1.14134	
4797	-1.15423	
4798	-1.16161	
4799	-1.15584	
4800	-1.15701	
4801	-1.15934	
4802	-1.15879	
4803	-1.15879	
4804	-1.16706	
4805	-1.17627	
4806	-1.1829	
4807	-1.1903	
4808	-1.1917	
4809	-1.2069	
4810	-1.20893	
4811	-1.20831	
4812	-1.20831	
4813	-1.20484	
4814	-1.20315	
4815	-1.2015	
4816	-1.20158	
4817	-1.20212	
4818	-1.15257	
4819	-1.13518	
4820	-1.11947	
4821	-1.12421	
4822	-1.12978	
4823	-1.13174	
4824	-1.12587	
4825	-1.12773	
4826	-1.12557	
4827	-1.12686	
4828	-1.12686	
4829	-1.12686	
4830	-1.12309	
4831	-1.12934	
4832	-1.12358	
4833	-1.12567	
4834	-1.13387	
4835	-1.13869	
4836	-1.14213	
4837	-1.13854	
4838	-1.13829	
4839	-1.12708	
4840	-1.1235	
4841	-1.12499	
4842	-1.12372	
4843	-1.12787	
4844	-1.12968	
4845	-1.10885	
4846	-1.10189	
4847	-1.09679	
4848	-1.10271	
4849	-1.10768	
4850	-1.12133	
4851	-1.12324	
4852	-1.11956	
4853	-1.11454	
4854	-1.11786	
4855	-1.11652	
4856	-1.12087	
4857	-1.1272	
4858	-1.15138	
4859	-1.14981	
4860	-1.14804	
4861	-1.1472	
4862	-1.17014	
4863	-1.17014	
4864	-1.15622	
4865	-1.1505	
4866	-1.15753	
4867	-1.15475	
4868	-1.15475	
4869	-1.16951	
4870	-1.16503	
4871	-1.16523	
4872	-1.16481	
4873	-1.15224	
4874	-1.15436	
4875	-1.16352	
4876	-1.15454	
4877	-1.16329	
4878	-1.15831	
4879	-1.1586	
4880	-1.16153	
4881	-1.16153	
4882	-1.16693	
4883	-1.16935	
4884	-1.17237	
4885	-1.17553	
4886	-1.18059	
4887	-1.17787	
4888	-1.17787	
4889	-1.1769	
4890	-1.17695	
4891	-1.17447	
4892	-1.1677	
4893	-1.15892	
4894	-1.17751	
4895	-1.16717	
4896	-1.14415	
4897	-1.13839	
4898	-1.13639	
4899	-1.13382	
4900	-1.10653	
4901	-1.13024	
4902	-1.13114	
4903	-1.13435	
4904	-1.12039	
4905	-1.11901	
4906	-1.14338	
4907	-1.14093	
4908	-1.14183	
4909	-1.13329	
4910	-1.13862	
4911	-1.13548	
4912	-1.14482	
4913	-1.15719	
4914	-1.15132	
4915	-1.146	
4916	-1.12713	
4917	-1.12876	
4918	-1.12292	
4919	-1.13213	
4920	-1.13668	
4921	-1.14856	
4922	-1.12845	
4923	-1.12462	
4924	-1.12692	
4925	-1.12663	
4926	-1.12779	
4927	-1.11978	
4928	-1.12516	
4929	-1.12722	
4930	-1.12722	
4931	-1.12968	
4932	-1.1273	
4933	-1.1273	
4934	-1.16457	
4935	-1.16457	
4936	-1.17437	
4937	-1.14925	
4938	-1.13523	
4939	-1.14052	
4940	-1.14927	
4941	-1.14868	
4942	-1.15313	
4943	-1.14779	
4944	-1.13895	
4945	-1.14838	
4946	-1.14124	
4947	-1.1487	
4948	-1.13938	
4949	-1.14083	
4950	-1.15029	
4951	-1.15492	
4952	-1.15944	
4953	-1.15944	
4954	-1.16604	
4955	-1.16438	
4956	-1.16377	
4957	-1.15201	
4958	-1.15768	
4959	-1.1492	
4960	-1.14031	
4961	-1.14031	
4962	-1.12974	
4963	-1.12307	
4964	-1.13053	
4965	-1.13053	
4966	-1.12959	
4967	-1.13134	
4968	-1.12498	
4969	-1.11504	
4970	-1.10855	
4971	-1.12356	
4972	-1.14386	
4973	-1.1274	
4974	-1.15363	
4975	-1.16276	
4976	-1.16825	
4977	-1.1741	
4978	-1.18231	
4979	-1.17974	
4980	-1.17645	
4981	-1.18219	
4982	-1.18304	
4983	-1.20643	
4984	-1.21004	
4985	-1.21306	
4986	-1.21382	
4987	-1.21234	
4988	-1.20085	
4989	-1.20246	
4990	-1.20246	
4991	-1.19541	
4992	-1.19042	
4993	-1.19759	
4994	-1.15709	
4995	-1.15304	
4996	-1.14625	
4997	-1.13499	
4998	-1.13646	
4999	-1.12545	
