#Nstep		#H_istantaneo
0	-0.651124	
1	-0.745677	
2	-0.744616	
3	-0.795156	
4	-0.845718	
5	-0.851059	
6	-0.863752	
7	-0.878279	
8	-0.878997	
9	-0.869053	
10	-0.862168	
11	-0.881102	
12	-0.907498	
13	-0.907498	
14	-0.907616	
15	-0.907967	
16	-0.899248	
17	-0.899248	
18	-0.945716	
19	-0.950353	
20	-0.997942	
21	-0.944125	
22	-0.942901	
23	-0.942876	
24	-0.947685	
25	-0.944796	
26	-0.954089	
27	-1.03219	
28	-1.04259	
29	-1.04911	
30	-1.05819	
31	-1.04634	
32	-1.0459	
33	-1.05606	
34	-1.06177	
35	-1.06027	
36	-1.09576	
37	-1.10124	
38	-1.06155	
39	-1.09026	
40	-1.09533	
41	-1.10315	
42	-1.11085	
43	-1.108	
44	-1.09967	
45	-1.10036	
46	-1.10429	
47	-1.10314	
48	-1.1124	
49	-1.10756	
50	-1.16091	
51	-1.17284	
52	-1.18503	
53	-1.17848	
54	-1.18236	
55	-1.17604	
56	-1.16905	
57	-1.16821	
58	-1.16241	
59	-1.15108	
60	-1.14864	
61	-1.14966	
62	-1.15369	
63	-1.15643	
64	-1.12166	
65	-1.134	
66	-1.13272	
67	-1.13241	
68	-1.1503	
69	-1.13929	
70	-1.14392	
71	-1.14372	
72	-1.15091	
73	-1.13678	
74	-1.12993	
75	-1.13018	
76	-1.13627	
77	-1.13831	
78	-1.13018	
79	-1.12436	
80	-1.12764	
81	-1.13069	
82	-1.12805	
83	-1.11275	
84	-1.11313	
85	-1.06965	
86	-1.07327	
87	-1.0787	
88	-1.08949	
89	-1.08988	
90	-1.06509	
91	-1.05591	
92	-1.05366	
93	-1.03608	
94	-1.03686	
95	-1.04229	
96	-1.04938	
97	-1.07713	
98	-1.09256	
99	-1.09809	
100	-1.10495	
101	-1.11249	
102	-1.12089	
103	-1.12586	
104	-1.12626	
105	-1.1223	
106	-1.12223	
107	-1.12147	
108	-1.1231	
109	-1.11914	
110	-1.15777	
111	-1.1466	
112	-1.15602	
113	-1.15479	
114	-1.1582	
115	-1.15595	
116	-1.15434	
117	-1.1506	
118	-1.15159	
119	-1.1418	
120	-1.14057	
121	-1.13866	
122	-1.14035	
123	-1.14774	
124	-1.11807	
125	-1.08731	
126	-1.0951	
127	-1.09506	
128	-1.08803	
129	-1.11342	
130	-1.11658	
131	-1.1219	
132	-1.11577	
133	-1.11577	
134	-1.12168	
135	-1.16818	
136	-1.17803	
137	-1.17723	
138	-1.18782	
139	-1.18681	
140	-1.18952	
141	-1.18625	
142	-1.18726	
143	-1.12566	
144	-1.12566	
145	-1.12566	
146	-1.14012	
147	-1.07869	
148	-1.06988	
149	-1.0837	
150	-1.07307	
151	-1.07355	
152	-1.1292	
153	-1.12272	
154	-1.11678	
155	-1.11702	
156	-1.05209	
157	-1.07436	
158	-1.09135	
159	-1.09212	
160	-1.08764	
161	-1.08168	
162	-1.08222	
163	-1.07668	
164	-1.08457	
165	-1.08532	
166	-1.08509	
167	-1.09109	
168	-1.08526	
169	-1.09149	
170	-1.10154	
171	-1.08396	
172	-1.08371	
173	-1.08294	
174	-1.08194	
175	-1.08357	
176	-1.10342	
177	-1.10833	
178	-1.11691	
179	-1.11046	
180	-1.11928	
181	-1.10955	
182	-1.12477	
183	-1.12287	
184	-1.12048	
185	-1.12305	
186	-1.1379	
187	-1.1473	
188	-1.14682	
189	-1.14707	
190	-1.14522	
191	-1.14748	
192	-1.14599	
193	-1.14813	
194	-1.1413	
195	-1.14035	
196	-1.13594	
197	-1.15443	
198	-1.15545	
199	-1.14642	
200	-1.14616	
201	-1.15232	
202	-1.14854	
203	-1.14967	
204	-1.13648	
205	-1.12597	
206	-1.12585	
207	-1.1218	
208	-1.12019	
209	-1.09694	
210	-1.10632	
211	-1.10535	
212	-1.10533	
213	-1.09922	
214	-1.09393	
215	-1.09615	
216	-1.1098	
217	-1.11074	
218	-1.13737	
219	-1.13746	
220	-1.13792	
221	-1.13626	
222	-1.13406	
223	-1.13702	
224	-1.12595	
225	-1.12553	
226	-1.13318	
227	-1.09885	
228	-1.09988	
229	-1.07376	
230	-1.06756	
231	-1.05607	
232	-1.05762	
233	-1.04776	
234	-1.04817	
235	-1.05094	
236	-1.06038	
237	-1.06079	
238	-1.06809	
239	-1.07186	
240	-1.06252	
241	-1.07057	
242	-1.07057	
243	-1.07057	
244	-1.07359	
245	-1.07359	
246	-1.11262	
247	-1.11262	
248	-1.11466	
249	-1.11103	
250	-1.10225	
251	-1.10258	
252	-1.10013	
253	-1.09884	
254	-1.08883	
255	-1.09989	
256	-1.11304	
257	-1.12078	
258	-1.12078	
259	-1.12581	
260	-1.12544	
261	-1.13641	
262	-1.13061	
263	-1.12623	
264	-1.1211	
265	-1.12563	
266	-1.12543	
267	-1.08722	
268	-1.08416	
269	-1.10652	
270	-1.10269	
271	-1.10934	
272	-1.10999	
273	-1.10886	
274	-1.11652	
275	-1.12947	
276	-1.10715	
277	-1.10677	
278	-1.0955	
279	-1.12015	
280	-1.13682	
281	-1.13451	
282	-1.11916	
283	-1.12598	
284	-1.12477	
285	-1.12496	
286	-1.12697	
287	-1.13323	
288	-1.13133	
289	-1.13435	
290	-1.13533	
291	-1.13533	
292	-1.13701	
293	-1.14458	
294	-1.1368	
295	-1.13082	
296	-1.1176	
297	-1.14845	
298	-1.14592	
299	-1.14209	
300	-1.14624	
301	-1.15267	
302	-1.15932	
303	-1.17003	
304	-1.1606	
305	-1.15772	
306	-1.16028	
307	-1.14952	
308	-1.14905	
309	-1.15286	
310	-1.14287	
311	-1.13374	
312	-1.10189	
313	-1.09932	
314	-1.10172	
315	-1.1061	
316	-1.0997	
317	-1.11091	
318	-1.11814	
319	-1.11491	
320	-1.1187	
321	-1.11262	
322	-1.14783	
323	-1.14682	
324	-1.14973	
325	-1.14835	
326	-1.14043	
327	-1.15346	
328	-1.14884	
329	-1.15904	
330	-1.14519	
331	-1.14291	
332	-1.14322	
333	-1.13867	
334	-1.15235	
335	-1.14906	
336	-1.15901	
337	-1.15699	
338	-1.156	
339	-1.156	
340	-1.14686	
341	-1.14179	
342	-1.13959	
343	-1.16255	
344	-1.16693	
345	-1.1664	
346	-1.16859	
347	-1.17703	
348	-1.17584	
349	-1.17042	
350	-1.16632	
351	-1.16528	
352	-1.17277	
353	-1.17764	
354	-1.14312	
355	-1.14595	
356	-1.14107	
357	-1.13198	
358	-1.13442	
359	-1.13995	
360	-1.14731	
361	-1.14949	
362	-1.13865	
363	-1.15512	
364	-1.15552	
365	-1.15157	
366	-1.14927	
367	-1.14897	
368	-1.15924	
369	-1.16402	
370	-1.11617	
371	-1.12398	
372	-1.12452	
373	-1.11575	
374	-1.12169	
375	-1.11505	
376	-1.09534	
377	-1.09107	
378	-1.08702	
379	-1.09668	
380	-1.09641	
381	-1.09718	
382	-1.10297	
383	-1.10389	
384	-1.1024	
385	-1.10568	
386	-1.1	
387	-1.10275	
388	-1.10857	
389	-1.10378	
390	-1.09728	
391	-1.05892	
392	-1.05552	
393	-1.05211	
394	-1.05141	
395	-1.04487	
396	-1.07678	
397	-1.08757	
398	-1.08361	
399	-1.06638	
400	-1.04608	
401	-1.03916	
402	-1.03916	
403	-1.03494	
404	-1.03635	
405	-1.03708	
406	-1.05341	
407	-1.05257	
408	-1.10468	
409	-1.10407	
410	-1.10924	
411	-1.10472	
412	-1.12623	
413	-1.10543	
414	-1.11218	
415	-1.11666	
416	-1.14279	
417	-1.12526	
418	-1.12921	
419	-1.12375	
420	-1.13486	
421	-1.13486	
422	-1.10666	
423	-1.11759	
424	-1.11969	
425	-1.12038	
426	-1.13691	
427	-1.14184	
428	-1.14352	
429	-1.13977	
430	-1.13997	
431	-1.1616	
432	-1.16839	
433	-1.16206	
434	-1.16292	
435	-1.16405	
436	-1.14587	
437	-1.14872	
438	-1.13896	
439	-1.14606	
440	-1.14718	
441	-1.14087	
442	-1.14107	
443	-1.12647	
444	-1.13212	
445	-1.12731	
446	-1.12611	
447	-1.11922	
448	-1.12649	
449	-1.12574	
450	-1.12354	
451	-1.12283	
452	-1.14467	
453	-1.12965	
454	-1.12382	
455	-1.12023	
456	-1.12223	
457	-1.11764	
458	-1.11849	
459	-1.10799	
460	-1.10957	
461	-1.11572	
462	-1.11572	
463	-1.12933	
464	-1.13369	
465	-1.13507	
466	-1.14001	
467	-1.13823	
468	-1.13823	
469	-1.13422	
470	-1.14056	
471	-1.1398	
472	-1.13551	
473	-1.13842	
474	-1.13842	
475	-1.13167	
476	-1.12783	
477	-1.20498	
478	-1.19979	
479	-1.19779	
480	-1.19988	
481	-1.18144	
482	-1.17771	
483	-1.18938	
484	-1.18354	
485	-1.20123	
486	-1.20818	
487	-1.20627	
488	-1.18931	
489	-1.18914	
490	-1.1823	
491	-1.17288	
492	-1.1721	
493	-1.17411	
494	-1.17981	
495	-1.17737	
496	-1.1735	
497	-1.17749	
498	-1.16221	
499	-1.19773	
500	-1.20081	
501	-1.20655	
502	-1.20069	
503	-1.19999	
504	-1.19999	
505	-1.19742	
506	-1.17125	
507	-1.16131	
508	-1.16247	
509	-1.17455	
510	-1.16911	
511	-1.16812	
512	-1.16938	
513	-1.17497	
514	-1.18122	
515	-1.1895	
516	-1.18776	
517	-1.1949	
518	-1.20073	
519	-1.18892	
520	-1.18883	
521	-1.17384	
522	-1.16516	
523	-1.1512	
524	-1.17706	
525	-1.17667	
526	-1.1737	
527	-1.16988	
528	-1.14478	
529	-1.15209	
530	-1.15651	
531	-1.14932	
532	-1.12703	
533	-1.1415	
534	-1.14828	
535	-1.15019	
536	-1.1364	
537	-1.13745	
538	-1.1483	
539	-1.14966	
540	-1.15235	
541	-1.15402	
542	-1.15175	
543	-1.14231	
544	-1.13947	
545	-1.13947	
546	-1.13695	
547	-1.12867	
548	-1.13428	
549	-1.13396	
550	-1.13065	
551	-1.13042	
552	-1.11832	
553	-1.11217	
554	-1.10724	
555	-1.115	
556	-1.11941	
557	-1.11395	
558	-1.11548	
559	-1.13007	
560	-1.13909	
561	-1.14168	
562	-1.1504	
563	-1.14964	
564	-1.13017	
565	-1.11948	
566	-1.11402	
567	-1.11092	
568	-1.10431	
569	-1.10848	
570	-1.11157	
571	-1.11776	
572	-1.1123	
573	-1.10983	
574	-1.1278	
575	-1.12139	
576	-1.14069	
577	-1.1113	
578	-1.11351	
579	-1.10954	
580	-1.11001	
581	-1.11351	
582	-1.11983	
583	-1.11764	
584	-1.12274	
585	-1.11878	
586	-1.11878	
587	-1.11344	
588	-1.11564	
589	-1.11979	
590	-1.11398	
591	-1.11888	
592	-1.11063	
593	-1.11119	
594	-1.10744	
595	-1.10608	
596	-1.10103	
597	-1.10142	
598	-1.09735	
599	-1.10002	
600	-1.13831	
601	-1.13201	
602	-1.14212	
603	-1.14581	
604	-1.12217	
605	-1.11222	
606	-1.10708	
607	-1.10708	
608	-1.10837	
609	-1.10718	
610	-1.10803	
611	-1.11679	
612	-1.11321	
613	-1.10879	
614	-1.10944	
615	-1.10741	
616	-1.10085	
617	-1.09515	
618	-1.09597	
619	-1.09133	
620	-1.12046	
621	-1.11549	
622	-1.11068	
623	-1.11215	
624	-1.11215	
625	-1.11076	
626	-1.10989	
627	-1.11285	
628	-1.11285	
629	-1.12382	
630	-1.12382	
631	-1.09682	
632	-1.10262	
633	-1.10133	
634	-1.10498	
635	-1.11153	
636	-1.11564	
637	-1.09679	
638	-1.09614	
639	-1.09271	
640	-1.09882	
641	-1.09936	
642	-1.10572	
643	-1.11413	
644	-1.11182	
645	-1.10872	
646	-1.11587	
647	-1.1027	
648	-1.10061	
649	-1.10837	
650	-1.10501	
651	-1.10797	
652	-1.09046	
653	-1.09193	
654	-1.12316	
655	-1.12745	
656	-1.1218	
657	-1.13259	
658	-1.11856	
659	-1.1164	
660	-1.10923	
661	-1.09701	
662	-1.09921	
663	-1.0955	
664	-1.12511	
665	-1.08221	
666	-1.06103	
667	-1.06103	
668	-1.06733	
669	-1.06733	
670	-1.06862	
671	-1.07709	
672	-1.11839	
673	-1.10871	
674	-1.11643	
675	-1.11563	
676	-1.10738	
677	-1.10778	
678	-1.09557	
679	-1.09363	
680	-1.12297	
681	-1.11597	
682	-1.12312	
683	-1.14248	
684	-1.11605	
685	-1.12349	
686	-1.12023	
687	-1.1241	
688	-1.13248	
689	-1.13581	
690	-1.13052	
691	-1.13781	
692	-1.13726	
693	-1.13589	
694	-1.14251	
695	-1.14584	
696	-1.14314	
697	-1.13695	
698	-1.13461	
699	-1.1258	
700	-1.1258	
701	-1.13448	
702	-1.14644	
703	-1.15005	
704	-1.15584	
705	-1.15642	
706	-1.16177	
707	-1.16522	
708	-1.17431	
709	-1.1722	
710	-1.16477	
711	-1.15546	
712	-1.12524	
713	-1.13434	
714	-1.12129	
715	-1.1213	
716	-1.11946	
717	-1.13979	
718	-1.14182	
719	-1.14272	
720	-1.1224	
721	-1.11621	
722	-1.11806	
723	-1.11664	
724	-1.13972	
725	-1.15023	
726	-1.15147	
727	-1.1411	
728	-1.13605	
729	-1.14503	
730	-1.13273	
731	-1.13049	
732	-1.13341	
733	-1.13466	
734	-1.13466	
735	-1.13904	
736	-1.13904	
737	-1.12818	
738	-1.12818	
739	-1.13517	
740	-1.13216	
741	-1.13275	
742	-1.13773	
743	-1.1751	
744	-1.17396	
745	-1.16327	
746	-1.15838	
747	-1.15479	
748	-1.15288	
749	-1.15158	
750	-1.15392	
751	-1.15844	
752	-1.15073	
753	-1.15024	
754	-1.15427	
755	-1.15426	
756	-1.1521	
757	-1.14802	
758	-1.1491	
759	-1.13627	
760	-1.14301	
761	-1.15322	
762	-1.16175	
763	-1.10959	
764	-1.10959	
765	-1.10692	
766	-1.10737	
767	-1.11619	
768	-1.11707	
769	-1.10779	
770	-1.11109	
771	-1.13496	
772	-1.13209	
773	-1.14138	
774	-1.13009	
775	-1.13251	
776	-1.12174	
777	-1.12174	
778	-1.12221	
779	-1.17292	
780	-1.18542	
781	-1.18574	
782	-1.18437	
783	-1.18339	
784	-1.1781	
785	-1.16737	
786	-1.16796	
787	-1.16965	
788	-1.16306	
789	-1.15947	
790	-1.15947	
791	-1.16806	
792	-1.16993	
793	-1.16993	
794	-1.16256	
795	-1.17434	
796	-1.17233	
797	-1.16536	
798	-1.16536	
799	-1.11291	
800	-1.10716	
801	-1.09415	
802	-1.09167	
803	-1.12227	
804	-1.1116	
805	-1.12149	
806	-1.12239	
807	-1.14173	
808	-1.12624	
809	-1.1288	
810	-1.1359	
811	-1.14387	
812	-1.13783	
813	-1.15734	
814	-1.15734	
815	-1.154	
816	-1.15083	
817	-1.15083	
818	-1.15075	
819	-1.14768	
820	-1.14576	
821	-1.13722	
822	-1.13284	
823	-1.14277	
824	-1.14323	
825	-1.13938	
826	-1.12688	
827	-1.12101	
828	-1.1259	
829	-1.1259	
830	-1.12395	
831	-1.11009	
832	-1.11108	
833	-1.11549	
834	-1.10819	
835	-1.13248	
836	-1.15623	
837	-1.13467	
838	-1.1264	
839	-1.12656	
840	-1.12204	
841	-1.12408	
842	-1.12129	
843	-1.13049	
844	-1.12887	
845	-1.1167	
846	-1.11201	
847	-1.10764	
848	-1.10389	
849	-1.09401	
850	-1.11089	
851	-1.10907	
852	-1.10654	
853	-1.10748	
854	-1.10659	
855	-1.10659	
856	-1.09168	
857	-1.07282	
858	-1.07833	
859	-1.08479	
860	-1.08361	
861	-1.08793	
862	-1.13239	
863	-1.09475	
864	-1.09261	
865	-1.09989	
866	-1.09669	
867	-1.08693	
868	-1.08541	
869	-1.08895	
870	-1.10152	
871	-1.09504	
872	-1.08187	
873	-1.07911	
874	-1.08744	
875	-1.09251	
876	-1.09115	
877	-1.09421	
878	-1.10825	
879	-1.11098	
880	-1.10662	
881	-1.10257	
882	-1.10128	
883	-1.09236	
884	-1.1138	
885	-1.14781	
886	-1.14781	
887	-1.15764	
888	-1.15732	
889	-1.15151	
890	-1.15327	
891	-1.15782	
892	-1.14937	
893	-1.14937	
894	-1.14982	
895	-1.16632	
896	-1.16423	
897	-1.16655	
898	-1.1657	
899	-1.16396	
900	-1.16029	
901	-1.15514	
902	-1.15415	
903	-1.1753	
904	-1.1753	
905	-1.17815	
906	-1.14864	
907	-1.12064	
908	-1.11906	
909	-1.11919	
910	-1.12731	
911	-1.11949	
912	-1.12064	
913	-1.11135	
914	-1.11613	
915	-1.13147	
916	-1.13276	
917	-1.13537	
918	-1.13386	
919	-1.13775	
920	-1.13684	
921	-1.13925	
922	-1.14701	
923	-1.14461	
924	-1.14811	
925	-1.146	
926	-1.15002	
927	-1.16247	
928	-1.16058	
929	-1.16642	
930	-1.16278	
931	-1.17505	
932	-1.1762	
933	-1.1726	
934	-1.14697	
935	-1.15193	
936	-1.15462	
937	-1.15709	
938	-1.16403	
939	-1.17461	
940	-1.16475	
941	-1.14642	
942	-1.14642	
943	-1.14933	
944	-1.14521	
945	-1.14072	
946	-1.1599	
947	-1.1569	
948	-1.14946	
949	-1.14545	
950	-1.14457	
951	-1.14684	
952	-1.15058	
953	-1.1588	
954	-1.15818	
955	-1.15419	
956	-1.15419	
957	-1.15347	
958	-1.15045	
959	-1.15462	
960	-1.14642	
961	-1.14366	
962	-1.138	
963	-1.138	
964	-1.14117	
965	-1.13988	
966	-1.13797	
967	-1.13797	
968	-1.14754	
969	-1.1529	
970	-1.1474	
971	-1.14702	
972	-1.14921	
973	-1.14247	
974	-1.13508	
975	-1.13508	
976	-1.12567	
977	-1.11876	
978	-1.11823	
979	-1.11823	
980	-1.11344	
981	-1.11627	
982	-1.11385	
983	-1.10979	
984	-1.11352	
985	-1.11463	
986	-1.12492	
987	-1.14639	
988	-1.13042	
989	-1.11888	
990	-1.11794	
991	-1.11842	
992	-1.10996	
993	-1.11335	
994	-1.12225	
995	-1.12513	
996	-1.13939	
997	-1.1407	
998	-1.13289	
999	-1.13676	
1000	-1.14223	
1001	-1.13649	
1002	-1.12187	
1003	-1.12588	
1004	-1.12527	
1005	-1.12507	
1006	-1.12008	
1007	-1.12676	
1008	-1.1395	
1009	-1.13673	
1010	-1.13334	
1011	-1.13409	
1012	-1.13491	
1013	-1.15268	
1014	-1.15612	
1015	-1.1648	
1016	-1.16971	
1017	-1.17297	
1018	-1.17297	
1019	-1.17498	
1020	-1.17772	
1021	-1.16946	
1022	-1.16933	
1023	-1.13882	
1024	-1.11146	
1025	-1.11146	
1026	-1.10342	
1027	-1.11512	
1028	-1.12665	
1029	-1.12606	
1030	-1.12815	
1031	-1.12359	
1032	-1.14104	
1033	-1.14248	
1034	-1.14238	
1035	-1.13904	
1036	-1.16023	
1037	-1.1593	
1038	-1.16674	
1039	-1.17439	
1040	-1.16482	
1041	-1.16995	
1042	-1.171	
1043	-1.17355	
1044	-1.17049	
1045	-1.16645	
1046	-1.19319	
1047	-1.19081	
1048	-1.18868	
1049	-1.18424	
1050	-1.18424	
1051	-1.18195	
1052	-1.19944	
1053	-1.1848	
1054	-1.17393	
1055	-1.17506	
1056	-1.17741	
1057	-1.18235	
1058	-1.17888	
1059	-1.17964	
1060	-1.18298	
1061	-1.18064	
1062	-1.17806	
1063	-1.18459	
1064	-1.18625	
1065	-1.21047	
1066	-1.20544	
1067	-1.20857	
1068	-1.20289	
1069	-1.19735	
1070	-1.20513	
1071	-1.2014	
1072	-1.1961	
1073	-1.20288	
1074	-1.19624	
1075	-1.19331	
1076	-1.1469	
1077	-1.13163	
1078	-1.13602	
1079	-1.13534	
1080	-1.1255	
1081	-1.1255	
1082	-1.12302	
1083	-1.12305	
1084	-1.11407	
1085	-1.12591	
1086	-1.1217	
1087	-1.12319	
1088	-1.10907	
1089	-1.10935	
1090	-1.10481	
1091	-1.11995	
1092	-1.12098	
1093	-1.10871	
1094	-1.10935	
1095	-1.09459	
1096	-1.09294	
1097	-1.10005	
1098	-1.08553	
1099	-1.08164	
1100	-1.09094	
1101	-1.0934	
1102	-1.09026	
1103	-1.08007	
1104	-1.08007	
1105	-1.08952	
1106	-1.08377	
1107	-1.07952	
1108	-1.092	
1109	-1.09495	
1110	-1.09464	
1111	-1.0907	
1112	-1.08743	
1113	-1.08427	
1114	-1.07891	
1115	-1.07702	
1116	-1.07807	
1117	-1.07242	
1118	-1.07816	
1119	-1.0774	
1120	-1.07017	
1121	-1.06283	
1122	-1.05661	
1123	-1.06268	
1124	-1.06379	
1125	-1.07582	
1126	-1.0449	
1127	-1.03721	
1128	-1.09493	
1129	-1.10461	
1130	-1.09259	
1131	-1.09197	
1132	-1.1425	
1133	-1.15253	
1134	-1.15253	
1135	-1.15315	
1136	-1.14823	
1137	-1.14987	
1138	-1.14475	
1139	-1.14158	
1140	-1.1443	
1141	-1.14739	
1142	-1.14815	
1143	-1.14555	
1144	-1.15041	
1145	-1.14246	
1146	-1.14659	
1147	-1.14419	
1148	-1.13993	
1149	-1.16537	
1150	-1.16783	
1151	-1.169	
1152	-1.17705	
1153	-1.18704	
1154	-1.19021	
1155	-1.10346	
1156	-1.09851	
1157	-1.09529	
1158	-1.10773	
1159	-1.10146	
1160	-1.11585	
1161	-1.11585	
1162	-1.11852	
1163	-1.1153	
1164	-1.14636	
1165	-1.13754	
1166	-1.13784	
1167	-1.13832	
1168	-1.13832	
1169	-1.13783	
1170	-1.13481	
1171	-1.10837	
1172	-1.09354	
1173	-1.08719	
1174	-1.10643	
1175	-1.1093	
1176	-1.10592	
1177	-1.10719	
1178	-1.10442	
1179	-1.10201	
1180	-1.10162	
1181	-1.09147	
1182	-1.08985	
1183	-1.0876	
1184	-1.09404	
1185	-1.09206	
1186	-1.10069	
1187	-1.11702	
1188	-1.11379	
1189	-1.11379	
1190	-1.10962	
1191	-1.09651	
1192	-1.10152	
1193	-1.10152	
1194	-1.1033	
1195	-1.10507	
1196	-1.10319	
1197	-1.10587	
1198	-1.10415	
1199	-1.09985	
1200	-1.07776	
1201	-1.07776	
1202	-1.09115	
1203	-1.0961	
1204	-1.0903	
1205	-1.08891	
1206	-1.07705	
1207	-1.07898	
1208	-1.10197	
1209	-1.10011	
1210	-1.10345	
1211	-1.10927	
1212	-1.12319	
1213	-1.12601	
1214	-1.13028	
1215	-1.13228	
1216	-1.12162	
1217	-1.11921	
1218	-1.09507	
1219	-1.09486	
1220	-1.11067	
1221	-1.10869	
1222	-1.10869	
1223	-1.10869	
1224	-1.10819	
1225	-1.10604	
1226	-1.11429	
1227	-1.11892	
1228	-1.11955	
1229	-1.10608	
1230	-1.13043	
1231	-1.1327	
1232	-1.12934	
1233	-1.125	
1234	-1.11708	
1235	-1.11393	
1236	-1.10424	
1237	-1.10205	
1238	-1.08587	
1239	-1.08645	
1240	-1.08763	
1241	-1.0859	
1242	-1.08982	
1243	-1.08982	
1244	-1.09064	
1245	-1.09064	
1246	-1.09232	
1247	-1.09126	
1248	-1.08312	
1249	-1.04703	
1250	-1.00812	
1251	-1.00407	
1252	-1.01101	
1253	-1.01101	
1254	-1.01526	
1255	-1.02695	
1256	-1.05522	
1257	-1.06018	
1258	-1.0506	
1259	-1.0506	
1260	-1.03825	
1261	-1.05965	
1262	-1.09489	
1263	-1.08942	
1264	-1.09846	
1265	-1.09194	
1266	-1.10456	
1267	-1.11845	
1268	-1.11618	
1269	-1.1228	
1270	-1.13039	
1271	-1.13553	
1272	-1.13156	
1273	-1.12299	
1274	-1.12725	
1275	-1.12733	
1276	-1.12351	
1277	-1.1284	
1278	-1.12579	
1279	-1.12169	
1280	-1.13403	
1281	-1.12842	
1282	-1.12842	
1283	-1.12534	
1284	-1.12753	
1285	-1.12636	
1286	-1.12283	
1287	-1.11411	
1288	-1.11938	
1289	-1.12011	
1290	-1.12036	
1291	-1.12517	
1292	-1.13041	
1293	-1.13403	
1294	-1.15555	
1295	-1.14455	
1296	-1.13085	
1297	-1.14305	
1298	-1.13982	
1299	-1.14337	
1300	-1.13311	
1301	-1.13675	
1302	-1.13495	
1303	-1.13145	
1304	-1.12675	
1305	-1.13736	
1306	-1.14886	
1307	-1.14957	
1308	-1.14957	
1309	-1.15963	
1310	-1.15963	
1311	-1.17105	
1312	-1.17506	
1313	-1.15821	
1314	-1.15069	
1315	-1.14622	
1316	-1.15608	
1317	-1.17075	
1318	-1.17708	
1319	-1.17431	
1320	-1.17431	
1321	-1.16635	
1322	-1.15995	
1323	-1.15603	
1324	-1.15108	
1325	-1.16232	
1326	-1.15718	
1327	-1.17006	
1328	-1.17442	
1329	-1.17492	
1330	-1.17804	
1331	-1.17725	
1332	-1.17123	
1333	-1.15534	
1334	-1.15362	
1335	-1.14887	
1336	-1.14291	
1337	-1.14611	
1338	-1.14078	
1339	-1.14078	
1340	-1.14078	
1341	-1.14772	
1342	-1.14772	
1343	-1.14823	
1344	-1.13327	
1345	-1.11198	
1346	-1.10594	
1347	-1.10126	
1348	-1.10309	
1349	-1.09098	
1350	-1.08776	
1351	-1.08207	
1352	-1.08094	
1353	-1.08037	
1354	-1.07908	
1355	-1.07908	
1356	-1.09319	
1357	-1.09463	
1358	-1.09575	
1359	-1.09126	
1360	-1.09163	
1361	-1.09163	
1362	-1.09067	
1363	-1.07836	
1364	-1.08854	
1365	-1.09788	
1366	-1.09526	
1367	-1.09686	
1368	-1.09686	
1369	-1.08829	
1370	-1.08799	
1371	-1.08954	
1372	-1.08531	
1373	-1.08531	
1374	-1.09946	
1375	-1.10554	
1376	-1.08362	
1377	-1.08058	
1378	-1.08835	
1379	-1.08835	
1380	-1.08175	
1381	-1.08175	
1382	-1.13495	
1383	-1.13889	
1384	-1.14263	
1385	-1.13503	
1386	-1.08954	
1387	-1.09187	
1388	-1.09187	
1389	-1.12094	
1390	-1.12094	
1391	-1.10927	
1392	-1.12061	
1393	-1.12061	
1394	-1.13059	
1395	-1.12942	
1396	-1.12979	
1397	-1.13737	
1398	-1.11183	
1399	-1.16079	
1400	-1.16712	
1401	-1.16167	
1402	-1.16672	
1403	-1.17602	
1404	-1.17656	
1405	-1.17548	
1406	-1.17606	
1407	-1.17606	
1408	-1.17842	
1409	-1.17943	
1410	-1.18001	
1411	-1.18511	
1412	-1.17339	
1413	-1.17812	
1414	-1.17812	
1415	-1.18262	
1416	-1.19057	
1417	-1.19399	
1418	-1.19042	
1419	-1.16744	
1420	-1.1569	
1421	-1.17375	
1422	-1.17922	
1423	-1.18018	
1424	-1.18708	
1425	-1.18786	
1426	-1.18786	
1427	-1.18338	
1428	-1.18161	
1429	-1.13002	
1430	-1.13032	
1431	-1.13394	
1432	-1.17751	
1433	-1.1752	
1434	-1.18372	
1435	-1.16492	
1436	-1.16492	
1437	-1.15822	
1438	-1.15669	
1439	-1.15534	
1440	-1.15534	
1441	-1.15447	
1442	-1.16069	
1443	-1.16162	
1444	-1.15634	
1445	-1.14966	
1446	-1.16934	
1447	-1.16706	
1448	-1.16568	
1449	-1.17199	
1450	-1.14652	
1451	-1.14272	
1452	-1.15253	
1453	-1.15099	
1454	-1.13315	
1455	-1.12905	
1456	-1.13603	
1457	-1.12553	
1458	-1.12359	
1459	-1.12364	
1460	-1.13013	
1461	-1.13013	
1462	-1.13145	
1463	-1.13763	
1464	-1.12873	
1465	-1.12873	
1466	-1.1199	
1467	-1.12552	
1468	-1.16921	
1469	-1.16144	
1470	-1.16144	
1471	-1.15968	
1472	-1.14742	
1473	-1.15654	
1474	-1.14665	
1475	-1.14544	
1476	-1.14544	
1477	-1.14544	
1478	-1.14453	
1479	-1.14088	
1480	-1.13738	
1481	-1.14389	
1482	-1.15491	
1483	-1.14625	
1484	-1.15481	
1485	-1.14772	
1486	-1.13987	
1487	-1.14045	
1488	-1.1447	
1489	-1.14985	
1490	-1.15141	
1491	-1.16753	
1492	-1.18083	
1493	-1.18126	
1494	-1.18383	
1495	-1.18095	
1496	-1.15739	
1497	-1.17931	
1498	-1.18435	
1499	-1.16156	
1500	-1.16473	
1501	-1.15951	
1502	-1.15951	
1503	-1.15829	
1504	-1.15829	
1505	-1.15949	
1506	-1.16467	
1507	-1.16467	
1508	-1.16467	
1509	-1.18237	
1510	-1.17037	
1511	-1.17232	
1512	-1.16551	
1513	-1.16089	
1514	-1.16089	
1515	-1.16158	
1516	-1.16786	
1517	-1.16211	
1518	-1.16826	
1519	-1.1534	
1520	-1.1596	
1521	-1.14544	
1522	-1.13983	
1523	-1.13328	
1524	-1.12886	
1525	-1.13171	
1526	-1.14808	
1527	-1.14738	
1528	-1.1598	
1529	-1.17746	
1530	-1.17997	
1531	-1.17997	
1532	-1.1795	
1533	-1.18206	
1534	-1.18332	
1535	-1.18214	
1536	-1.18669	
1537	-1.1773	
1538	-1.1773	
1539	-1.16149	
1540	-1.15951	
1541	-1.15302	
1542	-1.14003	
1543	-1.14436	
1544	-1.12915	
1545	-1.13174	
1546	-1.13318	
1547	-1.1324	
1548	-1.12696	
1549	-1.14612	
1550	-1.14656	
1551	-1.14752	
1552	-1.15273	
1553	-1.14228	
1554	-1.15492	
1555	-1.15113	
1556	-1.15709	
1557	-1.15723	
1558	-1.1726	
1559	-1.1726	
1560	-1.15502	
1561	-1.14697	
1562	-1.14782	
1563	-1.14075	
1564	-1.13201	
1565	-1.12863	
1566	-1.11431	
1567	-1.11431	
1568	-1.12468	
1569	-1.1143	
1570	-1.11868	
1571	-1.12311	
1572	-1.12125	
1573	-1.11369	
1574	-1.10989	
1575	-1.10989	
1576	-1.11075	
1577	-1.10828	
1578	-1.11822	
1579	-1.118	
1580	-1.1098	
1581	-1.10605	
1582	-1.13501	
1583	-1.13011	
1584	-1.15523	
1585	-1.14111	
1586	-1.14856	
1587	-1.1477	
1588	-1.14782	
1589	-1.1494	
1590	-1.11706	
1591	-1.11817	
1592	-1.08679	
1593	-1.09738	
1594	-1.10554	
1595	-1.11215	
1596	-1.11131	
1597	-1.11484	
1598	-1.1216	
1599	-1.11131	
1600	-1.12388	
1601	-1.1249	
1602	-1.12299	
1603	-1.11741	
1604	-1.11718	
1605	-1.11277	
1606	-1.11732	
1607	-1.11433	
1608	-1.10803	
1609	-1.12063	
1610	-1.10067	
1611	-1.10749	
1612	-1.10529	
1613	-1.11266	
1614	-1.12336	
1615	-1.1184	
1616	-1.11778	
1617	-1.11778	
1618	-1.10865	
1619	-1.10751	
1620	-1.10983	
1621	-1.10983	
1622	-1.11636	
1623	-1.11798	
1624	-1.12142	
1625	-1.11685	
1626	-1.12499	
1627	-1.12567	
1628	-1.12166	
1629	-1.12782	
1630	-1.12337	
1631	-1.13473	
1632	-1.14838	
1633	-1.14838	
1634	-1.15319	
1635	-1.16993	
1636	-1.16496	
1637	-1.1665	
1638	-1.16507	
1639	-1.1786	
1640	-1.17531	
1641	-1.17139	
1642	-1.17179	
1643	-1.16984	
1644	-1.16916	
1645	-1.17781	
1646	-1.16346	
1647	-1.15693	
1648	-1.16752	
1649	-1.15958	
1650	-1.15592	
1651	-1.16235	
1652	-1.15824	
1653	-1.15856	
1654	-1.14736	
1655	-1.14761	
1656	-1.14434	
1657	-1.14954	
1658	-1.15169	
1659	-1.12126	
1660	-1.12363	
1661	-1.12621	
1662	-1.12269	
1663	-1.12048	
1664	-1.11544	
1665	-1.15189	
1666	-1.1559	
1667	-1.13609	
1668	-1.09215	
1669	-1.08795	
1670	-1.06976	
1671	-1.12047	
1672	-1.12086	
1673	-1.12171	
1674	-1.10725	
1675	-1.10825	
1676	-1.10825	
1677	-1.11164	
1678	-1.09638	
1679	-1.09525	
1680	-1.10428	
1681	-1.10428	
1682	-1.10428	
1683	-1.10428	
1684	-1.11736	
1685	-1.11578	
1686	-1.11967	
1687	-1.12432	
1688	-1.12057	
1689	-1.11547	
1690	-1.11165	
1691	-1.12103	
1692	-1.12585	
1693	-1.12883	
1694	-1.125	
1695	-1.12627	
1696	-1.12621	
1697	-1.12171	
1698	-1.13884	
1699	-1.1444	
1700	-1.14265	
1701	-1.14229	
1702	-1.16101	
1703	-1.15994	
1704	-1.15823	
1705	-1.15724	
1706	-1.14032	
1707	-1.13276	
1708	-1.14852	
1709	-1.16311	
1710	-1.14058	
1711	-1.14033	
1712	-1.14422	
1713	-1.16221	
1714	-1.16013	
1715	-1.16161	
1716	-1.1651	
1717	-1.16786	
1718	-1.17019	
1719	-1.16842	
1720	-1.16326	
1721	-1.1674	
1722	-1.16758	
1723	-1.16887	
1724	-1.17182	
1725	-1.16651	
1726	-1.16848	
1727	-1.1483	
1728	-1.14665	
1729	-1.14621	
1730	-1.14401	
1731	-1.1584	
1732	-1.15397	
1733	-1.14876	
1734	-1.1524	
1735	-1.15245	
1736	-1.15476	
1737	-1.1515	
1738	-1.14657	
1739	-1.13409	
1740	-1.15049	
1741	-1.14352	
1742	-1.14207	
1743	-1.14435	
1744	-1.14884	
1745	-1.14833	
1746	-1.14922	
1747	-1.14961	
1748	-1.14961	
1749	-1.14478	
1750	-1.14949	
1751	-1.15175	
1752	-1.16246	
1753	-1.15281	
1754	-1.14643	
1755	-1.14713	
1756	-1.15211	
1757	-1.15441	
1758	-1.1558	
1759	-1.15559	
1760	-1.16468	
1761	-1.16577	
1762	-1.17817	
1763	-1.18366	
1764	-1.18641	
1765	-1.15796	
1766	-1.14309	
1767	-1.13783	
1768	-1.13694	
1769	-1.1301	
1770	-1.12327	
1771	-1.12397	
1772	-1.12311	
1773	-1.11874	
1774	-1.13259	
1775	-1.13157	
1776	-1.12965	
1777	-1.1355	
1778	-1.13681	
1779	-1.12709	
1780	-1.13513	
1781	-1.1326	
1782	-1.1326	
1783	-1.1326	
1784	-1.13989	
1785	-1.13882	
1786	-1.13679	
1787	-1.12108	
1788	-1.16056	
1789	-1.15788	
1790	-1.16555	
1791	-1.15574	
1792	-1.1607	
1793	-1.13179	
1794	-1.11108	
1795	-1.11321	
1796	-1.12273	
1797	-1.12167	
1798	-1.14565	
1799	-1.15651	
1800	-1.16291	
1801	-1.16276	
1802	-1.16376	
1803	-1.16813	
1804	-1.17845	
1805	-1.17507	
1806	-1.17856	
1807	-1.17414	
1808	-1.17322	
1809	-1.17558	
1810	-1.17558	
1811	-1.18051	
1812	-1.18064	
1813	-1.18455	
1814	-1.19694	
1815	-1.192	
1816	-1.19365	
1817	-1.18058	
1818	-1.18141	
1819	-1.19298	
1820	-1.19277	
1821	-1.19277	
1822	-1.19248	
1823	-1.19248	
1824	-1.19118	
1825	-1.206	
1826	-1.19515	
1827	-1.1974	
1828	-1.20084	
1829	-1.15151	
1830	-1.16167	
1831	-1.1648	
1832	-1.17013	
1833	-1.14951	
1834	-1.15061	
1835	-1.16198	
1836	-1.15041	
1837	-1.15146	
1838	-1.14852	
1839	-1.14743	
1840	-1.13854	
1841	-1.14428	
1842	-1.14328	
1843	-1.13811	
1844	-1.13783	
1845	-1.13498	
1846	-1.16141	
1847	-1.16141	
1848	-1.16281	
1849	-1.16057	
1850	-1.15513	
1851	-1.14266	
1852	-1.14228	
1853	-1.13242	
1854	-1.13242	
1855	-1.13024	
1856	-1.12708	
1857	-1.11968	
1858	-1.11697	
1859	-1.10913	
1860	-1.09023	
1861	-1.0863	
1862	-1.09742	
1863	-1.09318	
1864	-1.08959	
1865	-1.09563	
1866	-1.17317	
1867	-1.17399	
1868	-1.17111	
1869	-1.16777	
1870	-1.17103	
1871	-1.16829	
1872	-1.17161	
1873	-1.16577	
1874	-1.17314	
1875	-1.17229	
1876	-1.1648	
1877	-1.17109	
1878	-1.17109	
1879	-1.15789	
1880	-1.15223	
1881	-1.16719	
1882	-1.16602	
1883	-1.16602	
1884	-1.103	
1885	-1.10429	
1886	-1.11455	
1887	-1.1138	
1888	-1.1138	
1889	-1.11583	
1890	-1.11334	
1891	-1.12458	
1892	-1.11404	
1893	-1.11972	
1894	-1.12632	
1895	-1.12632	
1896	-1.12632	
1897	-1.12843	
1898	-1.13994	
1899	-1.10277	
1900	-1.10054	
1901	-1.09799	
1902	-1.09905	
1903	-1.09739	
1904	-1.09621	
1905	-1.09272	
1906	-1.08627	
1907	-1.08055	
1908	-1.07536	
1909	-1.082	
1910	-1.08319	
1911	-1.08642	
1912	-1.07589	
1913	-1.081	
1914	-1.10003	
1915	-1.10376	
1916	-1.09384	
1917	-1.09999	
1918	-1.10906	
1919	-1.10183	
1920	-1.10851	
1921	-1.11537	
1922	-1.11056	
1923	-1.11139	
1924	-1.11226	
1925	-1.10738	
1926	-1.10105	
1927	-1.10807	
1928	-1.11446	
1929	-1.11951	
1930	-1.12215	
1931	-1.12215	
1932	-1.12551	
1933	-1.12871	
1934	-1.12119	
1935	-1.10505	
1936	-1.09798	
1937	-1.09306	
1938	-1.08854	
1939	-1.08392	
1940	-1.0802	
1941	-1.08082	
1942	-1.08044	
1943	-1.08044	
1944	-1.05447	
1945	-1.05657	
1946	-1.05426	
1947	-1.06524	
1948	-1.05988	
1949	-1.06785	
1950	-1.0666	
1951	-1.0706	
1952	-1.07284	
1953	-1.07284	
1954	-1.07739	
1955	-1.08876	
1956	-1.09445	
1957	-1.09621	
1958	-1.08953	
1959	-1.09432	
1960	-1.1054	
1961	-1.08017	
1962	-1.08017	
1963	-1.0782	
1964	-1.12481	
1965	-1.11743	
1966	-1.11993	
1967	-1.12794	
1968	-1.14503	
1969	-1.13464	
1970	-1.14179	
1971	-1.13422	
1972	-1.13952	
1973	-1.13678	
1974	-1.13678	
1975	-1.13827	
1976	-1.13273	
1977	-1.12905	
1978	-1.12905	
1979	-1.12905	
1980	-1.13116	
1981	-1.12995	
1982	-1.13185	
1983	-1.12382	
1984	-1.13269	
1985	-1.12636	
1986	-1.1284	
1987	-1.1292	
1988	-1.12611	
1989	-1.13141	
1990	-1.12638	
1991	-1.14514	
1992	-1.14514	
1993	-1.14531	
1994	-1.15109	
1995	-1.14564	
1996	-1.1332	
1997	-1.1332	
1998	-1.13578	
1999	-1.13449	
2000	-1.14579	
2001	-1.14849	
2002	-1.16026	
2003	-1.18294	
2004	-1.18328	
2005	-1.18328	
2006	-1.17635	
2007	-1.17635	
2008	-1.17589	
2009	-1.17589	
2010	-1.15082	
2011	-1.16181	
2012	-1.16925	
2013	-1.16925	
2014	-1.15908	
2015	-1.18418	
2016	-1.18418	
2017	-1.18698	
2018	-1.18545	
2019	-1.18922	
2020	-1.17782	
2021	-1.17649	
2022	-1.16803	
2023	-1.15681	
2024	-1.14448	
2025	-1.14111	
2026	-1.13629	
2027	-1.13576	
2028	-1.12176	
2029	-1.12782	
2030	-1.12782	
2031	-1.12449	
2032	-1.12032	
2033	-1.12527	
2034	-1.12065	
2035	-1.08714	
2036	-1.08714	
2037	-1.07187	
2038	-1.08346	
2039	-1.09099	
2040	-1.09606	
2041	-1.1066	
2042	-1.11821	
2043	-1.1023	
2044	-1.10205	
2045	-1.10754	
2046	-1.09759	
2047	-1.09873	
2048	-1.10233	
2049	-1.1235	
2050	-1.11804	
2051	-1.10488	
2052	-1.1034	
2053	-1.0955	
2054	-1.09956	
2055	-1.09561	
2056	-1.09149	
2057	-1.10559	
2058	-1.09352	
2059	-1.09613	
2060	-1.09372	
2061	-1.08404	
2062	-1.08607	
2063	-1.09271	
2064	-1.0886	
2065	-1.11716	
2066	-1.11812	
2067	-1.10304	
2068	-1.10507	
2069	-1.08833	
2070	-1.08314	
2071	-1.08246	
2072	-1.08407	
2073	-1.07142	
2074	-1.07142	
2075	-1.08307	
2076	-1.0834	
2077	-1.09104	
2078	-1.07933	
2079	-1.09978	
2080	-1.09633	
2081	-1.10274	
2082	-1.13011	
2083	-1.13647	
2084	-1.1341	
2085	-1.13281	
2086	-1.14214	
2087	-1.13648	
2088	-1.14331	
2089	-1.13712	
2090	-1.14009	
2091	-1.1398	
2092	-1.13234	
2093	-1.14445	
2094	-1.13446	
2095	-1.13374	
2096	-1.14968	
2097	-1.15605	
2098	-1.15277	
2099	-1.14318	
2100	-1.14318	
2101	-1.15279	
2102	-1.15267	
2103	-1.14871	
2104	-1.15436	
2105	-1.14531	
2106	-1.15169	
2107	-1.15108	
2108	-1.15148	
2109	-1.15355	
2110	-1.14727	
2111	-1.14199	
2112	-1.14085	
2113	-1.17831	
2114	-1.17333	
2115	-1.17233	
2116	-1.16274	
2117	-1.17111	
2118	-1.16944	
2119	-1.16944	
2120	-1.15254	
2121	-1.14537	
2122	-1.15133	
2123	-1.15577	
2124	-1.1587	
2125	-1.15895	
2126	-1.14916	
2127	-1.14005	
2128	-1.14523	
2129	-1.13902	
2130	-1.14132	
2131	-1.14107	
2132	-1.13177	
2133	-1.13801	
2134	-1.12427	
2135	-1.12868	
2136	-1.11481	
2137	-1.10924	
2138	-1.11386	
2139	-1.13544	
2140	-1.13544	
2141	-1.14514	
2142	-1.14412	
2143	-1.14654	
2144	-1.14423	
2145	-1.13923	
2146	-1.14072	
2147	-1.13899	
2148	-1.15258	
2149	-1.12736	
2150	-1.12977	
2151	-1.12787	
2152	-1.13003	
2153	-1.13128	
2154	-1.1247	
2155	-1.1247	
2156	-1.12856	
2157	-1.13515	
2158	-1.13746	
2159	-1.12524	
2160	-1.13143	
2161	-1.13143	
2162	-1.12985	
2163	-1.13869	
2164	-1.13958	
2165	-1.13847	
2166	-1.14231	
2167	-1.14219	
2168	-1.14555	
2169	-1.13194	
2170	-1.13361	
2171	-1.13284	
2172	-1.12502	
2173	-1.12209	
2174	-1.12209	
2175	-1.11163	
2176	-1.10456	
2177	-1.10438	
2178	-1.10288	
2179	-1.14208	
2180	-1.14478	
2181	-1.14478	
2182	-1.14312	
2183	-1.14273	
2184	-1.15688	
2185	-1.16093	
2186	-1.16642	
2187	-1.17615	
2188	-1.17247	
2189	-1.19153	
2190	-1.19793	
2191	-1.19414	
2192	-1.19882	
2193	-1.16755	
2194	-1.14693	
2195	-1.15074	
2196	-1.15654	
2197	-1.15174	
2198	-1.1423	
2199	-1.14018	
2200	-1.13636	
2201	-1.13647	
2202	-1.14223	
2203	-1.17416	
2204	-1.1736	
2205	-1.16677	
2206	-1.15956	
2207	-1.18289	
2208	-1.17928	
2209	-1.16357	
2210	-1.16427	
2211	-1.1645	
2212	-1.16733	
2213	-1.154	
2214	-1.15473	
2215	-1.15876	
2216	-1.15409	
2217	-1.15431	
2218	-1.15431	
2219	-1.15461	
2220	-1.157	
2221	-1.15262	
2222	-1.14777	
2223	-1.13313	
2224	-1.1215	
2225	-1.12725	
2226	-1.12881	
2227	-1.1237	
2228	-1.12681	
2229	-1.12381	
2230	-1.12468	
2231	-1.11765	
2232	-1.12185	
2233	-1.12166	
2234	-1.12031	
2235	-1.10965	
2236	-1.12685	
2237	-1.12106	
2238	-1.12295	
2239	-1.11589	
2240	-1.10864	
2241	-1.18055	
2242	-1.18509	
2243	-1.19106	
2244	-1.18505	
2245	-1.18901	
2246	-1.18611	
2247	-1.187	
2248	-1.18981	
2249	-1.18981	
2250	-1.1924	
2251	-1.18899	
2252	-1.17664	
2253	-1.17575	
2254	-1.17575	
2255	-1.17939	
2256	-1.18027	
2257	-1.1802	
2258	-1.16828	
2259	-1.17123	
2260	-1.16281	
2261	-1.15253	
2262	-1.1606	
2263	-1.15676	
2264	-1.15437	
2265	-1.15315	
2266	-1.16414	
2267	-1.16073	
2268	-1.15092	
2269	-1.1522	
2270	-1.1508	
2271	-1.14459	
2272	-1.14456	
2273	-1.13526	
2274	-1.13448	
2275	-1.13845	
2276	-1.13286	
2277	-1.15049	
2278	-1.15817	
2279	-1.1541	
2280	-1.1541	
2281	-1.14867	
2282	-1.15898	
2283	-1.17374	
2284	-1.16728	
2285	-1.16934	
2286	-1.18217	
2287	-1.20186	
2288	-1.20027	
2289	-1.20664	
2290	-1.20114	
2291	-1.20496	
2292	-1.20496	
2293	-1.2031	
2294	-1.20683	
2295	-1.20034	
2296	-1.19651	
2297	-1.16007	
2298	-1.17216	
2299	-1.15858	
2300	-1.16111	
2301	-1.15787	
2302	-1.15512	
2303	-1.15253	
2304	-1.15182	
2305	-1.15316	
2306	-1.15316	
2307	-1.15841	
2308	-1.11651	
2309	-1.126	
2310	-1.13078	
2311	-1.13035	
2312	-1.12941	
2313	-1.1286	
2314	-1.12924	
2315	-1.12866	
2316	-1.11893	
2317	-1.11804	
2318	-1.11923	
2319	-1.118	
2320	-1.12535	
2321	-1.11457	
2322	-1.12069	
2323	-1.11203	
2324	-1.12193	
2325	-1.13134	
2326	-1.14172	
2327	-1.15222	
2328	-1.15084	
2329	-1.13485	
2330	-1.12748	
2331	-1.13225	
2332	-1.12497	
2333	-1.1248	
2334	-1.12488	
2335	-1.1454	
2336	-1.14495	
2337	-1.14114	
2338	-1.14114	
2339	-1.14026	
2340	-1.14775	
2341	-1.14583	
2342	-1.14548	
2343	-1.14571	
2344	-1.14571	
2345	-1.14744	
2346	-1.15316	
2347	-1.15543	
2348	-1.16857	
2349	-1.16024	
2350	-1.1678	
2351	-1.1678	
2352	-1.1548	
2353	-1.16963	
2354	-1.17788	
2355	-1.17788	
2356	-1.17655	
2357	-1.18146	
2358	-1.17999	
2359	-1.18165	
2360	-1.18398	
2361	-1.1848	
2362	-1.17172	
2363	-1.17261	
2364	-1.17055	
2365	-1.17202	
2366	-1.17882	
2367	-1.17368	
2368	-1.14012	
2369	-1.11284	
2370	-1.11415	
2371	-1.12011	
2372	-1.14703	
2373	-1.14862	
2374	-1.1496	
2375	-1.15696	
2376	-1.15696	
2377	-1.15519	
2378	-1.14982	
2379	-1.1527	
2380	-1.1527	
2381	-1.14941	
2382	-1.14941	
2383	-1.13993	
2384	-1.14781	
2385	-1.15048	
2386	-1.15733	
2387	-1.15634	
2388	-1.15092	
2389	-1.15274	
2390	-1.15908	
2391	-1.15877	
2392	-1.16589	
2393	-1.16351	
2394	-1.16015	
2395	-1.15997	
2396	-1.15713	
2397	-1.15739	
2398	-1.14872	
2399	-1.14562	
2400	-1.14377	
2401	-1.1412	
2402	-1.15546	
2403	-1.15783	
2404	-1.15179	
2405	-1.15705	
2406	-1.16222	
2407	-1.15823	
2408	-1.15701	
2409	-1.1496	
2410	-1.1496	
2411	-1.15373	
2412	-1.15832	
2413	-1.15797	
2414	-1.1355	
2415	-1.1421	
2416	-1.1421	
2417	-1.1421	
2418	-1.14252	
2419	-1.15073	
2420	-1.16299	
2421	-1.11499	
2422	-1.11962	
2423	-1.09977	
2424	-1.09597	
2425	-1.09352	
2426	-1.09527	
2427	-1.09187	
2428	-1.09187	
2429	-1.09104	
2430	-1.09357	
2431	-1.06513	
2432	-1.05747	
2433	-1.05223	
2434	-1.06553	
2435	-1.06881	
2436	-1.08126	
2437	-1.08606	
2438	-1.08641	
2439	-1.09771	
2440	-1.09332	
2441	-1.08276	
2442	-1.08948	
2443	-1.09191	
2444	-1.09191	
2445	-1.09565	
2446	-1.09674	
2447	-1.13113	
2448	-1.1354	
2449	-1.13546	
2450	-1.13191	
2451	-1.12749	
2452	-1.12544	
2453	-1.12485	
2454	-1.12466	
2455	-1.12987	
2456	-1.13548	
2457	-1.13548	
2458	-1.14422	
2459	-1.13717	
2460	-1.13351	
2461	-1.13098	
2462	-1.13497	
2463	-1.11746	
2464	-1.11767	
2465	-1.10957	
2466	-1.10475	
2467	-1.10475	
2468	-1.10671	
2469	-1.11281	
2470	-1.11168	
2471	-1.11141	
2472	-1.11668	
2473	-1.11087	
2474	-1.11229	
2475	-1.11221	
2476	-1.1163	
2477	-1.11277	
2478	-1.11363	
2479	-1.10362	
2480	-1.10263	
2481	-1.09089	
2482	-1.09089	
2483	-1.09467	
2484	-1.08917	
2485	-1.10229	
2486	-1.10321	
2487	-1.09809	
2488	-1.10599	
2489	-1.10046	
2490	-1.10309	
2491	-1.1024	
2492	-1.08816	
2493	-1.08795	
2494	-1.09046	
2495	-1.09954	
2496	-1.09715	
2497	-1.08852	
2498	-1.10291	
2499	-1.10444	
2500	-1.10837	
2501	-1.11234	
2502	-1.11829	
2503	-1.12007	
2504	-1.12896	
2505	-1.16162	
2506	-1.16482	
2507	-1.18098	
2508	-1.18723	
2509	-1.18523	
2510	-1.18084	
2511	-1.1749	
2512	-1.18042	
2513	-1.18102	
2514	-1.18165	
2515	-1.18366	
2516	-1.18387	
2517	-1.18538	
2518	-1.15657	
2519	-1.1585	
2520	-1.17314	
2521	-1.17509	
2522	-1.14234	
2523	-1.14222	
2524	-1.14017	
2525	-1.14017	
2526	-1.14114	
2527	-1.14946	
2528	-1.14996	
2529	-1.14074	
2530	-1.14032	
2531	-1.13664	
2532	-1.13761	
2533	-1.1437	
2534	-1.13945	
2535	-1.13606	
2536	-1.11707	
2537	-1.11424	
2538	-1.11424	
2539	-1.10753	
2540	-1.12024	
2541	-1.12069	
2542	-1.11909	
2543	-1.12132	
2544	-1.12031	
2545	-1.12146	
2546	-1.11804	
2547	-1.11804	
2548	-1.12298	
2549	-1.12819	
2550	-1.12831	
2551	-1.13133	
2552	-1.12985	
2553	-1.17418	
2554	-1.1644	
2555	-1.16001	
2556	-1.15968	
2557	-1.16951	
2558	-1.15762	
2559	-1.14629	
2560	-1.14449	
2561	-1.16002	
2562	-1.15434	
2563	-1.14954	
2564	-1.15151	
2565	-1.14895	
2566	-1.12966	
2567	-1.12966	
2568	-1.13466	
2569	-1.1379	
2570	-1.14595	
2571	-1.16401	
2572	-1.16259	
2573	-1.16857	
2574	-1.1735	
2575	-1.17476	
2576	-1.18155	
2577	-1.17843	
2578	-1.1615	
2579	-1.17428	
2580	-1.17635	
2581	-1.17742	
2582	-1.17341	
2583	-1.12924	
2584	-1.13332	
2585	-1.12713	
2586	-1.12611	
2587	-1.13642	
2588	-1.13642	
2589	-1.13765	
2590	-1.13368	
2591	-1.12345	
2592	-1.11843	
2593	-1.11497	
2594	-1.11991	
2595	-1.12296	
2596	-1.14747	
2597	-1.14136	
2598	-1.14136	
2599	-1.14435	
2600	-1.14384	
2601	-1.15236	
2602	-1.16017	
2603	-1.15868	
2604	-1.16505	
2605	-1.15591	
2606	-1.15668	
2607	-1.16422	
2608	-1.1702	
2609	-1.1528	
2610	-1.16157	
2611	-1.16299	
2612	-1.16559	
2613	-1.11127	
2614	-1.10955	
2615	-1.11538	
2616	-1.07889	
2617	-1.08355	
2618	-1.09206	
2619	-1.10128	
2620	-1.1191	
2621	-1.14651	
2622	-1.14281	
2623	-1.14281	
2624	-1.14456	
2625	-1.11657	
2626	-1.12142	
2627	-1.12142	
2628	-1.12132	
2629	-1.12529	
2630	-1.12783	
2631	-1.12918	
2632	-1.12683	
2633	-1.12291	
2634	-1.1194	
2635	-1.12745	
2636	-1.13123	
2637	-1.13502	
2638	-1.15092	
2639	-1.14842	
2640	-1.15622	
2641	-1.15917	
2642	-1.14766	
2643	-1.16838	
2644	-1.16569	
2645	-1.17227	
2646	-1.17006	
2647	-1.16774	
2648	-1.1715	
2649	-1.17602	
2650	-1.18038	
2651	-1.18038	
2652	-1.18139	
2653	-1.18128	
2654	-1.1618	
2655	-1.15988	
2656	-1.17572	
2657	-1.17211	
2658	-1.17935	
2659	-1.14501	
2660	-1.13872	
2661	-1.13112	
2662	-1.13057	
2663	-1.12595	
2664	-1.11534	
2665	-1.11288	
2666	-1.11288	
2667	-1.12385	
2668	-1.10892	
2669	-1.11865	
2670	-1.1295	
2671	-1.12357	
2672	-1.1223	
2673	-1.0996	
2674	-1.10115	
2675	-1.11951	
2676	-1.11544	
2677	-1.13939	
2678	-1.09429	
2679	-1.09256	
2680	-1.0937	
2681	-1.0867	
2682	-1.07027	
2683	-1.07008	
2684	-1.0708	
2685	-1.11566	
2686	-1.11496	
2687	-1.11061	
2688	-1.11061	
2689	-1.11378	
2690	-1.11653	
2691	-1.11303	
2692	-1.15583	
2693	-1.17776	
2694	-1.17291	
2695	-1.16406	
2696	-1.16238	
2697	-1.15882	
2698	-1.14489	
2699	-1.1202	
2700	-1.12879	
2701	-1.12076	
2702	-1.12076	
2703	-1.13254	
2704	-1.15013	
2705	-1.15438	
2706	-1.16153	
2707	-1.1608	
2708	-1.16004	
2709	-1.1404	
2710	-1.12739	
2711	-1.12147	
2712	-1.12648	
2713	-1.13139	
2714	-1.1355	
2715	-1.1355	
2716	-1.13131	
2717	-1.09823	
2718	-1.09809	
2719	-1.09254	
2720	-1.08532	
2721	-1.07265	
2722	-1.07207	
2723	-1.067	
2724	-1.06329	
2725	-1.05381	
2726	-1.06151	
2727	-1.05968	
2728	-1.10202	
2729	-1.10031	
2730	-1.11167	
2731	-1.11541	
2732	-1.11209	
2733	-1.11542	
2734	-1.11747	
2735	-1.11747	
2736	-1.11395	
2737	-1.11395	
2738	-1.1123	
2739	-1.10657	
2740	-1.10661	
2741	-1.11584	
2742	-1.12199	
2743	-1.12603	
2744	-1.12593	
2745	-1.13136	
2746	-1.11577	
2747	-1.1196	
2748	-1.12384	
2749	-1.1205	
2750	-1.12182	
2751	-1.13024	
2752	-1.09414	
2753	-1.08018	
2754	-1.07907	
2755	-1.08132	
2756	-1.08532	
2757	-1.08802	
2758	-1.08564	
2759	-1.09684	
2760	-1.10282	
2761	-1.10307	
2762	-1.10365	
2763	-1.10468	
2764	-1.10192	
2765	-1.11575	
2766	-1.11874	
2767	-1.12265	
2768	-1.11963	
2769	-1.12306	
2770	-1.09927	
2771	-1.09586	
2772	-1.10328	
2773	-1.10848	
2774	-1.10917	
2775	-1.10917	
2776	-1.10857	
2777	-1.10995	
2778	-1.11413	
2779	-1.11342	
2780	-1.11576	
2781	-1.11738	
2782	-1.11473	
2783	-1.10918	
2784	-1.10703	
2785	-1.12039	
2786	-1.11942	
2787	-1.11349	
2788	-1.10491	
2789	-1.11059	
2790	-1.12775	
2791	-1.1554	
2792	-1.14796	
2793	-1.15551	
2794	-1.15706	
2795	-1.15194	
2796	-1.15566	
2797	-1.15637	
2798	-1.16112	
2799	-1.15497	
2800	-1.16521	
2801	-1.16433	
2802	-1.1587	
2803	-1.18201	
2804	-1.18134	
2805	-1.1779	
2806	-1.16682	
2807	-1.16313	
2808	-1.1615	
2809	-1.16743	
2810	-1.16726	
2811	-1.16021	
2812	-1.15639	
2813	-1.14377	
2814	-1.14588	
2815	-1.14805	
2816	-1.14805	
2817	-1.15363	
2818	-1.15344	
2819	-1.15903	
2820	-1.15832	
2821	-1.16773	
2822	-1.16726	
2823	-1.15321	
2824	-1.15689	
2825	-1.15424	
2826	-1.16604	
2827	-1.16773	
2828	-1.17282	
2829	-1.16417	
2830	-1.16077	
2831	-1.15834	
2832	-1.15843	
2833	-1.15638	
2834	-1.15552	
2835	-1.15608	
2836	-1.14972	
2837	-1.15887	
2838	-1.14411	
2839	-1.14047	
2840	-1.14285	
2841	-1.1407	
2842	-1.14666	
2843	-1.15005	
2844	-1.15006	
2845	-1.15006	
2846	-1.15006	
2847	-1.14938	
2848	-1.15771	
2849	-1.14876	
2850	-1.1603	
2851	-1.16055	
2852	-1.15431	
2853	-1.15475	
2854	-1.16215	
2855	-1.18017	
2856	-1.18949	
2857	-1.1881	
2858	-1.1772	
2859	-1.17833	
2860	-1.1723	
2861	-1.17844	
2862	-1.17284	
2863	-1.17444	
2864	-1.16479	
2865	-1.17593	
2866	-1.18055	
2867	-1.18025	
2868	-1.18381	
2869	-1.17692	
2870	-1.17692	
2871	-1.17285	
2872	-1.17776	
2873	-1.1683	
2874	-1.13066	
2875	-1.14354	
2876	-1.14683	
2877	-1.12744	
2878	-1.12856	
2879	-1.13719	
2880	-1.13719	
2881	-1.13686	
2882	-1.13813	
2883	-1.14558	
2884	-1.15515	
2885	-1.15796	
2886	-1.15796	
2887	-1.15858	
2888	-1.1653	
2889	-1.17497	
2890	-1.17136	
2891	-1.17385	
2892	-1.15401	
2893	-1.16105	
2894	-1.16012	
2895	-1.16776	
2896	-1.17581	
2897	-1.16131	
2898	-1.16512	
2899	-1.16202	
2900	-1.14412	
2901	-1.12316	
2902	-1.12083	
2903	-1.12878	
2904	-1.13472	
2905	-1.12824	
2906	-1.12871	
2907	-1.12871	
2908	-1.12995	
2909	-1.12225	
2910	-1.12077	
2911	-1.11755	
2912	-1.11703	
2913	-1.13059	
2914	-1.12844	
2915	-1.13471	
2916	-1.13109	
2917	-1.12024	
2918	-1.09934	
2919	-1.11818	
2920	-1.11214	
2921	-1.11545	
2922	-1.11792	
2923	-1.12219	
2924	-1.12219	
2925	-1.11897	
2926	-1.11749	
2927	-1.12388	
2928	-1.1044	
2929	-1.09768	
2930	-1.10114	
2931	-1.106	
2932	-1.09622	
2933	-1.10402	
2934	-1.10002	
2935	-1.10751	
2936	-1.10911	
2937	-1.11949	
2938	-1.11024	
2939	-1.11095	
2940	-1.10926	
2941	-1.10632	
2942	-1.11454	
2943	-1.11454	
2944	-1.11238	
2945	-1.11161	
2946	-1.10764	
2947	-1.10386	
2948	-1.10144	
2949	-1.1259	
2950	-1.11081	
2951	-1.1124	
2952	-1.1211	
2953	-1.10707	
2954	-1.10823	
2955	-1.11282	
2956	-1.12847	
2957	-1.15433	
2958	-1.17149	
2959	-1.16774	
2960	-1.16792	
2961	-1.16469	
2962	-1.15099	
2963	-1.16097	
2964	-1.15637	
2965	-1.13888	
2966	-1.13751	
2967	-1.15362	
2968	-1.13766	
2969	-1.13613	
2970	-1.13613	
2971	-1.13409	
2972	-1.13224	
2973	-1.13224	
2974	-1.139	
2975	-1.14634	
2976	-1.14782	
2977	-1.1561	
2978	-1.1561	
2979	-1.14705	
2980	-1.1458	
2981	-1.14326	
2982	-1.13349	
2983	-1.14601	
2984	-1.14974	
2985	-1.15489	
2986	-1.15722	
2987	-1.14569	
2988	-1.15364	
2989	-1.15633	
2990	-1.14963	
2991	-1.14156	
2992	-1.13184	
2993	-1.13209	
2994	-1.146	
2995	-1.15356	
2996	-1.15356	
2997	-1.18208	
2998	-1.18208	
2999	-1.18969	
3000	-1.19197	
3001	-1.19923	
3002	-1.19731	
3003	-1.18989	
3004	-1.18808	
3005	-1.17701	
3006	-1.17123	
3007	-1.16065	
3008	-1.15917	
3009	-1.15802	
3010	-1.16089	
3011	-1.15084	
3012	-1.16281	
3013	-1.14809	
3014	-1.14674	
3015	-1.1515	
3016	-1.14121	
3017	-1.13435	
3018	-1.13412	
3019	-1.11507	
3020	-1.13005	
3021	-1.13209	
3022	-1.12824	
3023	-1.12592	
3024	-1.12734	
3025	-1.1159	
3026	-1.12666	
3027	-1.13765	
3028	-1.14559	
3029	-1.14806	
3030	-1.14132	
3031	-1.14662	
3032	-1.15346	
3033	-1.15069	
3034	-1.1519	
3035	-1.14536	
3036	-1.13725	
3037	-1.14536	
3038	-1.13271	
3039	-1.13197	
3040	-1.13123	
3041	-1.12223	
3042	-1.11913	
3043	-1.12417	
3044	-1.13854	
3045	-1.14173	
3046	-1.15103	
3047	-1.14935	
3048	-1.15041	
3049	-1.15426	
3050	-1.15301	
3051	-1.14596	
3052	-1.14903	
3053	-1.15493	
3054	-1.14664	
3055	-1.15127	
3056	-1.14984	
3057	-1.15118	
3058	-1.17901	
3059	-1.18824	
3060	-1.17777	
3061	-1.16031	
3062	-1.16397	
3063	-1.15328	
3064	-1.14601	
3065	-1.14818	
3066	-1.17571	
3067	-1.16129	
3068	-1.16532	
3069	-1.15926	
3070	-1.15803	
3071	-1.14181	
3072	-1.13634	
3073	-1.15217	
3074	-1.15217	
3075	-1.15217	
3076	-1.14793	
3077	-1.16637	
3078	-1.17979	
3079	-1.16768	
3080	-1.17032	
3081	-1.16008	
3082	-1.12223	
3083	-1.12223	
3084	-1.1315	
3085	-1.13218	
3086	-1.13218	
3087	-1.1301	
3088	-1.13135	
3089	-1.13135	
3090	-1.13773	
3091	-1.13536	
3092	-1.13536	
3093	-1.13911	
3094	-1.13911	
3095	-1.13028	
3096	-1.12981	
3097	-1.13443	
3098	-1.13847	
3099	-1.13804	
3100	-1.13698	
3101	-1.1378	
3102	-1.12556	
3103	-1.12556	
3104	-1.12209	
3105	-1.12724	
3106	-1.12186	
3107	-1.12041	
3108	-1.12704	
3109	-1.1283	
3110	-1.13237	
3111	-1.14096	
3112	-1.13026	
3113	-1.14007	
3114	-1.14923	
3115	-1.15121	
3116	-1.11249	
3117	-1.11068	
3118	-1.11649	
3119	-1.12474	
3120	-1.12776	
3121	-1.12746	
3122	-1.12746	
3123	-1.12906	
3124	-1.12906	
3125	-1.13253	
3126	-1.13513	
3127	-1.10976	
3128	-1.10768	
3129	-1.12652	
3130	-1.12598	
3131	-1.12217	
3132	-1.12921	
3133	-1.13866	
3134	-1.13859	
3135	-1.13754	
3136	-1.13989	
3137	-1.14114	
3138	-1.14298	
3139	-1.16885	
3140	-1.14433	
3141	-1.14597	
3142	-1.14978	
3143	-1.14058	
3144	-1.14499	
3145	-1.14585	
3146	-1.13999	
3147	-1.14109	
3148	-1.1397	
3149	-1.15009	
3150	-1.1363	
3151	-1.14882	
3152	-1.13978	
3153	-1.15072	
3154	-1.1493	
3155	-1.14754	
3156	-1.16522	
3157	-1.16571	
3158	-1.16677	
3159	-1.17204	
3160	-1.17741	
3161	-1.19437	
3162	-1.18613	
3163	-1.18528	
3164	-1.19247	
3165	-1.19424	
3166	-1.19424	
3167	-1.19514	
3168	-1.19242	
3169	-1.20094	
3170	-1.20041	
3171	-1.18736	
3172	-1.18262	
3173	-1.1791	
3174	-1.17673	
3175	-1.16655	
3176	-1.16451	
3177	-1.16634	
3178	-1.1597	
3179	-1.17118	
3180	-1.17864	
3181	-1.17864	
3182	-1.17091	
3183	-1.15927	
3184	-1.15696	
3185	-1.16073	
3186	-1.16073	
3187	-1.16201	
3188	-1.16529	
3189	-1.16593	
3190	-1.16162	
3191	-1.16378	
3192	-1.16286	
3193	-1.16475	
3194	-1.16791	
3195	-1.15203	
3196	-1.16291	
3197	-1.15367	
3198	-1.15891	
3199	-1.15352	
3200	-1.14395	
3201	-1.14937	
3202	-1.14316	
3203	-1.13735	
3204	-1.15334	
3205	-1.15516	
3206	-1.15023	
3207	-1.17663	
3208	-1.17487	
3209	-1.18326	
3210	-1.193	
3211	-1.185	
3212	-1.18429	
3213	-1.19158	
3214	-1.19175	
3215	-1.12574	
3216	-1.13076	
3217	-1.13166	
3218	-1.13166	
3219	-1.13306	
3220	-1.13166	
3221	-1.11264	
3222	-1.11262	
3223	-1.11796	
3224	-1.11865	
3225	-1.11865	
3226	-1.125	
3227	-1.12448	
3228	-1.12679	
3229	-1.1179	
3230	-1.11663	
3231	-1.12036	
3232	-1.11828	
3233	-1.11568	
3234	-1.12488	
3235	-1.12244	
3236	-1.12244	
3237	-1.12244	
3238	-1.12848	
3239	-1.13099	
3240	-1.12924	
3241	-1.12604	
3242	-1.11233	
3243	-1.12849	
3244	-1.12047	
3245	-1.12352	
3246	-1.12239	
3247	-1.11587	
3248	-1.12236	
3249	-1.1072	
3250	-1.10637	
3251	-1.10582	
3252	-1.10668	
3253	-1.10717	
3254	-1.11156	
3255	-1.11686	
3256	-1.12776	
3257	-1.1414	
3258	-1.1414	
3259	-1.14014	
3260	-1.14901	
3261	-1.15422	
3262	-1.15422	
3263	-1.15275	
3264	-1.15178	
3265	-1.14846	
3266	-1.15287	
3267	-1.15933	
3268	-1.15719	
3269	-1.14479	
3270	-1.14305	
3271	-1.14648	
3272	-1.14736	
3273	-1.14659	
3274	-1.14858	
3275	-1.14923	
3276	-1.13372	
3277	-1.13005	
3278	-1.12577	
3279	-1.12056	
3280	-1.10788	
3281	-1.10917	
3282	-1.11237	
3283	-1.14354	
3284	-1.13598	
3285	-1.13732	
3286	-1.14169	
3287	-1.14077	
3288	-1.13993	
3289	-1.18133	
3290	-1.19318	
3291	-1.17857	
3292	-1.16631	
3293	-1.16396	
3294	-1.16333	
3295	-1.16333	
3296	-1.13878	
3297	-1.13445	
3298	-1.13445	
3299	-1.13889	
3300	-1.13797	
3301	-1.13933	
3302	-1.14407	
3303	-1.13145	
3304	-1.11749	
3305	-1.11952	
3306	-1.12064	
3307	-1.13561	
3308	-1.1277	
3309	-1.14852	
3310	-1.18122	
3311	-1.19209	
3312	-1.19003	
3313	-1.19095	
3314	-1.14162	
3315	-1.14356	
3316	-1.13876	
3317	-1.11682	
3318	-1.11846	
3319	-1.12364	
3320	-1.1245	
3321	-1.12142	
3322	-1.13457	
3323	-1.13457	
3324	-1.1327	
3325	-1.13154	
3326	-1.13368	
3327	-1.13445	
3328	-1.1379	
3329	-1.12415	
3330	-1.125	
3331	-1.11648	
3332	-1.10948	
3333	-1.10497	
3334	-1.10497	
3335	-1.10323	
3336	-1.10211	
3337	-1.11112	
3338	-1.11497	
3339	-1.12312	
3340	-1.12287	
3341	-1.12554	
3342	-1.12499	
3343	-1.1244	
3344	-1.1244	
3345	-1.12642	
3346	-1.12444	
3347	-1.13641	
3348	-1.12841	
3349	-1.12841	
3350	-1.12352	
3351	-1.11654	
3352	-1.10992	
3353	-1.11373	
3354	-1.12285	
3355	-1.12285	
3356	-1.12294	
3357	-1.10297	
3358	-1.08083	
3359	-1.08315	
3360	-1.08404	
3361	-1.10258	
3362	-1.10009	
3363	-1.09644	
3364	-1.09644	
3365	-1.08741	
3366	-1.08473	
3367	-1.08261	
3368	-1.08261	
3369	-1.09004	
3370	-1.08752	
3371	-1.08846	
3372	-1.08266	
3373	-1.09007	
3374	-1.09726	
3375	-1.10156	
3376	-1.10297	
3377	-1.11307	
3378	-1.1153	
3379	-1.11909	
3380	-1.11909	
3381	-1.1139	
3382	-1.11062	
3383	-1.11248	
3384	-1.11593	
3385	-1.1213	
3386	-1.123	
3387	-1.12112	
3388	-1.1403	
3389	-1.14445	
3390	-1.14171	
3391	-1.14171	
3392	-1.13994	
3393	-1.13348	
3394	-1.1321	
3395	-1.12668	
3396	-1.11201	
3397	-1.10576	
3398	-1.10576	
3399	-1.10283	
3400	-1.10283	
3401	-1.10757	
3402	-1.12278	
3403	-1.1212	
3404	-1.13075	
3405	-1.12796	
3406	-1.12617	
3407	-1.12785	
3408	-1.1284	
3409	-1.12961	
3410	-1.13725	
3411	-1.12802	
3412	-1.12788	
3413	-1.12269	
3414	-1.12864	
3415	-1.13345	
3416	-1.129	
3417	-1.13029	
3418	-1.13759	
3419	-1.1298	
3420	-1.13678	
3421	-1.13782	
3422	-1.13739	
3423	-1.14474	
3424	-1.14709	
3425	-1.14576	
3426	-1.15093	
3427	-1.15	
3428	-1.15347	
3429	-1.10691	
3430	-1.11264	
3431	-1.11082	
3432	-1.10499	
3433	-1.10499	
3434	-1.11411	
3435	-1.114	
3436	-1.10852	
3437	-1.10368	
3438	-1.10939	
3439	-1.10939	
3440	-1.1013	
3441	-1.10487	
3442	-1.10893	
3443	-1.10977	
3444	-1.10585	
3445	-1.10998	
3446	-1.11172	
3447	-1.10344	
3448	-1.10344	
3449	-1.10453	
3450	-1.1108	
3451	-1.11026	
3452	-1.11968	
3453	-1.12431	
3454	-1.13953	
3455	-1.12376	
3456	-1.12223	
3457	-1.12868	
3458	-1.16286	
3459	-1.1664	
3460	-1.16629	
3461	-1.16162	
3462	-1.16882	
3463	-1.17371	
3464	-1.17004	
3465	-1.13354	
3466	-1.13354	
3467	-1.18038	
3468	-1.17912	
3469	-1.20288	
3470	-1.20819	
3471	-1.21005	
3472	-1.20678	
3473	-1.20912	
3474	-1.20724	
3475	-1.20471	
3476	-1.19875	
3477	-1.18828	
3478	-1.17639	
3479	-1.17721	
3480	-1.13883	
3481	-1.13562	
3482	-1.14751	
3483	-1.14074	
3484	-1.14258	
3485	-1.14353	
3486	-1.15058	
3487	-1.15058	
3488	-1.12108	
3489	-1.10798	
3490	-1.11292	
3491	-1.1105	
3492	-1.10278	
3493	-1.10278	
3494	-1.0982	
3495	-1.11132	
3496	-1.11352	
3497	-1.11081	
3498	-1.11198	
3499	-1.11198	
3500	-1.10943	
3501	-1.11359	
3502	-1.1135	
3503	-1.10885	
3504	-1.10412	
3505	-1.10735	
3506	-1.09954	
3507	-1.09801	
3508	-1.09777	
3509	-1.09637	
3510	-1.09032	
3511	-1.09371	
3512	-1.0966	
3513	-1.0895	
3514	-1.09228	
3515	-1.08732	
3516	-1.08864	
3517	-1.11743	
3518	-1.11689	
3519	-1.12277	
3520	-1.12955	
3521	-1.1341	
3522	-1.12602	
3523	-1.12408	
3524	-1.12407	
3525	-1.12288	
3526	-1.125	
3527	-1.13867	
3528	-1.1312	
3529	-1.12984	
3530	-1.12593	
3531	-1.11782	
3532	-1.11611	
3533	-1.11222	
3534	-1.11863	
3535	-1.08018	
3536	-1.07913	
3537	-1.07628	
3538	-1.08202	
3539	-1.08849	
3540	-1.08844	
3541	-1.08844	
3542	-1.08766	
3543	-1.08291	
3544	-1.08266	
3545	-1.08266	
3546	-1.07981	
3547	-1.07554	
3548	-1.07331	
3549	-1.07772	
3550	-1.06993	
3551	-1.07281	
3552	-1.09981	
3553	-1.10286	
3554	-1.11178	
3555	-1.12655	
3556	-1.12266	
3557	-1.11704	
3558	-1.10957	
3559	-1.12319	
3560	-1.11995	
3561	-1.12054	
3562	-1.1615	
3563	-1.16715	
3564	-1.16307	
3565	-1.15828	
3566	-1.14655	
3567	-1.14692	
3568	-1.14743	
3569	-1.15362	
3570	-1.15301	
3571	-1.15576	
3572	-1.14709	
3573	-1.14997	
3574	-1.14363	
3575	-1.1537	
3576	-1.15036	
3577	-1.1583	
3578	-1.15879	
3579	-1.15234	
3580	-1.14656	
3581	-1.15149	
3582	-1.14004	
3583	-1.14708	
3584	-1.14183	
3585	-1.14183	
3586	-1.14315	
3587	-1.14593	
3588	-1.15289	
3589	-1.15163	
3590	-1.1573	
3591	-1.15672	
3592	-1.15672	
3593	-1.15011	
3594	-1.13598	
3595	-1.139	
3596	-1.13716	
3597	-1.143	
3598	-1.13285	
3599	-1.13384	
3600	-1.13102	
3601	-1.13148	
3602	-1.09611	
3603	-1.09927	
3604	-1.10213	
3605	-1.09983	
3606	-1.12347	
3607	-1.12034	
3608	-1.12304	
3609	-1.11525	
3610	-1.10686	
3611	-1.10906	
3612	-1.10906	
3613	-1.10988	
3614	-1.10725	
3615	-1.10342	
3616	-1.11526	
3617	-1.11611	
3618	-1.11592	
3619	-1.11182	
3620	-1.12971	
3621	-1.14055	
3622	-1.11546	
3623	-1.14805	
3624	-1.12698	
3625	-1.13568	
3626	-1.13568	
3627	-1.12972	
3628	-1.12638	
3629	-1.12311	
3630	-1.12433	
3631	-1.11593	
3632	-1.10704	
3633	-1.08208	
3634	-1.09031	
3635	-1.0968	
3636	-1.08702	
3637	-1.08526	
3638	-1.09824	
3639	-1.08217	
3640	-1.08419	
3641	-1.09036	
3642	-1.09706	
3643	-1.09501	
3644	-1.09357	
3645	-1.07286	
3646	-1.07993	
3647	-1.07347	
3648	-1.08117	
3649	-1.07093	
3650	-1.11476	
3651	-1.10902	
3652	-1.10902	
3653	-1.10893	
3654	-1.10716	
3655	-1.10524	
3656	-1.10622	
3657	-1.10385	
3658	-1.12747	
3659	-1.1246	
3660	-1.11729	
3661	-1.1198	
3662	-1.11632	
3663	-1.11224	
3664	-1.11682	
3665	-1.118	
3666	-1.11035	
3667	-1.109	
3668	-1.10416	
3669	-1.09896	
3670	-1.09411	
3671	-1.10786	
3672	-1.11545	
3673	-1.12331	
3674	-1.12525	
3675	-1.12786	
3676	-1.12657	
3677	-1.12731	
3678	-1.1464	
3679	-1.14657	
3680	-1.1463	
3681	-1.1431	
3682	-1.1431	
3683	-1.1431	
3684	-1.14324	
3685	-1.14594	
3686	-1.14756	
3687	-1.1437	
3688	-1.13733	
3689	-1.14222	
3690	-1.13314	
3691	-1.13394	
3692	-1.13023	
3693	-1.16382	
3694	-1.15966	
3695	-1.15817	
3696	-1.15857	
3697	-1.15885	
3698	-1.16286	
3699	-1.16976	
3700	-1.16121	
3701	-1.16467	
3702	-1.1644	
3703	-1.17248	
3704	-1.16049	
3705	-1.16145	
3706	-1.16669	
3707	-1.15483	
3708	-1.15928	
3709	-1.15347	
3710	-1.15184	
3711	-1.15053	
3712	-1.15053	
3713	-1.13558	
3714	-1.13585	
3715	-1.13236	
3716	-1.10917	
3717	-1.10221	
3718	-1.1028	
3719	-1.14986	
3720	-1.14053	
3721	-1.13588	
3722	-1.11488	
3723	-1.1165	
3724	-1.11454	
3725	-1.11454	
3726	-1.1132	
3727	-1.11632	
3728	-1.11697	
3729	-1.12869	
3730	-1.13651	
3731	-1.14226	
3732	-1.14783	
3733	-1.14769	
3734	-1.14544	
3735	-1.14544	
3736	-1.15129	
3737	-1.14652	
3738	-1.15189	
3739	-1.15095	
3740	-1.15095	
3741	-1.15195	
3742	-1.15155	
3743	-1.15064	
3744	-1.16096	
3745	-1.19109	
3746	-1.18182	
3747	-1.18182	
3748	-1.15083	
3749	-1.11863	
3750	-1.13371	
3751	-1.14792	
3752	-1.14116	
3753	-1.14365	
3754	-1.13858	
3755	-1.14219	
3756	-1.12712	
3757	-1.12034	
3758	-1.12535	
3759	-1.12669	
3760	-1.11704	
3761	-1.12813	
3762	-1.12963	
3763	-1.11885	
3764	-1.11682	
3765	-1.12131	
3766	-1.12666	
3767	-1.13034	
3768	-1.12876	
3769	-1.14045	
3770	-1.13925	
3771	-1.1444	
3772	-1.14306	
3773	-1.15308	
3774	-1.15262	
3775	-1.14488	
3776	-1.14578	
3777	-1.15225	
3778	-1.15225	
3779	-1.14981	
3780	-1.14625	
3781	-1.14387	
3782	-1.14761	
3783	-1.14443	
3784	-1.1527	
3785	-1.15195	
3786	-1.15195	
3787	-1.15207	
3788	-1.14924	
3789	-1.15095	
3790	-1.15922	
3791	-1.15412	
3792	-1.15412	
3793	-1.15986	
3794	-1.15168	
3795	-1.14487	
3796	-1.14157	
3797	-1.14651	
3798	-1.14553	
3799	-1.14553	
3800	-1.14246	
3801	-1.13123	
3802	-1.13273	
3803	-1.12498	
3804	-1.12177	
3805	-1.12571	
3806	-1.12054	
3807	-1.1478	
3808	-1.15511	
3809	-1.15314	
3810	-1.14347	
3811	-1.13715	
3812	-1.14285	
3813	-1.13521	
3814	-1.13366	
3815	-1.13465	
3816	-1.12744	
3817	-1.13176	
3818	-1.12103	
3819	-1.12358	
3820	-1.12197	
3821	-1.11859	
3822	-1.12324	
3823	-1.12449	
3824	-1.12607	
3825	-1.13122	
3826	-1.12778	
3827	-1.12989	
3828	-1.12989	
3829	-1.13634	
3830	-1.14178	
3831	-1.14178	
3832	-1.13412	
3833	-1.1416	
3834	-1.12877	
3835	-1.12894	
3836	-1.13981	
3837	-1.14009	
3838	-1.13469	
3839	-1.13425	
3840	-1.13809	
3841	-1.13946	
3842	-1.13834	
3843	-1.13657	
3844	-1.14383	
3845	-1.13469	
3846	-1.14408	
3847	-1.14408	
3848	-1.14088	
3849	-1.13972	
3850	-1.13294	
3851	-1.12447	
3852	-1.11842	
3853	-1.1016	
3854	-1.12164	
3855	-1.13025	
3856	-1.12571	
3857	-1.08913	
3858	-1.08542	
3859	-1.09331	
3860	-1.09548	
3861	-1.08903	
3862	-1.09101	
3863	-1.09101	
3864	-1.07879	
3865	-1.12482	
3866	-1.12889	
3867	-1.13862	
3868	-1.14328	
3869	-1.1518	
3870	-1.15917	
3871	-1.16413	
3872	-1.14381	
3873	-1.14154	
3874	-1.14572	
3875	-1.15398	
3876	-1.15266	
3877	-1.15042	
3878	-1.13172	
3879	-1.13847	
3880	-1.14044	
3881	-1.13057	
3882	-1.13345	
3883	-1.13774	
3884	-1.14011	
3885	-1.14814	
3886	-1.1514	
3887	-1.14747	
3888	-1.14873	
3889	-1.15298	
3890	-1.15458	
3891	-1.15082	
3892	-1.14944	
3893	-1.14971	
3894	-1.14309	
3895	-1.14244	
3896	-1.13799	
3897	-1.13192	
3898	-1.12638	
3899	-1.12809	
3900	-1.13229	
3901	-1.12987	
3902	-1.10992	
3903	-1.10983	
3904	-1.11455	
3905	-1.11508	
3906	-1.12843	
3907	-1.12376	
3908	-1.12376	
3909	-1.13084	
3910	-1.13176	
3911	-1.12851	
3912	-1.13698	
3913	-1.13467	
3914	-1.1352	
3915	-1.13637	
3916	-1.14731	
3917	-1.14605	
3918	-1.14577	
3919	-1.14577	
3920	-1.1541	
3921	-1.13694	
3922	-1.13441	
3923	-1.14035	
3924	-1.14546	
3925	-1.1482	
3926	-1.1467	
3927	-1.14671	
3928	-1.13884	
3929	-1.14898	
3930	-1.14672	
3931	-1.14672	
3932	-1.19192	
3933	-1.19001	
3934	-1.18217	
3935	-1.18871	
3936	-1.18506	
3937	-1.17388	
3938	-1.17814	
3939	-1.17133	
3940	-1.17003	
3941	-1.17386	
3942	-1.1699	
3943	-1.16362	
3944	-1.15224	
3945	-1.15372	
3946	-1.14869	
3947	-1.14663	
3948	-1.13702	
3949	-1.1485	
3950	-1.15991	
3951	-1.1492	
3952	-1.15997	
3953	-1.15604	
3954	-1.15712	
3955	-1.16166	
3956	-1.16468	
3957	-1.17639	
3958	-1.18566	
3959	-1.18854	
3960	-1.1981	
3961	-1.1522	
3962	-1.14176	
3963	-1.14358	
3964	-1.14662	
3965	-1.14224	
3966	-1.14224	
3967	-1.15224	
3968	-1.15789	
3969	-1.14576	
3970	-1.15084	
3971	-1.14859	
3972	-1.14807	
3973	-1.12573	
3974	-1.12573	
3975	-1.1139	
3976	-1.11219	
3977	-1.11286	
3978	-1.1419	
3979	-1.14549	
3980	-1.14682	
3981	-1.15434	
3982	-1.14687	
3983	-1.15931	
3984	-1.15429	
3985	-1.15434	
3986	-1.15201	
3987	-1.1292	
3988	-1.1242	
3989	-1.10971	
3990	-1.10651	
3991	-1.09273	
3992	-1.09243	
3993	-1.07811	
3994	-1.08032	
3995	-1.08271	
3996	-1.08484	
3997	-1.10255	
3998	-1.10253	
3999	-1.12767	
4000	-1.13501	
4001	-1.13351	
4002	-1.13608	
4003	-1.13856	
4004	-1.14195	
4005	-1.10352	
4006	-1.10602	
4007	-1.10695	
4008	-1.10759	
4009	-1.12412	
4010	-1.12022	
4011	-1.11113	
4012	-1.10919	
4013	-1.10073	
4014	-1.09665	
4015	-1.09665	
4016	-1.09799	
4017	-1.09587	
4018	-1.07603	
4019	-1.07603	
4020	-1.08127	
4021	-1.09492	
4022	-1.08588	
4023	-1.08587	
4024	-1.09046	
4025	-1.08918	
4026	-1.08918	
4027	-1.1413	
4028	-1.13653	
4029	-1.13498	
4030	-1.14093	
4031	-1.15766	
4032	-1.1611	
4033	-1.16142	
4034	-1.16097	
4035	-1.15995	
4036	-1.15828	
4037	-1.15766	
4038	-1.15457	
4039	-1.14082	
4040	-1.14062	
4041	-1.14542	
4042	-1.14285	
4043	-1.14172	
4044	-1.15992	
4045	-1.16082	
4046	-1.16082	
4047	-1.15353	
4048	-1.14402	
4049	-1.14435	
4050	-1.14435	
4051	-1.1548	
4052	-1.14805	
4053	-1.16369	
4054	-1.16482	
4055	-1.15725	
4056	-1.16273	
4057	-1.15155	
4058	-1.15686	
4059	-1.15368	
4060	-1.15259	
4061	-1.15175	
4062	-1.15117	
4063	-1.15809	
4064	-1.1566	
4065	-1.15896	
4066	-1.16265	
4067	-1.16511	
4068	-1.16128	
4069	-1.16471	
4070	-1.16471	
4071	-1.16724	
4072	-1.1643	
4073	-1.1643	
4074	-1.16559	
4075	-1.15923	
4076	-1.15189	
4077	-1.15142	
4078	-1.16137	
4079	-1.16137	
4080	-1.14942	
4081	-1.15391	
4082	-1.15461	
4083	-1.15192	
4084	-1.11947	
4085	-1.12228	
4086	-1.11511	
4087	-1.11291	
4088	-1.11182	
4089	-1.10436	
4090	-1.10765	
4091	-1.10916	
4092	-1.11318	
4093	-1.11804	
4094	-1.11486	
4095	-1.1241	
4096	-1.12958	
4097	-1.13021	
4098	-1.1324	
4099	-1.13206	
4100	-1.13025	
4101	-1.13307	
4102	-1.12833	
4103	-1.12222	
4104	-1.12368	
4105	-1.12101	
4106	-1.12806	
4107	-1.12877	
4108	-1.12295	
4109	-1.12478	
4110	-1.12166	
4111	-1.11494	
4112	-1.11447	
4113	-1.11656	
4114	-1.09472	
4115	-1.09472	
4116	-1.0967	
4117	-1.09177	
4118	-1.08758	
4119	-1.09071	
4120	-1.08102	
4121	-1.07668	
4122	-1.07718	
4123	-1.0743	
4124	-1.07898	
4125	-1.07314	
4126	-1.07103	
4127	-1.07524	
4128	-1.07514	
4129	-1.06788	
4130	-1.10069	
4131	-1.10171	
4132	-1.10253	
4133	-1.09496	
4134	-1.10129	
4135	-1.10787	
4136	-1.11903	
4137	-1.10917	
4138	-1.11669	
4139	-1.11695	
4140	-1.12101	
4141	-1.08792	
4142	-1.09601	
4143	-1.10504	
4144	-1.10249	
4145	-1.10682	
4146	-1.10144	
4147	-1.08953	
4148	-1.09134	
4149	-1.08749	
4150	-1.13536	
4151	-1.14167	
4152	-1.14487	
4153	-1.14428	
4154	-1.14861	
4155	-1.15035	
4156	-1.15409	
4157	-1.16206	
4158	-1.15384	
4159	-1.14682	
4160	-1.14682	
4161	-1.1573	
4162	-1.16	
4163	-1.15533	
4164	-1.15632	
4165	-1.1619	
4166	-1.16748	
4167	-1.15727	
4168	-1.15923	
4169	-1.15567	
4170	-1.17468	
4171	-1.17144	
4172	-1.16889	
4173	-1.16889	
4174	-1.16836	
4175	-1.17523	
4176	-1.16622	
4177	-1.16512	
4178	-1.16508	
4179	-1.17003	
4180	-1.16753	
4181	-1.16729	
4182	-1.16843	
4183	-1.16138	
4184	-1.15889	
4185	-1.1598	
4186	-1.18434	
4187	-1.17991	
4188	-1.18395	
4189	-1.19823	
4190	-1.19675	
4191	-1.19992	
4192	-1.19628	
4193	-1.19042	
4194	-1.19042	
4195	-1.18983	
4196	-1.17742	
4197	-1.17741	
4198	-1.17824	
4199	-1.17926	
4200	-1.17945	
4201	-1.17391	
4202	-1.15204	
4203	-1.15798	
4204	-1.16227	
4205	-1.16567	
4206	-1.17604	
4207	-1.15693	
4208	-1.16015	
4209	-1.16433	
4210	-1.16575	
4211	-1.16548	
4212	-1.18058	
4213	-1.17281	
4214	-1.17858	
4215	-1.18321	
4216	-1.17789	
4217	-1.16447	
4218	-1.16649	
4219	-1.15304	
4220	-1.15785	
4221	-1.15056	
4222	-1.15403	
4223	-1.15231	
4224	-1.13993	
4225	-1.13625	
4226	-1.14692	
4227	-1.15556	
4228	-1.15084	
4229	-1.1526	
4230	-1.16732	
4231	-1.16529	
4232	-1.15605	
4233	-1.17316	
4234	-1.1757	
4235	-1.18053	
4236	-1.18339	
4237	-1.14957	
4238	-1.15415	
4239	-1.16166	
4240	-1.16664	
4241	-1.16182	
4242	-1.15299	
4243	-1.15298	
4244	-1.14855	
4245	-1.15476	
4246	-1.14743	
4247	-1.13894	
4248	-1.13393	
4249	-1.13375	
4250	-1.13062	
4251	-1.13062	
4252	-1.11511	
4253	-1.12132	
4254	-1.12331	
4255	-1.12746	
4256	-1.12869	
4257	-1.12741	
4258	-1.11974	
4259	-1.12079	
4260	-1.10726	
4261	-1.10726	
4262	-1.10446	
4263	-1.10442	
4264	-1.10641	
4265	-1.08737	
4266	-1.08737	
4267	-1.09756	
4268	-1.08517	
4269	-1.08517	
4270	-1.08446	
4271	-1.09004	
4272	-1.09004	
4273	-1.08701	
4274	-1.088	
4275	-1.08233	
4276	-1.09221	
4277	-1.09613	
4278	-1.09495	
4279	-1.09633	
4280	-1.09586	
4281	-1.102	
4282	-1.0431	
4283	-1.05418	
4284	-1.06013	
4285	-1.05986	
4286	-1.06148	
4287	-1.06827	
4288	-1.11169	
4289	-1.13883	
4290	-1.13187	
4291	-1.12763	
4292	-1.1499	
4293	-1.14417	
4294	-1.1545	
4295	-1.16243	
4296	-1.1591	
4297	-1.15992	
4298	-1.15887	
4299	-1.15891	
4300	-1.16166	
4301	-1.16402	
4302	-1.16206	
4303	-1.1617	
4304	-1.12893	
4305	-1.12828	
4306	-1.12346	
4307	-1.12346	
4308	-1.11446	
4309	-1.11866	
4310	-1.15144	
4311	-1.15328	
4312	-1.14676	
4313	-1.1466	
4314	-1.14606	
4315	-1.14456	
4316	-1.16351	
4317	-1.16451	
4318	-1.15828	
4319	-1.15205	
4320	-1.15402	
4321	-1.14781	
4322	-1.15079	
4323	-1.15104	
4324	-1.15108	
4325	-1.15625	
4326	-1.15993	
4327	-1.16281	
4328	-1.16281	
4329	-1.1572	
4330	-1.15384	
4331	-1.15717	
4332	-1.15899	
4333	-1.16961	
4334	-1.16453	
4335	-1.17436	
4336	-1.17817	
4337	-1.18054	
4338	-1.18054	
4339	-1.17509	
4340	-1.17537	
4341	-1.18119	
4342	-1.17249	
4343	-1.17249	
4344	-1.1509	
4345	-1.15528	
4346	-1.1486	
4347	-1.15153	
4348	-1.14931	
4349	-1.13632	
4350	-1.13558	
4351	-1.14351	
4352	-1.14826	
4353	-1.15808	
4354	-1.15371	
4355	-1.15409	
4356	-1.14956	
4357	-1.15929	
4358	-1.16848	
4359	-1.16589	
4360	-1.16641	
4361	-1.17316	
4362	-1.14962	
4363	-1.15043	
4364	-1.14621	
4365	-1.14729	
4366	-1.15751	
4367	-1.15894	
4368	-1.16411	
4369	-1.16411	
4370	-1.15691	
4371	-1.15406	
4372	-1.15406	
4373	-1.15986	
4374	-1.1535	
4375	-1.16005	
4376	-1.14913	
4377	-1.13381	
4378	-1.12884	
4379	-1.13326	
4380	-1.13329	
4381	-1.12988	
4382	-1.12917	
4383	-1.12917	
4384	-1.11235	
4385	-1.10959	
4386	-1.11242	
4387	-1.11259	
4388	-1.11271	
4389	-1.09232	
4390	-1.09232	
4391	-1.08982	
4392	-1.09086	
4393	-1.08445	
4394	-1.08432	
4395	-1.09002	
4396	-1.0844	
4397	-1.08888	
4398	-1.08131	
4399	-1.06801	
4400	-1.06801	
4401	-1.07496	
4402	-1.07826	
4403	-1.07837	
4404	-1.0705	
4405	-1.072	
4406	-1.06909	
4407	-1.06658	
4408	-1.06809	
4409	-1.08166	
4410	-1.10396	
4411	-1.10696	
4412	-1.10663	
4413	-1.10663	
4414	-1.07601	
4415	-1.07601	
4416	-1.08279	
4417	-1.09179	
4418	-1.08923	
4419	-1.08923	
4420	-1.10677	
4421	-1.10819	
4422	-1.11188	
4423	-1.11633	
4424	-1.11483	
4425	-1.11483	
4426	-1.12242	
4427	-1.12583	
4428	-1.1309	
4429	-1.11433	
4430	-1.1194	
4431	-1.11918	
4432	-1.12456	
4433	-1.12602	
4434	-1.12602	
4435	-1.11995	
4436	-1.11353	
4437	-1.10075	
4438	-1.10075	
4439	-1.10075	
4440	-1.10647	
4441	-1.10541	
4442	-1.10672	
4443	-1.10843	
4444	-1.11286	
4445	-1.14474	
4446	-1.13927	
4447	-1.14679	
4448	-1.14679	
4449	-1.16827	
4450	-1.17479	
4451	-1.17324	
4452	-1.1686	
4453	-1.17147	
4454	-1.14822	
4455	-1.14946	
4456	-1.14241	
4457	-1.14761	
4458	-1.14761	
4459	-1.14703	
4460	-1.14929	
4461	-1.14144	
4462	-1.1415	
4463	-1.14422	
4464	-1.14757	
4465	-1.14757	
4466	-1.15093	
4467	-1.15029	
4468	-1.15246	
4469	-1.15258	
4470	-1.14306	
4471	-1.14268	
4472	-1.14268	
4473	-1.14408	
4474	-1.14408	
4475	-1.14466	
4476	-1.14966	
4477	-1.16083	
4478	-1.11001	
4479	-1.11917	
4480	-1.13483	
4481	-1.13425	
4482	-1.13676	
4483	-1.13858	
4484	-1.14542	
4485	-1.16108	
4486	-1.15352	
4487	-1.15039	
4488	-1.15827	
4489	-1.15526	
4490	-1.15526	
4491	-1.15101	
4492	-1.15101	
4493	-1.15057	
4494	-1.11887	
4495	-1.1146	
4496	-1.11721	
4497	-1.11765	
4498	-1.11542	
4499	-1.11585	
4500	-1.11585	
4501	-1.11194	
4502	-1.11467	
4503	-1.12307	
4504	-1.12267	
4505	-1.13138	
4506	-1.1352	
4507	-1.14371	
4508	-1.13656	
4509	-1.12993	
4510	-1.13954	
4511	-1.13127	
4512	-1.15249	
4513	-1.15725	
4514	-1.1035	
4515	-1.1048	
4516	-1.10599	
4517	-1.10599	
4518	-1.12225	
4519	-1.12943	
4520	-1.1281	
4521	-1.1272	
4522	-1.14156	
4523	-1.1409	
4524	-1.13791	
4525	-1.14522	
4526	-1.15304	
4527	-1.14975	
4528	-1.15158	
4529	-1.1498	
4530	-1.15258	
4531	-1.14557	
4532	-1.14648	
4533	-1.13506	
4534	-1.1446	
4535	-1.15265	
4536	-1.15265	
4537	-1.14603	
4538	-1.15363	
4539	-1.16376	
4540	-1.16696	
4541	-1.15824	
4542	-1.15765	
4543	-1.15399	
4544	-1.16891	
4545	-1.16296	
4546	-1.16294	
4547	-1.17195	
4548	-1.17314	
4549	-1.17434	
4550	-1.14166	
4551	-1.13601	
4552	-1.13605	
4553	-1.13605	
4554	-1.13599	
4555	-1.14866	
4556	-1.1521	
4557	-1.1521	
4558	-1.14831	
4559	-1.1483	
4560	-1.15454	
4561	-1.1527	
4562	-1.14262	
4563	-1.13679	
4564	-1.12576	
4565	-1.13609	
4566	-1.13986	
4567	-1.16668	
4568	-1.16719	
4569	-1.15991	
4570	-1.13868	
4571	-1.14026	
4572	-1.11104	
4573	-1.11528	
4574	-1.11219	
4575	-1.11405	
4576	-1.10085	
4577	-1.0891	
4578	-1.09536	
4579	-1.1069	
4580	-1.10098	
4581	-1.13173	
4582	-1.13471	
4583	-1.14819	
4584	-1.16374	
4585	-1.16489	
4586	-1.16304	
4587	-1.1698	
4588	-1.1698	
4589	-1.17482	
4590	-1.17644	
4591	-1.18043	
4592	-1.18353	
4593	-1.18816	
4594	-1.18161	
4595	-1.18077	
4596	-1.17178	
4597	-1.17297	
4598	-1.1711	
4599	-1.16648	
4600	-1.15385	
4601	-1.14487	
4602	-1.14487	
4603	-1.14473	
4604	-1.14726	
4605	-1.15148	
4606	-1.15152	
4607	-1.14484	
4608	-1.14543	
4609	-1.14452	
4610	-1.14622	
4611	-1.14104	
4612	-1.13368	
4613	-1.13208	
4614	-1.12491	
4615	-1.12793	
4616	-1.12324	
4617	-1.13317	
4618	-1.14114	
4619	-1.14082	
4620	-1.11588	
4621	-1.11839	
4622	-1.11034	
4623	-1.11233	
4624	-1.11606	
4625	-1.12114	
4626	-1.11939	
4627	-1.12402	
4628	-1.12732	
4629	-1.13271	
4630	-1.13271	
4631	-1.13877	
4632	-1.13544	
4633	-1.13306	
4634	-1.13046	
4635	-1.13149	
4636	-1.15277	
4637	-1.14751	
4638	-1.15057	
4639	-1.15138	
4640	-1.13577	
4641	-1.13357	
4642	-1.12942	
4643	-1.13269	
4644	-1.13029	
4645	-1.11144	
4646	-1.11091	
4647	-1.12422	
4648	-1.12215	
4649	-1.12215	
4650	-1.12283	
4651	-1.12293	
4652	-1.12579	
4653	-1.12436	
4654	-1.13607	
4655	-1.15074	
4656	-1.15028	
4657	-1.15106	
4658	-1.15113	
4659	-1.14791	
4660	-1.15184	
4661	-1.13843	
4662	-1.13976	
4663	-1.13662	
4664	-1.14595	
4665	-1.13921	
4666	-1.14462	
4667	-1.14187	
4668	-1.14566	
4669	-1.14464	
4670	-1.14665	
4671	-1.14277	
4672	-1.14124	
4673	-1.1318	
4674	-1.12393	
4675	-1.12621	
4676	-1.12759	
4677	-1.17002	
4678	-1.17101	
4679	-1.15918	
4680	-1.13845	
4681	-1.12656	
4682	-1.12604	
4683	-1.13508	
4684	-1.13329	
4685	-1.13723	
4686	-1.13723	
4687	-1.10819	
4688	-1.11031	
4689	-1.1106	
4690	-1.0964	
4691	-1.09278	
4692	-1.08956	
4693	-1.10265	
4694	-1.09551	
4695	-1.08829	
4696	-1.08341	
4697	-1.08611	
4698	-1.08253	
4699	-1.08933	
4700	-1.08617	
4701	-1.09281	
4702	-1.08984	
4703	-1.08948	
4704	-1.09772	
4705	-1.12504	
4706	-1.12436	
4707	-1.12286	
4708	-1.12396	
4709	-1.11975	
4710	-1.12515	
4711	-1.13274	
4712	-1.13463	
4713	-1.12902	
4714	-1.1471	
4715	-1.14962	
4716	-1.15219	
4717	-1.1458	
4718	-1.14975	
4719	-1.15058	
4720	-1.14402	
4721	-1.14418	
4722	-1.12527	
4723	-1.12458	
4724	-1.12284	
4725	-1.12119	
4726	-1.1199	
4727	-1.10845	
4728	-1.10391	
4729	-1.09854	
4730	-1.10481	
4731	-1.10107	
4732	-1.14048	
4733	-1.14664	
4734	-1.14953	
4735	-1.15719	
4736	-1.1542	
4737	-1.15362	
4738	-1.15046	
4739	-1.15227	
4740	-1.14708	
4741	-1.14708	
4742	-1.16794	
4743	-1.1698	
4744	-1.1669	
4745	-1.1662	
4746	-1.15636	
4747	-1.16005	
4748	-1.15702	
4749	-1.16102	
4750	-1.15005	
4751	-1.14915	
4752	-1.14319	
4753	-1.13035	
4754	-1.13759	
4755	-1.14162	
4756	-1.13913	
4757	-1.13888	
4758	-1.14373	
4759	-1.14584	
4760	-1.15461	
4761	-1.15075	
4762	-1.1481	
4763	-1.14076	
4764	-1.14197	
4765	-1.14375	
4766	-1.15252	
4767	-1.15125	
4768	-1.15385	
4769	-1.15125	
4770	-1.15223	
4771	-1.1451	
4772	-1.14147	
4773	-1.14147	
4774	-1.13813	
4775	-1.13966	
4776	-1.13819	
4777	-1.13163	
4778	-1.13848	
4779	-1.13848	
4780	-1.14467	
4781	-1.15343	
4782	-1.1531	
4783	-1.14885	
4784	-1.14513	
4785	-1.14245	
4786	-1.14928	
4787	-1.15999	
4788	-1.1654	
4789	-1.15723	
4790	-1.15855	
4791	-1.15772	
4792	-1.14834	
4793	-1.14664	
4794	-1.14405	
4795	-1.13892	
4796	-1.13892	
4797	-1.1441	
4798	-1.15068	
4799	-1.14953	
4800	-1.15375	
4801	-1.14927	
4802	-1.14684	
4803	-1.1435	
4804	-1.13098	
4805	-1.12245	
4806	-1.11599	
4807	-1.12042	
4808	-1.11979	
4809	-1.12713	
4810	-1.12924	
4811	-1.13487	
4812	-1.13596	
4813	-1.11995	
4814	-1.11612	
4815	-1.10613	
4816	-1.10373	
4817	-1.10836	
4818	-1.12129	
4819	-1.12022	
4820	-1.12907	
4821	-1.13063	
4822	-1.13318	
4823	-1.13477	
4824	-1.14085	
4825	-1.13999	
4826	-1.1433	
4827	-1.08904	
4828	-1.09084	
4829	-1.09852	
4830	-1.08809	
4831	-1.08836	
4832	-1.09298	
4833	-1.08736	
4834	-1.0939	
4835	-1.08049	
4836	-1.08692	
4837	-1.08485	
4838	-1.08233	
4839	-1.08233	
4840	-1.08968	
4841	-1.08182	
4842	-1.08809	
4843	-1.0912	
4844	-1.08724	
4845	-1.08531	
4846	-1.08745	
4847	-1.08488	
4848	-1.09684	
4849	-1.09891	
4850	-1.10491	
4851	-1.10075	
4852	-1.10075	
4853	-1.08221	
4854	-1.06207	
4855	-1.05564	
4856	-1.12552	
4857	-1.12598	
4858	-1.12848	
4859	-1.12623	
4860	-1.11861	
4861	-1.1345	
4862	-1.13992	
4863	-1.13754	
4864	-1.13598	
4865	-1.12672	
4866	-1.11532	
4867	-1.11588	
4868	-1.10551	
4869	-1.11225	
4870	-1.11042	
4871	-1.12476	
4872	-1.12707	
4873	-1.13002	
4874	-1.19088	
4875	-1.18789	
4876	-1.14556	
4877	-1.17851	
4878	-1.14871	
4879	-1.1446	
4880	-1.13745	
4881	-1.13786	
4882	-1.13954	
4883	-1.14219	
4884	-1.14765	
4885	-1.14033	
4886	-1.13674	
4887	-1.14303	
4888	-1.13646	
4889	-1.13988	
4890	-1.13988	
4891	-1.12452	
4892	-1.16541	
4893	-1.16372	
4894	-1.22057	
4895	-1.22084	
4896	-1.22665	
4897	-1.23525	
4898	-1.2289	
4899	-1.22303	
4900	-1.22192	
4901	-1.2241	
4902	-1.22777	
4903	-1.22777	
4904	-1.21471	
4905	-1.21507	
4906	-1.21316	
4907	-1.21535	
4908	-1.21299	
4909	-1.17537	
4910	-1.17338	
4911	-1.1803	
4912	-1.17967	
4913	-1.17651	
4914	-1.17585	
4915	-1.1477	
4916	-1.14087	
4917	-1.14433	
4918	-1.13886	
4919	-1.14533	
4920	-1.16085	
4921	-1.16815	
4922	-1.17538	
4923	-1.16987	
4924	-1.17567	
4925	-1.17494	
4926	-1.16384	
4927	-1.171	
4928	-1.17008	
4929	-1.17785	
4930	-1.17627	
4931	-1.12548	
4932	-1.0769	
4933	-1.08635	
4934	-1.11168	
4935	-1.12296	
4936	-1.1238	
4937	-1.14858	
4938	-1.14817	
4939	-1.14055	
4940	-1.14541	
4941	-1.14049	
4942	-1.15312	
4943	-1.15338	
4944	-1.15532	
4945	-1.15772	
4946	-1.15639	
4947	-1.14883	
4948	-1.12059	
4949	-1.14456	
4950	-1.14	
4951	-1.16703	
4952	-1.17049	
4953	-1.17255	
4954	-1.17589	
4955	-1.18057	
4956	-1.1737	
4957	-1.17956	
4958	-1.18113	
4959	-1.18113	
4960	-1.1822	
4961	-1.18936	
4962	-1.19375	
4963	-1.17822	
4964	-1.18562	
4965	-1.18244	
4966	-1.18244	
4967	-1.18514	
4968	-1.16965	
4969	-1.1596	
4970	-1.15875	
4971	-1.16666	
4972	-1.1359	
4973	-1.12112	
4974	-1.11844	
4975	-1.11688	
4976	-1.11605	
4977	-1.10873	
4978	-1.10593	
4979	-1.09072	
4980	-1.10578	
4981	-1.10673	
4982	-1.1116	
4983	-1.12444	
4984	-1.12875	
4985	-1.13006	
4986	-1.12779	
4987	-1.1271	
4988	-1.14205	
4989	-1.14205	
4990	-1.14071	
4991	-1.13746	
4992	-1.13888	
4993	-1.12822	
4994	-1.12577	
4995	-1.1418	
4996	-1.14265	
4997	-1.14858	
4998	-1.15606	
4999	-1.1565	
