5	0.0212995
10	0.0105726
15	0.00703194
20	0.00526786
25	0.00421138
30	0.00350789
35	0.00300579
40	0.00262943
45	0.00233683
50	0.00210284
55	0.00191144
60	0.00175198
65	0.00161707
70	0.00150146
75	0.00140128
80	0.00131363
85	0.0012363
90	0.00116757
95	0.00110608
100	0.00105074
105	0.00100068
110	0.000955168
115	0.000913618
120	0.000875532
125	0.000840496
130	0.000808155
135	0.000778212
140	0.000750408
145	0.000724523
150	0.000700364
155	0.000677765
160	0.000656578
165	0.000636677
170	0.000617946
175	0.000600286
180	0.000583608
185	0.000567831
190	0.000552885
195	0.000538706
200	0.000525236
205	0.000512424
210	0.000500221
215	0.000488587
220	0.000477481
225	0.000466869
230	0.000456719
235	0.000447001
240	0.000437688
245	0.000428755
250	0.000420179
255	0.00041194
260	0.000404018
265	0.000396395
270	0.000389054
275	0.00038198
280	0.000375159
285	0.000368578
290	0.000362223
295	0.000356084
300	0.000350149
305	0.00034441
310	0.000338855
315	0.000333477
320	0.000328266
325	0.000323217
330	0.00031832
335	0.000313569
340	0.000308959
345	0.000304481
350	0.000300132
355	0.000295906
360	0.000291796
365	0.0002878
370	0.000283911
375	0.000280126
380	0.000276441
385	0.000272852
390	0.000269354
395	0.000265945
400	0.000262622
405	0.00025938
410	0.000256218
415	0.000253131
420	0.000250119
425	0.000247177
430	0.000244303
435	0.000241496
440	0.000238752
445	0.000236071
450	0.000233448
455	0.000230884
460	0.000228375
465	0.00022592
470	0.000223517
475	0.000221165
480	0.000218862
485	0.000216606
490	0.000214397
495	0.000212232
500	0.00021011
505	0.000208031
510	0.000205992
515	0.000203993
520	0.000202032
525	0.000200109
530	0.000198222
535	0.00019637
540	0.000194552
545	0.000192768
550	0.000191016
555	0.000189296
560	0.000187607
565	0.000185947
570	0.000184317
575	0.000182715
580	0.00018114
585	0.000179593
590	0.000178072
595	0.000176576
600	0.000175105
605	0.000173659
610	0.000172236
615	0.000170836
620	0.000169459
625	0.000168104
630	0.000166771
635	0.000165458
640	0.000164166
645	0.000162894
650	0.000161642
655	0.000160409
660	0.000159194
665	0.000157998
670	0.00015682
675	0.000155659
680	0.000154515
685	0.000153388
690	0.000152277
695	0.000151182
700	0.000150103
705	0.000149039
710	0.00014799
715	0.000146955
720	0.000145936
725	0.00014493
730	0.000143938
735	0.000142959
740	0.000141994
745	0.000141042
750	0.000140102
755	0.000139175
760	0.00013826
765	0.000137357
770	0.000136465
775	0.000135585
780	0.000134717
785	0.000133859
790	0.000133013
795	0.000132177
800	0.000131351
805	0.000130536
810	0.000129731
815	0.000128936
820	0.00012815
825	0.000127374
830	0.000126607
835	0.00012585
840	0.000125101
845	0.000124361
850	0.00012363
855	0.000122908
860	0.000122194
865	0.000121488
870	0.000120791
875	0.000120101
880	0.000119419
885	0.000118745
890	0.000118078
895	0.000117419
900	0.000116768
905	0.000116123
910	0.000115485
915	0.000114855
920	0.000114231
925	0.000113614
930	0.000113004
935	0.0001124
940	0.000111803
945	0.000111212
950	0.000110627
955	0.000110048
960	0.000109476
965	0.000108909
970	0.000108348
975	0.000107793
980	0.000107244
985	0.0001067
990	0.000106161
995	0.000105628
1000	0.000105101
1005	0.000104578
1010	0.000104061
1015	0.000103549
1020	0.000103042
1025	0.00010254
1030	0.000102043
1035	0.00010155
1040	0.000101062
1045	0.000100579
1050	0.000100101
1055	9.9627e-05
1060	9.91575e-05
1065	9.86925e-05
1070	9.82318e-05
1075	9.77754e-05
1080	9.73232e-05
1085	9.68752e-05
1090	9.64313e-05
1095	9.59914e-05
1100	9.55555e-05
1105	9.51236e-05
1110	9.46956e-05
1115	9.42714e-05
1120	9.38511e-05
1125	9.34344e-05
1130	9.30214e-05
1135	9.26121e-05
1140	9.22064e-05
1145	9.18042e-05
1150	9.14055e-05
1155	9.10102e-05
1160	9.06184e-05
1165	9.02299e-05
1170	8.98448e-05
1175	8.94629e-05
1180	8.90843e-05
1185	8.87088e-05
1190	8.83366e-05
1195	8.79674e-05
1200	8.76013e-05
1205	8.72383e-05
1210	8.68782e-05
1215	8.65211e-05
1220	8.61669e-05
1225	8.58157e-05
1230	8.54673e-05
1235	8.51217e-05
1240	8.47789e-05
1245	8.44388e-05
1250	8.41015e-05
1255	8.37668e-05
1260	8.34349e-05
1265	8.31055e-05
1270	8.27787e-05
1275	8.24545e-05
1280	8.21329e-05
1285	8.18137e-05
1290	8.1497e-05
1295	8.11827e-05
1300	8.08709e-05
1305	8.05615e-05
1310	8.02544e-05
1315	7.99497e-05
1320	7.96472e-05
1325	7.93471e-05
1330	7.90492e-05
1335	7.87535e-05
1340	7.84601e-05
1345	7.81688e-05
1350	7.78797e-05
1355	7.75927e-05
1360	7.73078e-05
1365	7.7025e-05
1370	7.67443e-05
1375	7.64656e-05
1380	7.6189e-05
1385	7.59143e-05
1390	7.56416e-05
1395	7.53709e-05
1400	7.51021e-05
1405	7.48352e-05
1410	7.45702e-05
1415	7.43071e-05
1420	7.40459e-05
1425	7.37864e-05
1430	7.35288e-05
1435	7.3273e-05
1440	7.3019e-05
1445	7.27667e-05
1450	7.25161e-05
1455	7.22673e-05
1460	7.20202e-05
1465	7.17748e-05
1470	7.1531e-05
1475	7.12889e-05
1480	7.10484e-05
1485	7.08096e-05
1490	7.05723e-05
1495	7.03367e-05
1500	7.01026e-05
1505	6.987e-05
1510	6.9639e-05
1515	6.94096e-05
1520	6.91816e-05
1525	6.89552e-05
1530	6.87302e-05
1535	6.85066e-05
1540	6.82846e-05
1545	6.8064e-05
1550	6.78447e-05
1555	6.76269e-05
1560	6.74105e-05
1565	6.71955e-05
1570	6.69819e-05
1575	6.67696e-05
1580	6.65586e-05
1585	6.6349e-05
1590	6.61407e-05
1595	6.59337e-05
1600	6.5728e-05
1605	6.55236e-05
1610	6.53205e-05
1615	6.51186e-05
1620	6.4918e-05
1625	6.47185e-05
1630	6.45204e-05
1635	6.43234e-05
1640	6.41276e-05
1645	6.3933e-05
1650	6.37396e-05
1655	6.35474e-05
1660	6.33563e-05
1665	6.31664e-05
1670	6.29776e-05
1675	6.279e-05
1680	6.26034e-05
1685	6.2418e-05
1690	6.22336e-05
1695	6.20504e-05
1700	6.18682e-05
1705	6.16871e-05
1710	6.15071e-05
1715	6.13281e-05
1720	6.11501e-05
1725	6.09732e-05
1730	6.07973e-05
1735	6.06224e-05
1740	6.04485e-05
1745	6.02756e-05
1750	6.01037e-05
1755	5.99328e-05
1760	5.97629e-05
1765	5.95939e-05
1770	5.94259e-05
1775	5.92588e-05
1780	5.90927e-05
1785	5.89274e-05
1790	5.87632e-05
1795	5.85998e-05
1800	5.84373e-05
1805	5.82757e-05
1810	5.81151e-05
1815	5.79553e-05
1820	5.77964e-05
1825	5.76383e-05
1830	5.74812e-05
1835	5.73248e-05
1840	5.71694e-05
1845	5.70148e-05
1850	5.6861e-05
1855	5.6708e-05
1860	5.65559e-05
1865	5.64045e-05
1870	5.6254e-05
1875	5.61043e-05
1880	5.59554e-05
1885	5.58073e-05
1890	5.56599e-05
1895	5.55134e-05
1900	5.53676e-05
1905	5.52226e-05
1910	5.50783e-05
1915	5.49348e-05
1920	5.4792e-05
1925	5.465e-05
1930	5.45087e-05
1935	5.43682e-05
1940	5.42283e-05
1945	5.40892e-05
1950	5.39508e-05
1955	5.38131e-05
1960	5.36761e-05
1965	5.35398e-05
1970	5.34042e-05
1975	5.32693e-05
1980	5.31351e-05
1985	5.30015e-05
1990	5.28687e-05
1995	5.27364e-05
2000	5.26049e-05
2005	5.2474e-05
2010	5.23437e-05
2015	5.22141e-05
2020	5.20852e-05
2025	5.19569e-05
2030	5.18292e-05
2035	5.17021e-05
2040	5.15757e-05
2045	5.14498e-05
2050	5.13246e-05
2055	5.12e-05
2060	5.1076e-05
2065	5.09526e-05
2070	5.08298e-05
2075	5.07076e-05
2080	5.0586e-05
2085	5.0465e-05
2090	5.03445e-05
2095	5.02246e-05
2100	5.01053e-05
2105	4.99866e-05
2110	4.98684e-05
2115	4.97508e-05
2120	4.96337e-05
2125	4.95172e-05
2130	4.94012e-05
2135	4.92858e-05
2140	4.91709e-05
2145	4.90566e-05
2150	4.89428e-05
2155	4.88295e-05
2160	4.87167e-05
2165	4.86045e-05
2170	4.84927e-05
2175	4.83815e-05
2180	4.82708e-05
2185	4.81606e-05
2190	4.80509e-05
2195	4.79417e-05
2200	4.7833e-05
2205	4.77248e-05
2210	4.76171e-05
2215	4.75099e-05
2220	4.74031e-05
2225	4.72969e-05
2230	4.71911e-05
2235	4.70858e-05
2240	4.69809e-05
2245	4.68765e-05
2250	4.67726e-05
2255	4.66692e-05
2260	4.65662e-05
2265	4.64636e-05
2270	4.63616e-05
2275	4.62599e-05
2280	4.61587e-05
2285	4.6058e-05
2290	4.59577e-05
2295	4.58578e-05
2300	4.57583e-05
2305	4.56593e-05
2310	4.55608e-05
2315	4.54626e-05
2320	4.53649e-05
2325	4.52676e-05
2330	4.51707e-05
2335	4.50742e-05
2340	4.49781e-05
2345	4.48825e-05
2350	4.47872e-05
2355	4.46924e-05
2360	4.45979e-05
2365	4.45039e-05
2370	4.44103e-05
2375	4.4317e-05
2380	4.42241e-05
2385	4.41317e-05
2390	4.40396e-05
2395	4.39479e-05
2400	4.38566e-05
2405	4.37656e-05
2410	4.36751e-05
2415	4.35849e-05
2420	4.34951e-05
2425	4.34056e-05
2430	4.33166e-05
2435	4.32279e-05
2440	4.31395e-05
2445	4.30515e-05
2450	4.29639e-05
2455	4.28767e-05
2460	4.27897e-05
2465	4.27032e-05
2470	4.2617e-05
2475	4.25311e-05
2480	4.24456e-05
2485	4.23604e-05
2490	4.22756e-05
2495	4.21911e-05
