10	0.0057575
20	0.00287347
30	0.0019145
40	0.00143546
50	0.00114817
60	0.000956707
70	0.000819976
80	0.000717443
90	0.000637705
100	0.00057392
110	0.000521737
120	0.000478253
130	0.000441462
140	0.000409927
150	0.000382598
160	0.000358687
170	0.000337588
180	0.000318835
190	0.000302056
200	0.000286956
210	0.000273293
220	0.000260873
230	0.000249534
240	0.000239139
250	0.000229576
260	0.000220749
270	0.000212576
280	0.000204986
290	0.00019792
300	0.000191326
310	0.000185157
320	0.000179373
330	0.00017394
340	0.000168827
350	0.000164005
360	0.000159452
370	0.000155145
380	0.000151065
390	0.000147194
400	0.000143516
410	0.000140018
420	0.000136686
430	0.00013351
440	0.000130478
450	0.00012758
460	0.000124809
470	0.000122155
480	0.000119613
490	0.000117173
500	0.000114832
510	0.000112582
520	0.000110419
530	0.000108338
540	0.000106333
550	0.000104402
560	0.000102539
570	0.000100742
580	9.90071e-05
590	9.73307e-05
600	9.57103e-05
610	9.4143e-05
620	9.26262e-05
630	9.11576e-05
640	8.97349e-05
650	8.8356e-05
660	8.70189e-05
670	8.57217e-05
680	8.44626e-05
690	8.32401e-05
700	8.20524e-05
710	8.08983e-05
720	7.97762e-05
730	7.86848e-05
740	7.7623e-05
750	7.65894e-05
760	7.55831e-05
770	7.46029e-05
780	7.36479e-05
790	7.2717e-05
800	7.18094e-05
810	7.09242e-05
820	7.00606e-05
830	6.92178e-05
840	6.83951e-05
850	6.75918e-05
860	6.68071e-05
870	6.60405e-05
880	6.52912e-05
890	6.45589e-05
900	6.38428e-05
910	6.31424e-05
920	6.24573e-05
930	6.17869e-05
940	6.11308e-05
950	6.04885e-05
960	5.98596e-05
970	5.92436e-05
980	5.86403e-05
990	5.80491e-05
1000	5.74697e-05
1010	5.69018e-05
1020	5.6345e-05
1030	5.57991e-05
1040	5.52637e-05
1050	5.47384e-05
1060	5.42231e-05
1070	5.37174e-05
1080	5.32211e-05
1090	5.27338e-05
1100	5.22555e-05
1110	5.17857e-05
1120	5.13244e-05
1130	5.08712e-05
1140	5.04259e-05
1150	4.99885e-05
1160	4.95585e-05
1170	4.91359e-05
1180	4.87205e-05
1190	4.8312e-05
1200	4.79104e-05
1210	4.75154e-05
1220	4.71269e-05
1230	4.67446e-05
1240	4.63686e-05
1250	4.59986e-05
1260	4.56344e-05
1270	4.5276e-05
1280	4.49232e-05
1290	4.45759e-05
1300	4.42339e-05
1310	4.38971e-05
1320	4.35654e-05
1330	4.32387e-05
1340	4.29169e-05
1350	4.25999e-05
1360	4.22875e-05
1370	4.19797e-05
1380	4.16763e-05
1390	4.13773e-05
1400	4.10826e-05
1410	4.07921e-05
1420	4.05056e-05
1430	4.02232e-05
1440	3.99447e-05
1450	3.967e-05
1460	3.93991e-05
1470	3.91319e-05
1480	3.88683e-05
1490	3.86082e-05
1500	3.83516e-05
1510	3.80984e-05
1520	3.78485e-05
1530	3.76019e-05
1540	3.73585e-05
1550	3.71183e-05
1560	3.68811e-05
1570	3.66469e-05
1580	3.64157e-05
1590	3.61874e-05
1600	3.5962e-05
1610	3.57394e-05
1620	3.55195e-05
1630	3.53023e-05
1640	3.50878e-05
1650	3.48758e-05
1660	3.46665e-05
1670	3.44596e-05
1680	3.42552e-05
1690	3.40532e-05
1700	3.38536e-05
1710	3.36563e-05
1720	3.34613e-05
1730	3.32686e-05
1740	3.30781e-05
1750	3.28898e-05
1760	3.27036e-05
1770	3.25195e-05
1780	3.23374e-05
1790	3.21575e-05
1800	3.19795e-05
1810	3.18035e-05
1820	3.16294e-05
1830	3.14572e-05
1840	3.12869e-05
1850	3.11184e-05
1860	3.09517e-05
1870	3.07869e-05
1880	3.06238e-05
1890	3.04624e-05
1900	3.03027e-05
1910	3.01446e-05
1920	2.99883e-05
1930	2.98335e-05
1940	2.96804e-05
1950	2.95288e-05
1960	2.93787e-05
1970	2.92302e-05
1980	2.90832e-05
1990	2.89377e-05
2000	2.87936e-05
2010	2.86509e-05
2020	2.85097e-05
2030	2.83698e-05
2040	2.82314e-05
2050	2.80942e-05
2060	2.79585e-05
2070	2.7824e-05
2080	2.76908e-05
2090	2.75589e-05
2100	2.74282e-05
2110	2.72988e-05
2120	2.71706e-05
2130	2.70436e-05
2140	2.69178e-05
2150	2.67932e-05
2160	2.66697e-05
2170	2.65474e-05
2180	2.64262e-05
2190	2.6306e-05
2200	2.6187e-05
2210	2.60691e-05
2220	2.59522e-05
2230	2.58364e-05
2240	2.57216e-05
2250	2.56078e-05
2260	2.5495e-05
2270	2.53833e-05
2280	2.52725e-05
2290	2.51626e-05
2300	2.50538e-05
2310	2.49458e-05
2320	2.48389e-05
2330	2.47328e-05
2340	2.46276e-05
2350	2.45233e-05
2360	2.44199e-05
2370	2.43174e-05
2380	2.42158e-05
2390	2.4115e-05
2400	2.4015e-05
2410	2.39158e-05
2420	2.38175e-05
2430	2.372e-05
2440	2.36233e-05
2450	2.35274e-05
2460	2.34323e-05
2470	2.33379e-05
2480	2.32443e-05
2490	2.31514e-05
2500	2.30593e-05
2510	2.29679e-05
2520	2.28773e-05
2530	2.27873e-05
2540	2.26981e-05
2550	2.26096e-05
2560	2.25218e-05
2570	2.24346e-05
2580	2.23481e-05
2590	2.22623e-05
2600	2.21772e-05
2610	2.20927e-05
2620	2.20088e-05
2630	2.19256e-05
2640	2.1843e-05
2650	2.17611e-05
2660	2.16797e-05
2670	2.1599e-05
2680	2.15189e-05
2690	2.14393e-05
2700	2.13604e-05
2710	2.1282e-05
2720	2.12042e-05
2730	2.1127e-05
2740	2.10504e-05
2750	2.09743e-05
2760	2.08987e-05
2770	2.08237e-05
2780	2.07493e-05
2790	2.06754e-05
2800	2.0602e-05
2810	2.05291e-05
2820	2.04567e-05
2830	2.03849e-05
2840	2.03136e-05
2850	2.02427e-05
2860	2.01724e-05
2870	2.01025e-05
2880	2.00332e-05
2890	1.99643e-05
2900	1.98959e-05
2910	1.98279e-05
2920	1.97604e-05
2930	1.96934e-05
2940	1.96269e-05
2950	1.95608e-05
2960	1.94951e-05
2970	1.94299e-05
2980	1.93651e-05
2990	1.93008e-05
3000	1.92368e-05
3010	1.91733e-05
3020	1.91103e-05
3030	1.90476e-05
3040	1.89854e-05
3050	1.89235e-05
3060	1.88621e-05
3070	1.88011e-05
3080	1.87404e-05
3090	1.86802e-05
3100	1.86203e-05
3110	1.85609e-05
3120	1.85018e-05
3130	1.84431e-05
3140	1.83847e-05
3150	1.83268e-05
3160	1.82692e-05
3170	1.82119e-05
3180	1.81551e-05
3190	1.80986e-05
3200	1.80424e-05
3210	1.79866e-05
3220	1.79311e-05
3230	1.7876e-05
3240	1.78212e-05
3250	1.77668e-05
3260	1.77126e-05
3270	1.76589e-05
3280	1.76054e-05
3290	1.75523e-05
3300	1.74995e-05
3310	1.7447e-05
3320	1.73948e-05
3330	1.7343e-05
3340	1.72914e-05
3350	1.72402e-05
3360	1.71892e-05
3370	1.71386e-05
3380	1.70883e-05
3390	1.70382e-05
3400	1.69885e-05
3410	1.69391e-05
3420	1.68899e-05
3430	1.6841e-05
3440	1.67924e-05
3450	1.67441e-05
3460	1.66961e-05
3470	1.66484e-05
3480	1.66009e-05
3490	1.65537e-05
3500	1.65067e-05
3510	1.64601e-05
3520	1.64137e-05
3530	1.63675e-05
3540	1.63217e-05
3550	1.6276e-05
3560	1.62307e-05
3570	1.61856e-05
3580	1.61407e-05
3590	1.60961e-05
3600	1.60518e-05
3610	1.60076e-05
3620	1.59638e-05
3630	1.59202e-05
3640	1.58768e-05
3650	1.58336e-05
3660	1.57907e-05
3670	1.5748e-05
3680	1.57056e-05
3690	1.56634e-05
3700	1.56214e-05
3710	1.55796e-05
3720	1.55381e-05
3730	1.54968e-05
3740	1.54557e-05
3750	1.54148e-05
3760	1.53741e-05
3770	1.53337e-05
3780	1.52935e-05
3790	1.52534e-05
3800	1.52136e-05
3810	1.5174e-05
3820	1.51347e-05
3830	1.50955e-05
3840	1.50565e-05
3850	1.50177e-05
3860	1.49791e-05
3870	1.49408e-05
3880	1.49026e-05
3890	1.48646e-05
3900	1.48268e-05
3910	1.47892e-05
3920	1.47518e-05
3930	1.47146e-05
3940	1.46776e-05
3950	1.46408e-05
3960	1.46041e-05
3970	1.45677e-05
3980	1.45314e-05
3990	1.44953e-05
4000	1.44594e-05
4010	1.44236e-05
4020	1.43881e-05
4030	1.43527e-05
4040	1.43175e-05
4050	1.42824e-05
4060	1.42476e-05
4070	1.42129e-05
4080	1.41784e-05
4090	1.4144e-05
4100	1.41098e-05
4110	1.40758e-05
4120	1.4042e-05
4130	1.40083e-05
4140	1.39747e-05
4150	1.39414e-05
4160	1.39082e-05
4170	1.38751e-05
4180	1.38422e-05
4190	1.38095e-05
4200	1.37769e-05
4210	1.37445e-05
4220	1.37123e-05
4230	1.36802e-05
4240	1.36482e-05
4250	1.36164e-05
4260	1.35847e-05
4270	1.35532e-05
4280	1.35218e-05
4290	1.34906e-05
4300	1.34596e-05
4310	1.34286e-05
4320	1.33978e-05
4330	1.33672e-05
4340	1.33367e-05
4350	1.33063e-05
4360	1.32761e-05
4370	1.3246e-05
4380	1.32161e-05
4390	1.31863e-05
4400	1.31566e-05
4410	1.31271e-05
4420	1.30976e-05
4430	1.30684e-05
4440	1.30392e-05
4450	1.30102e-05
4460	1.29813e-05
4470	1.29526e-05
4480	1.2924e-05
4490	1.28955e-05
4500	1.28671e-05
4510	1.28389e-05
4520	1.28107e-05
4530	1.27827e-05
4540	1.27549e-05
4550	1.27271e-05
4560	1.26995e-05
4570	1.2672e-05
4580	1.26446e-05
4590	1.26173e-05
4600	1.25902e-05
4610	1.25632e-05
4620	1.25363e-05
4630	1.25095e-05
4640	1.24828e-05
4650	1.24562e-05
4660	1.24298e-05
4670	1.24034e-05
4680	1.23772e-05
4690	1.23511e-05
4700	1.23251e-05
4710	1.22992e-05
4720	1.22734e-05
4730	1.22477e-05
4740	1.22222e-05
4750	1.21967e-05
4760	1.21714e-05
4770	1.21461e-05
4780	1.2121e-05
4790	1.2096e-05
4800	1.2071e-05
4810	1.20462e-05
4820	1.20215e-05
4830	1.19969e-05
4840	1.19723e-05
4850	1.19479e-05
4860	1.19236e-05
4870	1.18994e-05
4880	1.18753e-05
4890	1.18513e-05
4900	1.18273e-05
4910	1.18035e-05
4920	1.17798e-05
4930	1.17562e-05
4940	1.17326e-05
4950	1.17092e-05
4960	1.16858e-05
4970	1.16626e-05
4980	1.16394e-05
4990	1.16164e-05
