20	0.00150455
40	0.00075196
60	0.000501257
80	0.000375937
100	0.000300755
120	0.000250637
140	0.000214842
160	0.000187996
180	0.000167117
200	0.000150414
220	0.000136748
240	0.000125361
260	0.000115725
280	0.000107466
300	0.000100309
320	9.40457e-05
340	8.85198e-05
360	8.36079e-05
380	7.92131e-05
400	7.52579e-05
420	7.16793e-05
440	6.84262e-05
460	6.54559e-05
480	6.27332e-05
500	6.02283e-05
520	5.79162e-05
540	5.57753e-05
560	5.37874e-05
580	5.19365e-05
600	5.02091e-05
620	4.85932e-05
640	4.70782e-05
660	4.56551e-05
680	4.43157e-05
700	4.30529e-05
720	4.18602e-05
740	4.0732e-05
760	3.96632e-05
780	3.86492e-05
800	3.76859e-05
820	3.67696e-05
840	3.5897e-05
860	3.50649e-05
880	3.42707e-05
900	3.35118e-05
920	3.27859e-05
940	3.20908e-05
960	3.14248e-05
980	3.07859e-05
1000	3.01726e-05
1020	2.95833e-05
1040	2.90168e-05
1060	2.84715e-05
1080	2.79465e-05
1100	2.74406e-05
1120	2.69528e-05
1140	2.64821e-05
1160	2.60276e-05
1180	2.55885e-05
1200	2.51641e-05
1220	2.47536e-05
1240	2.43563e-05
1260	2.39716e-05
1280	2.3599e-05
1300	2.32378e-05
1320	2.28876e-05
1340	2.25479e-05
1360	2.22181e-05
1380	2.18979e-05
1400	2.15868e-05
1420	2.12845e-05
1440	2.09907e-05
1460	2.07048e-05
1480	2.04267e-05
1500	2.0156e-05
1520	1.98924e-05
1540	1.96357e-05
1560	1.93856e-05
1580	1.91418e-05
1600	1.89041e-05
1620	1.86723e-05
1640	1.84461e-05
1660	1.82254e-05
1680	1.80099e-05
1700	1.77995e-05
1720	1.7594e-05
1740	1.73932e-05
1760	1.7197e-05
1780	1.70052e-05
1800	1.68177e-05
1820	1.66342e-05
1840	1.64548e-05
1860	1.62792e-05
1880	1.61074e-05
1900	1.59392e-05
1920	1.57745e-05
1940	1.56132e-05
1960	1.54552e-05
1980	1.53003e-05
2000	1.51486e-05
2020	1.49999e-05
2040	1.48541e-05
2060	1.47111e-05
2080	1.45709e-05
2100	1.44334e-05
2120	1.42984e-05
2140	1.4166e-05
2160	1.4036e-05
2180	1.39084e-05
2200	1.37831e-05
2220	1.36601e-05
2240	1.35393e-05
2260	1.34206e-05
2280	1.3304e-05
2300	1.31895e-05
2320	1.30769e-05
2340	1.29662e-05
2360	1.28574e-05
2380	1.27505e-05
2400	1.26453e-05
2420	1.25419e-05
2440	1.24401e-05
2460	1.23401e-05
2480	1.22416e-05
2500	1.21447e-05
2520	1.20494e-05
2540	1.19555e-05
2560	1.18631e-05
2580	1.17722e-05
2600	1.16826e-05
2620	1.15944e-05
2640	1.15076e-05
2660	1.1422e-05
2680	1.13378e-05
2700	1.12548e-05
2720	1.1173e-05
2740	1.10924e-05
2760	1.10129e-05
2780	1.09347e-05
2800	1.08575e-05
2820	1.07814e-05
2840	1.07064e-05
2860	1.06325e-05
2880	1.05595e-05
2900	1.04876e-05
2920	1.04167e-05
2940	1.03467e-05
2960	1.02777e-05
2980	1.02096e-05
3000	1.01424e-05
3020	1.00761e-05
3040	1.00107e-05
3060	9.94615e-06
3080	9.88243e-06
3100	9.81952e-06
3120	9.75743e-06
3140	9.69612e-06
3160	9.63559e-06
3180	9.57582e-06
3200	9.5168e-06
3220	9.45852e-06
3240	9.40095e-06
3260	9.34409e-06
3280	9.28792e-06
3300	9.23244e-06
3320	9.17762e-06
3340	9.12346e-06
3360	9.06995e-06
3380	9.01707e-06
3400	8.96481e-06
3420	8.91316e-06
3440	8.86212e-06
3460	8.81166e-06
3480	8.76179e-06
3500	8.71248e-06
3520	8.66374e-06
3540	8.61555e-06
3560	8.5679e-06
3580	8.52078e-06
3600	8.47418e-06
3620	8.42811e-06
3640	8.38253e-06
3660	8.33746e-06
3680	8.29287e-06
3700	8.24877e-06
3720	8.20515e-06
3740	8.16199e-06
3760	8.11929e-06
3780	8.07704e-06
3800	8.03523e-06
3820	7.99387e-06
3840	7.95293e-06
3860	7.91242e-06
3880	7.87233e-06
3900	7.83265e-06
3920	7.79337e-06
3940	7.7545e-06
3960	7.71601e-06
3980	7.67792e-06
4000	7.6402e-06
4020	7.60286e-06
4040	7.56589e-06
4060	7.52929e-06
4080	7.49304e-06
4100	7.45715e-06
4120	7.42161e-06
4140	7.38641e-06
4160	7.35154e-06
4180	7.31702e-06
4200	7.28282e-06
4220	7.24894e-06
4240	7.21539e-06
4260	7.18215e-06
4280	7.14922e-06
4300	7.1166e-06
4320	7.08428e-06
4340	7.05226e-06
4360	7.02053e-06
4380	6.9891e-06
4400	6.95795e-06
4420	6.92708e-06
4440	6.89649e-06
4460	6.86617e-06
4480	6.83612e-06
4500	6.80635e-06
4520	6.77683e-06
4540	6.74758e-06
4560	6.71858e-06
4580	6.68984e-06
4600	6.66134e-06
4620	6.63309e-06
4640	6.60509e-06
4660	6.57733e-06
4680	6.5498e-06
4700	6.52251e-06
4720	6.49545e-06
4740	6.46862e-06
4760	6.44202e-06
4780	6.41564e-06
4800	6.38947e-06
4820	6.36353e-06
4840	6.3378e-06
4860	6.31228e-06
4880	6.28697e-06
4900	6.26187e-06
4920	6.23697e-06
4940	6.21227e-06
4960	6.18778e-06
4980	6.16348e-06
5000	6.13937e-06
5020	6.11546e-06
5040	6.09174e-06
5060	6.0682e-06
5080	6.04485e-06
5100	6.02168e-06
5120	5.9987e-06
5140	5.97589e-06
5160	5.95326e-06
5180	5.93081e-06
5200	5.90852e-06
5220	5.88641e-06
5240	5.86447e-06
5260	5.8427e-06
5280	5.82109e-06
5300	5.79964e-06
5320	5.77835e-06
5340	5.75723e-06
5360	5.73626e-06
5380	5.71545e-06
5400	5.69479e-06
5420	5.67428e-06
5440	5.65393e-06
5460	5.63373e-06
5480	5.61367e-06
5500	5.59376e-06
5520	5.57399e-06
5540	5.55437e-06
5560	5.53488e-06
5580	5.51554e-06
5600	5.49634e-06
5620	5.47727e-06
5640	5.45834e-06
5660	5.43954e-06
5680	5.42087e-06
5700	5.40234e-06
5720	5.38393e-06
5740	5.36565e-06
5760	5.3475e-06
5780	5.32948e-06
5800	5.31158e-06
5820	5.2938e-06
5840	5.27615e-06
5860	5.25862e-06
5880	5.2412e-06
5900	5.2239e-06
5920	5.20673e-06
5940	5.18966e-06
5960	5.17271e-06
5980	5.15588e-06
6000	5.13915e-06
6020	5.12254e-06
6040	5.10604e-06
6060	5.08965e-06
6080	5.07336e-06
6100	5.05718e-06
6120	5.04111e-06
6140	5.02515e-06
6160	5.00928e-06
6180	4.99352e-06
6200	4.97786e-06
6220	4.9623e-06
6240	4.94685e-06
6260	4.93149e-06
6280	4.91623e-06
6300	4.90106e-06
6320	4.88599e-06
6340	4.87102e-06
6360	4.85614e-06
6380	4.84135e-06
6400	4.82666e-06
6420	4.81206e-06
6440	4.79755e-06
6460	4.78313e-06
6480	4.7688e-06
6500	4.75455e-06
6520	4.7404e-06
6540	4.72633e-06
6560	4.71235e-06
6580	4.69845e-06
6600	4.68463e-06
6620	4.6709e-06
6640	4.65726e-06
6660	4.64369e-06
6680	4.63021e-06
6700	4.6168e-06
6720	4.60348e-06
6740	4.59024e-06
6760	4.57707e-06
6780	4.56398e-06
6800	4.55097e-06
6820	4.53804e-06
6840	4.52518e-06
6860	4.51239e-06
6880	4.49968e-06
6900	4.48705e-06
6920	4.47448e-06
6940	4.46199e-06
6960	4.44958e-06
6980	4.43723e-06
7000	4.42495e-06
7020	4.41275e-06
7040	4.40061e-06
7060	4.38854e-06
7080	4.37654e-06
7100	4.36461e-06
7120	4.35274e-06
7140	4.34095e-06
7160	4.32921e-06
7180	4.31755e-06
7200	4.30594e-06
7220	4.29441e-06
7240	4.28293e-06
7260	4.27152e-06
7280	4.26017e-06
7300	4.24889e-06
7320	4.23766e-06
7340	4.2265e-06
7360	4.2154e-06
7380	4.20436e-06
7400	4.19338e-06
7420	4.18245e-06
7440	4.17159e-06
7460	4.16078e-06
7480	4.15004e-06
7500	4.13935e-06
7520	4.12871e-06
7540	4.11813e-06
7560	4.10761e-06
7580	4.09715e-06
7600	4.08674e-06
7620	4.07638e-06
7640	4.06608e-06
7660	4.05583e-06
7680	4.04564e-06
7700	4.0355e-06
7720	4.02541e-06
7740	4.01538e-06
7760	4.00539e-06
7780	3.99546e-06
7800	3.98558e-06
7820	3.97575e-06
7840	3.96596e-06
7860	3.95623e-06
7880	3.94655e-06
7900	3.93692e-06
7920	3.92734e-06
7940	3.9178e-06
7960	3.90831e-06
7980	3.89887e-06
8000	3.88948e-06
8020	3.88013e-06
8040	3.87084e-06
8060	3.86158e-06
8080	3.85238e-06
8100	3.84321e-06
8120	3.8341e-06
8140	3.82503e-06
8160	3.816e-06
8180	3.80702e-06
8200	3.79808e-06
8220	3.78918e-06
8240	3.78033e-06
8260	3.77152e-06
8280	3.76275e-06
8300	3.75403e-06
8320	3.74535e-06
8340	3.73671e-06
8360	3.72811e-06
8380	3.71955e-06
8400	3.71103e-06
8420	3.70256e-06
8440	3.69412e-06
8460	3.68572e-06
8480	3.67737e-06
8500	3.66905e-06
8520	3.66077e-06
8540	3.65253e-06
8560	3.64433e-06
8580	3.63617e-06
8600	3.62804e-06
8620	3.61995e-06
8640	3.61191e-06
8660	3.60389e-06
8680	3.59592e-06
8700	3.58798e-06
8720	3.58008e-06
8740	3.57221e-06
8760	3.56438e-06
8780	3.55659e-06
8800	3.54883e-06
8820	3.5411e-06
8840	3.53342e-06
8860	3.52576e-06
8880	3.51814e-06
8900	3.51056e-06
8920	3.50301e-06
8940	3.49549e-06
8960	3.48801e-06
8980	3.48056e-06
9000	3.47314e-06
9020	3.46576e-06
9040	3.45841e-06
9060	3.45109e-06
9080	3.4438e-06
9100	3.43655e-06
9120	3.42932e-06
9140	3.42213e-06
9160	3.41497e-06
9180	3.40785e-06
9200	3.40075e-06
9220	3.39368e-06
9240	3.38665e-06
9260	3.37964e-06
9280	3.37267e-06
9300	3.36572e-06
9320	3.35881e-06
9340	3.35192e-06
9360	3.34507e-06
9380	3.33824e-06
9400	3.33144e-06
9420	3.32467e-06
9440	3.31793e-06
9460	3.31122e-06
9480	3.30454e-06
9500	3.29788e-06
9520	3.29126e-06
9540	3.28466e-06
9560	3.27809e-06
9580	3.27154e-06
9600	3.26503e-06
9620	3.25854e-06
9640	3.25208e-06
9660	3.24564e-06
9680	3.23923e-06
9700	3.23285e-06
9720	3.22649e-06
9740	3.22016e-06
9760	3.21386e-06
9780	3.20758e-06
9800	3.20133e-06
9820	3.1951e-06
9840	3.1889e-06
9860	3.18272e-06
9880	3.17657e-06
9900	3.17044e-06
9920	3.16434e-06
9940	3.15827e-06
9960	3.15221e-06
9980	3.14618e-06
