5	0.334682
6	0.295037
7	0.264531
8	0.240255
9	0.220429
10	0.203899
11	0.189885
12	0.177837
13	0.167357
14	0.158149
15	0.149987
16	0.142699
17	0.136146
18	0.13022
19	0.124833
20	0.119911
21	0.115395
22	0.111236
23	0.107392
24	0.103826
25	0.10051
26	0.0974166
27	0.0945239
28	0.0918123
29	0.0892649
30	0.0868667
31	0.0846046
32	0.0824671
33	0.0804437
34	0.0785254
35	0.076704
36	0.074972
37	0.0733228
38	0.0717506
39	0.0702497
40	0.0688155
41	0.0674434
42	0.0661293
43	0.0648695
44	0.0636607
45	0.0624997
46	0.0613837
47	0.06031
48	0.0592762
49	0.05828
50	0.0573194
51	0.0563924
52	0.0554973
53	0.0546325
54	0.0537962
55	0.0529872
56	0.0522041
57	0.0514455
58	0.0507104
59	0.0499977
60	0.0493062
61	0.0486351
62	0.0479834
63	0.0473503
64	0.046735
65	0.0461367
66	0.0455547
67	0.0449883
68	0.0444369
69	0.0438999
70	0.0433767
71	0.0428668
72	0.0423696
73	0.0418847
74	0.0414116
75	0.0409499
76	0.0404992
77	0.040059
78	0.039629
79	0.0392088
80	0.0387981
81	0.0383966
82	0.0380039
83	0.0376198
84	0.0372439
85	0.036876
86	0.0365159
87	0.0361632
88	0.0358178
89	0.0354795
90	0.0351479
91	0.0348229
92	0.0345043
93	0.034192
94	0.0338856
95	0.0335851
96	0.0332903
97	0.033001
98	0.032717
99	0.0324383
100	0.0321646
101	0.0318958
102	0.0316318
103	0.0313724
104	0.0311176
105	0.0308672
106	0.0306211
107	0.0303791
108	0.0301412
109	0.0299073
110	0.0296773
111	0.029451
112	0.0292284
113	0.0290094
114	0.0287938
115	0.0285817
116	0.0283729
117	0.0281674
118	0.027965
119	0.0277657
120	0.0275695
121	0.0273762
122	0.0271858
123	0.0269982
124	0.0268133
125	0.0266312
126	0.0264516
127	0.0262747
128	0.0261003
129	0.0259283
130	0.0257588
131	0.0255916
132	0.0254267
133	0.0252641
134	0.0251037
135	0.0249455
136	0.0247894
137	0.0246353
138	0.0244834
139	0.0243334
140	0.0241853
141	0.0240392
142	0.0238949
143	0.0237525
144	0.0236119
145	0.0234731
146	0.023336
147	0.0232006
148	0.0230669
149	0.0229348
150	0.0228044
151	0.0226755
152	0.0225482
153	0.0224223
154	0.022298
155	0.0221752
156	0.0220538
157	0.0219338
158	0.0218151
159	0.0216979
160	0.021582
161	0.0214674
162	0.0213541
163	0.0212421
164	0.0211313
165	0.0210218
166	0.0209134
167	0.0208063
168	0.0207003
169	0.0205955
170	0.0204918
171	0.0203892
172	0.0202877
173	0.0201873
174	0.0200879
175	0.0199896
176	0.0198923
177	0.019796
178	0.0197007
179	0.0196063
180	0.019513
181	0.0194206
182	0.0193291
183	0.0192385
184	0.0191488
185	0.01906
186	0.0189721
187	0.0188851
188	0.0187989
189	0.0187135
190	0.018629
191	0.0185453
192	0.0184624
193	0.0183802
194	0.0182989
195	0.0182183
196	0.0181384
197	0.0180593
198	0.017981
199	0.0179033
200	0.0178264
201	0.0177502
202	0.0176747
203	0.0175998
204	0.0175256
205	0.0174521
206	0.0173793
207	0.0173071
208	0.0172355
209	0.0171646
210	0.0170943
211	0.0170246
212	0.0169555
213	0.0168869
214	0.016819
215	0.0167517
216	0.0166849
217	0.0166187
218	0.0165531
219	0.016488
220	0.0164235
221	0.0163594
222	0.016296
223	0.016233
224	0.0161706
225	0.0161087
226	0.0160472
227	0.0159863
228	0.0159259
229	0.0158659
230	0.0158065
231	0.0157475
232	0.0156889
233	0.0156309
234	0.0155733
235	0.0155161
236	0.0154594
237	0.0154031
238	0.0153473
239	0.0152919
240	0.0152369
241	0.0151823
242	0.0151282
243	0.0150745
244	0.0150211
245	0.0149682
246	0.0149157
247	0.0148635
248	0.0148118
249	0.0147604
250	0.0147094
251	0.0146588
252	0.0146085
253	0.0145586
254	0.0145091
255	0.01446
256	0.0144112
257	0.0143627
258	0.0143146
259	0.0142668
260	0.0142194
261	0.0141723
262	0.0141255
263	0.0140791
264	0.014033
265	0.0139872
266	0.0139417
267	0.0138965
268	0.0138517
269	0.0138071
270	0.0137629
271	0.013719
272	0.0136753
273	0.013632
274	0.0135889
275	0.0135461
276	0.0135037
277	0.0134615
278	0.0134195
279	0.0133779
280	0.0133365
281	0.0132954
282	0.0132546
283	0.0132141
284	0.0131738
285	0.0131337
286	0.013094
287	0.0130544
288	0.0130152
289	0.0129762
290	0.0129374
291	0.0128989
292	0.0128606
293	0.0128225
294	0.0127847
295	0.0127472
296	0.0127099
297	0.0126728
298	0.0126359
299	0.0125993
300	0.0125628
301	0.0125267
302	0.0124907
303	0.0124549
304	0.0124194
305	0.0123841
306	0.012349
307	0.0123141
308	0.0122794
309	0.0122449
310	0.0122107
311	0.0121766
312	0.0121427
313	0.0121091
314	0.0120756
315	0.0120423
316	0.0120092
317	0.0119764
318	0.0119437
319	0.0119112
320	0.0118788
321	0.0118467
322	0.0118148
323	0.011783
324	0.0117514
325	0.01172
326	0.0116888
327	0.0116578
328	0.0116269
329	0.0115962
330	0.0115657
331	0.0115353
332	0.0115051
333	0.0114751
334	0.0114452
335	0.0114156
336	0.011386
337	0.0113567
338	0.0113275
339	0.0112984
340	0.0112695
341	0.0112408
342	0.0112122
343	0.0111838
344	0.0111555
345	0.0111274
346	0.0110995
347	0.0110716
348	0.011044
349	0.0110165
350	0.0109891
351	0.0109619
352	0.0109348
353	0.0109078
354	0.010881
355	0.0108543
356	0.0108278
357	0.0108014
358	0.0107752
359	0.0107491
360	0.0107231
361	0.0106972
362	0.0106715
363	0.0106459
364	0.0106205
365	0.0105951
366	0.0105699
367	0.0105449
368	0.0105199
369	0.0104951
370	0.0104704
371	0.0104458
372	0.0104214
373	0.010397
374	0.0103728
375	0.0103487
376	0.0103248
377	0.0103009
378	0.0102772
379	0.0102536
380	0.0102301
381	0.0102067
382	0.0101834
383	0.0101602
384	0.0101372
385	0.0101142
386	0.0100914
387	0.0100687
388	0.0100461
389	0.0100235
390	0.0100011
391	0.00997885
392	0.00995666
393	0.00993457
394	0.00991259
395	0.00989072
396	0.00986894
397	0.00984727
398	0.00982569
399	0.00980422
400	0.00978285
401	0.00976157
402	0.0097404
403	0.00971932
404	0.00969834
405	0.00967745
406	0.00965666
407	0.00963596
408	0.00961536
409	0.00959485
410	0.00957444
411	0.00955411
412	0.00953388
413	0.00951374
414	0.00949369
415	0.00947373
416	0.00945385
417	0.00943407
418	0.00941437
419	0.00939476
420	0.00937524
421	0.0093558
422	0.00933645
423	0.00931718
424	0.009298
425	0.0092789
426	0.00925989
427	0.00924095
428	0.0092221
429	0.00920333
430	0.00918464
431	0.00916604
432	0.00914751
433	0.00912906
434	0.00911069
435	0.0090924
436	0.00907418
437	0.00905605
438	0.00903799
439	0.00902
440	0.00900209
441	0.00898426
442	0.0089665
443	0.00894882
444	0.00893121
445	0.00891368
446	0.00889621
447	0.00887882
448	0.0088615
449	0.00884426
450	0.00882708
451	0.00880998
452	0.00879294
453	0.00877598
454	0.00875908
455	0.00874225
456	0.00872549
457	0.0087088
458	0.00869218
459	0.00867563
460	0.00865914
461	0.00864271
462	0.00862636
463	0.00861007
464	0.00859384
465	0.00857768
466	0.00856158
467	0.00854555
468	0.00852958
469	0.00851368
470	0.00849783
471	0.00848205
472	0.00846634
473	0.00845068
474	0.00843508
475	0.00841955
476	0.00840408
477	0.00838866
478	0.00837331
479	0.00835801
480	0.00834278
481	0.0083276
482	0.00831249
483	0.00829743
484	0.00828242
485	0.00826748
486	0.00825259
487	0.00823776
488	0.00822299
489	0.00820827
490	0.00819361
491	0.008179
492	0.00816445
493	0.00814995
494	0.00813551
495	0.00812112
496	0.00810679
497	0.00809251
498	0.00807828
499	0.00806411
