5	3.34945
6	2.77508
7	2.36699
8	2.06233
9	1.82631
10	1.63817
11	1.48472
12	1.35722
13	1.24962
14	1.15761
15	1.07806
16	1.00859
17	0.947423
18	0.893151
19	0.844677
20	0.801123
21	0.76178
22	0.726068
23	0.693508
24	0.663702
25	0.636317
26	0.611071
27	0.587724
28	0.566069
29	0.545931
30	0.527156
31	0.509611
32	0.493179
33	0.477759
34	0.463259
35	0.449601
36	0.436714
37	0.424533
38	0.413004
39	0.402075
40	0.391701
41	0.381842
42	0.372458
43	0.363518
44	0.354991
45	0.346849
46	0.339066
47	0.331619
48	0.324488
49	0.317652
50	0.311094
51	0.304797
52	0.298747
53	0.292928
54	0.287327
55	0.281934
56	0.276737
57	0.271724
58	0.266888
59	0.262217
60	0.257705
61	0.253343
62	0.249124
63	0.245041
64	0.241088
65	0.237258
66	0.233547
67	0.229947
68	0.226455
69	0.223066
70	0.219776
71	0.216579
72	0.213473
73	0.210453
74	0.207516
75	0.204659
76	0.201878
77	0.199171
78	0.196534
79	0.193964
80	0.19146
81	0.189019
82	0.186639
83	0.184316
84	0.18205
85	0.179838
86	0.177678
87	0.175569
88	0.173508
89	0.171494
90	0.169526
91	0.167602
92	0.16572
93	0.16388
94	0.162079
95	0.160317
96	0.158592
97	0.156903
98	0.155249
99	0.153629
100	0.152042
101	0.150487
102	0.148963
103	0.147469
104	0.146004
105	0.144568
106	0.143159
107	0.141777
108	0.140421
109	0.13909
110	0.137783
111	0.136501
112	0.135242
113	0.134005
114	0.132791
115	0.131598
116	0.130426
117	0.129274
118	0.128142
119	0.12703
120	0.125936
121	0.124861
122	0.123803
123	0.122763
124	0.121741
125	0.120734
126	0.119744
127	0.11877
128	0.117811
129	0.116868
130	0.115939
131	0.115024
132	0.114124
133	0.113237
134	0.112364
135	0.111504
136	0.110657
137	0.109822
138	0.109
139	0.10819
140	0.107391
141	0.106604
142	0.105828
143	0.105063
144	0.104309
145	0.103566
146	0.102833
147	0.10211
148	0.101397
149	0.100694
150	0.1
151	0.0993158
152	0.0986405
153	0.0979743
154	0.0973168
155	0.0966679
156	0.0960275
157	0.0953954
158	0.0947714
159	0.0941554
160	0.0935473
161	0.0929468
162	0.0923538
163	0.0917682
164	0.0911899
165	0.0906187
166	0.0900545
167	0.0894972
168	0.0889466
169	0.0884026
170	0.0878652
171	0.0873341
172	0.0868093
173	0.0862907
174	0.0857781
175	0.0852715
176	0.0847707
177	0.0842757
178	0.0837863
179	0.0833025
180	0.0828241
181	0.0823512
182	0.0818835
183	0.081421
184	0.0809636
185	0.0805112
186	0.0800638
187	0.0796212
188	0.0791834
189	0.0787504
190	0.078322
191	0.0778981
192	0.0774787
193	0.0770637
194	0.0766531
195	0.0762468
196	0.0758446
197	0.0754467
198	0.0750528
199	0.0746629
200	0.074277
201	0.073895
202	0.0735168
203	0.0731424
204	0.0727718
205	0.0724048
206	0.0720415
207	0.0716817
208	0.0713254
209	0.0709727
210	0.0706233
211	0.0702773
212	0.0699346
213	0.0695951
214	0.0692589
215	0.0689259
216	0.068596
217	0.0682692
218	0.0679454
219	0.0676247
220	0.0673069
221	0.066992
222	0.0666801
223	0.0663709
224	0.0660646
225	0.065761
226	0.0654602
227	0.0651621
228	0.0648666
229	0.0645737
230	0.0642835
231	0.0639957
232	0.0637106
233	0.0634278
234	0.0631476
235	0.0628698
236	0.0625943
237	0.0623213
238	0.0620505
239	0.0617821
240	0.0615159
241	0.061252
242	0.0609903
243	0.0607308
244	0.0604735
245	0.0602183
246	0.0599652
247	0.0597141
248	0.0594652
249	0.0592182
250	0.0589733
251	0.0587304
252	0.0584894
253	0.0582504
254	0.0580132
255	0.057778
256	0.0575446
257	0.0573131
258	0.0570834
259	0.0568555
260	0.0566294
261	0.056405
262	0.0561824
263	0.0559615
264	0.0557423
265	0.0555248
266	0.055309
267	0.0550948
268	0.0548822
269	0.0546712
270	0.0544619
271	0.054254
272	0.0540478
273	0.0538431
274	0.0536399
275	0.0534381
276	0.0532379
277	0.0530392
278	0.0528419
279	0.052646
280	0.0524516
281	0.0522586
282	0.0520669
283	0.0518767
284	0.0516878
285	0.0515002
286	0.051314
287	0.0511291
288	0.0509455
289	0.0507632
290	0.0505822
291	0.0504024
292	0.0502239
293	0.0500467
294	0.0498706
295	0.0496958
296	0.0495222
297	0.0493497
298	0.0491785
299	0.0490084
300	0.0488394
301	0.0486716
302	0.0485049
303	0.0483394
304	0.0481749
305	0.0480116
306	0.0478493
307	0.0476881
308	0.047528
309	0.0473689
310	0.0472109
311	0.0470539
312	0.0468979
313	0.046743
314	0.046589
315	0.046436
316	0.0462841
317	0.046133
318	0.045983
319	0.0458339
320	0.0456858
321	0.0455386
322	0.0453923
323	0.045247
324	0.0451025
325	0.044959
326	0.0448164
327	0.0446746
328	0.0445337
329	0.0443937
330	0.0442546
331	0.0441163
332	0.0439789
333	0.0438423
334	0.0437065
335	0.0435716
336	0.0434374
337	0.0433041
338	0.0431716
339	0.0430399
340	0.0429089
341	0.0427788
342	0.0426494
343	0.0425208
344	0.0423929
345	0.0422658
346	0.0421395
347	0.0420139
348	0.041889
349	0.0417649
350	0.0416414
351	0.0415187
352	0.0413967
353	0.0412754
354	0.0411548
355	0.0410349
356	0.0409157
357	0.0407971
358	0.0406792
359	0.040562
360	0.0404455
361	0.0403296
362	0.0402143
363	0.0400998
364	0.0399858
365	0.0398725
366	0.0397598
367	0.0396477
368	0.0395363
369	0.0394254
370	0.0393152
371	0.0392056
372	0.0390966
373	0.0389882
374	0.0388803
375	0.0387731
376	0.0386664
377	0.0385603
378	0.0384548
379	0.0383498
380	0.0382454
381	0.0381416
382	0.0380383
383	0.0379356
384	0.0378334
385	0.0377317
386	0.0376306
387	0.03753
388	0.0374299
389	0.0373304
390	0.0372314
391	0.0371329
392	0.0370349
393	0.0369374
394	0.0368404
395	0.0367439
396	0.0366479
397	0.0365524
398	0.0364574
399	0.0363629
400	0.0362689
401	0.0361753
402	0.0360822
403	0.0359896
404	0.0358974
405	0.0358057
406	0.0357145
407	0.0356237
408	0.0355334
409	0.0354435
410	0.0353541
411	0.0352651
412	0.0351765
413	0.0350884
414	0.0350007
415	0.0349135
416	0.0348266
417	0.0347402
418	0.0346542
419	0.0345687
420	0.0344835
421	0.0343988
422	0.0343145
423	0.0342305
424	0.034147
425	0.0340639
426	0.0339811
427	0.0338988
428	0.0338169
429	0.0337353
430	0.0336541
431	0.0335734
432	0.033493
433	0.0334129
434	0.0333333
435	0.033254
436	0.0331751
437	0.0330965
438	0.0330184
439	0.0329405
440	0.0328631
441	0.032786
442	0.0327092
443	0.0326329
444	0.0325568
445	0.0324811
446	0.0324058
447	0.0323308
448	0.0322561
449	0.0321818
450	0.0321078
451	0.0320341
452	0.0319608
453	0.0318878
454	0.0318151
455	0.0317428
456	0.0316707
457	0.031599
458	0.0315276
459	0.0314566
460	0.0313858
461	0.0313154
462	0.0312452
463	0.0311754
464	0.0311059
465	0.0310367
466	0.0309678
467	0.0308992
468	0.0308308
469	0.0307628
470	0.0306951
471	0.0306277
472	0.0305605
473	0.0304937
474	0.0304271
475	0.0303608
476	0.0302948
477	0.0302291
478	0.0301637
479	0.0300985
480	0.0300336
481	0.029969
482	0.0299047
483	0.0298406
484	0.0297768
485	0.0297133
486	0.02965
487	0.029587
488	0.0295243
489	0.0294618
490	0.0293996
491	0.0293377
492	0.029276
493	0.0292145
494	0.0291533
495	0.0290924
496	0.0290317
497	0.0289712
498	0.028911
499	0.0288511
