5	0.0731167
6	0.0606372
7	0.0517662
8	0.0451428
9	0.0400121
10	0.0359222
11	0.0325868
12	0.0298152
13	0.0274761
14	0.0254758
15	0.0237459
16	0.0222352
17	0.0209045
18	0.0197236
19	0.0186685
20	0.0177203
21	0.0168634
22	0.0160854
23	0.0153758
24	0.0147261
25	0.0141289
26	0.0135781
27	0.0130685
28	0.0125958
29	0.012156
30	0.0117458
31	0.0113623
32	0.011003
33	0.0106657
34	0.0103484
35	0.0100495
36	0.00976726
37	0.00950045
38	0.0092478
39	0.00900822
40	0.00878072
41	0.00856441
42	0.00835848
43	0.00816222
44	0.00797494
45	0.00779606
46	0.00762501
47	0.0074613
48	0.00730446
49	0.00715407
50	0.00700974
51	0.00687111
52	0.00673786
53	0.00660967
54	0.00648625
55	0.00636736
56	0.00625275
57	0.00614218
58	0.00603545
59	0.00593236
60	0.00583273
61	0.00573639
62	0.00564318
63	0.00555294
64	0.00546555
65	0.00538086
66	0.00529875
67	0.0052191
68	0.00514182
69	0.00506678
70	0.00499391
71	0.00492309
72	0.00485426
73	0.00478732
74	0.00472221
75	0.00465884
76	0.00459714
77	0.00453706
78	0.00447853
79	0.00442148
80	0.00436587
81	0.00431164
82	0.00425874
83	0.00420712
84	0.00415674
85	0.00410755
86	0.00405951
87	0.00401258
88	0.00396672
89	0.00392189
90	0.00387807
91	0.00383522
92	0.0037933
93	0.00375228
94	0.00371215
95	0.00367286
96	0.0036344
97	0.00359673
98	0.00355983
99	0.00352369
100	0.00348827
101	0.00345355
102	0.00341952
103	0.00338615
104	0.00335343
105	0.00332133
106	0.00328984
107	0.00325894
108	0.00322862
109	0.00319885
110	0.00316963
111	0.00314094
112	0.00311276
113	0.00308508
114	0.00305789
115	0.00303118
116	0.00300493
117	0.00297913
118	0.00295376
119	0.00292883
120	0.00290431
121	0.0028802
122	0.00285649
123	0.00283316
124	0.00281021
125	0.00278763
126	0.00276541
127	0.00274354
128	0.00272202
129	0.00270083
130	0.00267996
131	0.00265942
132	0.00263919
133	0.00261926
134	0.00259963
135	0.0025803
136	0.00256125
137	0.00254247
138	0.00252398
139	0.00250574
140	0.00248777
141	0.00247006
142	0.0024526
143	0.00243538
144	0.0024184
145	0.00240166
146	0.00238514
147	0.00236886
148	0.00235279
149	0.00233694
150	0.0023213
151	0.00230587
152	0.00229064
153	0.00227561
154	0.00226078
155	0.00224614
156	0.00223169
157	0.00221743
158	0.00220334
159	0.00218943
160	0.0021757
161	0.00216214
162	0.00214874
163	0.00213551
164	0.00212245
165	0.00210954
166	0.00209679
167	0.00208419
168	0.00207174
169	0.00205944
170	0.00204728
171	0.00203527
172	0.00202339
173	0.00201166
174	0.00200006
175	0.00198859
176	0.00197726
177	0.00196605
178	0.00195497
179	0.00194401
180	0.00193317
181	0.00192246
182	0.00191186
183	0.00190138
184	0.00189101
185	0.00188076
186	0.00187061
187	0.00186058
188	0.00185065
189	0.00184083
190	0.00183111
191	0.00182149
192	0.00181198
193	0.00180256
194	0.00179324
195	0.00178402
196	0.00177489
197	0.00176585
198	0.0017569
199	0.00174805
200	0.00173928
201	0.0017306
202	0.00172201
203	0.0017135
204	0.00170508
205	0.00169674
206	0.00168848
207	0.00168029
208	0.00167219
209	0.00166417
210	0.00165622
211	0.00164835
212	0.00164055
213	0.00163283
214	0.00162518
215	0.0016176
216	0.00161009
217	0.00160265
218	0.00159527
219	0.00158797
220	0.00158073
221	0.00157356
222	0.00156645
223	0.00155941
224	0.00155243
225	0.00154551
226	0.00153865
227	0.00153185
228	0.00152512
229	0.00151844
230	0.00151182
231	0.00150526
232	0.00149875
233	0.0014923
234	0.00148591
235	0.00147957
236	0.00147328
237	0.00146705
238	0.00146087
239	0.00145474
240	0.00144867
241	0.00144264
242	0.00143666
243	0.00143074
244	0.00142486
245	0.00141903
246	0.00141324
247	0.00140751
248	0.00140182
249	0.00139618
250	0.00139058
251	0.00138502
252	0.00137951
253	0.00137405
254	0.00136862
255	0.00136324
256	0.00135791
257	0.00135261
258	0.00134735
259	0.00134214
260	0.00133696
261	0.00133183
262	0.00132673
263	0.00132168
264	0.00131666
265	0.00131168
266	0.00130674
267	0.00130183
268	0.00129696
269	0.00129213
270	0.00128733
271	0.00128257
272	0.00127785
273	0.00127315
274	0.0012685
275	0.00126387
276	0.00125928
277	0.00125473
278	0.0012502
279	0.00124571
280	0.00124125
281	0.00123683
282	0.00123243
283	0.00122807
284	0.00122373
285	0.00121943
286	0.00121516
287	0.00121091
288	0.0012067
289	0.00120251
290	0.00119836
291	0.00119423
292	0.00119013
293	0.00118606
294	0.00118202
295	0.001178
296	0.00117402
297	0.00117005
298	0.00116612
299	0.00116221
300	0.00115833
301	0.00115447
302	0.00115064
303	0.00114684
304	0.00114306
305	0.0011393
306	0.00113557
307	0.00113186
308	0.00112818
309	0.00112452
310	0.00112089
311	0.00111727
312	0.00111369
313	0.00111012
314	0.00110658
315	0.00110306
316	0.00109956
317	0.00109608
318	0.00109263
319	0.0010892
320	0.00108579
321	0.0010824
322	0.00107903
323	0.00107568
324	0.00107236
325	0.00106905
326	0.00106577
327	0.0010625
328	0.00105925
329	0.00105603
330	0.00105282
331	0.00104963
332	0.00104647
333	0.00104332
334	0.00104019
335	0.00103708
336	0.00103399
337	0.00103091
338	0.00102786
339	0.00102482
340	0.0010218
341	0.0010188
342	0.00101581
343	0.00101284
344	0.00100989
345	0.00100696
346	0.00100405
347	0.00100115
348	0.000998265
349	0.000995399
350	0.00099255
351	0.000989717
352	0.0009869
353	0.000984099
354	0.000981314
355	0.000978545
356	0.000975791
357	0.000973053
358	0.00097033
359	0.000967622
360	0.000964929
361	0.000962252
362	0.000959589
363	0.000956941
364	0.000954307
365	0.000951688
366	0.000949083
367	0.000946492
368	0.000943916
369	0.000941353
370	0.000938805
371	0.00093627
372	0.000933748
373	0.000931241
374	0.000928746
375	0.000926265
376	0.000923798
377	0.000921343
378	0.000918902
379	0.000916473
380	0.000914057
381	0.000911654
382	0.000909263
383	0.000906885
384	0.000904519
385	0.000902166
386	0.000899825
387	0.000897496
388	0.000895179
389	0.000892874
390	0.00089058
391	0.000888299
392	0.000886029
393	0.000883771
394	0.000881524
395	0.000879289
396	0.000877065
397	0.000874852
398	0.00087265
399	0.000870459
400	0.00086828
401	0.000866111
402	0.000863953
403	0.000861806
404	0.000859669
405	0.000857543
406	0.000855427
407	0.000853322
408	0.000851227
409	0.000849143
410	0.000847068
411	0.000845004
412	0.00084295
413	0.000840906
414	0.000838871
415	0.000836847
416	0.000834832
417	0.000832827
418	0.000830831
419	0.000828845
420	0.000826869
421	0.000824902
422	0.000822944
423	0.000820995
424	0.000819056
425	0.000817126
426	0.000815205
427	0.000813293
428	0.00081139
429	0.000809495
430	0.00080761
431	0.000805733
432	0.000803865
433	0.000802006
434	0.000800155
435	0.000798313
436	0.000796479
437	0.000794654
438	0.000792837
439	0.000791028
440	0.000789228
441	0.000787436
442	0.000785651
443	0.000783875
444	0.000782107
445	0.000780347
446	0.000778595
447	0.000776851
448	0.000775114
449	0.000773385
450	0.000771664
451	0.00076995
452	0.000768245
453	0.000766546
454	0.000764855
455	0.000763172
456	0.000761496
457	0.000759827
458	0.000758166
459	0.000756512
460	0.000754865
461	0.000753225
462	0.000751592
463	0.000749967
464	0.000748348
465	0.000746737
466	0.000745132
467	0.000743534
468	0.000741943
469	0.000740359
470	0.000738781
471	0.000737211
472	0.000735647
473	0.000734089
474	0.000732538
475	0.000730994
476	0.000729456
477	0.000727925
478	0.0007264
479	0.000724881
480	0.000723369
481	0.000721863
482	0.000720364
483	0.00071887
484	0.000717383
485	0.000715902
486	0.000714427
487	0.000712958
488	0.000711495
489	0.000710038
490	0.000708587
491	0.000707142
492	0.000705703
493	0.000704269
494	0.000702842
495	0.00070142
496	0.000700004
497	0.000698594
498	0.000697189
499	0.00069579
