11	0.453718
13	0.372915
15	0.3159
17	0.273584
19	0.240973
21	0.215097
23	0.194082
25	0.176687
27	0.162059
29	0.149594
31	0.138848
33	0.129492
35	0.121276
37	0.114006
39	0.107528
41	0.101722
43	0.0964885
45	0.0917483
47	0.0874354
49	0.0834953
51	0.079882
53	0.076557
55	0.0734876
57	0.0706456
59	0.068007
61	0.0655511
63	0.0632595
65	0.0611167
67	0.0591087
69	0.0572234
71	0.0554499
73	0.0537788
75	0.0522015
77	0.0507104
79	0.0492988
81	0.0479605
83	0.0466901
85	0.0454825
87	0.0443333
89	0.0432384
91	0.0421941
93	0.041197
95	0.040244
97	0.0393323
99	0.0384593
101	0.0376226
103	0.0368201
105	0.0360496
107	0.0353094
109	0.0345977
111	0.0339129
113	0.0332536
115	0.0326183
117	0.0320059
119	0.031415
121	0.0308447
123	0.0302938
125	0.0297614
127	0.0292465
129	0.0287485
131	0.0282664
133	0.0277995
135	0.0273471
137	0.0269085
139	0.0264832
141	0.0260706
143	0.02567
145	0.0252811
147	0.0249032
149	0.024536
151	0.024179
153	0.0238317
155	0.0234939
157	0.0231651
159	0.0228449
161	0.0225331
163	0.0222293
165	0.0219333
167	0.0216446
169	0.0213632
171	0.0210886
173	0.0208207
175	0.0205592
177	0.0203039
179	0.0200546
181	0.019811
183	0.0195731
185	0.0193405
187	0.0191131
189	0.0188908
191	0.0186734
193	0.0184606
195	0.0182525
197	0.0180488
199	0.0178494
201	0.0176541
203	0.0174629
205	0.0172755
207	0.017092
209	0.0169122
211	0.0167359
213	0.0165631
215	0.0163936
217	0.0162275
219	0.0160645
221	0.0159046
223	0.0157477
225	0.0155938
227	0.0154426
229	0.0152943
231	0.0151486
233	0.0150056
235	0.0148651
237	0.0147271
239	0.0145915
241	0.0144582
243	0.0143273
245	0.0141986
247	0.0140721
249	0.0139477
251	0.0138254
253	0.0137052
255	0.0135869
257	0.0134705
259	0.013356
261	0.0132434
263	0.0131325
265	0.0130234
267	0.012916
269	0.0128103
271	0.0127062
273	0.0126037
275	0.0125028
277	0.0124034
279	0.0123055
281	0.0122091
283	0.0121141
285	0.0120205
287	0.0119282
289	0.0118373
291	0.0117477
293	0.0116594
295	0.0115723
297	0.0114865
299	0.0114019
301	0.0113184
303	0.0112361
305	0.011155
307	0.0110749
309	0.0109959
311	0.010918
313	0.0108412
315	0.0107653
317	0.0106905
319	0.0106166
321	0.0105437
323	0.0104718
325	0.0104008
327	0.0103307
329	0.0102615
331	0.0101931
333	0.0101257
335	0.010059
337	0.00999322
339	0.00992823
341	0.00986404
343	0.00980064
345	0.009738
347	0.00967612
349	0.00961499
351	0.00955459
353	0.0094949
355	0.00943592
357	0.00937763
359	0.00932002
361	0.00926308
363	0.00920679
365	0.00915116
367	0.00909616
369	0.00904178
371	0.00898802
373	0.00893486
375	0.0088823
377	0.00883032
379	0.00877892
381	0.00872809
383	0.0086778
385	0.00862807
387	0.00857888
389	0.00853021
391	0.00848207
393	0.00843444
395	0.00838732
397	0.00834069
399	0.00829456
401	0.00824891
403	0.00820373
405	0.00815902
407	0.00811477
409	0.00807097
411	0.00802763
413	0.00798472
415	0.00794224
417	0.00790019
419	0.00785857
421	0.00781735
423	0.00777655
425	0.00773615
427	0.00769614
429	0.00765653
431	0.0076173
433	0.00757845
435	0.00753998
437	0.00750188
439	0.00746414
441	0.00742675
443	0.00738973
445	0.00735305
447	0.00731671
449	0.00728072
451	0.00724506
453	0.00720973
455	0.00717472
457	0.00714004
459	0.00710567
461	0.00707162
463	0.00703788
465	0.00700444
467	0.00697129
469	0.00693845
471	0.0069059
473	0.00687364
475	0.00684166
477	0.00680996
479	0.00677854
481	0.0067474
483	0.00671652
485	0.00668591
487	0.00665557
489	0.00662549
491	0.00659566
493	0.00656609
495	0.00653676
497	0.00650769
499	0.00647886
501	0.00645027
503	0.00642192
505	0.0063938
507	0.00636592
509	0.00633827
511	0.00631084
513	0.00628364
515	0.00625666
517	0.0062299
519	0.00620336
521	0.00617703
523	0.00615091
525	0.006125
527	0.00609929
529	0.00607379
531	0.00604849
533	0.00602339
535	0.00599849
537	0.00597378
539	0.00594926
541	0.00592494
543	0.0059008
545	0.00587685
547	0.00585308
549	0.00582949
551	0.00580609
553	0.00578286
555	0.0057598
557	0.00573692
559	0.00571421
561	0.00569167
563	0.0056693
565	0.0056471
567	0.00562506
569	0.00560318
571	0.00558146
573	0.00555991
575	0.00553851
577	0.00551726
579	0.00549617
581	0.00547523
583	0.00545444
585	0.0054338
587	0.00541331
589	0.00539297
591	0.00537277
593	0.00535271
595	0.00533279
597	0.00531302
599	0.00529338
601	0.00527388
603	0.00525451
605	0.00523528
607	0.00521619
609	0.00519722
611	0.00517838
613	0.00515968
615	0.0051411
617	0.00512265
619	0.00510432
621	0.00508612
623	0.00506803
625	0.00505008
627	0.00503224
629	0.00501452
631	0.00499691
633	0.00497943
635	0.00496206
637	0.0049448
639	0.00492766
641	0.00491063
643	0.00489371
645	0.0048769
647	0.0048602
649	0.00484361
651	0.00482713
653	0.00481075
655	0.00479447
657	0.00477831
659	0.00476224
661	0.00474627
663	0.00473041
665	0.00471465
667	0.00469898
669	0.00468342
671	0.00466795
673	0.00465258
675	0.0046373
677	0.00462212
679	0.00460703
681	0.00459204
683	0.00457713
685	0.00456232
687	0.0045476
689	0.00453297
691	0.00451843
693	0.00450397
695	0.00448961
697	0.00447533
699	0.00446113
701	0.00444702
703	0.004433
705	0.00441906
707	0.0044052
709	0.00439142
711	0.00437773
713	0.00436411
715	0.00435058
717	0.00433712
719	0.00432375
721	0.00431045
723	0.00429723
725	0.00428408
727	0.00427101
729	0.00425802
731	0.0042451
733	0.00423225
735	0.00421948
737	0.00420678
739	0.00419416
741	0.0041816
743	0.00416912
745	0.0041567
747	0.00414436
749	0.00413208
751	0.00411988
753	0.00410774
755	0.00409567
757	0.00408366
759	0.00407173
761	0.00405986
763	0.00404805
765	0.00403631
767	0.00402463
769	0.00401302
771	0.00400147
773	0.00398998
775	0.00397856
777	0.00396719
779	0.00395589
781	0.00394465
783	0.00393347
785	0.00392235
787	0.00391129
789	0.00390029
791	0.00388934
793	0.00387845
795	0.00386763
797	0.00385685
799	0.00384614
801	0.00383548
803	0.00382488
805	0.00381433
807	0.00380384
809	0.0037934
811	0.00378301
813	0.00377268
815	0.00376241
817	0.00375218
819	0.00374201
821	0.00373189
823	0.00372182
825	0.0037118
827	0.00370184
829	0.00369192
831	0.00368206
833	0.00367224
835	0.00366247
837	0.00365276
839	0.00364309
841	0.00363347
843	0.0036239
845	0.00361437
847	0.00360489
849	0.00359546
851	0.00358608
853	0.00357674
855	0.00356745
857	0.0035582
859	0.003549
861	0.00353984
863	0.00353073
865	0.00352166
867	0.00351264
869	0.00350366
871	0.00349472
873	0.00348583
875	0.00347698
877	0.00346817
879	0.00345941
881	0.00345068
883	0.003442
885	0.00343336
887	0.00342475
889	0.00341619
891	0.00340767
893	0.0033992
895	0.00339076
897	0.00338235
899	0.00337399
901	0.00336567
903	0.00335739
905	0.00334914
907	0.00334094
909	0.00333277
911	0.00332464
913	0.00331654
915	0.00330849
917	0.00330047
919	0.00329248
921	0.00328454
923	0.00327663
925	0.00326875
927	0.00326091
929	0.00325311
931	0.00324534
933	0.00323761
935	0.00322991
937	0.00322225
939	0.00321462
941	0.00320702
943	0.00319946
945	0.00319193
947	0.00318444
949	0.00317698
951	0.00316955
953	0.00316216
955	0.00315479
957	0.00314746
959	0.00314016
961	0.0031329
963	0.00312566
965	0.00311846
967	0.00311129
969	0.00310415
971	0.00309704
973	0.00308996
975	0.00308291
977	0.00307589
979	0.0030689
981	0.00306194
983	0.00305501
985	0.00304812
987	0.00304125
989	0.00303441
991	0.00302759
993	0.00302081
995	0.00301406
997	0.00300733
999	0.00300064
