6	1.50739
7	1.24002
8	1.05123
9	0.911037
10	0.802942
11	0.717135
12	0.647418
13	0.589691
14	0.541131
15	0.499733
16	0.464035
17	0.432947
18	0.405638
19	0.381465
20	0.359922
21	0.340606
22	0.323192
23	0.307416
24	0.293058
25	0.279938
26	0.267904
27	0.256827
28	0.2466
29	0.237128
30	0.228333
31	0.220145
32	0.212503
33	0.205356
34	0.198657
35	0.192367
36	0.186449
37	0.180871
38	0.175605
39	0.170627
40	0.165913
41	0.161443
42	0.157199
43	0.153165
44	0.149324
45	0.145665
46	0.142175
47	0.138841
48	0.135655
49	0.132606
50	0.129686
51	0.126887
52	0.124202
53	0.121625
54	0.119148
55	0.116766
56	0.114474
57	0.112266
58	0.110139
59	0.108089
60	0.10611
61	0.104199
62	0.102354
63	0.10057
64	0.0988455
65	0.0971765
66	0.0955608
67	0.0939959
68	0.0924794
69	0.0910092
70	0.0895833
71	0.0881996
72	0.0868563
73	0.0855518
74	0.0842843
75	0.0830524
76	0.0818546
77	0.0806895
78	0.0795558
79	0.0784523
80	0.0773778
81	0.0763311
82	0.0753113
83	0.0743173
84	0.0733482
85	0.072403
86	0.0714809
87	0.0705811
88	0.0697028
89	0.0688451
90	0.0680075
91	0.0671892
92	0.0663896
93	0.065608
94	0.0648439
95	0.0640967
96	0.0633658
97	0.0626507
98	0.061951
99	0.061266
100	0.0605955
101	0.0599388
102	0.0592957
103	0.0586657
104	0.0580484
105	0.0574434
106	0.0568503
107	0.0562689
108	0.0556988
109	0.0551397
110	0.0545912
111	0.0540531
112	0.053525
113	0.0530068
114	0.0524981
115	0.0519986
116	0.0515082
117	0.0510266
118	0.0505535
119	0.0500887
120	0.0496321
121	0.0491834
122	0.0487423
123	0.0483088
124	0.0478827
125	0.0474636
126	0.0470516
127	0.0466463
128	0.0462477
129	0.0458555
130	0.0454697
131	0.04509
132	0.0447163
133	0.0443486
134	0.0439866
135	0.0436302
136	0.0432793
137	0.0429337
138	0.0425934
139	0.0422582
140	0.0419281
141	0.0416028
142	0.0412824
143	0.0409666
144	0.0406554
145	0.0403488
146	0.0400465
147	0.0397485
148	0.0394547
149	0.0391651
150	0.0388795
151	0.0385979
152	0.0383201
153	0.0380462
154	0.037776
155	0.0375094
156	0.0372464
157	0.0369869
158	0.0367308
159	0.0364781
160	0.0362288
161	0.0359826
162	0.0357397
163	0.0354998
164	0.0352631
165	0.0350293
166	0.0347985
167	0.0345705
168	0.0343454
169	0.0341231
170	0.0339036
171	0.0336867
172	0.0334724
173	0.0332608
174	0.0330517
175	0.0328451
176	0.0326409
177	0.0324392
178	0.0322398
179	0.0320428
180	0.0318481
181	0.0316556
182	0.0314653
183	0.0312772
184	0.0310912
185	0.0309074
186	0.0307256
187	0.0305458
188	0.0303681
189	0.0301923
190	0.0300184
191	0.0298465
192	0.0296764
193	0.0295082
194	0.0293418
195	0.0291771
196	0.0290142
197	0.0288531
198	0.0286937
199	0.0285359
200	0.0283798
201	0.0282253
202	0.0280724
203	0.0279211
204	0.0277713
205	0.0276231
206	0.0274763
207	0.0273311
208	0.0271873
209	0.027045
210	0.026904
211	0.0267645
212	0.0266263
213	0.0264896
214	0.0263541
215	0.0262199
216	0.0260871
217	0.0259555
218	0.0258252
219	0.0256962
220	0.0255683
221	0.0254417
222	0.0253163
223	0.025192
224	0.025069
225	0.024947
226	0.0248262
227	0.0247065
228	0.0245879
229	0.0244704
230	0.0243539
231	0.0242385
232	0.0241241
233	0.0240108
234	0.0238985
235	0.0237872
236	0.0236768
237	0.0235675
238	0.0234591
239	0.0233516
240	0.0232451
241	0.0231395
242	0.0230348
243	0.0229311
244	0.0228282
245	0.0227262
246	0.022625
247	0.0225247
248	0.0224253
249	0.0223267
250	0.0222289
251	0.022132
252	0.0220358
253	0.0219404
254	0.0218459
255	0.0217521
256	0.021659
257	0.0215667
258	0.0214752
259	0.0213844
260	0.0212944
261	0.021205
262	0.0211164
263	0.0210285
264	0.0209412
265	0.0208547
266	0.0207688
267	0.0206837
268	0.0205991
269	0.0205153
270	0.0204321
271	0.0203495
272	0.0202675
273	0.0201862
274	0.0201055
275	0.0200255
276	0.019946
277	0.0198671
278	0.0197889
279	0.0197112
280	0.0196341
281	0.0195575
282	0.0194816
283	0.0194062
284	0.0193313
285	0.019257
286	0.0191832
287	0.01911
288	0.0190373
289	0.0189652
290	0.0188935
291	0.0188224
292	0.0187518
293	0.0186817
294	0.0186121
295	0.0185429
296	0.0184743
297	0.0184062
298	0.0183385
299	0.0182713
300	0.0182046
301	0.0181383
302	0.0180725
303	0.0180071
304	0.0179422
305	0.0178778
306	0.0178138
307	0.0177502
308	0.017687
309	0.0176243
310	0.017562
311	0.0175001
312	0.0174387
313	0.0173776
314	0.0173169
315	0.0172567
316	0.0171969
317	0.0171374
318	0.0170783
319	0.0170197
320	0.0169614
321	0.0169035
322	0.0168459
323	0.0167888
324	0.016732
325	0.0166755
326	0.0166195
327	0.0165638
328	0.0165084
329	0.0164534
330	0.0163988
331	0.0163445
332	0.0162905
333	0.0162369
334	0.0161836
335	0.0161306
336	0.016078
337	0.0160257
338	0.0159737
339	0.0159221
340	0.0158707
341	0.0158197
342	0.015769
343	0.0157186
344	0.0156685
345	0.0156187
346	0.0155692
347	0.01552
348	0.0154711
349	0.0154225
350	0.0153742
351	0.0153262
352	0.0152784
353	0.015231
354	0.0151838
355	0.0151369
356	0.0150903
357	0.0150439
358	0.0149978
359	0.014952
360	0.0149065
361	0.0148612
362	0.0148162
363	0.0147714
364	0.0147269
365	0.0146827
366	0.0146387
367	0.0145949
368	0.0145514
369	0.0145082
370	0.0144652
371	0.0144224
372	0.0143799
373	0.0143376
374	0.0142956
375	0.0142537
376	0.0142122
377	0.0141708
378	0.0141297
379	0.0140888
380	0.0140481
381	0.0140077
382	0.0139675
383	0.0139275
384	0.0138877
385	0.0138481
386	0.0138087
387	0.0137696
388	0.0137307
389	0.0136919
390	0.0136534
391	0.0136151
392	0.013577
393	0.0135391
394	0.0135014
395	0.0134639
396	0.0134266
397	0.0133895
398	0.0133526
399	0.0133159
400	0.0132793
401	0.013243
402	0.0132069
403	0.0131709
404	0.0131351
405	0.0130995
406	0.0130641
407	0.0130289
408	0.0129939
409	0.012959
410	0.0129243
411	0.0128898
412	0.0128555
413	0.0128213
414	0.0127873
415	0.0127535
416	0.0127199
417	0.0126864
418	0.0126531
419	0.0126199
420	0.012587
421	0.0125541
422	0.0125215
423	0.012489
424	0.0124567
425	0.0124245
426	0.0123925
427	0.0123606
428	0.0123289
429	0.0122974
430	0.012266
431	0.0122348
432	0.0122037
433	0.0121727
434	0.0121419
435	0.0121113
436	0.0120808
437	0.0120505
438	0.0120202
439	0.0119902
440	0.0119603
441	0.0119305
442	0.0119009
443	0.0118714
444	0.011842
445	0.0118128
446	0.0117837
447	0.0117548
448	0.011726
449	0.0116973
450	0.0116688
451	0.0116403
452	0.0116121
453	0.0115839
454	0.0115559
455	0.011528
456	0.0115003
457	0.0114726
458	0.0114451
459	0.0114177
460	0.0113905
461	0.0113633
462	0.0113363
463	0.0113094
464	0.0112827
465	0.011256
466	0.0112295
467	0.0112031
468	0.0111768
469	0.0111506
470	0.0111246
471	0.0110986
472	0.0110728
473	0.0110471
474	0.0110215
475	0.010996
476	0.0109706
477	0.0109454
478	0.0109202
479	0.0108952
480	0.0108703
481	0.0108454
482	0.0108207
483	0.0107961
484	0.0107716
485	0.0107472
486	0.0107229
487	0.0106987
488	0.0106746
489	0.0106507
490	0.0106268
491	0.010603
492	0.0105793
493	0.0105558
494	0.0105323
495	0.0105089
496	0.0104856
497	0.0104624
498	0.0104394
499	0.0104164
500	0.0103935
