
0.001	8.91043e-15	2.98686e-14	
0.002	2.65156e-14	5.99948e-14	
0.003	5.25836e-14	9.68612e-14	
0.004	8.71405e-14	1.41433e-13	
0.005	1.29952e-13	1.91031e-13	
0.006	1.81483e-13	2.47885e-13	
0.007	2.41318e-13	3.11378e-13	
0.008	3.09838e-13	3.83053e-13	
0.009	3.86685e-13	4.62019e-13	
0.01	4.71847e-13	5.46958e-13	
0.011	5.64832e-13	6.37523e-13	
0.012	6.66139e-13	7.35705e-13	
0.013	7.75366e-13	8.39439e-13	
0.014	8.92382e-13	9.48361e-13	
0.015	1.0177e-12	1.06592e-12	
0.016	1.15114e-12	1.19134e-12	
0.017	1.29268e-12	1.32351e-12	
0.018	1.44208e-12	1.46151e-12	
0.019	1.59938e-12	1.60652e-12	
0.02	1.76464e-12	1.75965e-12	
0.021	1.93795e-12	1.92025e-12	
0.022	2.11903e-12	2.08687e-12	
0.023	2.30774e-12	2.25937e-12	
0.024	2.50429e-12	2.43848e-12	
0.025	2.70839e-12	2.62414e-12	
0.026	2.9203e-12	2.81561e-12	
0.027	3.13972e-12	3.01307e-12	
0.028	3.36668e-12	3.21684e-12	
0.029	3.60168e-12	3.42937e-12	
0.03	3.84452e-12	3.64918e-12	
0.031	4.09478e-12	3.87582e-12	
0.032	4.3523e-12	4.10764e-12	
0.033	4.61716e-12	4.34462e-12	
0.034	4.88902e-12	4.588e-12	
0.035	5.16821e-12	4.83838e-12	
0.036	5.45461e-12	5.09473e-12	
0.037	5.74842e-12	5.35844e-12	
0.038	6.04919e-12	5.62708e-12	
0.039	6.35705e-12	5.90197e-12	
0.04	6.67164e-12	6.18265e-12	
0.041	6.99344e-12	6.46933e-12	
0.042	7.32255e-12	6.76302e-12	
0.043	7.65863e-12	7.06347e-12	
0.044	8.00166e-12	7.37031e-12	
0.045	8.35119e-12	7.68198e-12	
0.046	8.70772e-12	7.99993e-12	
0.047	9.07143e-12	8.32404e-12	
0.048	9.44205e-12	8.65456e-12	
0.049	9.81951e-12	8.99181e-12	
0.05	1.02037e-11	9.33514e-12	
0.051	1.05945e-11	9.68278e-12	
0.052	1.09916e-11	1.00348e-11	
0.053	1.13953e-11	1.03931e-11	
0.054	1.18057e-11	1.07578e-11	
0.055	1.22233e-11	1.11287e-11	
0.056	1.26475e-11	1.15055e-11	
0.057	1.30785e-11	1.18884e-11	
0.058	1.35162e-11	1.22775e-11	
0.059	1.3961e-11	1.26726e-11	
0.06	1.44121e-11	1.30739e-11	
0.061	1.48698e-11	1.34823e-11	
0.062	1.53338e-11	1.38959e-11	
0.063	1.5804e-11	1.43149e-11	
0.064	1.62803e-11	1.47392e-11	
0.065	1.67628e-11	1.51678e-11	
0.066	1.72502e-11	1.55995e-11	
0.067	1.77431e-11	1.60356e-11	
0.068	1.82417e-11	1.6477e-11	
0.069	1.87461e-11	1.69248e-11	
0.07	1.92562e-11	1.73769e-11	
0.071	1.97724e-11	1.78349e-11	
0.072	2.02948e-11	1.83001e-11	
0.073	2.08234e-11	1.87704e-11	
0.074	2.13577e-11	1.9246e-11	
0.075	2.18977e-11	1.97263e-11	
0.076	2.24442e-11	2.0213e-11	
0.077	2.29966e-11	2.07056e-11	
0.078	2.35547e-11	2.12027e-11	
0.079	2.41185e-11	2.17046e-11	
0.08	2.46879e-11	2.22115e-11	
0.081	2.52635e-11	2.27236e-11	
0.082	2.58443e-11	2.32404e-11	
0.083	2.64302e-11	2.37616e-11	
0.084	2.70216e-11	2.42871e-11	
0.085	2.76187e-11	2.48168e-11	
0.086	2.8221e-11	2.53511e-11	
0.087	2.88286e-11	2.58894e-11	
0.088	2.94411e-11	2.64318e-11	
0.089	3.00587e-11	2.69775e-11	
0.09	3.06802e-11	2.75281e-11	
0.091	3.13071e-11	2.80839e-11	
0.092	3.19391e-11	2.86445e-11	
0.093	3.2576e-11	2.92088e-11	
0.094	3.3218e-11	2.97764e-11	
0.095	3.38644e-11	3.0348e-11	
0.096	3.45155e-11	3.09231e-11	
0.097	3.51713e-11	3.15025e-11	
0.098	3.58328e-11	3.20868e-11	
0.099	3.64991e-11	3.26747e-11	
0.1	3.71704e-11	3.3267e-11	
0.101	3.78467e-11	3.38643e-11	
0.102	3.85278e-11	3.44659e-11	
0.103	3.92141e-11	3.5072e-11	
0.104	3.99052e-11	3.56811e-11	
0.105	4.0601e-11	3.62936e-11	
0.106	4.13023e-11	3.69121e-11	
0.107	4.20083e-11	3.75346e-11	
0.108	4.2719e-11	3.81609e-11	
0.109	4.34343e-11	3.87914e-11	
0.11	4.41546e-11	3.94264e-11	
0.111	4.48795e-11	4.00651e-11	
0.112	4.5609e-11	4.07076e-11	
0.113	4.63433e-11	4.13547e-11	
0.114	4.70823e-11	4.20064e-11	
0.115	4.78256e-11	4.26606e-11	
0.116	4.85729e-11	4.33186e-11	
0.117	4.93249e-11	4.39815e-11	
0.118	5.00807e-11	4.46474e-11	
0.119	5.08407e-11	4.53172e-11	
0.12	5.16055e-11	4.59929e-11	
0.121	5.23746e-11	4.66716e-11	
0.122	5.31481e-11	4.7354e-11	
0.123	5.39254e-11	4.80392e-11	
0.124	5.47067e-11	4.87273e-11	
0.125	5.54922e-11	4.94195e-11	
0.126	5.62817e-11	5.01144e-11	
0.127	5.70754e-11	5.08125e-11	
0.128	5.7873e-11	5.15149e-11	
0.129	5.86741e-11	5.22204e-11	
0.13	5.94794e-11	5.29294e-11	
0.131	6.02886e-11	5.36422e-11	
0.132	6.11017e-11	5.43585e-11	
0.133	6.19192e-11	5.50777e-11	
0.134	6.27412e-11	5.58009e-11	
0.135	6.35657e-11	5.65272e-11	
0.136	6.43941e-11	5.72577e-11	
0.137	6.52269e-11	5.79922e-11	
0.138	6.60633e-11	5.87293e-11	
0.139	6.69038e-11	5.94712e-11	
0.14	6.77479e-11	6.02161e-11	
0.141	6.85957e-11	6.09639e-11	
0.142	6.9447e-11	6.17156e-11	
0.143	7.03024e-11	6.24708e-11	
0.144	7.11618e-11	6.32304e-11	
0.145	7.20248e-11	6.39936e-11	
0.146	7.28913e-11	6.47598e-11	
0.147	7.3762e-11	6.55297e-11	
0.148	7.46366e-11	6.63043e-11	
0.149	7.55145e-11	6.70815e-11	
0.15	7.63986e-11	6.78636e-11	
0.151	7.72871e-11	6.86493e-11	
0.152	7.81792e-11	6.9438e-11	
0.153	7.90754e-11	7.02311e-11	
0.154	7.99749e-11	7.10269e-11	
0.155	8.08779e-11	7.18263e-11	
0.156	8.17841e-11	7.26275e-11	
0.157	8.26945e-11	7.34316e-11	
0.158	8.36086e-11	7.42392e-11	
0.159	8.45262e-11	7.50495e-11	
0.16	8.54461e-11	7.5863e-11	
0.161	8.63693e-11	7.66786e-11	
0.162	8.72958e-11	7.74969e-11	
0.163	8.82257e-11	7.83186e-11	
0.164	8.91591e-11	7.91432e-11	
0.165	9.00962e-11	7.99723e-11	
0.166	9.10358e-11	8.0804e-11	
0.167	9.19788e-11	8.1639e-11	
0.168	9.29248e-11	8.24761e-11	
0.169	9.38743e-11	8.33157e-11	
0.17	9.48276e-11	8.41585e-11	
0.171	9.57844e-11	8.50046e-11	
0.172	9.67439e-11	8.58537e-11	
0.173	9.77084e-11	8.67068e-11	
0.174	9.86763e-11	8.75629e-11	
0.175	9.96472e-11	8.84216e-11	
0.176	1.00622e-10	8.92832e-11	
0.177	1.01598e-10	9.01467e-11	
0.178	1.02578e-10	9.10128e-11	
0.179	1.03561e-10	9.18816e-11	
0.18	1.04547e-10	9.27525e-11	
0.181	1.05536e-10	9.3626e-11	
0.182	1.06529e-10	9.45028e-11	
0.183	1.07525e-10	9.53839e-11	
0.184	1.08524e-10	9.62679e-11	
0.185	1.09525e-10	9.7154e-11	
0.186	1.10529e-10	9.80433e-11	
0.187	1.11536e-10	9.89358e-11	
0.188	1.12546e-10	9.98315e-11	
0.189	1.13559e-10	1.0073e-10	
0.19	1.14574e-10	1.0163e-10	
0.191	1.15591e-10	1.02533e-10	
0.192	1.1661e-10	1.03437e-10	
0.193	1.17633e-10	1.04345e-10	
0.194	1.18658e-10	1.05254e-10	
0.195	1.19686e-10	1.06166e-10	
0.196	1.20716e-10	1.07081e-10	
0.197	1.21749e-10	1.07997e-10	
0.198	1.22785e-10	1.08915e-10	
0.199	1.23823e-10	1.09836e-10	
0.2	1.24863e-10	1.10759e-10	
0.201	1.25906e-10	1.11685e-10	
0.202	1.26951e-10	1.12613e-10	
0.203	1.27999e-10	1.13543e-10	
0.204	1.2905e-10	1.14475e-10	
0.205	1.30103e-10	1.1541e-10	
0.206	1.31158e-10	1.16347e-10	
0.207	1.32216e-10	1.17286e-10	
0.208	1.33275e-10	1.18228e-10	
0.209	1.34337e-10	1.19171e-10	
0.21	1.35401e-10	1.20116e-10	
0.211	1.36467e-10	1.21064e-10	
0.212	1.37536e-10	1.22013e-10	
0.213	1.38607e-10	1.22966e-10	
0.214	1.39677e-10	1.23919e-10	
0.215	1.4075e-10	1.24874e-10	
0.216	1.41825e-10	1.25832e-10	
0.217	1.42903e-10	1.26791e-10	
0.218	1.43983e-10	1.27753e-10	
0.219	1.45064e-10	1.28716e-10	
0.22	1.46148e-10	1.2968e-10	
0.221	1.47233e-10	1.30647e-10	
0.222	1.48322e-10	1.31615e-10	
0.223	1.49413e-10	1.32586e-10	
0.224	1.50506e-10	1.33559e-10	
0.225	1.516e-10	1.34534e-10	
0.226	1.52697e-10	1.3551e-10	
0.227	1.53796e-10	1.36487e-10	
0.228	1.54895e-10	1.37465e-10	
0.229	1.55997e-10	1.38446e-10	
0.23	1.57101e-10	1.39428e-10	
0.231	1.58208e-10	1.40411e-10	
0.232	1.59316e-10	1.41396e-10	
0.233	1.60429e-10	1.42385e-10	
0.234	1.61544e-10	1.43376e-10	
0.235	1.62661e-10	1.44368e-10	
0.236	1.63779e-10	1.45362e-10	
0.237	1.64898e-10	1.46357e-10	
0.238	1.66018e-10	1.47354e-10	
0.239	1.67142e-10	1.48353e-10	
0.24	1.68267e-10	1.49353e-10	
0.241	1.69394e-10	1.50355e-10	
0.242	1.70523e-10	1.51359e-10	
0.243	1.71654e-10	1.52364e-10	
0.244	1.72784e-10	1.5337e-10	
0.245	1.73916e-10	1.54377e-10	
0.246	1.75049e-10	1.55386e-10	
0.247	1.76184e-10	1.56397e-10	
0.248	1.7732e-10	1.57409e-10	
0.249	1.78459e-10	1.58424e-10	
0.25	1.79601e-10	1.59442e-10	
0.251	1.80744e-10	1.60462e-10	
0.252	1.81889e-10	1.61483e-10	
0.253	1.83035e-10	1.62507e-10	
0.254	1.84183e-10	1.63532e-10	
0.255	1.85333e-10	1.64559e-10	
0.256	1.86484e-10	1.65588e-10	
0.257	1.87637e-10	1.6662e-10	
0.258	1.88791e-10	1.67652e-10	
0.259	1.89947e-10	1.68686e-10	
0.26	1.91104e-10	1.69721e-10	
0.261	1.92265e-10	1.70759e-10	
0.262	1.93427e-10	1.71798e-10	
0.263	1.9459e-10	1.72838e-10	
0.264	1.95754e-10	1.73879e-10	
0.265	1.96921e-10	1.74922e-10	
0.266	1.9809e-10	1.75968e-10	
0.267	1.9926e-10	1.77015e-10	
0.268	2.00432e-10	1.78064e-10	
0.269	2.01605e-10	1.79113e-10	
0.27	2.0278e-10	1.80164e-10	
0.271	2.03957e-10	1.81217e-10	
0.272	2.05133e-10	1.82269e-10	
0.273	2.06309e-10	1.83322e-10	
0.274	2.07486e-10	1.84377e-10	
0.275	2.08665e-10	1.85432e-10	
0.276	2.09845e-10	1.86489e-10	
0.277	2.11027e-10	1.87547e-10	
0.278	2.1221e-10	1.88606e-10	
0.279	2.13394e-10	1.89667e-10	
0.28	2.14579e-10	1.90729e-10	
0.281	2.15766e-10	1.91792e-10	
0.282	2.16954e-10	1.92857e-10	
0.283	2.18143e-10	1.93922e-10	
0.284	2.19333e-10	1.94989e-10	
0.285	2.20524e-10	1.96057e-10	
0.286	2.21717e-10	1.97126e-10	
0.287	2.2291e-10	1.98196e-10	
0.288	2.24104e-10	1.99267e-10	
0.289	2.25298e-10	2.00338e-10	
0.29	2.26493e-10	2.01411e-10	
0.291	2.27691e-10	2.02486e-10	
0.292	2.28889e-10	2.03561e-10	
0.293	2.3009e-10	2.04638e-10	
0.294	2.31291e-10	2.05716e-10	
0.295	2.32494e-10	2.06795e-10	
0.296	2.33697e-10	2.07874e-10	
0.297	2.34901e-10	2.08954e-10	
0.298	2.36106e-10	2.10036e-10	
0.299	2.37316e-10	2.1112e-10	
0.3	2.38527e-10	2.12204e-10	
0.301	2.3974e-10	2.1329e-10	
0.302	2.40953e-10	2.14377e-10	
0.303	2.42168e-10	2.15464e-10	
0.304	2.43383e-10	2.16552e-10	
0.305	2.446e-10	2.17642e-10	
0.306	2.45817e-10	2.18732e-10	
0.307	2.47035e-10	2.19824e-10	
0.308	2.48254e-10	2.20916e-10	
0.309	2.49475e-10	2.22009e-10	
0.31	2.50695e-10	2.23103e-10	
0.311	2.51917e-10	2.24197e-10	
0.312	2.53141e-10	2.25293e-10	
0.313	2.54365e-10	2.2639e-10	
0.314	2.55595e-10	2.27491e-10	
0.315	2.56827e-10	2.28594e-10	
0.316	2.58059e-10	2.29697e-10	
0.317	2.59293e-10	2.30801e-10	
0.318	2.60526e-10	2.31906e-10	
0.319	2.61761e-10	2.33012e-10	
0.32	2.62995e-10	2.34118e-10	
0.321	2.64231e-10	2.35225e-10	
0.322	2.65468e-10	2.36333e-10	
0.323	2.66705e-10	2.37442e-10	
0.324	2.67944e-10	2.38551e-10	
0.325	2.69182e-10	2.39662e-10	
0.326	2.70421e-10	2.40773e-10	
0.327	2.71662e-10	2.41884e-10	
0.328	2.72903e-10	2.42997e-10	
0.329	2.74146e-10	2.4411e-10	
0.33	2.75389e-10	2.45225e-10	
0.331	2.76633e-10	2.46342e-10	
0.332	2.77879e-10	2.47458e-10	
0.333	2.79123e-10	2.48574e-10	
0.334	2.80368e-10	2.49691e-10	
0.335	2.81614e-10	2.50808e-10	
0.336	2.82859e-10	2.51925e-10	
0.337	2.84106e-10	2.53042e-10	
0.338	2.85352e-10	2.5416e-10	
0.339	2.866e-10	2.55279e-10	
0.34	2.87848e-10	2.56398e-10	
0.341	2.89096e-10	2.57518e-10	
0.342	2.90344e-10	2.58636e-10	
0.343	2.91593e-10	2.59756e-10	
0.344	2.92841e-10	2.60876e-10	
0.345	2.9409e-10	2.61996e-10	
0.346	2.95339e-10	2.63116e-10	
0.347	2.96588e-10	2.64237e-10	
0.348	2.97839e-10	2.65358e-10	
0.349	2.9909e-10	2.6648e-10	
0.35	3.00342e-10	2.67601e-10	
0.351	3.01593e-10	2.68723e-10	
0.352	3.02845e-10	2.69844e-10	
0.353	3.04096e-10	2.70965e-10	
0.354	3.05347e-10	2.72087e-10	
0.355	3.06599e-10	2.73208e-10	
0.356	3.07854e-10	2.74331e-10	
0.357	3.09111e-10	2.75456e-10	
0.358	3.10368e-10	2.7658e-10	
0.359	3.11627e-10	2.77705e-10	
0.36	3.12885e-10	2.7883e-10	
0.361	3.14144e-10	2.79955e-10	
0.362	3.15404e-10	2.81081e-10	
0.363	3.16664e-10	2.82206e-10	
0.364	3.17924e-10	2.83331e-10	
0.365	3.19185e-10	2.84458e-10	
0.366	3.20447e-10	2.85584e-10	
0.367	3.21708e-10	2.8671e-10	
0.368	3.2297e-10	2.87836e-10	
0.369	3.24234e-10	2.88963e-10	
0.37	3.25498e-10	2.9009e-10	
0.371	3.26762e-10	2.91218e-10	
0.372	3.28028e-10	2.92347e-10	
0.373	3.29293e-10	2.93475e-10	
0.374	3.30559e-10	2.94604e-10	
0.375	3.31825e-10	2.95732e-10	
0.376	3.33091e-10	2.96861e-10	
0.377	3.34359e-10	2.9799e-10	
0.378	3.35625e-10	2.99119e-10	
0.379	3.36892e-10	3.00248e-10	
0.38	3.38158e-10	3.01377e-10	
0.381	3.39425e-10	3.02505e-10	
0.382	3.40693e-10	3.03634e-10	
0.383	3.4196e-10	3.04763e-10	
0.384	3.43228e-10	3.05892e-10	
0.385	3.44496e-10	3.07021e-10	
0.386	3.45765e-10	3.08151e-10	
0.387	3.47034e-10	3.09281e-10	
0.388	3.48303e-10	3.10411e-10	
0.389	3.49573e-10	3.11541e-10	
0.39	3.50843e-10	3.12671e-10	
0.391	3.52114e-10	3.13801e-10	
0.392	3.53386e-10	3.14931e-10	
0.393	3.54657e-10	3.16061e-10	
0.394	3.55929e-10	3.17191e-10	
0.395	3.57202e-10	3.18322e-10	
0.396	3.58475e-10	3.19453e-10	
0.397	3.5975e-10	3.20584e-10	
0.398	3.61025e-10	3.21716e-10	
0.399	3.62301e-10	3.22848e-10	
0.4	3.63576e-10	3.2398e-10	
0.401	3.64851e-10	3.25111e-10	
0.402	3.66126e-10	3.26242e-10	
0.403	3.67399e-10	3.27372e-10	
0.404	3.68673e-10	3.28503e-10	
0.405	3.69947e-10	3.29633e-10	
0.406	3.71221e-10	3.30764e-10	
0.407	3.72496e-10	3.31895e-10	
0.408	3.73771e-10	3.33026e-10	
0.409	3.75046e-10	3.34157e-10	
0.41	3.76321e-10	3.35287e-10	
0.411	3.77597e-10	3.36418e-10	
0.412	3.78874e-10	3.37548e-10	
0.413	3.80152e-10	3.3868e-10	
0.414	3.81431e-10	3.39812e-10	
0.415	3.8271e-10	3.40944e-10	
0.416	3.8399e-10	3.42076e-10	
0.417	3.85271e-10	3.43208e-10	
0.418	3.86552e-10	3.4434e-10	
0.419	3.87833e-10	3.45472e-10	
0.42	3.89114e-10	3.46603e-10	
0.421	3.90395e-10	3.47734e-10	
0.422	3.91676e-10	3.48864e-10	
0.423	3.92957e-10	3.49995e-10	
0.424	3.94238e-10	3.51125e-10	
0.425	3.95516e-10	3.52253e-10	
0.426	3.96793e-10	3.53381e-10	
0.427	3.9807e-10	3.54508e-10	
0.428	3.99346e-10	3.55635e-10	
0.429	4.00624e-10	3.56762e-10	
0.43	4.01901e-10	3.57888e-10	
0.431	4.03178e-10	3.59015e-10	
0.432	4.04455e-10	3.60141e-10	
0.433	4.05731e-10	3.61267e-10	
0.434	4.07007e-10	3.62393e-10	
0.435	4.08283e-10	3.63518e-10	
0.436	4.09558e-10	3.64642e-10	
0.437	4.10834e-10	3.65767e-10	
0.438	4.12108e-10	3.6689e-10	
0.439	4.13381e-10	3.68013e-10	
0.44	4.14654e-10	3.69136e-10	
0.441	4.15927e-10	3.70258e-10	
0.442	4.17199e-10	3.7138e-10	
0.443	4.1847e-10	3.72502e-10	
0.444	4.19742e-10	3.73623e-10	
0.445	4.21013e-10	3.74743e-10	
0.446	4.22283e-10	3.75863e-10	
0.447	4.23552e-10	3.76982e-10	
0.448	4.24821e-10	3.781e-10	
0.449	4.26091e-10	3.79219e-10	
0.45	4.2736e-10	3.80337e-10	
0.451	4.28629e-10	3.81455e-10	
0.452	4.29897e-10	3.82572e-10	
0.453	4.31167e-10	3.83689e-10	
0.454	4.32435e-10	3.84806e-10	
0.455	4.33705e-10	3.85924e-10	
0.456	4.34975e-10	3.87041e-10	
0.457	4.36245e-10	3.88157e-10	
0.458	4.37514e-10	3.89273e-10	
0.459	4.38781e-10	3.90389e-10	
0.46	4.4005e-10	3.91505e-10	
0.461	4.4132e-10	3.92621e-10	
0.462	4.42589e-10	3.93737e-10	
0.463	4.43857e-10	3.94852e-10	
0.464	4.45126e-10	3.95967e-10	
0.465	4.46394e-10	3.97082e-10	
0.466	4.47661e-10	3.98196e-10	
0.467	4.48929e-10	3.9931e-10	
0.468	4.50195e-10	4.00423e-10	
0.469	4.51462e-10	4.01537e-10	
0.47	4.52728e-10	4.0265e-10	
0.471	4.53991e-10	4.03761e-10	
0.472	4.55254e-10	4.04872e-10	
0.473	4.56517e-10	4.05983e-10	
0.474	4.57779e-10	4.07093e-10	
0.475	4.59043e-10	4.08204e-10	
0.476	4.60306e-10	4.09314e-10	
0.477	4.61566e-10	4.10423e-10	
0.478	4.62827e-10	4.11532e-10	
0.479	4.64087e-10	4.12641e-10	
0.48	4.65349e-10	4.1375e-10	
0.481	4.66611e-10	4.14859e-10	
0.482	4.67872e-10	4.15967e-10	
0.483	4.69134e-10	4.17076e-10	
0.484	4.70394e-10	4.18183e-10	
0.485	4.71652e-10	4.1929e-10	
0.486	4.72909e-10	4.20395e-10	
0.487	4.74166e-10	4.21501e-10	
0.488	4.75422e-10	4.22605e-10	
0.489	4.76677e-10	4.23709e-10	
0.49	4.77933e-10	4.24814e-10	
0.491	4.7919e-10	4.25918e-10	
0.492	4.80445e-10	4.27021e-10	
0.493	4.81699e-10	4.28123e-10	
0.494	4.82951e-10	4.29225e-10	
0.495	4.84204e-10	4.30326e-10	
0.496	4.85458e-10	4.31427e-10	
0.497	4.86711e-10	4.32528e-10	
0.498	4.87963e-10	4.33627e-10	
0.499	4.89213e-10	4.34726e-10	
0.5	4.90465e-10	4.35825e-10	
0.501	4.91715e-10	4.36923e-10	
0.502	4.92964e-10	4.3802e-10	
0.503	4.94213e-10	4.39117e-10	
0.504	4.95461e-10	4.40213e-10	
0.505	4.96707e-10	4.41308e-10	
0.506	4.97953e-10	4.42403e-10	
0.507	4.99199e-10	4.43497e-10	
0.508	5.00444e-10	4.44591e-10	
0.509	5.01689e-10	4.45684e-10	
0.51	5.02933e-10	4.46777e-10	
0.511	5.04177e-10	4.47869e-10	
0.512	5.05419e-10	4.4896e-10	
0.513	5.06663e-10	4.50052e-10	
0.514	5.07905e-10	4.51143e-10	
0.515	5.09147e-10	4.52233e-10	
0.516	5.10388e-10	4.53323e-10	
0.517	5.11627e-10	4.54411e-10	
0.518	5.12865e-10	4.55498e-10	
0.519	5.14102e-10	4.56585e-10	
0.52	5.15339e-10	4.57671e-10	
0.521	5.16576e-10	4.58756e-10	
0.522	5.17814e-10	4.59843e-10	
0.523	5.19052e-10	4.6093e-10	
0.524	5.20289e-10	4.62015e-10	
0.525	5.21526e-10	4.631e-10	
0.526	5.22762e-10	4.64185e-10	
0.527	5.23997e-10	4.65268e-10	
0.528	5.25231e-10	4.66351e-10	
0.529	5.26466e-10	4.67434e-10	
0.53	5.27701e-10	4.68516e-10	
0.531	5.28936e-10	4.69598e-10	
0.532	5.3017e-10	4.7068e-10	
0.533	5.31404e-10	4.71761e-10	
0.534	5.32638e-10	4.72842e-10	
0.535	5.33871e-10	4.73922e-10	
0.536	5.35103e-10	4.75001e-10	
0.537	5.36334e-10	4.7608e-10	
0.538	5.37566e-10	4.77159e-10	
0.539	5.38798e-10	4.78237e-10	
0.54	5.40028e-10	4.79315e-10	
0.541	5.41258e-10	4.80392e-10	
0.542	5.42486e-10	4.81468e-10	
0.543	5.43715e-10	4.82545e-10	
0.544	5.44944e-10	4.83621e-10	
0.545	5.46172e-10	4.84697e-10	
0.546	5.47401e-10	4.85773e-10	
0.547	5.48629e-10	4.86848e-10	
0.548	5.49857e-10	4.87923e-10	
0.549	5.51083e-10	4.88996e-10	
0.55	5.5231e-10	4.9007e-10	
0.551	5.53536e-10	4.91142e-10	
0.552	5.54761e-10	4.92214e-10	
0.553	5.55986e-10	4.93285e-10	
0.554	5.57209e-10	4.94356e-10	
0.555	5.58433e-10	4.95427e-10	
0.556	5.59658e-10	4.96497e-10	
0.557	5.60883e-10	4.97568e-10	
0.558	5.62108e-10	4.9864e-10	
0.559	5.63333e-10	4.99711e-10	
0.56	5.64557e-10	5.0078e-10	
0.561	5.6578e-10	5.01849e-10	
0.562	5.67004e-10	5.02918e-10	
0.563	5.68227e-10	5.03986e-10	
0.564	5.6945e-10	5.05053e-10	
0.565	5.70671e-10	5.0612e-10	
0.566	5.71893e-10	5.07186e-10	
0.567	5.73114e-10	5.08252e-10	
0.568	5.74334e-10	5.09317e-10	
0.569	5.75552e-10	5.1038e-10	
0.57	5.76772e-10	5.11444e-10	
0.571	5.7799e-10	5.12508e-10	
0.572	5.79208e-10	5.1357e-10	
0.573	5.80425e-10	5.14631e-10	
0.574	5.81642e-10	5.15692e-10	
0.575	5.82857e-10	5.16752e-10	
0.576	5.84071e-10	5.1781e-10	
0.577	5.85285e-10	5.18869e-10	
0.578	5.86499e-10	5.19926e-10	
0.579	5.87712e-10	5.20983e-10	
0.58	5.88925e-10	5.2204e-10	
0.581	5.90137e-10	5.23096e-10	
0.582	5.9135e-10	5.24152e-10	
0.583	5.92564e-10	5.25207e-10	
0.584	5.93777e-10	5.26262e-10	
0.585	5.9499e-10	5.27317e-10	
0.586	5.96203e-10	5.28371e-10	
0.587	5.97414e-10	5.29424e-10	
0.588	5.98625e-10	5.30476e-10	
0.589	5.99835e-10	5.31527e-10	
0.59	6.01044e-10	5.32577e-10	
0.591	6.02253e-10	5.33626e-10	
0.592	6.03461e-10	5.34675e-10	
0.593	6.04669e-10	5.35722e-10	
0.594	6.05879e-10	5.36772e-10	
0.595	6.07089e-10	5.3782e-10	
0.596	6.08296e-10	5.38866e-10	
0.597	6.09502e-10	5.39911e-10	
0.598	6.10708e-10	5.40955e-10	
0.599	6.11913e-10	5.41999e-10	
0.6	6.13118e-10	5.43041e-10	
0.601	6.14322e-10	5.44083e-10	
0.602	6.15526e-10	5.45123e-10	
0.603	6.16729e-10	5.46163e-10	
0.604	6.17933e-10	5.47203e-10	
0.605	6.19137e-10	5.48241e-10	
0.606	6.2034e-10	5.49279e-10	
0.607	6.21542e-10	5.50316e-10	
0.608	6.22745e-10	5.51352e-10	
0.609	6.23948e-10	5.52388e-10	
0.61	6.25151e-10	5.53424e-10	
0.611	6.26353e-10	5.54458e-10	
0.612	6.27554e-10	5.55491e-10	
0.613	6.28754e-10	5.56524e-10	
0.614	6.29955e-10	5.57555e-10	
0.615	6.31155e-10	5.58586e-10	
0.616	6.32353e-10	5.59615e-10	
0.617	6.33551e-10	5.60644e-10	
0.618	6.34747e-10	5.61671e-10	
0.619	6.35942e-10	5.62697e-10	
0.62	6.37137e-10	5.63722e-10	
0.621	6.3833e-10	5.64745e-10	
0.622	6.39523e-10	5.65768e-10	
0.623	6.40716e-10	5.6679e-10	
0.624	6.41908e-10	5.67811e-10	
0.625	6.431e-10	5.68831e-10	
0.626	6.44291e-10	5.69851e-10	
0.627	6.45482e-10	5.7087e-10	
0.628	6.46675e-10	5.71889e-10	
0.629	6.47865e-10	5.72906e-10	
0.63	6.49054e-10	5.73921e-10	
0.631	6.50241e-10	5.74935e-10	
0.632	6.51428e-10	5.75948e-10	
0.633	6.52615e-10	5.7696e-10	
0.634	6.53801e-10	5.77971e-10	
0.635	6.54987e-10	5.78982e-10	
0.636	6.56171e-10	5.7999e-10	
0.637	6.57355e-10	5.80997e-10	
0.638	6.58538e-10	5.82004e-10	
0.639	6.59723e-10	5.8301e-10	
0.64	6.60906e-10	5.84015e-10	
0.641	6.6209e-10	5.85019e-10	
0.642	6.63273e-10	5.86023e-10	
0.643	6.64456e-10	5.87025e-10	
0.644	6.65639e-10	5.88026e-10	
0.645	6.66821e-10	5.89027e-10	
0.646	6.68003e-10	5.90026e-10	
0.647	6.69184e-10	5.91025e-10	
0.648	6.70364e-10	5.92022e-10	
0.649	6.71545e-10	5.93018e-10	
0.65	6.72723e-10	5.94013e-10	
0.651	6.73901e-10	5.95006e-10	
0.652	6.7508e-10	5.95999e-10	
0.653	6.76259e-10	5.96992e-10	
0.654	6.77437e-10	5.97985e-10	
0.655	6.78615e-10	5.98976e-10	
0.656	6.79792e-10	5.99966e-10	
0.657	6.80966e-10	6.00955e-10	
0.658	6.8214e-10	6.01942e-10	
0.659	6.83312e-10	6.02928e-10	
0.66	6.84483e-10	6.03912e-10	
0.661	6.85656e-10	6.04897e-10	
0.662	6.86828e-10	6.05881e-10	
0.663	6.87999e-10	6.06864e-10	
0.664	6.8917e-10	6.07846e-10	
0.665	6.9034e-10	6.08827e-10	
0.666	6.9151e-10	6.09807e-10	
0.667	6.92679e-10	6.10786e-10	
0.668	6.93848e-10	6.11764e-10	
0.669	6.95016e-10	6.12741e-10	
0.67	6.96183e-10	6.13716e-10	
0.671	6.97348e-10	6.1469e-10	
0.672	6.98514e-10	6.15663e-10	
0.673	6.99679e-10	6.16635e-10	
0.674	7.00844e-10	6.17606e-10	
0.675	7.02007e-10	6.18575e-10	
0.676	7.03169e-10	6.19544e-10	
0.677	7.04331e-10	6.20511e-10	
0.678	7.05493e-10	6.21477e-10	
0.679	7.06654e-10	6.22443e-10	
0.68	7.07814e-10	6.23407e-10	
0.681	7.08975e-10	6.24371e-10	
0.682	7.10136e-10	6.25334e-10	
0.683	7.11297e-10	6.26296e-10	
0.684	7.12457e-10	6.27257e-10	
0.685	7.13617e-10	6.28218e-10	
0.686	7.14777e-10	6.29178e-10	
0.687	7.15936e-10	6.30137e-10	
0.688	7.17095e-10	6.31095e-10	
0.689	7.18253e-10	6.32051e-10	
0.69	7.1941e-10	6.33008e-10	
0.691	7.20568e-10	6.33963e-10	
0.692	7.21723e-10	6.34917e-10	
0.693	7.22878e-10	6.35869e-10	
0.694	7.24032e-10	6.36821e-10	
0.695	7.25186e-10	6.37772e-10	
0.696	7.2634e-10	6.38723e-10	
0.697	7.27494e-10	6.39673e-10	
0.698	7.28648e-10	6.40623e-10	
0.699	7.298e-10	6.41571e-10	
0.7	7.30952e-10	6.42519e-10	
0.701	7.32103e-10	6.43465e-10	
0.702	7.33254e-10	6.4441e-10	
0.703	7.34405e-10	6.45355e-10	
0.704	7.35555e-10	6.46298e-10	
0.705	7.36707e-10	6.47242e-10	
0.706	7.37858e-10	6.48185e-10	
0.707	7.39009e-10	6.49127e-10	
0.708	7.40159e-10	6.50068e-10	
0.709	7.41309e-10	6.51009e-10	
0.71	7.42458e-10	6.51948e-10	
0.711	7.43607e-10	6.52887e-10	
0.712	7.44754e-10	6.53823e-10	
0.713	7.45901e-10	6.5476e-10	
0.714	7.47047e-10	6.55695e-10	
0.715	7.48191e-10	6.56629e-10	
0.716	7.49335e-10	6.57561e-10	
0.717	7.50477e-10	6.58493e-10	
0.718	7.51619e-10	6.59423e-10	
0.719	7.5276e-10	6.60353e-10	
0.72	7.539e-10	6.61281e-10	
0.721	7.55039e-10	6.62209e-10	
0.722	7.56177e-10	6.63135e-10	
0.723	7.57316e-10	6.64062e-10	
0.724	7.58458e-10	6.6499e-10	
0.725	7.596e-10	6.65919e-10	
0.726	7.60743e-10	6.66847e-10	
0.727	7.61883e-10	6.67773e-10	
0.728	7.63023e-10	6.68699e-10	
0.729	7.64163e-10	6.69624e-10	
0.73	7.65302e-10	6.70548e-10	
0.731	7.66438e-10	6.7147e-10	
0.732	7.67574e-10	6.72392e-10	
0.733	7.68708e-10	6.73311e-10	
0.734	7.69841e-10	6.7423e-10	
0.735	7.70975e-10	6.75147e-10	
0.736	7.72108e-10	6.76065e-10	
0.737	7.73241e-10	6.76982e-10	
0.738	7.74374e-10	6.77898e-10	
0.739	7.75506e-10	6.78814e-10	
0.74	7.76639e-10	6.79729e-10	
0.741	7.77769e-10	6.80642e-10	
0.742	7.78899e-10	6.81554e-10	
0.743	7.80027e-10	6.82465e-10	
0.744	7.81157e-10	6.83376e-10	
0.745	7.82285e-10	6.84286e-10	
0.746	7.83412e-10	6.85194e-10	
0.747	7.84538e-10	6.86102e-10	
0.748	7.85664e-10	6.87009e-10	
0.749	7.86789e-10	6.87914e-10	
0.75	7.87913e-10	6.88818e-10	
0.751	7.89036e-10	6.89722e-10	
0.752	7.90159e-10	6.90624e-10	
0.753	7.91282e-10	6.91526e-10	
0.754	7.92403e-10	6.92426e-10	
0.755	7.93524e-10	6.93326e-10	
0.756	7.94644e-10	6.94225e-10	
0.757	7.95763e-10	6.95122e-10	
0.758	7.96881e-10	6.96018e-10	
0.759	7.97999e-10	6.96914e-10	
0.76	7.99116e-10	6.97809e-10	
0.761	8.00233e-10	6.98703e-10	
0.762	8.01349e-10	6.99595e-10	
0.763	8.02464e-10	7.00487e-10	
0.764	8.03578e-10	7.01377e-10	
0.765	8.0469e-10	7.02266e-10	
0.766	8.05803e-10	7.03154e-10	
0.767	8.06915e-10	7.04042e-10	
0.768	8.08026e-10	7.04928e-10	
0.769	8.09137e-10	7.05814e-10	
0.77	8.10248e-10	7.06699e-10	
0.771	8.11358e-10	7.07584e-10	
0.772	8.12467e-10	7.08467e-10	
0.773	8.13576e-10	7.09349e-10	
0.774	8.14685e-10	7.10231e-10	
0.775	8.15793e-10	7.11112e-10	
0.776	8.169e-10	7.11993e-10	
0.777	8.18008e-10	7.12873e-10	
0.778	8.19116e-10	7.13754e-10	
0.779	8.20224e-10	7.14634e-10	
0.78	8.21331e-10	7.15513e-10	
0.781	8.22438e-10	7.16391e-10	
0.782	8.23545e-10	7.17269e-10	
0.783	8.24652e-10	7.18147e-10	
0.784	8.2576e-10	7.19025e-10	
0.785	8.26868e-10	7.19903e-10	
0.786	8.27975e-10	7.2078e-10	
0.787	8.29083e-10	7.21657e-10	
0.788	8.30191e-10	7.22534e-10	
0.789	8.31299e-10	7.2341e-10	
0.79	8.32405e-10	7.24286e-10	
0.791	8.33511e-10	7.25161e-10	
0.792	8.34617e-10	7.26036e-10	
0.793	8.35723e-10	7.2691e-10	
0.794	8.3683e-10	7.27785e-10	
0.795	8.37936e-10	7.2866e-10	
0.796	8.39042e-10	7.29534e-10	
0.797	8.40148e-10	7.30407e-10	
0.798	8.41253e-10	7.3128e-10	
0.799	8.42355e-10	7.3215e-10	
0.8	8.43455e-10	7.33019e-10	
0.801	8.44554e-10	7.33887e-10	
0.802	8.45651e-10	7.34754e-10	
0.803	8.46748e-10	7.35619e-10	
0.804	8.47845e-10	7.36485e-10	
0.805	8.48941e-10	7.3735e-10	
0.806	8.50037e-10	7.38213e-10	
0.807	8.51132e-10	7.39076e-10	
0.808	8.52227e-10	7.39939e-10	
0.809	8.53318e-10	7.40799e-10	
0.81	8.54408e-10	7.41658e-10	
0.811	8.55497e-10	7.42515e-10	
0.812	8.56586e-10	7.43373e-10	
0.813	8.57675e-10	7.4423e-10	
0.814	8.58764e-10	7.45087e-10	
0.815	8.59852e-10	7.45943e-10	
0.816	8.60939e-10	7.46798e-10	
0.817	8.62026e-10	7.47652e-10	
0.818	8.63112e-10	7.48506e-10	
0.819	8.64197e-10	7.49359e-10	
0.82	8.65282e-10	7.50212e-10	
0.821	8.66366e-10	7.51063e-10	
0.822	8.67448e-10	7.51913e-10	
0.823	8.68529e-10	7.52763e-10	
0.824	8.69611e-10	7.53612e-10	
0.825	8.70693e-10	7.54461e-10	
0.826	8.71774e-10	7.55309e-10	
0.827	8.72855e-10	7.56157e-10	
0.828	8.73934e-10	7.57003e-10	
0.829	8.75012e-10	7.57849e-10	
0.83	8.76091e-10	7.58694e-10	
0.831	8.77168e-10	7.59538e-10	
0.832	8.78245e-10	7.60382e-10	
0.833	8.79321e-10	7.61225e-10	
0.834	8.80397e-10	7.62067e-10	
0.835	8.81471e-10	7.62908e-10	
0.836	8.82545e-10	7.63748e-10	
0.837	8.83619e-10	7.64588e-10	
0.838	8.84691e-10	7.65427e-10	
0.839	8.85763e-10	7.66265e-10	
0.84	8.86835e-10	7.67103e-10	
0.841	8.87905e-10	7.67939e-10	
0.842	8.88976e-10	7.68776e-10	
0.843	8.90046e-10	7.69612e-10	
0.844	8.91115e-10	7.70447e-10	
0.845	8.92184e-10	7.71281e-10	
0.846	8.93251e-10	7.72115e-10	
0.847	8.94318e-10	7.72947e-10	
0.848	8.95384e-10	7.7378e-10	
0.849	8.9645e-10	7.74612e-10	
0.85	8.97516e-10	7.75443e-10	
0.851	8.98581e-10	7.76274e-10	
0.852	8.99646e-10	7.77105e-10	
0.853	9.00711e-10	7.77935e-10	
0.854	9.01775e-10	7.78765e-10	
0.855	9.02839e-10	7.79595e-10	
0.856	9.03901e-10	7.80423e-10	
0.857	9.04962e-10	7.81251e-10	
0.858	9.06022e-10	7.82078e-10	
0.859	9.07084e-10	7.82906e-10	
0.86	9.08145e-10	7.83733e-10	
0.861	9.09205e-10	7.8456e-10	
0.862	9.10265e-10	7.85386e-10	
0.863	9.11324e-10	7.86211e-10	
0.864	9.12381e-10	7.87035e-10	
0.865	9.13437e-10	7.87858e-10	
0.866	9.14493e-10	7.88681e-10	
0.867	9.15549e-10	7.89503e-10	
0.868	9.16606e-10	7.90326e-10	
0.869	9.17661e-10	7.91148e-10	
0.87	9.18715e-10	7.91969e-10	
0.871	9.19768e-10	7.9279e-10	
0.872	9.20823e-10	7.93612e-10	
0.873	9.21878e-10	7.94434e-10	
0.874	9.22933e-10	7.95255e-10	
0.875	9.23987e-10	7.96077e-10	
0.876	9.25041e-10	7.96898e-10	
0.877	9.26097e-10	7.9772e-10	
0.878	9.27151e-10	7.98541e-10	
0.879	9.28205e-10	7.99362e-10	
0.88	9.29259e-10	8.00182e-10	
0.881	9.30313e-10	8.01003e-10	
0.882	9.31367e-10	8.01823e-10	
0.883	9.32419e-10	8.02641e-10	
0.884	9.33469e-10	8.03459e-10	
0.885	9.34519e-10	8.04277e-10	
0.886	9.35569e-10	8.05094e-10	
0.887	9.36618e-10	8.0591e-10	
0.888	9.37667e-10	8.06726e-10	
0.889	9.38715e-10	8.07542e-10	
0.89	9.39762e-10	8.08356e-10	
0.891	9.4081e-10	8.09172e-10	
0.892	9.41859e-10	8.09987e-10	
0.893	9.42907e-10	8.10802e-10	
0.894	9.43955e-10	8.11617e-10	
0.895	9.45001e-10	8.1243e-10	
0.896	9.46047e-10	8.13244e-10	
0.897	9.47093e-10	8.14057e-10	
0.898	9.48138e-10	8.14869e-10	
0.899	9.49183e-10	8.15682e-10	
0.9	9.50227e-10	8.16493e-10	
0.901	9.51269e-10	8.17304e-10	
0.902	9.52311e-10	8.18114e-10	
0.903	9.53354e-10	8.18925e-10	
0.904	9.54397e-10	8.19736e-10	
0.905	9.5544e-10	8.20547e-10	
0.906	9.5648e-10	8.21356e-10	
0.907	9.5752e-10	8.22164e-10	
0.908	9.58557e-10	8.22971e-10	
0.909	9.59595e-10	8.23778e-10	
0.91	9.60632e-10	8.24585e-10	
0.911	9.61666e-10	8.2539e-10	
0.912	9.62702e-10	8.26196e-10	
0.913	9.63738e-10	8.27003e-10	
0.914	9.64774e-10	8.2781e-10	
0.915	9.6581e-10	8.28616e-10	
0.916	9.66844e-10	8.29422e-10	
0.917	9.67879e-10	8.30227e-10	
0.918	9.68913e-10	8.31032e-10	
0.919	9.69947e-10	8.31837e-10	
0.92	9.70981e-10	8.32642e-10	
0.921	9.72014e-10	8.33446e-10	
0.922	9.73049e-10	8.34251e-10	
0.923	9.74084e-10	8.35056e-10	
0.924	9.7512e-10	8.35862e-10	
0.925	9.76155e-10	8.36667e-10	
0.926	9.77192e-10	8.37474e-10	
0.927	9.78228e-10	8.38279e-10	
0.928	9.79263e-10	8.39084e-10	
0.929	9.803e-10	8.3989e-10	
0.93	9.81335e-10	8.40695e-10	
0.931	9.82371e-10	8.41501e-10	
0.932	9.83406e-10	8.42305e-10	
0.933	9.8444e-10	8.4311e-10	
0.934	9.85475e-10	8.43914e-10	
0.935	9.86509e-10	8.44718e-10	
0.936	9.87543e-10	8.45521e-10	
0.937	9.88576e-10	8.46324e-10	
0.938	9.8961e-10	8.47127e-10	
0.939	9.90644e-10	8.47931e-10	
0.94	9.91678e-10	8.48734e-10	
0.941	9.92713e-10	8.49538e-10	
0.942	9.93746e-10	8.50341e-10	
0.943	9.94779e-10	8.51144e-10	
0.944	9.95811e-10	8.51946e-10	
0.945	9.96842e-10	8.52747e-10	
0.946	9.97874e-10	8.53548e-10	
0.947	9.98905e-10	8.54349e-10	
0.948	9.99936e-10	8.5515e-10	
0.949	1.00097e-09	8.55951e-10	
0.95	1.002e-09	8.56752e-10	
0.951	1.00303e-09	8.57552e-10	
0.952	1.00406e-09	8.58352e-10	
0.953	1.00509e-09	8.59152e-10	
0.954	1.00612e-09	8.59952e-10	
0.955	1.00715e-09	8.60751e-10	
0.956	1.00818e-09	8.6155e-10	
0.957	1.00921e-09	8.62348e-10	
0.958	1.01023e-09	8.63146e-10	
0.959	1.01126e-09	8.63944e-10	
0.96	1.01229e-09	8.64742e-10	
0.961	1.01332e-09	8.6554e-10	
0.962	1.01435e-09	8.66338e-10	
0.963	1.01538e-09	8.67135e-10	
0.964	1.0164e-09	8.67931e-10	
0.965	1.01743e-09	8.68726e-10	
0.966	1.01846e-09	8.69521e-10	
0.967	1.01948e-09	8.70315e-10	
0.968	1.02051e-09	8.71109e-10	
0.969	1.02154e-09	8.71903e-10	
0.97	1.02256e-09	8.72697e-10	
0.971	1.02359e-09	8.7349e-10	
0.972	1.02461e-09	8.74282e-10	
0.973	1.02564e-09	8.75074e-10	
0.974	1.02666e-09	8.75866e-10	
0.975	1.02769e-09	8.76657e-10	
0.976	1.02871e-09	8.77448e-10	
0.977	1.02973e-09	8.78238e-10	
0.978	1.03075e-09	8.79028e-10	
0.979	1.03178e-09	8.79817e-10	
0.98	1.0328e-09	8.80605e-10	
0.981	1.03382e-09	8.81394e-10	
0.982	1.03484e-09	8.82181e-10	
0.983	1.03586e-09	8.82967e-10	
0.984	1.03688e-09	8.83752e-10	
0.985	1.0379e-09	8.84538e-10	
0.986	1.03892e-09	8.85324e-10	
0.987	1.03994e-09	8.8611e-10	
0.988	1.04097e-09	8.86896e-10	
0.989	1.04199e-09	8.87682e-10	
0.99	1.04301e-09	8.88467e-10	
0.991	1.04403e-09	8.89252e-10	
0.992	1.04506e-09	8.90037e-10	
0.993	1.04608e-09	8.90821e-10	
0.994	1.0471e-09	8.91605e-10	
0.995	1.04812e-09	8.92388e-10	
0.996	1.04914e-09	8.93171e-10	
0.997	1.05016e-09	8.93954e-10	
0.998	1.05118e-09	8.94737e-10	
0.999	1.0522e-09	8.95519e-10	
1	1.05322e-09	8.963e-10	
1.001	1.05425e-09	8.97081e-10	
1.002	1.05527e-09	8.97862e-10	
1.003	1.05629e-09	8.98643e-10	
1.004	1.05731e-09	8.99424e-10	
1.005	1.05833e-09	9.00204e-10	
1.006	1.05935e-09	9.00983e-10	
1.007	1.06037e-09	9.01763e-10	
1.008	1.06139e-09	9.02541e-10	
1.009	1.06241e-09	9.03318e-10	
1.01	1.06343e-09	9.04095e-10	
1.011	1.06444e-09	9.04871e-10	
1.012	1.06546e-09	9.05647e-10	
1.013	1.06648e-09	9.06422e-10	
1.014	1.0675e-09	9.07198e-10	
1.015	1.06851e-09	9.07972e-10	
1.016	1.06953e-09	9.08747e-10	
1.017	1.07055e-09	9.09522e-10	
1.018	1.07157e-09	9.10297e-10	
1.019	1.07259e-09	9.11071e-10	
1.02	1.0736e-09	9.11845e-10	
1.021	1.07462e-09	9.12617e-10	
1.022	1.07564e-09	9.1339e-10	
1.023	1.07666e-09	9.14163e-10	
1.024	1.07768e-09	9.14936e-10	
1.025	1.0787e-09	9.15709e-10	
1.026	1.07972e-09	9.16481e-10	
1.027	1.08073e-09	9.17252e-10	
1.028	1.08175e-09	9.18023e-10	
1.029	1.08277e-09	9.18793e-10	
1.03	1.08379e-09	9.19562e-10	
1.031	1.0848e-09	9.20331e-10	
1.032	1.08582e-09	9.21099e-10	
1.033	1.08683e-09	9.21865e-10	
1.034	1.08785e-09	9.2263e-10	
1.035	1.08886e-09	9.23394e-10	
1.036	1.08987e-09	9.24157e-10	
1.037	1.09088e-09	9.24921e-10	
1.038	1.09189e-09	9.25684e-10	
1.039	1.09291e-09	9.26447e-10	
1.04	1.09392e-09	9.27211e-10	
1.041	1.09493e-09	9.27974e-10	
1.042	1.09595e-09	9.28736e-10	
1.043	1.09696e-09	9.29499e-10	
1.044	1.09797e-09	9.30261e-10	
1.045	1.09899e-09	9.31023e-10	
1.046	1.1e-09	9.31786e-10	
1.047	1.10102e-09	9.32547e-10	
1.048	1.10203e-09	9.33309e-10	
1.049	1.10304e-09	9.34068e-10	
1.05	1.10405e-09	9.34826e-10	
1.051	1.10506e-09	9.35584e-10	
1.052	1.10607e-09	9.36342e-10	
1.053	1.10708e-09	9.37101e-10	
1.054	1.10809e-09	9.37858e-10	
1.055	1.10911e-09	9.38616e-10	
1.056	1.11012e-09	9.39373e-10	
1.057	1.11113e-09	9.4013e-10	
1.058	1.11214e-09	9.40887e-10	
1.059	1.11315e-09	9.41644e-10	
1.06	1.11416e-09	9.42399e-10	
1.061	1.11517e-09	9.43154e-10	
1.062	1.11618e-09	9.43908e-10	
1.063	1.11719e-09	9.44662e-10	
1.064	1.1182e-09	9.45416e-10	
1.065	1.11921e-09	9.46169e-10	
1.066	1.12022e-09	9.46923e-10	
1.067	1.12123e-09	9.47676e-10	
1.068	1.12224e-09	9.48429e-10	
1.069	1.12325e-09	9.4918e-10	
1.07	1.12425e-09	9.49931e-10	
1.071	1.12526e-09	9.50683e-10	
1.072	1.12627e-09	9.51434e-10	
1.073	1.12728e-09	9.52185e-10	
1.074	1.12829e-09	9.52935e-10	
1.075	1.1293e-09	9.53685e-10	
1.076	1.1303e-09	9.54435e-10	
1.077	1.13131e-09	9.55185e-10	
1.078	1.13232e-09	9.55935e-10	
1.079	1.13332e-09	9.56684e-10	
1.08	1.13433e-09	9.57432e-10	
1.081	1.13534e-09	9.58181e-10	
1.082	1.13635e-09	9.5893e-10	
1.083	1.13735e-09	9.5968e-10	
1.084	1.13836e-09	9.6043e-10	
1.085	1.13937e-09	9.61179e-10	
1.086	1.14038e-09	9.61926e-10	
1.087	1.14138e-09	9.62674e-10	
1.088	1.14239e-09	9.63422e-10	
1.089	1.1434e-09	9.64168e-10	
1.09	1.1444e-09	9.64914e-10	
1.091	1.14541e-09	9.6566e-10	
1.092	1.14641e-09	9.66406e-10	
1.093	1.14742e-09	9.67151e-10	
1.094	1.14842e-09	9.67894e-10	
1.095	1.14942e-09	9.68637e-10	
1.096	1.15042e-09	9.69379e-10	
1.097	1.15142e-09	9.70121e-10	
1.098	1.15243e-09	9.70863e-10	
1.099	1.15343e-09	9.71606e-10	
1.1	1.15443e-09	9.72347e-10	
1.101	1.15543e-09	9.73088e-10	
1.102	1.15643e-09	9.73829e-10	
1.103	1.15744e-09	9.74571e-10	
1.104	1.15844e-09	9.75313e-10	
1.105	1.15944e-09	9.76055e-10	
1.106	1.16045e-09	9.768e-10	
1.107	1.16145e-09	9.77544e-10	
1.108	1.16246e-09	9.78287e-10	
1.109	1.16346e-09	9.79031e-10	
1.11	1.16447e-09	9.79774e-10	
1.111	1.16547e-09	9.80515e-10	
1.112	1.16647e-09	9.81256e-10	
1.113	1.16748e-09	9.81998e-10	
1.114	1.16848e-09	9.82739e-10	
1.115	1.16948e-09	9.83481e-10	
1.116	1.17049e-09	9.84224e-10	
1.117	1.17149e-09	9.84966e-10	
1.118	1.17249e-09	9.85707e-10	
1.119	1.1735e-09	9.8645e-10	
1.12	1.1745e-09	9.87192e-10	
1.121	1.17551e-09	9.87934e-10	
1.122	1.17651e-09	9.88676e-10	
1.123	1.17751e-09	9.89419e-10	
1.124	1.17852e-09	9.90162e-10	
1.125	1.17953e-09	9.90908e-10	
1.126	1.18053e-09	9.91653e-10	
1.127	1.18154e-09	9.924e-10	
1.128	1.18255e-09	9.93145e-10	
1.129	1.18356e-09	9.93892e-10	
1.13	1.18457e-09	9.94638e-10	
1.131	1.18558e-09	9.95386e-10	
1.132	1.18659e-09	9.96133e-10	
1.133	1.1876e-09	9.9688e-10	
1.134	1.1886e-09	9.97627e-10	
1.135	1.18961e-09	9.98373e-10	
1.136	1.19062e-09	9.9912e-10	
1.137	1.19163e-09	9.99866e-10	
1.138	1.19264e-09	1.00061e-09	
1.139	1.19365e-09	1.00136e-09	
1.14	1.19466e-09	1.00211e-09	
1.141	1.19566e-09	1.00285e-09	
1.142	1.19667e-09	1.0036e-09	
1.143	1.19768e-09	1.00435e-09	
1.144	1.19869e-09	1.0051e-09	
1.145	1.19971e-09	1.00585e-09	
1.146	1.20072e-09	1.00659e-09	
1.147	1.20173e-09	1.00734e-09	
1.148	1.20274e-09	1.00809e-09	
1.149	1.20375e-09	1.00884e-09	
1.15	1.20476e-09	1.00959e-09	
1.151	1.20578e-09	1.01034e-09	
1.152	1.20679e-09	1.0111e-09	
1.153	1.2078e-09	1.01185e-09	
1.154	1.20882e-09	1.0126e-09	
1.155	1.20983e-09	1.01335e-09	
1.156	1.21084e-09	1.0141e-09	
1.157	1.21186e-09	1.01485e-09	
1.158	1.21287e-09	1.0156e-09	
1.159	1.21389e-09	1.01635e-09	
1.16	1.2149e-09	1.01711e-09	
1.161	1.21591e-09	1.01786e-09	
1.162	1.21693e-09	1.01861e-09	
1.163	1.21794e-09	1.01936e-09	
1.164	1.21895e-09	1.02011e-09	
1.165	1.21997e-09	1.02086e-09	
1.166	1.22098e-09	1.02161e-09	
1.167	1.22199e-09	1.02236e-09	
1.168	1.22301e-09	1.02311e-09	
1.169	1.22402e-09	1.02387e-09	
1.17	1.22504e-09	1.02462e-09	
1.171	1.22605e-09	1.02537e-09	
1.172	1.22707e-09	1.02612e-09	
1.173	1.22808e-09	1.02687e-09	
1.174	1.22909e-09	1.02762e-09	
1.175	1.23011e-09	1.02837e-09	
1.176	1.23112e-09	1.02912e-09	
1.177	1.23214e-09	1.02987e-09	
1.178	1.23315e-09	1.03062e-09	
1.179	1.23417e-09	1.03138e-09	
1.18	1.23518e-09	1.03213e-09	
1.181	1.2362e-09	1.03288e-09	
1.182	1.23721e-09	1.03363e-09	
1.183	1.23823e-09	1.03438e-09	
1.184	1.23924e-09	1.03513e-09	
1.185	1.24026e-09	1.03588e-09	
1.186	1.24127e-09	1.03663e-09	
1.187	1.24229e-09	1.03738e-09	
1.188	1.2433e-09	1.03814e-09	
1.189	1.24432e-09	1.03889e-09	
1.19	1.24533e-09	1.03964e-09	
1.191	1.24635e-09	1.04039e-09	
1.192	1.24736e-09	1.04114e-09	
1.193	1.24838e-09	1.0419e-09	
1.194	1.24939e-09	1.04265e-09	
1.195	1.25041e-09	1.0434e-09	
1.196	1.25142e-09	1.04415e-09	
1.197	1.25244e-09	1.0449e-09	
1.198	1.25346e-09	1.04565e-09	
1.199	1.25448e-09	1.04641e-09	
1.2	1.2555e-09	1.04716e-09	
1.201	1.25652e-09	1.04792e-09	
1.202	1.25754e-09	1.04867e-09	
1.203	1.25856e-09	1.04943e-09	
1.204	1.25958e-09	1.05018e-09	
1.205	1.2606e-09	1.05093e-09	
1.206	1.26162e-09	1.05169e-09	
1.207	1.26264e-09	1.05244e-09	
1.208	1.26366e-09	1.05319e-09	
1.209	1.26467e-09	1.05394e-09	
1.21	1.26569e-09	1.0547e-09	
1.211	1.26671e-09	1.05545e-09	
1.212	1.26773e-09	1.0562e-09	
1.213	1.26874e-09	1.05694e-09	
1.214	1.26976e-09	1.05769e-09	
1.215	1.27077e-09	1.05844e-09	
1.216	1.27179e-09	1.05918e-09	
1.217	1.2728e-09	1.05993e-09	
1.218	1.27382e-09	1.06068e-09	
1.219	1.27483e-09	1.06143e-09	
1.22	1.27585e-09	1.06217e-09	
1.221	1.27686e-09	1.06292e-09	
1.222	1.27788e-09	1.06367e-09	
1.223	1.27889e-09	1.06441e-09	
1.224	1.27991e-09	1.06516e-09	
1.225	1.28093e-09	1.06591e-09	
1.226	1.28194e-09	1.06665e-09	
1.227	1.28296e-09	1.0674e-09	
1.228	1.28398e-09	1.06815e-09	
1.229	1.285e-09	1.06889e-09	
1.23	1.28601e-09	1.06964e-09	
1.231	1.28703e-09	1.07039e-09	
1.232	1.28804e-09	1.07113e-09	
1.233	1.28906e-09	1.07187e-09	
1.234	1.29007e-09	1.07262e-09	
1.235	1.29109e-09	1.07336e-09	
1.236	1.29211e-09	1.07411e-09	
1.237	1.29313e-09	1.07485e-09	
1.238	1.29415e-09	1.0756e-09	
1.239	1.29516e-09	1.07635e-09	
1.24	1.29618e-09	1.07709e-09	
1.241	1.2972e-09	1.07783e-09	
1.242	1.29821e-09	1.07857e-09	
1.243	1.29923e-09	1.07932e-09	
1.244	1.30025e-09	1.08006e-09	
1.245	1.30127e-09	1.0808e-09	
1.246	1.30229e-09	1.08155e-09	
1.247	1.3033e-09	1.08229e-09	
1.248	1.30432e-09	1.08303e-09	
1.249	1.30534e-09	1.08377e-09	
1.25	1.30635e-09	1.08451e-09	
1.251	1.30737e-09	1.08526e-09	
1.252	1.30839e-09	1.086e-09	
1.253	1.3094e-09	1.08674e-09	
1.254	1.31042e-09	1.08748e-09	
1.255	1.31143e-09	1.08822e-09	
1.256	1.31245e-09	1.08896e-09	
1.257	1.31346e-09	1.08969e-09	
1.258	1.31448e-09	1.09043e-09	
1.259	1.3155e-09	1.09118e-09	
1.26	1.31652e-09	1.09192e-09	
1.261	1.31754e-09	1.09266e-09	
1.262	1.31856e-09	1.0934e-09	
1.263	1.31958e-09	1.09414e-09	
1.264	1.3206e-09	1.09488e-09	
1.265	1.32162e-09	1.09562e-09	
1.266	1.32264e-09	1.09636e-09	
1.267	1.32366e-09	1.0971e-09	
1.268	1.32469e-09	1.09784e-09	
1.269	1.32571e-09	1.09858e-09	
1.27	1.32673e-09	1.09932e-09	
1.271	1.32775e-09	1.10006e-09	
1.272	1.32877e-09	1.1008e-09	
1.273	1.32979e-09	1.10154e-09	
1.274	1.33081e-09	1.10228e-09	
1.275	1.33183e-09	1.10302e-09	
1.276	1.33285e-09	1.10376e-09	
1.277	1.33388e-09	1.1045e-09	
1.278	1.3349e-09	1.10524e-09	
1.279	1.33592e-09	1.10597e-09	
1.28	1.33694e-09	1.10671e-09	
1.281	1.33796e-09	1.10745e-09	
1.282	1.33898e-09	1.10818e-09	
1.283	1.33999e-09	1.10891e-09	
1.284	1.34101e-09	1.10965e-09	
1.285	1.34203e-09	1.11038e-09	
1.286	1.34305e-09	1.11111e-09	
1.287	1.34406e-09	1.11184e-09	
1.288	1.34508e-09	1.11258e-09	
1.289	1.3461e-09	1.11331e-09	
1.29	1.34713e-09	1.11404e-09	
1.291	1.34815e-09	1.11478e-09	
1.292	1.34917e-09	1.11551e-09	
1.293	1.3502e-09	1.11625e-09	
1.294	1.35122e-09	1.11698e-09	
1.295	1.35225e-09	1.11771e-09	
1.296	1.35327e-09	1.11845e-09	
1.297	1.35429e-09	1.11918e-09	
1.298	1.35532e-09	1.11991e-09	
1.299	1.35634e-09	1.12064e-09	
1.3	1.35736e-09	1.12137e-09	
1.301	1.35838e-09	1.1221e-09	
1.302	1.3594e-09	1.12283e-09	
1.303	1.36042e-09	1.12356e-09	
1.304	1.36144e-09	1.12429e-09	
1.305	1.36246e-09	1.12502e-09	
1.306	1.36348e-09	1.12575e-09	
1.307	1.3645e-09	1.12647e-09	
1.308	1.36553e-09	1.1272e-09	
1.309	1.36655e-09	1.12793e-09	
1.31	1.36757e-09	1.12866e-09	
1.311	1.36859e-09	1.12939e-09	
1.312	1.36962e-09	1.13012e-09	
1.313	1.37064e-09	1.13085e-09	
1.314	1.37166e-09	1.13158e-09	
1.315	1.37268e-09	1.13231e-09	
1.316	1.37371e-09	1.13303e-09	
1.317	1.37473e-09	1.13376e-09	
1.318	1.37575e-09	1.13449e-09	
1.319	1.37677e-09	1.13522e-09	
1.32	1.3778e-09	1.13594e-09	
1.321	1.37882e-09	1.13667e-09	
1.322	1.37984e-09	1.1374e-09	
1.323	1.38087e-09	1.13812e-09	
1.324	1.38189e-09	1.13885e-09	
1.325	1.38291e-09	1.13958e-09	
1.326	1.38393e-09	1.1403e-09	
1.327	1.38496e-09	1.14103e-09	
1.328	1.38598e-09	1.14176e-09	
1.329	1.38701e-09	1.14248e-09	
1.33	1.38803e-09	1.14321e-09	
1.331	1.38905e-09	1.14393e-09	
1.332	1.39008e-09	1.14466e-09	
1.333	1.3911e-09	1.14539e-09	
1.334	1.39213e-09	1.14611e-09	
1.335	1.39316e-09	1.14684e-09	
1.336	1.39418e-09	1.14757e-09	
1.337	1.39521e-09	1.14829e-09	
1.338	1.39623e-09	1.14902e-09	
1.339	1.39726e-09	1.14975e-09	
1.34	1.39829e-09	1.15047e-09	
1.341	1.39931e-09	1.1512e-09	
1.342	1.40034e-09	1.15192e-09	
1.343	1.40137e-09	1.15265e-09	
1.344	1.40239e-09	1.15337e-09	
1.345	1.40342e-09	1.1541e-09	
1.346	1.40445e-09	1.15482e-09	
1.347	1.40548e-09	1.15555e-09	
1.348	1.40651e-09	1.15628e-09	
1.349	1.40754e-09	1.157e-09	
1.35	1.40857e-09	1.15773e-09	
1.351	1.4096e-09	1.15845e-09	
1.352	1.41063e-09	1.15918e-09	
1.353	1.41166e-09	1.15991e-09	
1.354	1.4127e-09	1.16063e-09	
1.355	1.41373e-09	1.16136e-09	
1.356	1.41476e-09	1.16208e-09	
1.357	1.41579e-09	1.16281e-09	
1.358	1.41683e-09	1.16353e-09	
1.359	1.41786e-09	1.16426e-09	
1.36	1.41889e-09	1.16498e-09	
1.361	1.41993e-09	1.16571e-09	
1.362	1.42096e-09	1.16643e-09	
1.363	1.422e-09	1.16716e-09	
1.364	1.42303e-09	1.16788e-09	
1.365	1.42407e-09	1.1686e-09	
1.366	1.4251e-09	1.16933e-09	
1.367	1.42613e-09	1.17005e-09	
1.368	1.42717e-09	1.17077e-09	
1.369	1.4282e-09	1.1715e-09	
1.37	1.42924e-09	1.17222e-09	
1.371	1.43027e-09	1.17294e-09	
1.372	1.43131e-09	1.17366e-09	
1.373	1.43234e-09	1.17438e-09	
1.374	1.43338e-09	1.1751e-09	
1.375	1.43441e-09	1.17582e-09	
1.376	1.43545e-09	1.17653e-09	
1.377	1.43648e-09	1.17725e-09	
1.378	1.43751e-09	1.17796e-09	
1.379	1.43855e-09	1.17868e-09	
1.38	1.43958e-09	1.1794e-09	
1.381	1.44062e-09	1.18011e-09	
1.382	1.44166e-09	1.18083e-09	
1.383	1.4427e-09	1.18155e-09	
1.384	1.44374e-09	1.18226e-09	
1.385	1.44478e-09	1.18298e-09	
1.386	1.44582e-09	1.18369e-09	
1.387	1.44685e-09	1.18441e-09	
1.388	1.44789e-09	1.18513e-09	
1.389	1.44893e-09	1.18584e-09	
1.39	1.44997e-09	1.18655e-09	
1.391	1.45101e-09	1.18727e-09	
1.392	1.45205e-09	1.18798e-09	
1.393	1.45309e-09	1.1887e-09	
1.394	1.45414e-09	1.18941e-09	
1.395	1.45518e-09	1.19013e-09	
1.396	1.45622e-09	1.19084e-09	
1.397	1.45727e-09	1.19156e-09	
1.398	1.45831e-09	1.19227e-09	
1.399	1.45935e-09	1.19299e-09	
1.4	1.4604e-09	1.1937e-09	
1.401	1.46145e-09	1.19442e-09	
1.402	1.46249e-09	1.19513e-09	
1.403	1.46354e-09	1.19585e-09	
1.404	1.46459e-09	1.19656e-09	
1.405	1.46564e-09	1.19727e-09	
1.406	1.46668e-09	1.19799e-09	
1.407	1.46773e-09	1.1987e-09	
1.408	1.46878e-09	1.19941e-09	
1.409	1.46982e-09	1.20012e-09	
1.41	1.47087e-09	1.20083e-09	
1.411	1.47192e-09	1.20155e-09	
1.412	1.47297e-09	1.20225e-09	
1.413	1.47401e-09	1.20296e-09	
1.414	1.47506e-09	1.20367e-09	
1.415	1.47611e-09	1.20438e-09	
1.416	1.47716e-09	1.20509e-09	
1.417	1.47821e-09	1.2058e-09	
1.418	1.47926e-09	1.20651e-09	
1.419	1.48031e-09	1.20721e-09	
1.42	1.48136e-09	1.20792e-09	
1.421	1.48241e-09	1.20863e-09	
1.422	1.48346e-09	1.20934e-09	
1.423	1.48452e-09	1.21005e-09	
1.424	1.48557e-09	1.21076e-09	
1.425	1.48663e-09	1.21147e-09	
1.426	1.48768e-09	1.21218e-09	
1.427	1.48874e-09	1.21289e-09	
1.428	1.4898e-09	1.2136e-09	
1.429	1.49086e-09	1.21431e-09	
1.43	1.49191e-09	1.21502e-09	
1.431	1.49297e-09	1.21573e-09	
1.432	1.49403e-09	1.21644e-09	
1.433	1.49509e-09	1.21714e-09	
1.434	1.49615e-09	1.21785e-09	
1.435	1.4972e-09	1.21856e-09	
1.436	1.49826e-09	1.21927e-09	
1.437	1.49932e-09	1.21998e-09	
1.438	1.50039e-09	1.22069e-09	
1.439	1.50145e-09	1.2214e-09	
1.44	1.50251e-09	1.2221e-09	
1.441	1.50357e-09	1.22281e-09	
1.442	1.50463e-09	1.22352e-09	
1.443	1.5057e-09	1.22423e-09	
1.444	1.50677e-09	1.22494e-09	
1.445	1.50784e-09	1.22566e-09	
1.446	1.5089e-09	1.22637e-09	
1.447	1.50997e-09	1.22708e-09	
1.448	1.51104e-09	1.22779e-09	
1.449	1.51211e-09	1.2285e-09	
1.45	1.51318e-09	1.22921e-09	
1.451	1.51425e-09	1.22992e-09	
1.452	1.51532e-09	1.23063e-09	
1.453	1.51639e-09	1.23134e-09	
1.454	1.51746e-09	1.23205e-09	
1.455	1.51853e-09	1.23276e-09	
1.456	1.5196e-09	1.23346e-09	
1.457	1.52067e-09	1.23417e-09	
1.458	1.52174e-09	1.23488e-09	
1.459	1.52281e-09	1.23559e-09	
1.46	1.52388e-09	1.2363e-09	
1.461	1.52495e-09	1.23701e-09	
1.462	1.52603e-09	1.23771e-09	
1.463	1.5271e-09	1.23842e-09	
1.464	1.52817e-09	1.23913e-09	
1.465	1.52925e-09	1.23984e-09	
1.466	1.53033e-09	1.24055e-09	
1.467	1.5314e-09	1.24125e-09	
1.468	1.53248e-09	1.24196e-09	
1.469	1.53356e-09	1.24267e-09	
1.47	1.53464e-09	1.24338e-09	
1.471	1.53572e-09	1.24409e-09	
1.472	1.5368e-09	1.24479e-09	
1.473	1.53788e-09	1.2455e-09	
1.474	1.53896e-09	1.24621e-09	
1.475	1.54004e-09	1.24691e-09	
1.476	1.54113e-09	1.24762e-09	
1.477	1.54221e-09	1.24833e-09	
1.478	1.54329e-09	1.24903e-09	
1.479	1.54437e-09	1.24974e-09	
1.48	1.54545e-09	1.25044e-09	
1.481	1.54654e-09	1.25114e-09	
1.482	1.54762e-09	1.25185e-09	
1.483	1.5487e-09	1.25255e-09	
1.484	1.54978e-09	1.25325e-09	
1.485	1.55087e-09	1.25395e-09	
1.486	1.55195e-09	1.25465e-09	
1.487	1.55303e-09	1.25535e-09	
1.488	1.55411e-09	1.25604e-09	
1.489	1.55518e-09	1.25674e-09	
1.49	1.55626e-09	1.25743e-09	
1.491	1.55734e-09	1.25813e-09	
1.492	1.55842e-09	1.25882e-09	
1.493	1.5595e-09	1.25951e-09	
1.494	1.56058e-09	1.26021e-09	
1.495	1.56166e-09	1.2609e-09	
1.496	1.56274e-09	1.26159e-09	
1.497	1.56382e-09	1.26228e-09	
1.498	1.5649e-09	1.26298e-09	
1.499	1.56599e-09	1.26367e-09	
1.5	1.56707e-09	1.26436e-09	
1.501	1.56815e-09	1.26505e-09	
1.502	1.56924e-09	1.26574e-09	
1.503	1.57033e-09	1.26644e-09	
1.504	1.57142e-09	1.26713e-09	
1.505	1.57251e-09	1.26783e-09	
1.506	1.5736e-09	1.26852e-09	
1.507	1.5747e-09	1.26922e-09	
1.508	1.57579e-09	1.26991e-09	
1.509	1.57688e-09	1.2706e-09	
1.51	1.57797e-09	1.2713e-09	
1.511	1.57907e-09	1.27199e-09	
1.512	1.58016e-09	1.27268e-09	
1.513	1.58126e-09	1.27338e-09	
1.514	1.58235e-09	1.27407e-09	
1.515	1.58345e-09	1.27476e-09	
1.516	1.58454e-09	1.27546e-09	
1.517	1.58564e-09	1.27615e-09	
1.518	1.58673e-09	1.27684e-09	
1.519	1.58783e-09	1.27753e-09	
1.52	1.58893e-09	1.27823e-09	
1.521	1.59004e-09	1.27892e-09	
1.522	1.59114e-09	1.27961e-09	
1.523	1.59224e-09	1.2803e-09	
1.524	1.59334e-09	1.28099e-09	
1.525	1.59444e-09	1.28169e-09	
1.526	1.59553e-09	1.28238e-09	
1.527	1.59663e-09	1.28306e-09	
1.528	1.59773e-09	1.28375e-09	
1.529	1.59883e-09	1.28444e-09	
1.53	1.59993e-09	1.28513e-09	
1.531	1.60104e-09	1.28582e-09	
1.532	1.60214e-09	1.28651e-09	
1.533	1.60324e-09	1.2872e-09	
1.534	1.60434e-09	1.28788e-09	
1.535	1.60544e-09	1.28857e-09	
1.536	1.60654e-09	1.28926e-09	
1.537	1.60765e-09	1.28995e-09	
1.538	1.60875e-09	1.29063e-09	
1.539	1.60986e-09	1.29132e-09	
1.54	1.61096e-09	1.29201e-09	
1.541	1.61207e-09	1.2927e-09	
1.542	1.61318e-09	1.29339e-09	
1.543	1.61429e-09	1.29408e-09	
1.544	1.6154e-09	1.29476e-09	
1.545	1.6165e-09	1.29545e-09	
1.546	1.61761e-09	1.29614e-09	
1.547	1.61872e-09	1.29682e-09	
1.548	1.61983e-09	1.29751e-09	
1.549	1.62094e-09	1.2982e-09	
1.55	1.62205e-09	1.29889e-09	
1.551	1.62317e-09	1.29958e-09	
1.552	1.62428e-09	1.30027e-09	
1.553	1.6254e-09	1.30095e-09	
1.554	1.62651e-09	1.30164e-09	
1.555	1.62763e-09	1.30233e-09	
1.556	1.62874e-09	1.30302e-09	
1.557	1.62986e-09	1.30371e-09	
1.558	1.63097e-09	1.3044e-09	
1.559	1.63209e-09	1.30508e-09	
1.56	1.6332e-09	1.30577e-09	
1.561	1.63432e-09	1.30645e-09	
1.562	1.63543e-09	1.30714e-09	
1.563	1.63655e-09	1.30782e-09	
1.564	1.63766e-09	1.30851e-09	
1.565	1.63878e-09	1.30919e-09	
1.566	1.6399e-09	1.30988e-09	
1.567	1.64101e-09	1.31056e-09	
1.568	1.64213e-09	1.31125e-09	
1.569	1.64325e-09	1.31194e-09	
1.57	1.64437e-09	1.31262e-09	
1.571	1.64549e-09	1.31331e-09	
1.572	1.64661e-09	1.314e-09	
1.573	1.64774e-09	1.31469e-09	
1.574	1.64886e-09	1.31537e-09	
1.575	1.64999e-09	1.31606e-09	
1.576	1.65111e-09	1.31675e-09	
1.577	1.65224e-09	1.31744e-09	
1.578	1.65337e-09	1.31813e-09	
1.579	1.65449e-09	1.31883e-09	
1.58	1.65562e-09	1.31952e-09	
1.581	1.65675e-09	1.32021e-09	
1.582	1.65788e-09	1.3209e-09	
1.583	1.65901e-09	1.32159e-09	
1.584	1.66015e-09	1.32229e-09	
1.585	1.66128e-09	1.32298e-09	
1.586	1.66241e-09	1.32367e-09	
1.587	1.66354e-09	1.32436e-09	
1.588	1.66468e-09	1.32506e-09	
1.589	1.66581e-09	1.32575e-09	
1.59	1.66694e-09	1.32645e-09	
1.591	1.66808e-09	1.32714e-09	
1.592	1.66921e-09	1.32784e-09	
1.593	1.67035e-09	1.32853e-09	
1.594	1.67148e-09	1.32922e-09	
1.595	1.67261e-09	1.32992e-09	
1.596	1.67375e-09	1.33061e-09	
1.597	1.67488e-09	1.3313e-09	
1.598	1.67602e-09	1.332e-09	
1.599	1.67715e-09	1.33269e-09	
1.6	1.67829e-09	1.33338e-09	
1.601	1.67943e-09	1.33408e-09	
1.602	1.68056e-09	1.33477e-09	
1.603	1.6817e-09	1.33547e-09	
1.604	1.68284e-09	1.33617e-09	
1.605	1.68398e-09	1.33686e-09	
1.606	1.68512e-09	1.33756e-09	
1.607	1.68626e-09	1.33826e-09	
1.608	1.6874e-09	1.33895e-09	
1.609	1.68854e-09	1.33965e-09	
1.61	1.68969e-09	1.34035e-09	
1.611	1.69083e-09	1.34105e-09	
1.612	1.69197e-09	1.34175e-09	
1.613	1.69312e-09	1.34245e-09	
1.614	1.69426e-09	1.34315e-09	
1.615	1.6954e-09	1.34385e-09	
1.616	1.69655e-09	1.34455e-09	
1.617	1.6977e-09	1.34525e-09	
1.618	1.69884e-09	1.34595e-09	
1.619	1.69999e-09	1.34665e-09	
1.62	1.70114e-09	1.34735e-09	
1.621	1.70229e-09	1.34805e-09	
1.622	1.70344e-09	1.34876e-09	
1.623	1.70459e-09	1.34946e-09	
1.624	1.70573e-09	1.35016e-09	
1.625	1.70688e-09	1.35086e-09	
1.626	1.70803e-09	1.35157e-09	
1.627	1.70919e-09	1.35227e-09	
1.628	1.71034e-09	1.35297e-09	
1.629	1.71149e-09	1.35368e-09	
1.63	1.71264e-09	1.35438e-09	
1.631	1.71379e-09	1.35509e-09	
1.632	1.71495e-09	1.3558e-09	
1.633	1.7161e-09	1.3565e-09	
1.634	1.71726e-09	1.35721e-09	
1.635	1.71841e-09	1.35792e-09	
1.636	1.71957e-09	1.35863e-09	
1.637	1.72073e-09	1.35934e-09	
1.638	1.72189e-09	1.36005e-09	
1.639	1.72305e-09	1.36076e-09	
1.64	1.7242e-09	1.36147e-09	
1.641	1.72536e-09	1.36218e-09	
1.642	1.72652e-09	1.36289e-09	
1.643	1.72768e-09	1.3636e-09	
1.644	1.72885e-09	1.36431e-09	
1.645	1.73001e-09	1.36503e-09	
1.646	1.73117e-09	1.36574e-09	
1.647	1.73234e-09	1.36645e-09	
1.648	1.7335e-09	1.36717e-09	
1.649	1.73467e-09	1.36789e-09	
1.65	1.73583e-09	1.3686e-09	
1.651	1.737e-09	1.36932e-09	
1.652	1.73816e-09	1.37004e-09	
1.653	1.73933e-09	1.37075e-09	
1.654	1.7405e-09	1.37147e-09	
1.655	1.74166e-09	1.37219e-09	
1.656	1.74283e-09	1.37291e-09	
1.657	1.744e-09	1.37363e-09	
1.658	1.74517e-09	1.37435e-09	
1.659	1.74634e-09	1.37507e-09	
1.66	1.74751e-09	1.37579e-09	
1.661	1.74868e-09	1.37651e-09	
1.662	1.74985e-09	1.37724e-09	
1.663	1.75102e-09	1.37796e-09	
1.664	1.75219e-09	1.37868e-09	
1.665	1.75336e-09	1.3794e-09	
1.666	1.75453e-09	1.38013e-09	
1.667	1.7557e-09	1.38085e-09	
1.668	1.75688e-09	1.38158e-09	
1.669	1.75805e-09	1.3823e-09	
1.67	1.75923e-09	1.38303e-09	
1.671	1.7604e-09	1.38376e-09	
1.672	1.76158e-09	1.38448e-09	
1.673	1.76275e-09	1.38521e-09	
1.674	1.76393e-09	1.38594e-09	
1.675	1.7651e-09	1.38667e-09	
1.676	1.76628e-09	1.38739e-09	
1.677	1.76745e-09	1.38812e-09	
1.678	1.76863e-09	1.38885e-09	
1.679	1.76981e-09	1.38959e-09	
1.68	1.77099e-09	1.39032e-09	
1.681	1.77217e-09	1.39105e-09	
1.682	1.77335e-09	1.39179e-09	
1.683	1.77453e-09	1.39252e-09	
1.684	1.77571e-09	1.39325e-09	
1.685	1.77689e-09	1.39399e-09	
1.686	1.77808e-09	1.39473e-09	
1.687	1.77926e-09	1.39546e-09	
1.688	1.78044e-09	1.3962e-09	
1.689	1.78163e-09	1.39694e-09	
1.69	1.78281e-09	1.39768e-09	
1.691	1.784e-09	1.39842e-09	
1.692	1.78519e-09	1.39916e-09	
1.693	1.78637e-09	1.3999e-09	
1.694	1.78756e-09	1.40064e-09	
1.695	1.78875e-09	1.40138e-09	
1.696	1.78994e-09	1.40212e-09	
1.697	1.79112e-09	1.40286e-09	
1.698	1.79231e-09	1.4036e-09	
1.699	1.79349e-09	1.40434e-09	
1.7	1.79468e-09	1.40508e-09	
1.701	1.79587e-09	1.40583e-09	
1.702	1.79705e-09	1.40657e-09	
1.703	1.79824e-09	1.40731e-09	
1.704	1.79943e-09	1.40805e-09	
1.705	1.80062e-09	1.4088e-09	
1.706	1.80181e-09	1.40954e-09	
1.707	1.80299e-09	1.41029e-09	
1.708	1.80418e-09	1.41103e-09	
1.709	1.80537e-09	1.41178e-09	
1.71	1.80657e-09	1.41252e-09	
1.711	1.80776e-09	1.41327e-09	
1.712	1.80895e-09	1.41402e-09	
1.713	1.81014e-09	1.41476e-09	
1.714	1.81133e-09	1.41551e-09	
1.715	1.81253e-09	1.41626e-09	
1.716	1.81372e-09	1.41702e-09	
1.717	1.81492e-09	1.41777e-09	
1.718	1.81612e-09	1.41852e-09	
1.719	1.81732e-09	1.41927e-09	
1.72	1.81852e-09	1.42003e-09	
1.721	1.81972e-09	1.42078e-09	
1.722	1.82092e-09	1.42154e-09	
1.723	1.82212e-09	1.4223e-09	
1.724	1.82332e-09	1.42305e-09	
1.725	1.82452e-09	1.42381e-09	
1.726	1.82572e-09	1.42456e-09	
1.727	1.82692e-09	1.42532e-09	
1.728	1.82812e-09	1.42608e-09	
1.729	1.82932e-09	1.42684e-09	
1.73	1.83053e-09	1.4276e-09	
1.731	1.83173e-09	1.42836e-09	
1.732	1.83294e-09	1.42912e-09	
1.733	1.83414e-09	1.42988e-09	
1.734	1.83534e-09	1.43064e-09	
1.735	1.83655e-09	1.4314e-09	
1.736	1.83775e-09	1.43216e-09	
1.737	1.83896e-09	1.43292e-09	
1.738	1.84016e-09	1.43368e-09	
1.739	1.84137e-09	1.43444e-09	
1.74	1.84257e-09	1.4352e-09	
1.741	1.84377e-09	1.43596e-09	
1.742	1.84498e-09	1.43672e-09	
1.743	1.84618e-09	1.43748e-09	
1.744	1.84739e-09	1.43825e-09	
1.745	1.8486e-09	1.43901e-09	
1.746	1.84981e-09	1.43977e-09	
1.747	1.85101e-09	1.44054e-09	
1.748	1.85222e-09	1.4413e-09	
1.749	1.85343e-09	1.44206e-09	
1.75	1.85464e-09	1.44283e-09	
1.751	1.85585e-09	1.44359e-09	
1.752	1.85706e-09	1.44436e-09	
1.753	1.85827e-09	1.44512e-09	
1.754	1.85948e-09	1.44589e-09	
1.755	1.86069e-09	1.44665e-09	
1.756	1.8619e-09	1.44742e-09	
1.757	1.86311e-09	1.44819e-09	
1.758	1.86432e-09	1.44896e-09	
1.759	1.86554e-09	1.44972e-09	
1.76	1.86675e-09	1.45049e-09	
1.761	1.86796e-09	1.45126e-09	
1.762	1.86918e-09	1.45203e-09	
1.763	1.87039e-09	1.4528e-09	
1.764	1.87161e-09	1.45357e-09	
1.765	1.87283e-09	1.45435e-09	
1.766	1.87405e-09	1.45512e-09	
1.767	1.87527e-09	1.4559e-09	
1.768	1.87649e-09	1.45667e-09	
1.769	1.87771e-09	1.45745e-09	
1.77	1.87894e-09	1.45823e-09	
1.771	1.88016e-09	1.459e-09	
1.772	1.88138e-09	1.45978e-09	
1.773	1.8826e-09	1.46056e-09	
1.774	1.88383e-09	1.46134e-09	
1.775	1.88505e-09	1.46212e-09	
1.776	1.88628e-09	1.4629e-09	
1.777	1.8875e-09	1.46368e-09	
1.778	1.88873e-09	1.46447e-09	
1.779	1.88996e-09	1.46525e-09	
1.78	1.89119e-09	1.46603e-09	
1.781	1.89241e-09	1.46682e-09	
1.782	1.89364e-09	1.4676e-09	
1.783	1.89487e-09	1.46839e-09	
1.784	1.8961e-09	1.46917e-09	
1.785	1.89733e-09	1.46996e-09	
1.786	1.89856e-09	1.47074e-09	
1.787	1.8998e-09	1.47153e-09	
1.788	1.90103e-09	1.47231e-09	
1.789	1.90226e-09	1.4731e-09	
1.79	1.90349e-09	1.47389e-09	
1.791	1.90473e-09	1.47468e-09	
1.792	1.90596e-09	1.47546e-09	
1.793	1.90719e-09	1.47625e-09	
1.794	1.90842e-09	1.47704e-09	
1.795	1.90966e-09	1.47782e-09	
1.796	1.91089e-09	1.47861e-09	
1.797	1.91212e-09	1.4794e-09	
1.798	1.91336e-09	1.48019e-09	
1.799	1.91459e-09	1.48098e-09	
1.8	1.91583e-09	1.48176e-09	
1.801	1.91706e-09	1.48255e-09	
1.802	1.9183e-09	1.48334e-09	
1.803	1.91953e-09	1.48413e-09	
1.804	1.92077e-09	1.48492e-09	
1.805	1.922e-09	1.4857e-09	
1.806	1.92324e-09	1.48649e-09	
1.807	1.92447e-09	1.48728e-09	
1.808	1.92571e-09	1.48807e-09	
1.809	1.92695e-09	1.48886e-09	
1.81	1.92818e-09	1.48965e-09	
1.811	1.92942e-09	1.49044e-09	
1.812	1.93065e-09	1.49123e-09	
1.813	1.93189e-09	1.49202e-09	
1.814	1.93313e-09	1.49281e-09	
1.815	1.93437e-09	1.4936e-09	
1.816	1.9356e-09	1.49439e-09	
1.817	1.93684e-09	1.49518e-09	
1.818	1.93808e-09	1.49597e-09	
1.819	1.93932e-09	1.49676e-09	
1.82	1.94056e-09	1.49755e-09	
1.821	1.9418e-09	1.49835e-09	
1.822	1.94304e-09	1.49914e-09	
1.823	1.94428e-09	1.49993e-09	
1.824	1.94552e-09	1.50072e-09	
1.825	1.94676e-09	1.50152e-09	
1.826	1.94801e-09	1.50231e-09	
1.827	1.94925e-09	1.50311e-09	
1.828	1.95049e-09	1.5039e-09	
1.829	1.95174e-09	1.50469e-09	
1.83	1.95298e-09	1.50549e-09	
1.831	1.95422e-09	1.50629e-09	
1.832	1.95547e-09	1.50708e-09	
1.833	1.95671e-09	1.50788e-09	
1.834	1.95796e-09	1.50867e-09	
1.835	1.9592e-09	1.50947e-09	
1.836	1.96045e-09	1.51027e-09	
1.837	1.9617e-09	1.51107e-09	
1.838	1.96294e-09	1.51186e-09	
1.839	1.96418e-09	1.51266e-09	
1.84	1.96543e-09	1.51345e-09	
1.841	1.96667e-09	1.51425e-09	
1.842	1.96792e-09	1.51504e-09	
1.843	1.96916e-09	1.51584e-09	
1.844	1.97041e-09	1.51664e-09	
1.845	1.97165e-09	1.51744e-09	
1.846	1.9729e-09	1.51823e-09	
1.847	1.97415e-09	1.51903e-09	
1.848	1.9754e-09	1.51983e-09	
1.849	1.97665e-09	1.52063e-09	
1.85	1.9779e-09	1.52143e-09	
1.851	1.97915e-09	1.52223e-09	
1.852	1.98041e-09	1.52304e-09	
1.853	1.98166e-09	1.52384e-09	
1.854	1.98291e-09	1.52464e-09	
1.855	1.98416e-09	1.52544e-09	
1.856	1.98542e-09	1.52624e-09	
1.857	1.98667e-09	1.52704e-09	
1.858	1.98792e-09	1.52785e-09	
1.859	1.98917e-09	1.52865e-09	
1.86	1.99043e-09	1.52945e-09	
1.861	1.99168e-09	1.53025e-09	
1.862	1.99293e-09	1.53105e-09	
1.863	1.99419e-09	1.53185e-09	
1.864	1.99544e-09	1.53265e-09	
1.865	1.99669e-09	1.53345e-09	
1.866	1.99795e-09	1.53426e-09	
1.867	1.9992e-09	1.53506e-09	
1.868	2.00045e-09	1.53586e-09	
1.869	2.00171e-09	1.53666e-09	
1.87	2.00296e-09	1.53747e-09	
1.871	2.00422e-09	1.53827e-09	
1.872	2.00548e-09	1.53907e-09	
1.873	2.00674e-09	1.53988e-09	
1.874	2.00799e-09	1.54068e-09	
1.875	2.00925e-09	1.54149e-09	
1.876	2.01051e-09	1.5423e-09	
1.877	2.01177e-09	1.5431e-09	
1.878	2.01304e-09	1.54391e-09	
1.879	2.0143e-09	1.54472e-09	
1.88	2.01556e-09	1.54552e-09	
1.881	2.01681e-09	1.54633e-09	
1.882	2.01807e-09	1.54714e-09	
1.883	2.01933e-09	1.54794e-09	
1.884	2.02059e-09	1.54875e-09	
1.885	2.02185e-09	1.54955e-09	
1.886	2.02311e-09	1.55036e-09	
1.887	2.02437e-09	1.55117e-09	
1.888	2.02563e-09	1.55197e-09	
1.889	2.02689e-09	1.55278e-09	
1.89	2.02815e-09	1.55359e-09	
1.891	2.02942e-09	1.5544e-09	
1.892	2.03068e-09	1.5552e-09	
1.893	2.03194e-09	1.55601e-09	
1.894	2.0332e-09	1.55682e-09	
1.895	2.03446e-09	1.55763e-09	
1.896	2.03573e-09	1.55844e-09	
1.897	2.03699e-09	1.55925e-09	
1.898	2.03826e-09	1.56006e-09	
1.899	2.03952e-09	1.56087e-09	
1.9	2.04079e-09	1.56168e-09	
1.901	2.04206e-09	1.56249e-09	
1.902	2.04333e-09	1.56331e-09	
1.903	2.0446e-09	1.56412e-09	
1.904	2.04587e-09	1.56494e-09	
1.905	2.04715e-09	1.56576e-09	
1.906	2.04842e-09	1.56658e-09	
1.907	2.0497e-09	1.5674e-09	
1.908	2.05097e-09	1.56822e-09	
1.909	2.05225e-09	1.56904e-09	
1.91	2.05352e-09	1.56986e-09	
1.911	2.0548e-09	1.57068e-09	
1.912	2.05608e-09	1.57151e-09	
1.913	2.05736e-09	1.57233e-09	
1.914	2.05864e-09	1.57315e-09	
1.915	2.05992e-09	1.57398e-09	
1.916	2.0612e-09	1.57481e-09	
1.917	2.06248e-09	1.57564e-09	
1.918	2.06377e-09	1.57646e-09	
1.919	2.06505e-09	1.57729e-09	
1.92	2.06634e-09	1.57812e-09	
1.921	2.06762e-09	1.57895e-09	
1.922	2.06891e-09	1.57979e-09	
1.923	2.07019e-09	1.58062e-09	
1.924	2.07148e-09	1.58145e-09	
1.925	2.07277e-09	1.58228e-09	
1.926	2.07406e-09	1.58312e-09	
1.927	2.07535e-09	1.58395e-09	
1.928	2.07664e-09	1.58479e-09	
1.929	2.07793e-09	1.58563e-09	
1.93	2.07922e-09	1.58647e-09	
1.931	2.08052e-09	1.58731e-09	
1.932	2.08181e-09	1.58815e-09	
1.933	2.0831e-09	1.589e-09	
1.934	2.0844e-09	1.58984e-09	
1.935	2.08569e-09	1.59068e-09	
1.936	2.08698e-09	1.59153e-09	
1.937	2.08828e-09	1.59237e-09	
1.938	2.08957e-09	1.59321e-09	
1.939	2.09087e-09	1.59406e-09	
1.94	2.09216e-09	1.5949e-09	
1.941	2.09346e-09	1.59575e-09	
1.942	2.09475e-09	1.59659e-09	
1.943	2.09605e-09	1.59744e-09	
1.944	2.09735e-09	1.59829e-09	
1.945	2.09865e-09	1.59914e-09	
1.946	2.09994e-09	1.59999e-09	
1.947	2.10124e-09	1.60084e-09	
1.948	2.10254e-09	1.60169e-09	
1.949	2.10384e-09	1.60253e-09	
1.95	2.10514e-09	1.60339e-09	
1.951	2.10644e-09	1.60424e-09	
1.952	2.10774e-09	1.60509e-09	
1.953	2.10904e-09	1.60594e-09	
1.954	2.11034e-09	1.60679e-09	
1.955	2.11164e-09	1.60764e-09	
1.956	2.11295e-09	1.6085e-09	
1.957	2.11425e-09	1.60935e-09	
1.958	2.11555e-09	1.61021e-09	
1.959	2.11686e-09	1.61106e-09	
1.96	2.11816e-09	1.61192e-09	
1.961	2.11947e-09	1.61277e-09	
1.962	2.12077e-09	1.61363e-09	
1.963	2.12208e-09	1.61449e-09	
1.964	2.12339e-09	1.61535e-09	
1.965	2.1247e-09	1.61621e-09	
1.966	2.12601e-09	1.61707e-09	
1.967	2.12732e-09	1.61794e-09	
1.968	2.12864e-09	1.6188e-09	
1.969	2.12995e-09	1.61967e-09	
1.97	2.13126e-09	1.62053e-09	
1.971	2.13257e-09	1.6214e-09	
1.972	2.13388e-09	1.62226e-09	
1.973	2.1352e-09	1.62313e-09	
1.974	2.13651e-09	1.624e-09	
1.975	2.13782e-09	1.62487e-09	
1.976	2.13914e-09	1.62573e-09	
1.977	2.14045e-09	1.6266e-09	
1.978	2.14176e-09	1.62747e-09	
1.979	2.14308e-09	1.62834e-09	
1.98	2.14439e-09	1.6292e-09	
1.981	2.1457e-09	1.63007e-09	
1.982	2.14702e-09	1.63094e-09	
1.983	2.14833e-09	1.63181e-09	
1.984	2.14965e-09	1.63268e-09	
1.985	2.15096e-09	1.63355e-09	
1.986	2.15227e-09	1.63441e-09	
1.987	2.15359e-09	1.63528e-09	
1.988	2.1549e-09	1.63615e-09	
1.989	2.15621e-09	1.63702e-09	
1.99	2.15752e-09	1.63788e-09	
1.991	2.15883e-09	1.63875e-09	
1.992	2.16015e-09	1.63962e-09	
1.993	2.16146e-09	1.64049e-09	
1.994	2.16277e-09	1.64136e-09	
1.995	2.16409e-09	1.64223e-09	
1.996	2.1654e-09	1.6431e-09	
1.997	2.16671e-09	1.64397e-09	
1.998	2.16803e-09	1.64484e-09	
1.999	2.16934e-09	1.64571e-09	
