0			0
1			3.125e-05
2			6.25e-05
3			9.375e-05
4			0.000125
5			0.00015625
6			0.0001875
7			0.00021875
8			0.00025
9			0.00028125
10			0.0003125
11			0.00034375
12			0.000375
13			0.00040625
14			0.0004375
15			0.00046875
16			0.0005
17			0.00053125
18			0.0005625
19			0.00059375
20			0.000625
21			0.00065625
22			0.0006875
23			0.00071875
24			0.00075
25			0.00078125
26			0.0008125
27			0.00084375
28			0.000875
29			0.00090625
30			0.0009375
31			0.00096875
32			0.001
33			0.00103125
34			0.0010625
35			0.00109375
36			0.001125
37			0.00115625
38			0.0011875
39			0.00121875
40			0.00125
41			0.00128125
42			0.0013125
43			0.00134375
44			0.001375
45			0.00140625
46			0.0014375
47			0.00146875
48			0.0015
49			0.00153125
50			0.0015625
51			0.00159375
52			0.001625
53			0.00165625
54			0.0016875
55			0.00171875
56			0.00175
57			0.00178125
58			0.0018125
59			0.00184375
60			0.001875
61			0.00190625
62			0.0019375
63			0.00196875
64			0.002
65			0.00203125
66			0.0020625
67			0.00209375
68			0.002125
69			0.00215625
70			0.0021875
71			0.00221875
72			0.00225
73			0.00228125
74			0.0023125
75			0.00234375
76			0.002375
77			0.00240625
78			0.0024375
79			0.00246875
80			0.0025
81			0.00253125
82			0.0025625
83			0.00259375
84			0.002625
85			0.00265625
86			0.0026875
87			0.00271875
88			0.00275
89			0.00278125
90			0.0028125
91			0.00284375
92			0.002875
93			0.00290625
94			0.0029375
95			0.00296875
96			0.003
97			0.00303125
98			0.0030625
99			0.00309375
100			0.003125
101			0.00315625
102			0.0031875
103			0.00321875
104			0.00325
105			0.00328125
106			0.0033125
107			0.00334375
108			0.003375
109			0.00340625
110			0.0034375
111			0.00346875
112			0.0035
113			0.00353125
114			0.0035625
115			0.00359375
116			0.003625
117			0.00365625
118			0.0036875
119			0.00371875
120			0.00375
121			0.00378125
122			0.0038125
123			0.00384375
124			0.003875
125			0.00390625
126			0.0039375
127			0.00396875
128			0.004
129			0.00403125
130			0.0040625
131			0.00409375
132			0.004125
133			0.00415625
134			0.0041875
135			0.00421875
136			0.00425
137			0.00428125
138			0.0043125
139			0.00434375
140			0.004375
141			0.00440625
142			0.0044375
143			0.00446875
144			0.0045
145			0.00453125
146			0.0045625
147			0.00459375
148			0.004625
149			0.00465625
150			0.0046875
151			0.00471875
152			0.00475
153			0.00478125
154			0.0048125
155			0.00484375
156			0.004875
157			0.00490625
158			0.0049375
159			0.00496875
160			0.005
161			0.00503125
162			0.0050625
163			0.00509375
164			0.005125
165			0.00515625
166			0.0051875
167			0.00521875
168			0.00525
169			0.00528125
170			0.0053125
171			0.00534375
172			0.005375
173			0.00540625
174			0.0054375
175			0.00546875
176			0.0055
177			0.00553125
178			0.0055625
179			0.00559375
180			0.005625
181			0.00565625
182			0.0056875
183			0.00571875
184			0.00575
185			0.00578125
186			0.0058125
187			0.00584375
188			0.005875
189			0.00590625
190			0.0059375
191			0.00596875
192			0.006
193			0.00603125
194			0.0060625
195			0.00609375
196			0.006125
197			0.00615625
198			0.0061875
199			0.00621875
200			0.00625
201			0.00628125
202			0.0063125
203			0.00634375
204			0.006375
205			0.00640625
206			0.0064375
207			0.00646875
208			0.0065
209			0.00653125
210			0.0065625
211			0.00659375
212			0.006625
213			0.00665625
214			0.0066875
215			0.00671875
216			0.00675
217			0.00678125
218			0.0068125
219			0.00684375
220			0.006875
221			0.00690625
222			0.0069375
223			0.00696875
224			0.007
225			0.00703125
226			0.0070625
227			0.00709375
228			0.007125
229			0.00715625
230			0.0071875
231			0.00721875
232			0.00725
233			0.00728125
234			0.0073125
235			0.00734375
236			0.007375
237			0.00740625
238			0.0074375
239			0.00746875
240			0.0075
241			0.00753125
242			0.0075625
243			0.00759375
244			0.007625
245			0.00765625
246			0.0076875
247			0.00771875
248			0.00775
249			0.00778125
250			0.0078125
251			0.00784375
252			0.007875
253			0.00790625
254			0.0079375
255			0.00796875
256			0.008
257			0.00803125
258			0.0080625
259			0.00809375
260			0.008125
261			0.00815625
262			0.0081875
263			0.00821875
264			0.00825
265			0.00828125
266			0.0083125
267			0.00834375
268			0.008375
269			0.00840625
270			0.0084375
271			0.00846875
272			0.0085
273			0.00853125
274			0.0085625
275			0.00859375
276			0.008625
277			0.00865625
278			0.0086875
279			0.00871875
280			0.00875
281			0.00878125
282			0.0088125
283			0.00884375
284			0.008875
285			0.00890625
286			0.0089375
287			0.00896875
288			0.009
289			0.00903125
290			0.0090625
291			0.00909375
292			0.009125
293			0.00915625
294			0.0091875
295			0.00921875
296			0.00925
297			0.00928125
298			0.0093125
299			0.00934375
300			0.009375
301			0.00940625
302			0.0094375
303			0.00946875
304			0.0095
305			0.00953125
306			0.0095625
307			0.00959375
308			0.009625
309			0.00965625
310			0.0096875
311			0.00971875
312			0.00975
313			0.00978125
314			0.0098125
315			0.00984375
316			0.009875
317			0.00990625
318			0.0099375
319			0.00996875
320			0.01
321			0.0100312
322			0.0100625
323			0.0100937
324			0.010125
325			0.0101562
326			0.0101875
327			0.0102187
328			0.01025
329			0.0102812
330			0.0103125
331			0.0103437
332			0.010375
333			0.0104062
334			0.0104375
335			0.0104687
336			0.0105
337			0.0105312
338			0.0105625
339			0.0105937
340			0.010625
341			0.0106562
342			0.0106875
343			0.0107187
344			0.01075
345			0.0107812
346			0.0108125
347			0.0108437
348			0.010875
349			0.0109062
350			0.0109375
351			0.0109687
352			0.011
353			0.0110312
354			0.0110625
355			0.0110937
356			0.011125
357			0.0111562
358			0.0111875
359			0.0112187
360			0.01125
361			0.0112812
362			0.0113125
363			0.0113437
364			0.011375
365			0.0114062
366			0.0114375
367			0.0114687
368			0.0115
369			0.0115312
370			0.0115625
371			0.0115937
372			0.011625
373			0.0116562
374			0.0116875
375			0.0117187
376			0.01175
377			0.0117812
378			0.0118125
379			0.0118437
380			0.011875
381			0.0119062
382			0.0119375
383			0.0119687
384			0.012
385			0.0120312
386			0.0120625
387			0.0120937
388			0.012125
389			0.0121562
390			0.0121875
391			0.0122187
392			0.01225
393			0.0122812
394			0.0123125
395			0.0123437
396			0.012375
397			0.0124062
398			0.0124375
399			0.0124687
400			0.0125
401			0.0125312
402			0.0125625
403			0.0125937
404			0.012625
405			0.0126562
406			0.0126875
407			0.0127187
408			0.01275
409			0.0127812
410			0.0128125
411			0.0128437
412			0.012875
413			0.0129062
414			0.0129375
415			0.0129687
416			0.013
417			0.0130312
418			0.0130625
419			0.0130937
420			0.013125
421			0.0131562
422			0.0131875
423			0.0132187
424			0.01325
425			0.0132812
426			0.0133125
427			0.0133437
428			0.013375
429			0.0134062
430			0.0134375
431			0.0134687
432			0.0135
433			0.0135312
434			0.0135625
435			0.0135937
436			0.013625
437			0.0136562
438			0.0136875
439			0.0137187
440			0.01375
441			0.0137812
442			0.0138125
443			0.0138437
444			0.013875
445			0.0139062
446			0.0139375
447			0.0139687
448			0.014
449			0.0140312
450			0.0140625
451			0.0140937
452			0.014125
453			0.0141562
454			0.0141875
455			0.0142187
456			0.01425
457			0.0142812
458			0.0143125
459			0.0143437
460			0.014375
461			0.0144062
462			0.0144375
463			0.0144687
464			0.0145
465			0.0145312
466			0.0145625
467			0.0145937
468			0.014625
469			0.0146562
470			0.0146875
471			0.0147187
472			0.01475
473			0.0147812
474			0.0148125
475			0.0148437
476			0.014875
477			0.0149062
478			0.0149375
479			0.0149687
480			0.015
481			0.0150312
482			0.0150625
483			0.0150937
484			0.015125
485			0.0151562
486			0.0151875
487			0.0152187
488			0.01525
489			0.0152812
490			0.0153125
491			0.0153437
492			0.015375
493			0.0154062
494			0.0154375
495			0.0154687
496			0.0155
497			0.0155312
498			0.0155625
499			0.0155937
500			0.015625
501			0.0156562
502			0.0156875
503			0.0157187
504			0.01575
505			0.0157812
506			0.0158125
507			0.0158437
508			0.015875
509			0.0159062
510			0.0159375
511			0.0159687
512			0.016
513			0.0160312
514			0.0160625
515			0.0160937
516			0.016125
517			0.0161562
518			0.0161875
519			0.0162187
520			0.01625
521			0.0162812
522			0.0163125
523			0.0163437
524			0.016375
525			0.0164062
526			0.0164375
527			0.0164687
528			0.0165
529			0.0165312
530			0.0165625
531			0.0165937
532			0.016625
533			0.0166562
534			0.0166875
535			0.0167187
536			0.01675
537			0.0167812
538			0.0168125
539			0.0168437
540			0.016875
541			0.0169062
542			0.0169375
543			0.0169687
544			0.017
545			0.0170312
546			0.0170625
547			0.0170937
548			0.017125
549			0.0171562
550			0.0171875
551			0.0172187
552			0.01725
553			0.0172812
554			0.0173125
555			0.0173437
556			0.017375
557			0.0174062
558			0.0174375
559			0.0174687
560			0.0175
561			0.0175312
562			0.0175625
563			0.0175937
564			0.017625
565			0.0176562
566			0.0176875
567			0.0177187
568			0.01775
569			0.0177812
570			0.0178125
571			0.0178437
572			0.017875
573			0.0179062
574			0.0179375
575			0.0179687
576			0.018
577			0.0180312
578			0.0180625
579			0.0180937
580			0.018125
581			0.0181562
582			0.0181875
583			0.0182187
584			0.01825
585			0.0182812
586			0.0183125
587			0.0183437
588			0.018375
589			0.0184062
590			0.0184375
591			0.0184687
592			0.0185
593			0.0185312
594			0.0185625
595			0.0185937
596			0.018625
597			0.0186562
598			0.0186875
599			0.0187187
600			0.01875
601			0.0187812
602			0.0188125
603			0.0188437
604			0.018875
605			0.0189062
606			0.0189375
607			0.0189687
608			0.019
609			0.0190312
610			0.0190625
611			0.0190937
612			0.019125
613			0.0191562
614			0.0191875
615			0.0192187
616			0.01925
617			0.0192812
618			0.0193125
619			0.0193437
620			0.019375
621			0.0194062
622			0.0194375
623			0.0194687
624			0.0195
625			0.0195312
626			0.0195625
627			0.0195937
628			0.019625
629			0.0196562
630			0.0196875
631			0.0197187
632			0.01975
633			0.0197812
634			0.0198125
635			0.0198437
636			0.019875
637			0.0199062
638			0.0199375
639			0.0199687
640			0.02
641			0.0200312
642			0.0200625
643			0.0200937
644			0.020125
645			0.0201562
646			0.0201875
647			0.0202187
648			0.02025
649			0.0202812
650			0.0203125
651			0.0203437
652			0.020375
653			0.0204062
654			0.0204375
655			0.0204687
656			0.0205
657			0.0205312
658			0.0205625
659			0.0205937
660			0.020625
661			0.0206562
662			0.0206875
663			0.0207187
664			0.02075
665			0.0207812
666			0.0208125
667			0.0208437
668			0.020875
669			0.0209062
670			0.0209375
671			0.0209687
672			0.021
673			0.0210312
674			0.0210625
675			0.0210937
676			0.021125
677			0.0211562
678			0.0211875
679			0.0212187
680			0.02125
681			0.0212812
682			0.0213125
683			0.0213437
684			0.021375
685			0.0214062
686			0.0214375
687			0.0214687
688			0.0215
689			0.0215312
690			0.0215625
691			0.0215937
692			0.021625
693			0.0216562
694			0.0216875
695			0.0217187
696			0.02175
697			0.0217812
698			0.0218125
699			0.0218437
700			0.021875
701			0.0219062
702			0.0219375
703			0.0219687
704			0.022
705			0.0220312
706			0.0220625
707			0.0220937
708			0.022125
709			0.0221562
710			0.0221875
711			0.0222187
712			0.02225
713			0.0222812
714			0.0223125
715			0.0223437
716			0.022375
717			0.0224062
718			0.0224375
719			0.0224687
720			0.0225
721			0.0225312
722			0.0225625
723			0.0225937
724			0.022625
725			0.0226562
726			0.0226875
727			0.0227187
728			0.02275
729			0.0227812
730			0.0228125
731			0.0228437
732			0.022875
733			0.0229062
734			0.0229375
735			0.0229687
736			0.023
737			0.0230312
738			0.0230625
739			0.0230937
740			0.023125
741			0.0231562
742			0.0231875
743			0.0232187
744			0.02325
745			0.0232812
746			0.0233125
747			0.0233437
748			0.023375
749			0.0234062
750			0.0234375
751			0.0234687
752			0.0235
753			0.0235312
754			0.0235625
755			0.0235937
756			0.023625
757			0.0236562
758			0.0236875
759			0.0237187
760			0.02375
761			0.0237812
762			0.0238125
763			0.0238437
764			0.023875
765			0.0239062
766			0.0239375
767			0.0239687
768			0.024
769			0.0240312
770			0.0240625
771			0.0240937
772			0.024125
773			0.0241562
774			0.0241875
775			0.0242187
776			0.02425
777			0.0242812
778			0.0243125
779			0.0243437
780			0.024375
781			0.0244062
782			0.0244375
783			0.0244687
784			0.0245
785			0.0245312
786			0.0245625
787			0.0245937
788			0.024625
789			0.0246562
790			0.0246875
791			0.0247187
792			0.02475
793			0.0247812
794			0.0248125
795			0.0248437
796			0.024875
797			0.0249062
798			0.0249375
799			0.0249687
800			0.025
801			0.0250312
802			0.0250625
803			0.0250937
804			0.025125
805			0.0251562
806			0.0251875
807			0.0252187
808			0.02525
809			0.0252812
810			0.0253125
811			0.0253437
812			0.025375
813			0.0254062
814			0.0254375
815			0.0254687
816			0.0255
817			0.0255312
818			0.0255625
819			0.0255937
820			0.025625
821			0.0256562
822			0.0256875
823			0.0257187
824			0.02575
825			0.0257812
826			0.0258125
827			0.0258437
828			0.025875
829			0.0259062
830			0.0259375
831			0.0259687
832			0.026
833			0.0260312
834			0.0260625
835			0.0260937
836			0.026125
837			0.0261562
838			0.0261875
839			0.0262187
840			0.02625
841			0.0262812
842			0.0263125
843			0.0263437
844			0.026375
845			0.0264062
846			0.0264375
847			0.0264687
848			0.0265
849			0.0265312
850			0.0265625
851			0.0265937
852			0.026625
853			0.0266562
854			0.0266875
855			0.0267187
856			0.02675
857			0.0267812
858			0.0268125
859			0.0268437
860			0.026875
861			0.0269062
862			0.0269375
863			0.0269687
864			0.027
865			0.0270312
866			0.0270625
867			0.0270937
868			0.027125
869			0.0271562
870			0.0271875
871			0.0272187
872			0.02725
873			0.0272812
874			0.0273125
875			0.0273437
876			0.027375
877			0.0274062
878			0.0274375
879			0.0274687
880			0.0275
881			0.0275312
882			0.0275625
883			0.0275937
884			0.027625
885			0.0276562
886			0.0276875
887			0.0277187
888			0.02775
889			0.0277812
890			0.0278125
891			0.0278437
892			0.027875
893			0.0279062
894			0.0279375
895			0.0279687
896			0.028
897			0.0280312
898			0.0280625
899			0.0280937
900			0.028125
901			0.0281562
902			0.0281875
903			0.0282187
904			0.02825
905			0.0282812
906			0.0283125
907			0.0283437
908			0.028375
909			0.0284062
910			0.0284375
911			0.0284687
912			0.0285
913			0.0285312
914			0.0285625
915			0.0285937
916			0.028625
917			0.0286562
918			0.0286875
919			0.0287187
920			0.02875
921			0.0287812
922			0.0288125
923			0.0288437
924			0.028875
925			0.0289062
926			0.0289375
927			0.0289687
928			0.029
929			0.0290312
930			0.0290625
931			0.0290937
932			0.029125
933			0.0291562
934			0.0291875
935			0.0292187
936			0.02925
937			0.0292812
938			0.0293125
939			0.0293438
940			0.029375
941			0.0294063
942			0.0294375
943			0.0294688
944			0.0295
945			0.0295313
946			0.0295625
947			0.0295938
948			0.029625
949			0.0296563
950			0.0296875
951			0.0297188
952			0.02975
953			0.0297813
954			0.0298125
955			0.0298438
956			0.029875
957			0.0299063
958			0.0299375
959			0.0299688
960			0.03
961			0.0300313
962			0.0300625
963			0.0300938
964			0.030125
965			0.0301563
966			0.0301875
967			0.0302188
968			0.03025
969			0.0302813
970			0.0303125
971			0.0303438
972			0.030375
973			0.0304063
974			0.0304375
975			0.0304688
976			0.0305
977			0.0305313
978			0.0305625
979			0.0305938
980			0.030625
981			0.0306563
982			0.0306875
983			0.0307188
984			0.03075
985			0.0307813
986			0.0308125
987			0.0308438
988			0.030875
989			0.0309063
990			0.0309375
991			0.0309688
992			0.031
993			0.0310313
994			0.0310625
995			0.0310938
996			0.031125
997			0.0311563
998			0.0311875
999			0.0312188
1000			0.03125
1001			0.0312813
1002			0.0313125
1003			0.0313438
1004			0.031375
1005			0.0314063
1006			0.0314375
1007			0.0314688
1008			0.0315
1009			0.0315313
1010			0.0315625
1011			0.0315938
1012			0.031625
1013			0.0316563
1014			0.0316875
1015			0.0317188
1016			0.03175
1017			0.0317813
1018			0.0318125
1019			0.0318438
1020			0.031875
1021			0.0319063
1022			0.0319375
1023			0.0319688
1024			0.032
1025			0.0320313
1026			0.0320625
1027			0.0320938
1028			0.032125
1029			0.0321563
1030			0.0321875
1031			0.0322188
1032			0.03225
1033			0.0322813
1034			0.0323125
1035			0.0323438
1036			0.032375
1037			0.0324063
1038			0.0324375
1039			0.0324688
1040			0.0325
1041			0.0325313
1042			0.0325625
1043			0.0325938
1044			0.032625
1045			0.0326563
1046			0.0326875
1047			0.0327188
1048			0.03275
1049			0.0327813
1050			0.0328125
1051			0.0328438
1052			0.032875
1053			0.0329063
1054			0.0329375
1055			0.0329688
1056			0.033
1057			0.0330313
1058			0.0330625
1059			0.0330938
1060			0.033125
1061			0.0331563
1062			0.0331875
1063			0.0332188
1064			0.03325
1065			0.0332813
1066			0.0333125
1067			0.0333438
1068			0.033375
1069			0.0334063
1070			0.0334375
1071			0.0334688
1072			0.0335
1073			0.0335313
1074			0.0335625
1075			0.0335938
1076			0.033625
1077			0.0336563
1078			0.0336875
1079			0.0337188
1080			0.03375
1081			0.0337813
1082			0.0338125
1083			0.0338438
1084			0.033875
1085			0.0339063
1086			0.0339375
1087			0.0339688
1088			0.034
1089			0.0340313
1090			0.0340625
1091			0.0340938
1092			0.034125
1093			0.0341563
1094			0.0341875
1095			0.0342188
1096			0.03425
1097			0.0342813
1098			0.0343125
1099			0.0343438
1100			0.034375
1101			0.0344063
1102			0.0344375
1103			0.0344688
1104			0.0345
1105			0.0345313
1106			0.0345625
1107			0.0345938
1108			0.034625
1109			0.0346563
1110			0.0346875
1111			0.0347188
1112			0.03475
1113			0.0347813
1114			0.0348125
1115			0.0348438
1116			0.034875
1117			0.0349063
1118			0.0349375
1119			0.0349688
1120			0.035
1121			0.0350313
1122			0.0350625
1123			0.0350938
1124			0.035125
1125			0.0351563
1126			0.0351875
1127			0.0352188
1128			0.03525
1129			0.0352813
1130			0.0353125
1131			0.0353438
1132			0.035375
1133			0.0354063
1134			0.0354375
1135			0.0354688
1136			0.0355
1137			0.0355313
1138			0.0355625
1139			0.0355938
1140			0.035625
1141			0.0356563
1142			0.0356875
1143			0.0357188
1144			0.03575
1145			0.0357813
1146			0.0358125
1147			0.0358438
1148			0.035875
1149			0.0359063
1150			0.0359375
1151			0.0359688
1152			0.036
1153			0.0360313
1154			0.0360625
1155			0.0360938
1156			0.036125
1157			0.0361563
1158			0.0361875
1159			0.0362188
1160			0.03625
1161			0.0362813
1162			0.0363125
1163			0.0363438
1164			0.036375
1165			0.0364063
1166			0.0364375
1167			0.0364688
1168			0.0365
1169			0.0365313
1170			0.0365625
1171			0.0365938
1172			0.036625
1173			0.0366563
1174			0.0366875
1175			0.0367188
1176			0.03675
1177			0.0367813
1178			0.0368125
1179			0.0368438
1180			0.036875
1181			0.0369063
1182			0.0369375
1183			0.0369688
1184			0.037
1185			0.0370313
1186			0.0370625
1187			0.0370938
1188			0.037125
1189			0.0371563
1190			0.0371875
1191			0.0372188
1192			0.03725
1193			0.0372813
1194			0.0373125
1195			0.0373438
1196			0.037375
1197			0.0374063
1198			0.0374375
1199			0.0374688
1200			0.0375
1201			0.0375313
1202			0.0375625
1203			0.0375938
1204			0.037625
1205			0.0376563
1206			0.0376875
1207			0.0377188
1208			0.03775
1209			0.0377813
1210			0.0378125
1211			0.0378438
1212			0.037875
1213			0.0379063
1214			0.0379375
1215			0.0379688
1216			0.038
1217			0.0380313
1218			0.0380625
1219			0.0380938
1220			0.038125
1221			0.0381563
1222			0.0381875
1223			0.0382188
1224			0.03825
1225			0.0382813
1226			0.0383125
1227			0.0383438
1228			0.038375
1229			0.0384063
1230			0.0384375
1231			0.0384688
1232			0.0385
1233			0.0385313
1234			0.0385625
1235			0.0385938
1236			0.038625
1237			0.0386563
1238			0.0386875
1239			0.0387188
1240			0.03875
1241			0.0387813
1242			0.0388125
1243			0.0388438
1244			0.038875
1245			0.0389063
1246			0.0389375
1247			0.0389688
1248			0.039
1249			0.0390313
1250			0.0390625
1251			0.0390938
1252			0.039125
1253			0.0391563
1254			0.0391875
1255			0.0392188
1256			0.03925
1257			0.0392813
1258			0.0393125
1259			0.0393438
1260			0.039375
1261			0.0394063
1262			0.0394375
1263			0.0394688
1264			0.0395
1265			0.0395313
1266			0.0395625
1267			0.0395938
1268			0.039625
1269			0.0396563
1270			0.0396875
1271			0.0397188
1272			0.03975
1273			0.0397813
1274			0.0398125
1275			0.0398438
1276			0.039875
1277			0.0399063
1278			0.0399375
1279			0.0399688
1280			0.04
1281			0.0400313
1282			0.0400625
1283			0.0400938
1284			0.040125
1285			0.0401563
1286			0.0401875
1287			0.0402188
1288			0.04025
1289			0.0402813
1290			0.0403125
1291			0.0403438
1292			0.040375
1293			0.0404063
1294			0.0404375
1295			0.0404688
1296			0.0405
1297			0.0405313
1298			0.0405625
1299			0.0405938
1300			0.040625
1301			0.0406563
1302			0.0406875
1303			0.0407188
1304			0.04075
1305			0.0407813
1306			0.0408125
1307			0.0408438
1308			0.040875
1309			0.0409063
1310			0.0409375
1311			0.0409688
1312			0.041
1313			0.0410313
1314			0.0410625
1315			0.0410938
1316			0.041125
1317			0.0411563
1318			0.0411875
1319			0.0412188
1320			0.04125
1321			0.0412813
1322			0.0413125
1323			0.0413438
1324			0.041375
1325			0.0414063
1326			0.0414375
1327			0.0414688
1328			0.0415
1329			0.0415313
1330			0.0415625
1331			0.0415938
1332			0.041625
1333			0.0416563
1334			0.0416875
1335			0.0417188
1336			0.04175
1337			0.0417813
1338			0.0418125
1339			0.0418438
1340			0.041875
1341			0.0419063
1342			0.0419375
1343			0.0419688
1344			0.042
1345			0.0420313
1346			0.0420625
1347			0.0420938
1348			0.042125
1349			0.0421563
1350			0.0421875
1351			0.0422188
1352			0.04225
1353			0.0422813
1354			0.0423125
1355			0.0423438
1356			0.042375
1357			0.0424063
1358			0.0424375
1359			0.0424688
1360			0.0425
1361			0.0425313
1362			0.0425625
1363			0.0425938
1364			0.042625
1365			0.0426563
1366			0.0426875
1367			0.0427188
1368			0.04275
1369			0.0427813
1370			0.0428125
1371			0.0428438
1372			0.042875
1373			0.0429063
1374			0.0429375
1375			0.0429688
1376			0.043
1377			0.0430313
1378			0.0430625
1379			0.0430938
1380			0.043125
1381			0.0431563
1382			0.0431875
1383			0.0432188
1384			0.04325
1385			0.0432813
1386			0.0433125
1387			0.0433438
1388			0.043375
1389			0.0434063
1390			0.0434375
1391			0.0434688
1392			0.0435
1393			0.0435313
1394			0.0435625
1395			0.0435938
1396			0.043625
1397			0.0436563
1398			0.0436875
1399			0.0437188
1400			0.04375
1401			0.0437813
1402			0.0438125
1403			0.0438438
1404			0.043875
1405			0.0439063
1406			0.0439375
1407			0.0439688
1408			0.044
1409			0.0440313
1410			0.0440625
1411			0.0440938
1412			0.044125
1413			0.0441563
1414			0.0441875
1415			0.0442188
1416			0.04425
1417			0.0442813
1418			0.0443125
1419			0.0443438
1420			0.044375
1421			0.0444063
1422			0.0444375
1423			0.0444688
1424			0.0445
1425			0.0445313
1426			0.0445625
1427			0.0445938
1428			0.044625
1429			0.0446563
1430			0.0446875
1431			0.0447188
1432			0.04475
1433			0.0447813
1434			0.0448125
1435			0.0448438
1436			0.044875
1437			0.0449063
1438			0.0449375
1439			0.0449688
1440			0.045
1441			0.0450313
1442			0.0450625
1443			0.0450938
1444			0.045125
1445			0.0451563
1446			0.0451875
1447			0.0452188
1448			0.04525
1449			0.0452813
1450			0.0453125
1451			0.0453438
1452			0.045375
1453			0.0454063
1454			0.0454375
1455			0.0454688
1456			0.0455
1457			0.0455313
1458			0.0455625
1459			0.0455938
1460			0.045625
1461			0.0456563
1462			0.0456875
1463			0.0457188
1464			0.04575
1465			0.0457813
1466			0.0458125
1467			0.0458438
1468			0.045875
1469			0.0459063
1470			0.0459375
1471			0.0459688
1472			0.046
1473			0.0460313
1474			0.0460625
1475			0.0460938
1476			0.046125
1477			0.0461563
1478			0.0461875
1479			0.0462188
1480			0.04625
1481			0.0462813
1482			0.0463125
1483			0.0463438
1484			0.046375
1485			0.0464063
1486			0.0464375
1487			0.0464688
1488			0.0465
1489			0.0465313
1490			0.0465625
1491			0.0465938
1492			0.046625
1493			0.0466563
1494			0.0466875
1495			0.0467188
1496			0.04675
1497			0.0467813
1498			0.0468125
1499			0.0468438
1500			0.046875
1501			0.0469063
1502			0.0469375
1503			0.0469688
1504			0.047
1505			0.0470313
1506			0.0470625
1507			0.0470938
1508			0.047125
1509			0.0471563
1510			0.0471875
1511			0.0472188
1512			0.04725
1513			0.0472813
1514			0.0473125
1515			0.0473438
1516			0.047375
1517			0.0474063
1518			0.0474375
1519			0.0474688
1520			0.0475
1521			0.0475313
1522			0.0475625
1523			0.0475938
1524			0.047625
1525			0.0476563
1526			0.0476875
1527			0.0477188
1528			0.04775
1529			0.0477813
1530			0.0478125
1531			0.0478438
1532			0.047875
1533			0.0479063
1534			0.0479375
1535			0.0479688
1536			0.048
1537			0.0480313
1538			0.0480625
1539			0.0480938
1540			0.048125
1541			0.0481563
1542			0.0481875
1543			0.0482188
1544			0.04825
1545			0.0482813
1546			0.0483125
1547			0.0483438
1548			0.048375
1549			0.0484063
1550			0.0484375
1551			0.0484688
1552			0.0485
1553			0.0485313
1554			0.0485625
1555			0.0485938
1556			0.048625
1557			0.0486563
1558			0.0486875
1559			0.0487188
1560			0.04875
1561			0.0487813
1562			0.0488125
1563			0.0488438
1564			0.048875
1565			0.0489063
1566			0.0489375
1567			0.0489688
1568			0.049
1569			0.0490313
1570			0.0490625
1571			0.0490938
1572			0.049125
1573			0.0491563
1574			0.0491875
1575			0.0492188
1576			0.04925
1577			0.0492813
1578			0.0493125
1579			0.0493438
1580			0.049375
1581			0.0494063
1582			0.0494375
1583			0.0494688
1584			0.0495
1585			0.0495313
1586			0.0495625
1587			0.0495938
1588			0.049625
1589			0.0496563
1590			0.0496875
1591			0.0497188
1592			0.04975
1593			0.0497813
1594			0.0498125
1595			0.0498438
1596			0.049875
1597			0.0499063
1598			0.0499375
1599			0.0499688
1600			0.05
1601			0.0500313
1602			0.0500625
1603			0.0500938
1604			0.050125
1605			0.0501563
1606			0.0501875
1607			0.0502188
1608			0.05025
1609			0.0502813
1610			0.0503125
1611			0.0503438
1612			0.050375
1613			0.0504063
1614			0.0504375
1615			0.0504688
1616			0.0505
1617			0.0505313
1618			0.0505625
1619			0.0505938
1620			0.050625
1621			0.0506563
1622			0.0506875
1623			0.0507188
1624			0.05075
1625			0.0507813
1626			0.0508125
1627			0.0508438
1628			0.050875
1629			0.0509063
1630			0.0509375
1631			0.0509688
1632			0.051
1633			0.0510313
1634			0.0510625
1635			0.0510938
1636			0.051125
1637			0.0511563
1638			0.0511875
1639			0.0512188
1640			0.05125
1641			0.0512813
1642			0.0513125
1643			0.0513438
1644			0.051375
1645			0.0514063
1646			0.0514375
1647			0.0514688
1648			0.0515
1649			0.0515313
1650			0.0515625
1651			0.0515938
1652			0.051625
1653			0.0516563
1654			0.0516875
1655			0.0517188
1656			0.05175
1657			0.0517813
1658			0.0518125
1659			0.0518438
1660			0.051875
1661			0.0519063
1662			0.0519375
1663			0.0519688
1664			0.052
1665			0.0520313
1666			0.0520625
1667			0.0520938
1668			0.052125
1669			0.0521563
1670			0.0521875
1671			0.0522188
1672			0.05225
1673			0.0522813
1674			0.0523125
1675			0.0523438
1676			0.052375
1677			0.0524063
1678			0.0524375
1679			0.0524688
1680			0.0525
1681			0.0525313
1682			0.0525625
1683			0.0525938
1684			0.052625
1685			0.0526563
1686			0.0526875
1687			0.0527188
1688			0.05275
1689			0.0527813
1690			0.0528125
1691			0.0528438
1692			0.052875
1693			0.0529063
1694			0.0529375
1695			0.0529688
1696			0.053
1697			0.0530313
1698			0.0530625
1699			0.0530938
1700			0.053125
1701			0.0531563
1702			0.0531875
1703			0.0532188
1704			0.05325
1705			0.0532813
1706			0.0533125
1707			0.0533438
1708			0.053375
1709			0.0534063
1710			0.0534375
1711			0.0534688
1712			0.0535
1713			0.0535313
1714			0.0535625
1715			0.0535938
1716			0.053625
1717			0.0536563
1718			0.0536875
1719			0.0537188
1720			0.05375
1721			0.0537813
1722			0.0538125
1723			0.0538438
1724			0.053875
1725			0.0539063
1726			0.0539375
1727			0.0539688
1728			0.054
1729			0.0540313
1730			0.0540625
1731			0.0540938
1732			0.054125
1733			0.0541563
1734			0.0541875
1735			0.0542188
1736			0.05425
1737			0.0542813
1738			0.0543125
1739			0.0543438
1740			0.054375
1741			0.0544063
1742			0.0544375
1743			0.0544688
1744			0.0545
1745			0.0545313
1746			0.0545625
1747			0.0545938
1748			0.054625
1749			0.0546563
1750			0.0546875
1751			0.0547188
1752			0.05475
1753			0.0547813
1754			0.0548125
1755			0.0548438
1756			0.054875
1757			0.0549063
1758			0.0549375
1759			0.0549688
1760			0.055
1761			0.0550313
1762			0.0550625
1763			0.0550938
1764			0.055125
1765			0.0551563
1766			0.0551875
1767			0.0552188
1768			0.05525
1769			0.0552813
1770			0.0553125
1771			0.0553438
1772			0.055375
1773			0.0554063
1774			0.0554375
1775			0.0554688
1776			0.0555
1777			0.0555313
1778			0.0555625
1779			0.0555938
1780			0.055625
1781			0.0556563
1782			0.0556875
1783			0.0557188
1784			0.05575
1785			0.0557813
1786			0.0558125
1787			0.0558438
1788			0.055875
1789			0.0559063
1790			0.0559375
1791			0.0559688
1792			0.056
1793			0.0560313
1794			0.0560625
1795			0.0560938
1796			0.056125
1797			0.0561563
1798			0.0561875
1799			0.0562188
1800			0.05625
1801			0.0562813
1802			0.0563125
1803			0.0563438
1804			0.056375
1805			0.0564063
1806			0.0564375
1807			0.0564688
1808			0.0565
1809			0.0565313
1810			0.0565625
1811			0.0565938
1812			0.056625
1813			0.0566563
1814			0.0566875
1815			0.0567188
1816			0.05675
1817			0.0567813
1818			0.0568125
1819			0.0568438
1820			0.056875
1821			0.0569063
1822			0.0569375
1823			0.0569688
1824			0.057
1825			0.0570313
1826			0.0570625
1827			0.0570938
1828			0.057125
1829			0.0571563
1830			0.0571875
1831			0.0572188
1832			0.05725
1833			0.0572813
1834			0.0573125
1835			0.0573438
1836			0.057375
1837			0.0574063
1838			0.0574375
1839			0.0574688
1840			0.0575
1841			0.0575313
1842			0.0575625
1843			0.0575938
1844			0.057625
1845			0.0576563
1846			0.0576875
1847			0.0577188
1848			0.05775
1849			0.0577813
1850			0.0578125
1851			0.0578438
1852			0.057875
1853			0.0579063
1854			0.0579375
1855			0.0579688
1856			0.058
1857			0.0580313
1858			0.0580625
1859			0.0580938
1860			0.058125
1861			0.0581563
1862			0.0581875
1863			0.0582188
1864			0.05825
1865			0.0582813
1866			0.0583125
1867			0.0583438
1868			0.058375
1869			0.0584063
1870			0.0584375
1871			0.0584688
1872			0.0585
1873			0.0585313
1874			0.0585625
1875			0.0585938
1876			0.058625
1877			0.0586563
1878			0.0586875
1879			0.0587188
1880			0.05875
1881			0.0587813
1882			0.0588125
1883			0.0588438
1884			0.058875
1885			0.0589063
1886			0.0589375
1887			0.0589688
1888			0.059
1889			0.0590313
1890			0.0590625
1891			0.0590938
1892			0.059125
1893			0.0591563
1894			0.0591875
1895			0.0592188
1896			0.05925
1897			0.0592813
1898			0.0593125
1899			0.0593438
1900			0.059375
1901			0.0594063
1902			0.0594375
1903			0.0594688
1904			0.0595
1905			0.0595313
1906			0.0595625
1907			0.0595938
1908			0.059625
1909			0.0596563
1910			0.0596875
1911			0.0597188
1912			0.05975
1913			0.0597813
1914			0.0598125
1915			0.0598438
1916			0.059875
1917			0.0599063
1918			0.0599375
1919			0.0599688
1920			0.06
1921			0.0600313
1922			0.0600625
1923			0.0600938
1924			0.060125
1925			0.0601563
1926			0.0601875
1927			0.0602188
1928			0.06025
1929			0.0602813
1930			0.0603125
1931			0.0603438
1932			0.060375
1933			0.0604063
1934			0.0604375
1935			0.0604688
1936			0.0605
1937			0.0605313
1938			0.0605625
1939			0.0605938
1940			0.060625
1941			0.0606563
1942			0.0606875
1943			0.0607188
1944			0.06075
1945			0.0607813
1946			0.0608125
1947			0.0608438
1948			0.060875
1949			0.0609063
1950			0.0609375
1951			0.0609688
1952			0.061
1953			0.0610313
1954			0.0610625
1955			0.0610938
1956			0.061125
1957			0.0611563
1958			0.0611875
1959			0.0612188
1960			0.06125
1961			0.0612813
1962			0.0613125
1963			0.0613438
1964			0.061375
1965			0.0614063
1966			0.0614375
1967			0.0614688
1968			0.0615
1969			0.0615313
1970			0.0615625
1971			0.0615938
1972			0.061625
1973			0.0616563
1974			0.0616875
1975			0.0617188
1976			0.06175
1977			0.0617813
1978			0.0618125
1979			0.0618438
1980			0.061875
1981			0.0619063
1982			0.0619376
1983			0.0619688
1984			0.0620001
1985			0.0620313
1986			0.0620626
1987			0.0620938
1988			0.0621251
1989			0.0621563
1990			0.0621876
1991			0.0622188
1992			0.0622501
1993			0.0622813
1994			0.0623126
1995			0.0623438
1996			0.0623751
1997			0.0624063
1998			0.0624376
1999			0.0624688
