0			0
0.05			0.05
0.1			0.0999375
0.15			0.149688
0.2			0.199126
0.25			0.24813
0.3			0.296575
0.35			0.344342
0.4			0.391311
0.45			0.437364
0.5			0.482386
0.55			0.526265
0.6			0.568891
0.65			0.610158
0.7			0.649962
0.75			0.688205
0.8			0.724789
0.85			0.759624
0.9			0.792623
0.95			0.823704
1			0.852788
1.05			0.879803
1.1			0.904682
1.15			0.927362
1.2			0.947786
1.25			0.965904
1.3			0.98167
1.35			0.995045
1.4			1.006
1.45			1.01449
1.5			1.02052
1.55			1.02406
1.6			1.0251
1.65			1.02364
1.7			1.01968
1.75			1.01324
1.8			1.00432
1.85			0.992965
1.9			0.979185
1.95			0.963021
2			0.944512
2.05			0.923704
2.1			0.900651
2.15			0.875408
2.2			0.84804
2.25			0.818615
2.3			0.787207
2.35			0.753893
2.4			0.718757
2.45			0.681888
2.5			0.643376
2.55			0.603319
2.6			0.561816
2.65			0.518972
2.7			0.474893
2.75			0.429689
2.8			0.383474
2.85			0.336363
2.9			0.288473
2.95			0.239926
3			0.19084
3.05			0.141341
3.1			0.0915504
3.15			0.0415936
3.2			-0.00840461
3.25			-0.0583194
3.3			-0.108026
3.35			-0.1574
3.4			-0.206318
3.45			-0.254658
3.5			-0.302299
3.55			-0.349122
3.6			-0.395009
3.65			-0.439847
3.7			-0.483523
3.75			-0.525928
3.8			-0.566956
3.85			-0.606505
3.9			-0.644475
3.95			-0.680771
4			-0.715304
4.05			-0.747986
4.1			-0.778736
4.15			-0.807477
4.2			-0.834138
4.25			-0.858651
4.3			-0.880955
4.35			-0.900995
4.4			-0.91872
4.45			-0.934087
4.5			-0.947057
4.55			-0.957596
4.6			-0.96568
4.65			-0.971288
4.7			-0.974405
4.75			-0.975025
4.8			-0.973145
4.85			-0.96877
4.9			-0.961911
4.95			-0.952585
5			-0.940816
5.05			-0.926633
5.1			-0.910071
5.15			-0.891172
5.2			-0.869984
5.25			-0.846558
5.3			-0.820953
5.35			-0.793235
5.4			-0.763471
5.45			-0.731736
5.5			-0.69811
5.55			-0.662677
5.6			-0.625524
5.65			-0.586746
5.7			-0.546439
5.75			-0.504703
5.8			-0.461643
5.85			-0.417367
5.9			-0.371986
5.95			-0.325612
6			-0.278362
6.05			-0.230353
6.1			-0.181706
6.15			-0.132543
6.2			-0.0829856
6.25			-0.0331585
6.3			0.0168139
6.35			0.0668069
6.4			0.116695
6.45			0.166355
6.5			0.21566
6.55			0.26449
6.6			0.312721
6.65			0.360232
6.7			0.406906
6.75			0.452625
6.8			0.497275
6.85			0.540745
6.9			0.582926
6.95			0.623712
7			0.663002
7.05			0.700697
7.1			0.736703
7.15			0.770931
7.2			0.803294
7.25			0.833711
7.3			0.862108
7.35			0.888411
7.4			0.912557
7.45			0.934485
7.5			0.954139
7.55			0.97147
7.6			0.986437
7.65			0.999
7.7			1.00913
7.75			1.0168
7.8			1.02199
7.85			1.02468
7.9			1.02488
7.95			1.02258
8			1.01779
8.05			1.01051
8.1			1.00078
8.15			0.988599
8.2			0.974013
8.25			0.957056
8.3			0.937768
8.35			0.916199
8.4			0.892403
8.45			0.866439
8.5			0.838371
8.55			0.80827
8.6			0.776212
8.65			0.742276
8.7			0.706547
8.75			0.669115
8.8			0.630073
8.85			0.589518
8.9			0.547552
8.95			0.504281
9			0.459811
9.05			0.414254
9.1			0.367725
9.15			0.320339
9.2			0.272215
9.25			0.223472
9.3			0.174234
9.35			0.124623
9.4			0.0747626
9.45			0.0247779
9.5			-0.0252062
9.55			-0.0750648
9.6			-0.124673
9.65			-0.173908
9.7			-0.222645
9.75			-0.270763
9.8			-0.318142
9.85			-0.364663
9.9			-0.410211
9.95			-0.45467
10			-0.497931
10.05			-0.539885
10.1			-0.580426
10.15			-0.619455
10.2			-0.656872
10.25			-0.692586
10.3			-0.726505
10.35			-0.758547
10.4			-0.788629
10.45			-0.816679
10.5			-0.842624
10.55			-0.866401
10.6			-0.88795
10.65			-0.907217
10.7			-0.924153
10.75			-0.938718
10.8			-0.950874
10.85			-0.96059
10.9			-0.967843
10.95			-0.972615
11			-0.974893
11.05			-0.974671
11.1			-0.971951
11.15			-0.966739
11.2			-0.959049
11.25			-0.948899
11.3			-0.936314
11.35			-0.921327
11.4			-0.903974
11.45			-0.8843
11.5			-0.862352
11.55			-0.838187
11.6			-0.811864
11.65			-0.78345
11.7			-0.753015
11.75			-0.720635
11.8			-0.686391
11.85			-0.65037
11.9			-0.61266
11.95			-0.573357
12			-0.532557
12.05			-0.490365
12.1			-0.446884
12.15			-0.402224
12.2			-0.356495
12.25			-0.309814
12.3			-0.262295
12.35			-0.214059
12.4			-0.165224
12.45			-0.115915
12.5			-0.066253
12.55			-0.0163631
12.6			0.0336302
12.65			0.0836019
12.7			0.133427
12.75			0.182981
12.8			0.232141
12.85			0.280782
12.9			0.328785
12.95			0.376028
13			0.422393
13.05			0.467766
13.1			0.512031
13.15			0.55508
13.2			0.596803
13.25			0.637097
13.3			0.675862
13.35			0.712999
13.4			0.748417
13.45			0.782026
13.5			0.813744
13.55			0.84349
13.6			0.87119
13.65			0.896775
13.7			0.920182
13.75			0.94135
13.8			0.960229
13.85			0.976769
13.9			0.990931
13.95			1.00268
14			1.01198
14.05			1.01882
14.1			1.02317
14.15			1.02503
14.2			1.02439
14.25			1.02125
14.3			1.01562
14.35			1.00751
14.4			0.996952
14.45			0.983961
14.5			0.968573
14.55			0.950827
14.6			0.930767
14.65			0.908443
14.7			0.88391
14.75			0.857231
14.8			0.828472
14.85			0.797704
14.9			0.765005
14.95			0.730456
15			0.694145
15.05			0.65616
15.1			0.616598
15.15			0.575558
15.2			0.533141
15.25			0.489454
15.3			0.444606
15.35			0.39871
15.4			0.351879
15.45			0.304231
15.5			0.255886
15.55			0.206963
15.6			0.157586
15.65			0.107877
15.7			0.0579607
15.75			0.00796232
15.8			-0.0419935
15.85			-0.0917819
15.9			-0.141278
15.95			-0.190359
16			-0.238902
16.05			-0.286785
16.1			-0.333888
16.15			-0.380095
16.2			-0.425289
16.25			-0.469358
16.3			-0.512191
16.35			-0.553681
16.4			-0.593725
16.45			-0.632222
16.5			-0.669077
16.55			-0.704197
16.6			-0.737494
16.65			-0.768886
16.7			-0.798293
16.75			-0.825642
16.8			-0.850865
16.85			-0.873899
16.9			-0.894686
16.95			-0.913175
17			-0.929318
17.05			-0.943076
17.1			-0.954415
17.15			-0.963305
17.2			-0.969725
17.25			-0.973659
17.3			-0.975097
17.35			-0.974035
17.4			-0.970476
17.45			-0.964429
17.5			-0.955909
17.55			-0.944937
17.6			-0.93154
17.65			-0.915753
17.7			-0.897615
17.75			-0.87717
17.8			-0.85447
17.85			-0.829573
17.9			-0.802539
17.95			-0.773437
18			-0.742339
18.05			-0.709323
18.1			-0.674472
18.15			-0.637872
18.2			-0.599616
18.25			-0.559798
18.3			-0.518519
18.35			-0.475881
18.4			-0.431991
18.45			-0.386959
18.5			-0.340897
18.55			-0.293921
18.6			-0.246148
18.65			-0.197697
18.7			-0.148689
18.75			-0.099247
18.8			-0.0494946
18.85			0.000443988
18.9			0.050444
18.95			0.10038
19			0.150128
19.05			0.199564
19.1			0.248563
19.15			0.297003
19.2			0.344763
19.25			0.391724
19.3			0.437768
19.35			0.482781
19.4			0.526649
19.45			0.569264
19.5			0.610518
19.55			0.650309
19.6			0.688537
19.65			0.725106
19.7			0.759926
19.75			0.792908
19.8			0.823971
19.85			0.853037
19.9			0.880034
19.95			0.904893
20			0.927553
20.05			0.947957
20.1			0.966054
20.15			0.981799
20.2			0.995153
20.25			1.00608
20.3			1.01456
20.35			1.02056
20.4			1.02408
20.45			1.02509
20.5			1.02361
20.55			1.01963
20.6			1.01317
20.65			1.00423
20.7			0.992853
20.75			0.979052
20.8			0.962867
20.85			0.944337
20.9			0.923509
20.95			0.900436
21			0.875175
21.05			0.847788
21.1			0.818345
21.15			0.786919
21.2			0.753589
21.25			0.718437
21.3			0.681553
21.35			0.643027
21.4			0.602956
21.45			0.561441
21.5			0.518586
21.55			0.474496
21.6			0.429283
21.65			0.383059
21.7			0.335941
21.75			0.288045
21.8			0.239492
21.85			0.190402
21.9			0.1409
21.95			0.0911072
22			0.0411496
22.05			-0.00884849
22.1			-0.0587619
22.15			-0.108466
22.2			-0.157836
22.25			-0.20675
22.3			-0.255084
22.35			-0.302718
22.4			-0.349533
22.45			-0.395412
22.5			-0.44024
22.55			-0.483906
22.6			-0.526299
22.65			-0.567314
22.7			-0.606849
22.75			-0.644804
22.8			-0.681086
22.85			-0.715602
22.9			-0.748268
22.95			-0.779
23			-0.807723
23.05			-0.834365
23.1			-0.858859
23.15			-0.881143
23.2			-0.901163
23.25			-0.918867
23.3			-0.934213
23.35			-0.947161
23.4			-0.957679
23.45			-0.965741
23.5			-0.971326
23.55			-0.974422
23.6			-0.975019
23.65			-0.973117
23.7			-0.96872
23.75			-0.961839
23.8			-0.952491
23.85			-0.940701
23.9			-0.926496
23.95			-0.909914
24			-0.890994
24.05			-0.869785
24.1			-0.84634
24.15			-0.820716
24.2			-0.792979
24.25			-0.763198
24.3			-0.731446
24.35			-0.697803
24.4			-0.662354
24.45			-0.625187
24.5			-0.586395
24.55			-0.546074
24.6			-0.504326
24.65			-0.461255
24.7			-0.416969
24.75			-0.371578
24.8			-0.325196
24.85			-0.277938
24.9			-0.229924
24.95			-0.181272
25			-0.132104
25.05			-0.0825441
25.1			-0.0327152
25.15			0.017258
25.2			0.0672506
25.25			0.117138
25.3			0.166794
25.35			0.216096
25.4			0.264921
25.45			0.313146
25.5			0.360651
25.55			0.407316
25.6			0.453027
25.65			0.497667
25.7			0.541126
25.75			0.583295
25.8			0.624068
25.85			0.663344
25.9			0.701025
25.95			0.737015
26			0.771227
26.05			0.803573
26.1			0.833973
26.15			0.86235
26.2			0.888635
26.25			0.912762
26.3			0.934669
26.35			0.954303
26.4			0.971614
26.45			0.986559
26.5			0.9991
26.55			1.00921
26.6			1.01685
26.65			1.02202
26.7			1.0247
26.75			1.02487
26.8			1.02255
26.85			1.01774
26.9			1.01044
26.95			1.00068
27			0.98848
27.05			0.973873
27.1			0.956895
27.15			0.937587
27.2			0.915998
27.25			0.892182
27.3			0.866199
27.35			0.838113
27.4			0.807994
27.45			0.775919
27.5			0.741967
27.55			0.706222
27.6			0.668775
27.65			0.629719
27.7			0.589151
27.75			0.547174
27.8			0.503891
27.85			0.459411
27.9			0.413845
27.95			0.367308
28			0.319914
28.05			0.271784
28.1			0.223037
28.15			0.173795
28.2			0.124181
28.25			0.074319
28.3			0.0243338
28.35			-0.0256497
28.4			-0.0755067
28.45			-0.125112
28.5			-0.174343
28.55			-0.223075
28.6			-0.271187
28.65			-0.318559
28.7			-0.365072
28.75			-0.410611
28.8			-0.45506
28.85			-0.49831
28.9			-0.540251
28.95			-0.58078
29			-0.619794
29.05			-0.657197
29.1			-0.692895
29.15			-0.726798
29.2			-0.758822
29.25			-0.788888
29.3			-0.816918
29.35			-0.842845
29.4			-0.866602
29.45			-0.888131
29.5			-0.907377
29.55			-0.924293
29.6			-0.938837
29.65			-0.950971
29.7			-0.960665
29.75			-0.967896
29.8			-0.972646
29.85			-0.974902
29.9			-0.974658
29.95			-0.971916
30			-0.966682
30.05			-0.958969
30.1			-0.948798
30.15			-0.936192
30.2			-0.921183
30.25			-0.90381
30.3			-0.884115
30.35			-0.862147
30.4			-0.837963
30.45			-0.811621
30.5			-0.783188
30.55			-0.752736
30.6			-0.720339
30.65			-0.686079
30.7			-0.650042
30.75			-0.612318
30.8			-0.573001
30.85			-0.532189
30.9			-0.489984
30.95			-0.446492
31			-0.401822
31.05			-0.356085
31.1			-0.309395
31.15			-0.26187
31.2			-0.213627
31.25			-0.164788
31.3			-0.115475
31.35			-0.0658108
31.4			-0.0159194
31.45			0.0340743
31.5			0.0840453
31.55			0.133869
31.6			0.18342
31.65			0.232575
31.7			0.281212
31.75			0.329208
31.8			0.376444
31.85			0.422801
31.9			0.468164
31.95			0.512419
32			0.555456
32.05			0.597167
32.1			0.637448
32.15			0.676199
32.2			0.713321
32.25			0.748723
32.3			0.782317
32.35			0.814017
32.4			0.843745
32.45			0.871427
32.5			0.896993
32.55			0.92038
32.6			0.941528
32.65			0.960386
32.7			0.976906
32.75			0.991046
32.8			1.00277
32.85			1.01205
32.9			1.01887
32.95			1.0232
33			1.02504
33.05			1.02437
33.1			1.02121
33.15			1.01556
33.2			1.00743
33.25			0.996847
33.3			0.983835
33.35			0.968426
33.4			0.950659
33.45			0.930578
33.5			0.908234
33.55			0.883683
33.6			0.856985
33.65			0.828207
33.7			0.797422
33.75			0.764706
33.8			0.730142
33.85			0.693814
33.9			0.655816
33.95			0.61624
34			0.575187
34.05			0.532758
34.1			0.489061
34.15			0.444203
34.2			0.398298
34.25			0.351459
34.3			0.303805
34.35			0.255454
34.4			0.206526
34.45			0.157145
34.5			0.107434
34.55			0.0575168
34.6			0.00751826
34.65			-0.0424366
34.7			-0.092223
34.75			-0.141716
34.8			-0.190793
34.85			-0.23933
34.9			-0.287207
34.95			-0.334303
35			-0.380501
35.05			-0.425686
35.1			-0.469744
35.15			-0.512565
35.2			-0.554043
35.25			-0.594074
35.3			-0.632557
35.35			-0.669397
35.4			-0.704501
35.45			-0.737782
35.5			-0.769156
35.55			-0.798545
35.6			-0.825875
35.65			-0.851079
35.7			-0.874094
35.75			-0.894861
35.8			-0.913328
35.85			-0.929451
35.9			-0.943188
35.95			-0.954505
36			-0.963373
36.05			-0.969771
36.1			-0.973683
36.15			-0.975099
36.2			-0.974015
36.25			-0.970433
36.3			-0.964364
36.35			-0.955822
36.4			-0.944828
36.45			-0.931411
36.5			-0.915602
36.55			-0.897443
36.6			-0.876978
36.65			-0.854259
36.7			-0.829342
36.75			-0.802289
36.8			-0.773169
36.85			-0.742054
36.9			-0.709021
36.95			-0.674154
37			-0.637539
37.05			-0.599269
37.1			-0.559438
37.15			-0.518146
37.2			-0.475496
37.25			-0.431596
37.3			-0.386554
37.35			-0.340484
37.4			-0.2935
37.45			-0.24572
37.5			-0.197264
37.55			-0.148252
37.6			-0.0988064
37.65			-0.0490517
37.7			0.000887982
37.75			0.050888
37.8			0.100823
37.85			0.150569
37.9			0.200001
37.95			0.248995
38			0.29743
38.05			0.345184
38.1			0.392137
38.15			0.438173
38.2			0.483176
38.25			0.527034
38.3			0.569637
38.35			0.610878
38.4			0.650656
38.45			0.688869
38.5			0.725423
38.55			0.760227
38.6			0.793193
38.65			0.824238
38.7			0.853286
38.75			0.880264
38.8			0.905104
38.85			0.927744
38.9			0.948128
38.95			0.966205
39			0.981929
39.05			0.995261
39.1			1.00617
39.15			1.01462
39.2			1.0206
39.25			1.0241
39.3			1.02509
39.35			1.02359
39.4			1.01959
39.45			1.0131
39.5			1.00414
39.55			0.992741
39.6			0.978919
39.65			0.962712
39.7			0.944162
39.75			0.923314
39.8			0.900221
39.85			0.874941
39.9			0.847536
39.95			0.818075
40			0.786631
40.05			0.753284
40.1			0.718117
40.15			0.681218
40.2			0.642678
40.25			0.602594
40.3			0.561067
40.35			0.518199
40.4			0.474099
40.45			0.428877
40.5			0.382645
40.55			0.335519
40.6			0.287616
40.65			0.239058
40.7			0.189964
40.75			0.140459
40.8			0.0906641
40.85			0.0407055
40.9			-0.00929235
40.95			-0.0592045
41			-0.108906
41.05			-0.158273
41.1			-0.207182
41.15			-0.255511
41.2			-0.303138
41.25			-0.349945
41.3			-0.395815
41.35			-0.440633
41.4			-0.484288
41.45			-0.526669
41.5			-0.567672
41.55			-0.607193
41.6			-0.645134
41.65			-0.6814
41.7			-0.715901
41.75			-0.748549
41.8			-0.779264
41.85			-0.807969
41.9			-0.834592
41.95			-0.859066
42			-0.881331
42.05			-0.90133
42.1			-0.919014
42.15			-0.934339
42.2			-0.947265
42.25			-0.957761
42.3			-0.965801
42.35			-0.971365
42.4			-0.974438
42.45			-0.975013
42.5			-0.973089
42.55			-0.968669
42.6			-0.961767
42.65			-0.952397
42.7			-0.940585
42.75			-0.926359
42.8			-0.909756
42.85			-0.890816
42.9			-0.869587
42.95			-0.846122
43			-0.820479
43.05			-0.792724
43.1			-0.762924
43.15			-0.731155
43.2			-0.697496
43.25			-0.662031
43.3			-0.624849
43.35			-0.586043
43.4			-0.545709
43.45			-0.503949
43.5			-0.460867
43.55			-0.416571
43.6			-0.37117
43.65			-0.32478
43.7			-0.277515
43.75			-0.229494
43.8			-0.180837
43.85			-0.131666
43.9			-0.0821025
43.95			-0.0322718
44			0.0177022
44.05			0.0676943
44.1			0.11758
44.15			0.167234
44.2			0.216532
44.25			0.265352
44.3			0.313571
44.35			0.361069
44.4			0.407727
44.45			0.453428
44.5			0.498058
44.55			0.541506
44.6			0.583663
44.65			0.624424
44.7			0.663686
44.75			0.701352
44.8			0.737327
44.85			0.771522
44.9			0.803851
44.95			0.834234
45			0.862593
45.05			0.888859
45.1			0.912966
45.15			0.934854
45.2			0.954467
45.25			0.971757
45.3			0.986681
45.35			0.999201
45.4			1.00929
45.45			1.01691
45.5			1.02206
45.55			1.02471
45.6			1.02486
45.65			1.02252
45.7			1.01768
45.75			1.01036
45.8			1.00058
45.85			0.988361
45.9			0.973733
45.95			0.956733
46			0.937405
46.05			0.915796
46.1			0.891961
46.15			0.865958
46.2			0.837854
46.25			0.807718
46.3			0.775625
46.35			0.741657
46.4			0.705897
46.45			0.668435
46.5			0.629365
46.55			0.588785
46.6			0.546795
46.65			0.503501
46.7			0.459011
46.75			0.413436
46.8			0.36689
46.85			0.31949
46.9			0.271354
46.95			0.222602
47			0.173356
47.05			0.123739
47.1			0.0738754
47.15			0.0238897
47.2			-0.0260933
47.25			-0.0759485
47.3			-0.125551
47.35			-0.174778
47.4			-0.223505
47.45			-0.271612
47.5			-0.318976
47.55			-0.365481
47.6			-0.41101
47.65			-0.45545
47.7			-0.498688
47.75			-0.540617
47.8			-0.581133
47.85			-0.620134
47.9			-0.657522
47.95			-0.693204
48			-0.727091
48.05			-0.759098
48.1			-0.789146
48.15			-0.817158
48.2			-0.843066
48.25			-0.866803
48.3			-0.888312
48.35			-0.907538
48.4			-0.924433
48.45			-0.938955
48.5			-0.951068
48.55			-0.96074
48.6			-0.96795
48.65			-0.972677
48.7			-0.97491
48.75			-0.974645
48.8			-0.97188
48.85			-0.966624
48.9			-0.95889
48.95			-0.948696
49			-0.936069
49.05			-0.921039
49.1			-0.903645
49.15			-0.88393
49.2			-0.861942
49.25			-0.837738
49.3			-0.811378
49.35			-0.782927
49.4			-0.752456
49.45			-0.720043
49.5			-0.685767
49.55			-0.649714
49.6			-0.611976
49.65			-0.572645
49.7			-0.53182
49.75			-0.489603
49.8			-0.446101
49.85			-0.40142
49.9			-0.355674
49.95			-0.308977
50			-0.261444
50.05			-0.213196
50.1			-0.164352
50.15			-0.115035
50.2			-0.0653685
50.25			-0.0154756
50.3			0.0345184
50.35			0.0844886
50.4			0.13431
50.45			0.183858
50.5			0.23301
50.55			0.281641
50.6			0.329631
50.65			0.376859
50.7			0.423208
50.75			0.468562
50.8			0.512807
50.85			0.555833
50.9			0.597532
50.95			0.637799
51			0.676536
51.05			0.713643
51.1			0.74903
51.15			0.782607
51.2			0.81429
51.25			0.844
51.3			0.871663
51.35			0.89721
51.4			0.920577
51.45			0.941706
51.5			0.960543
51.55			0.977042
51.6			0.991161
51.65			1.00287
51.7			1.01213
51.75			1.01892
51.8			1.02323
51.85			1.02504
51.9			1.02435
51.95			1.02117
52			1.0155
52.05			1.00735
52.1			0.996742
52.15			0.983709
52.2			0.968279
52.25			0.950491
52.3			0.93039
52.35			0.908026
52.4			0.883455
52.45			0.856738
52.5			0.827942
52.55			0.79714
52.6			0.764407
52.65			0.729827
52.7			0.693484
52.75			0.655471
52.8			0.615882
52.85			0.574816
52.9			0.532376
52.95			0.488667
53			0.4438
53.05			0.397886
53.1			0.351039
53.15			0.303378
53.2			0.255021
53.25			0.20609
53.3			0.156705
53.35			0.106992
53.4			0.057073
53.45			0.0070742
53.5			-0.0428797
53.55			-0.092664
53.6			-0.142154
53.65			-0.191227
53.7			-0.239759
53.75			-0.287629
53.8			-0.334717
53.85			-0.380907
53.9			-0.426082
53.95			-0.47013
54			-0.51294
54.05			-0.554405
54.1			-0.594423
54.15			-0.632892
54.2			-0.669716
54.25			-0.704805
54.3			-0.738069
54.35			-0.769426
54.4			-0.798797
54.45			-0.826109
54.5			-0.851294
54.55			-0.874288
54.6			-0.895035
54.65			-0.913482
54.7			-0.929583
54.75			-0.943299
54.8			-0.954594
54.85			-0.963441
54.9			-0.969817
54.95			-0.973707
55			-0.9751
55.05			-0.973994
55.1			-0.97039
55.15			-0.964299
55.2			-0.955735
55.25			-0.94472
55.3			-0.931281
55.35			-0.915451
55.4			-0.897271
55.45			-0.876786
55.5			-0.854047
55.55			-0.829111
55.6			-0.80204
55.65			-0.772901
55.7			-0.741769
55.75			-0.70872
55.8			-0.673836
55.85			-0.637207
55.9			-0.598922
55.95			-0.559077
56			-0.517773
56.05			-0.475112
56.1			-0.431201
56.15			-0.38615
56.2			-0.340071
56.25			-0.293079
56.3			-0.245293
56.35			-0.196831
56.4			-0.147814
56.45			-0.0983656
56.5			-0.0486088
56.55			0.00133198
56.6			0.0513319
56.65			0.101266
56.7			0.15101
56.75			0.200438
56.8			0.249428
56.85			0.297857
56.9			0.345604
56.95			0.39255
57			0.438577
57.05			0.483571
57.1			0.527418
57.15			0.570009
57.2			0.611238
57.25			0.651002
57.3			0.689201
57.35			0.72574
57.4			0.760528
57.45			0.793477
57.5			0.824505
57.55			0.853535
57.6			0.880494
57.65			0.905315
57.7			0.927935
57.75			0.948299
57.8			0.966355
57.85			0.982058
57.9			0.995368
57.95			1.00625
58			1.01469
58.05			1.02065
58.1			1.02412
58.15			1.02509
58.2			1.02356
58.25			1.01954
58.3			1.01303
58.35			1.00405
58.4			0.992629
58.45			0.978785
58.5			0.962558
58.55			0.943987
58.6			0.923119
58.65			0.900006
58.7			0.874706
58.75			0.847283
58.8			0.817804
58.85			0.786343
58.9			0.75298
58.95			0.717797
59			0.680882
59.05			0.642328
59.1			0.602231
59.15			0.560692
59.2			0.517813
59.25			0.473702
59.3			0.42847
59.35			0.38223
59.4			0.335096
59.45			0.287188
59.5			0.238624
59.55			0.189526
59.6			0.140017
59.65			0.0902209
59.7			0.0402614
59.75			-0.00973621
59.8			-0.059647
59.85			-0.109346
59.9			-0.15871
59.95			-0.207614
60			-0.255937
60.05			-0.303557
60.1			-0.350357
60.15			-0.396218
60.2			-0.441027
60.25			-0.48467
60.3			-0.52704
60.35			-0.56803
60.4			-0.607537
60.45			-0.645464
60.5			-0.681715
60.55			-0.716199
60.6			-0.748831
60.65			-0.779528
60.7			-0.808215
60.75			-0.834819
60.8			-0.859274
60.85			-0.881519
60.9			-0.901498
60.95			-0.919161
61			-0.934464
61.05			-0.947369
61.1			-0.957844
61.15			-0.965862
61.2			-0.971403
61.25			-0.974454
61.3			-0.975007
61.35			-0.97306
61.4			-0.968619
61.45			-0.961694
61.5			-0.952303
61.55			-0.940469
61.6			-0.926222
61.65			-0.909598
61.7			-0.890637
61.75			-0.869388
61.8			-0.845903
61.85			-0.820242
61.9			-0.792468
61.95			-0.76265
62			-0.730864
62.05			-0.697189
62.1			-0.661709
62.15			-0.624512
62.2			-0.585691
62.25			-0.545345
62.3			-0.503572
62.35			-0.460479
62.4			-0.416172
62.45			-0.370762
62.5			-0.324364
62.55			-0.277092
62.6			-0.229065
62.65			-0.180402
62.7			-0.131227
62.75			-0.081661
62.8			-0.0318284
62.85			0.0181463
62.9			0.068138
62.95			0.118022
63			0.167673
63.05			0.216968
63.1			0.265783
63.15			0.313996
63.2			0.361487
63.25			0.408137
63.3			0.453829
63.35			0.49845
63.4			0.541886
63.45			0.584031
63.5			0.624779
63.55			0.664028
63.6			0.701679
63.65			0.737639
63.7			0.771818
63.75			0.80413
63.8			0.834494
63.85			0.862836
63.9			0.889083
63.95			0.91317
64			0.935038
64.05			0.954631
64.1			0.9719
64.15			0.986803
64.2			0.999301
64.25			1.00936
64.3			1.01697
64.35			1.02209
64.4			1.02472
64.45			1.02485
64.5			1.02249
64.55			1.01763
64.6			1.01029
64.65			1.00048
64.7			0.988242
64.75			0.973592
64.8			0.956572
64.85			0.937223
64.9			0.915594
64.95			0.891739
65			0.865718
65.05			0.837595
65.1			0.807441
65.15			0.775332
65.2			0.741347
65.25			0.705572
65.3			0.668095
65.35			0.629011
65.4			0.588418
65.45			0.546416
65.5			0.503111
65.55			0.458611
65.6			0.413027
65.65			0.366473
65.7			0.319066
65.75			0.270923
65.8			0.222166
65.85			0.172917
65.9			0.123297
65.95			0.0734318
66			0.0234456
66.05			-0.0265368
66.1			-0.0763904
66.15			-0.125991
66.2			-0.175213
66.25			-0.223936
66.3			-0.272036
66.35			-0.319393
66.4			-0.36589
66.45			-0.41141
66.5			-0.455839
66.55			-0.499066
66.6			-0.540984
66.65			-0.581486
66.7			-0.620473
66.75			-0.657846
66.8			-0.693513
66.85			-0.727384
66.9			-0.759374
66.95			-0.789403
67			-0.817397
67.05			-0.843286
67.1			-0.867004
67.15			-0.888493
67.2			-0.907698
67.25			-0.924572
67.3			-0.939073
67.35			-0.951164
67.4			-0.960815
67.45			-0.968003
67.5			-0.972708
67.55			-0.974919
67.6			-0.974631
67.65			-0.971845
67.7			-0.966567
67.75			-0.95881
67.8			-0.948595
67.85			-0.935946
67.9			-0.920895
67.95			-0.90348
68			-0.883744
68.05			-0.861737
68.1			-0.837513
68.15			-0.811134
68.2			-0.782665
68.25			-0.752177
68.3			-0.719746
68.35			-0.685454
68.4			-0.649386
68.45			-0.611633
68.5			-0.572288
68.55			-0.531451
68.6			-0.489222
68.65			-0.445709
68.7			-0.401019
68.75			-0.355264
68.8			-0.308558
68.85			-0.261019
68.9			-0.212765
68.95			-0.163916
69			-0.114596
69.05			-0.0649261
69.1			-0.0150319
69.15			0.0349625
69.2			0.0849319
69.25			0.134752
69.3			0.184297
69.35			0.233444
69.4			0.28207
69.45			0.330054
69.5			0.377275
69.55			0.423616
69.6			0.46896
69.65			0.513195
69.7			0.556209
69.75			0.597896
69.8			0.63815
69.85			0.676873
69.9			0.713965
69.95			0.749336
70			0.782896
70.05			0.814562
70.1			0.844255
70.15			0.8719
70.2			0.897428
70.25			0.920775
70.3			0.941883
70.35			0.9607
70.4			0.977178
70.45			0.991276
70.5			1.00296
70.55			1.0122
70.6			1.01897
70.65			1.02325
70.7			1.02505
70.75			1.02434
70.8			1.02113
70.85			1.01544
70.9			1.00726
70.95			0.996637
71			0.983582
71.05			0.968131
71.1			0.950322
71.15			0.930201
71.2			0.907817
71.25			0.883227
71.3			0.856491
71.35			0.827678
71.4			0.796857
71.45			0.764108
71.5			0.729511
71.55			0.693154
71.6			0.655126
71.65			0.615523
71.7			0.574445
71.75			0.531993
71.8			0.488274
71.85			0.443396
71.9			0.397473
71.95			0.35062
72			0.302952
72.05			0.254589
72.1			0.205653
72.15			0.156265
72.2			0.106549
72.25			0.0566291
72.3			0.00663015
72.35			-0.0433228
72.4			-0.093105
72.45			-0.142592
72.5			-0.19166
72.55			-0.240187
72.6			-0.288051
72.65			-0.335132
72.7			-0.381313
72.75			-0.426479
72.8			-0.470516
72.85			-0.513314
72.9			-0.554767
72.95			-0.594771
73			-0.633226
73.05			-0.670036
73.1			-0.705108
73.15			-0.738356
73.2			-0.769695
73.25			-0.799048
73.3			-0.826342
73.35			-0.851508
73.4			-0.874482
73.45			-0.895209
73.5			-0.913635
73.55			-0.929716
73.6			-0.94341
73.65			-0.954683
73.7			-0.963508
73.75			-0.969863
73.8			-0.97373
73.85			-0.975101
73.9			-0.973973
73.95			-0.970347
74			-0.964234
74.05			-0.955648
74.1			-0.944611
74.15			-0.931151
74.2			-0.9153
74.25			-0.8971
74.3			-0.876594
74.35			-0.853835
74.4			-0.82888
74.45			-0.80179
74.5			-0.772634
74.55			-0.741484
74.6			-0.708418
74.65			-0.673519
74.7			-0.636874
74.75			-0.598575
74.8			-0.558717
74.85			-0.5174
74.9			-0.474727
74.95			-0.430806
75			-0.385745
75.05			-0.339657
75.1			-0.292658
75.15			-0.244865
75.2			-0.196398
75.25			-0.147377
75.3			-0.0979249
75.35			-0.0481659
75.4			0.00177598
75.45			0.0517759
75.5			0.101709
75.55			0.15145
75.6			0.200875
75.65			0.249861
75.7			0.298285
75.75			0.346025
75.8			0.392963
75.85			0.438982
75.9			0.483965
75.95			0.527802
76			0.570381
76.05			0.611598
76.1			0.651348
76.15			0.689533
76.2			0.726057
76.25			0.760829
76.3			0.793761
76.35			0.824772
76.4			0.853784
76.45			0.880724
76.5			0.905526
76.55			0.928126
76.6			0.948469
76.65			0.966504
76.7			0.982186
76.75			0.995476
76.8			1.00634
76.85			1.01475
76.9			1.02069
76.95			1.02414
77			1.02509
77.05			1.02354
77.1			1.01949
77.15			1.01296
77.2			1.00396
77.25			0.992516
77.3			0.978652
77.35			0.962403
77.4			0.943812
77.45			0.922923
77.5			0.899791
77.55			0.874472
77.6			0.84703
77.65			0.817533
77.7			0.786055
77.75			0.752675
77.8			0.717477
77.85			0.680547
77.9			0.641979
77.95			0.601869
78			0.560316
78.05			0.517426
78.1			0.473305
78.15			0.428064
78.2			0.381815
78.25			0.334674
78.3			0.286759
78.35			0.23819
78.4			0.189088
78.45			0.139576
78.5			0.0897777
78.55			0.0398173
78.6			-0.0101801
78.65			-0.0600895
78.7			-0.109786
78.75			-0.159146
78.8			-0.208046
78.85			-0.256363
78.9			-0.303977
78.95			-0.350768
79			-0.396621
79.05			-0.441419
79.1			-0.485052
79.15			-0.52741
79.2			-0.568387
79.25			-0.607881
79.3			-0.645793
79.35			-0.682029
79.4			-0.716497
79.45			-0.749112
79.5			-0.779792
79.55			-0.80846
79.6			-0.835046
79.65			-0.859481
79.7			-0.881706
79.75			-0.901665
79.8			-0.919307
79.85			-0.934589
79.9			-0.947473
79.95			-0.957926
80			-0.965922
80.05			-0.971441
80.1			-0.97447
80.15			-0.975001
80.2			-0.973032
80.25			-0.968568
80.3			-0.961622
80.35			-0.952209
80.4			-0.940353
80.45			-0.926085
80.5			-0.90944
80.55			-0.890459
80.6			-0.869189
80.65			-0.845685
80.7			-0.820004
80.75			-0.792212
80.8			-0.762377
80.85			-0.730573
80.9			-0.696882
80.95			-0.661386
81			-0.624174
81.05			-0.58534
81.1			-0.54498
81.15			-0.503195
81.2			-0.460091
81.25			-0.415773
81.3			-0.370355
81.35			-0.323948
81.4			-0.276668
81.45			-0.228635
81.5			-0.179968
81.55			-0.130788
81.6			-0.0812194
81.65			-0.031385
81.7			0.0185904
81.75			0.0685817
81.8			0.118464
81.85			0.168113
81.9			0.217404
81.95			0.266214
82			0.314422
82.05			0.361905
82.1			0.408547
82.15			0.45423
82.2			0.498841
82.25			0.542267
82.3			0.5844
82.35			0.625134
82.4			0.664369
82.45			0.702006
82.5			0.73795
82.55			0.772113
82.6			0.804408
82.65			0.834755
82.7			0.863078
82.75			0.889307
82.8			0.913375
82.85			0.935222
82.9			0.954794
82.95			0.972043
83			0.986924
83.05			0.999401
83.1			1.00944
83.15			1.01702
83.2			1.02213
83.25			1.02473
83.3			1.02484
83.35			1.02246
83.4			1.01757
83.45			1.01021
83.5			1.00039
83.55			0.988122
83.6			0.973451
83.65			0.95641
83.7			0.937041
83.75			0.915392
83.8			0.891517
83.85			0.865477
83.9			0.837336
83.95			0.807165
84			0.775038
84.05			0.741037
84.1			0.705246
84.15			0.667755
84.2			0.628657
84.25			0.588051
84.3			0.546037
84.35			0.502721
84.4			0.45821
84.45			0.412617
84.5			0.366055
84.55			0.318641
84.6			0.270493
84.65			0.221731
84.7			0.172477
84.75			0.122855
84.8			0.0729882
84.85			0.0230014
84.9			-0.0269803
84.95			-0.0768322
85			-0.12643
85.05			-0.175648
85.1			-0.224366
85.15			-0.27246
85.2			-0.31981
85.25			-0.366299
85.3			-0.41181
85.35			-0.456228
85.4			-0.499444
85.45			-0.54135
85.5			-0.581839
85.55			-0.620812
85.6			-0.658171
85.65			-0.693822
85.7			-0.727676
85.75			-0.759649
85.8			-0.789661
85.85			-0.817637
85.9			-0.843506
85.95			-0.867205
86			-0.888674
86.05			-0.907859
86.1			-0.924712
86.15			-0.939191
86.2			-0.951261
86.25			-0.96089
86.3			-0.968055
86.35			-0.972738
86.4			-0.974927
86.45			-0.974617
86.5			-0.971809
86.55			-0.966509
86.6			-0.95873
86.65			-0.948493
86.7			-0.935823
86.75			-0.920751
86.8			-0.903315
86.85			-0.883559
86.9			-0.861532
86.95			-0.837289
87			-0.81089
87.05			-0.782403
87.1			-0.751897
87.15			-0.71945
87.2			-0.685142
87.25			-0.649058
87.3			-0.611291
87.35			-0.571932
87.4			-0.531082
87.45			-0.488842
87.5			-0.445317
87.55			-0.400617
87.6			-0.354853
87.65			-0.308139
87.7			-0.260593
87.75			-0.212333
87.8			-0.16348
87.85			-0.114156
87.9			-0.0644838
87.95			-0.0145881
88			0.0354066
88.05			0.0853753
88.1			0.135193
88.15			0.184735
88.2			0.233878
88.25			0.282499
88.3			0.330477
88.35			0.377691
88.4			0.424023
88.45			0.469358
88.5			0.513582
88.55			0.556585
88.6			0.59826
88.65			0.638501
88.7			0.677209
88.75			0.714287
88.8			0.749642
88.85			0.783186
88.9			0.814835
88.95			0.84451
89			0.872136
89.05			0.897645
89.1			0.920972
89.15			0.942061
89.2			0.960857
89.25			0.977314
89.3			0.99139
89.35			1.00305
89.4			1.01227
89.45			1.01902
89.5			1.02328
89.55			1.02505
89.6			1.02432
89.65			1.02109
89.7			1.01537
89.75			1.00718
89.8			0.996532
89.85			0.983455
89.9			0.967983
89.95			0.950154
90			0.930012
90.05			0.907609
90.1			0.882999
90.15			0.856245
90.2			0.827413
90.25			0.796575
90.3			0.763809
90.35			0.729196
90.4			0.692823
90.45			0.654781
90.5			0.615165
90.55			0.574074
90.6			0.53161
90.65			0.48788
90.7			0.442993
90.75			0.397061
90.8			0.3502
90.85			0.302525
90.9			0.254157
90.95			0.205216
91			0.155825
91.05			0.106106
91.1			0.0561851
91.15			0.0061861
91.2			-0.0437659
91.25			-0.0935461
91.3			-0.14303
91.35			-0.192094
91.4			-0.240615
91.45			-0.288472
91.5			-0.335546
91.55			-0.381719
91.6			-0.426875
91.65			-0.470901
91.7			-0.513688
91.75			-0.555129
91.8			-0.59512
91.85			-0.63356
91.9			-0.670355
91.95			-0.705412
92			-0.738643
92.05			-0.769965
92.1			-0.7993
92.15			-0.826575
92.2			-0.851721
92.25			-0.874676
92.3			-0.895383
92.35			-0.913789
92.4			-0.929848
92.45			-0.943521
92.5			-0.954773
92.55			-0.963576
92.6			-0.969908
92.65			-0.973753
92.7			-0.975102
92.75			-0.973951
92.8			-0.970304
92.85			-0.964169
92.9			-0.955561
92.95			-0.944502
93			-0.93102
93.05			-0.915149
93.1			-0.896928
93.15			-0.876402
93.2			-0.853623
93.25			-0.828648
93.3			-0.80154
93.35			-0.772366
93.4			-0.741198
93.45			-0.708116
93.5			-0.673201
93.55			-0.636541
93.6			-0.598227
93.65			-0.558356
93.7			-0.517027
93.75			-0.474342
93.8			-0.43041
93.85			-0.38534
93.9			-0.339243
93.95			-0.292237
94			-0.244437
94.05			-0.195964
94.1			-0.146939
94.15			-0.0974841
94.2			-0.0477229
94.25			0.00221999
94.3			0.0522199
94.35			0.102152
94.4			0.151891
94.45			0.201313
94.5			0.250294
94.55			0.298712
94.6			0.346446
94.65			0.393376
94.7			0.439386
94.75			0.48436
94.8			0.528186
94.85			0.570754
94.9			0.611958
94.95			0.651695
95			0.689865
95.05			0.726374
95.1			0.761129
95.15			0.794045
95.2			0.825038
95.25			0.854032
95.3			0.880954
95.35			0.905736
95.4			0.928317
95.45			0.94864
95.5			0.966654
95.55			0.982315
95.6			0.995583
95.65			1.00642
95.7			1.01481
95.75			1.02073
95.8			1.02415
95.85			1.02508
95.9			1.02351
95.95			1.01945
96			1.01289
96.05			1.00387
96.1			0.992404
96.15			0.978518
96.2			0.962248
96.25			0.943636
96.3			0.922728
96.35			0.899576
96.4			0.874238
96.45			0.846777
96.5			0.817262
96.55			0.785767
96.6			0.752371
96.65			0.717156
96.7			0.680212
96.75			0.641629
96.8			0.601506
96.85			0.559941
96.9			0.51704
96.95			0.472908
97			0.427657
97.05			0.3814
97.1			0.334252
97.15			0.286331
97.2			0.237756
97.25			0.18865
97.3			0.139135
97.35			0.0893345
97.4			0.0393733
97.45			-0.0106239
97.5			-0.060532
97.55			-0.110226
97.6			-0.159583
97.65			-0.208478
97.7			-0.256789
97.75			-0.304396
97.8			-0.35118
97.85			-0.397024
97.9			-0.441812
97.95			-0.485434
98			-0.52778
98.05			-0.568745
98.1			-0.608225
98.15			-0.646123
98.2			-0.682343
98.25			-0.716795
98.3			-0.749393
98.35			-0.780056
98.4			-0.808706
98.45			-0.835272
98.5			-0.859688
98.55			-0.881893
98.6			-0.901832
98.65			-0.919453
98.7			-0.934714
98.75			-0.947576
98.8			-0.958008
98.85			-0.965982
98.9			-0.971479
98.95			-0.974486
99			-0.974994
99.05			-0.973003
99.1			-0.968518
99.15			-0.961549
99.2			-0.952114
99.25			-0.940237
99.3			-0.925948
99.35			-0.909281
99.4			-0.89028
99.45			-0.86899
99.5			-0.845466
99.55			-0.819767
99.6			-0.791956
99.65			-0.762103
99.7			-0.730282
99.75			-0.696574
99.8			-0.661063
99.85			-0.623836
99.9			-0.584988
99.95			-0.544615
