0			0.785398
0.05			0.785398
0.1			0.786014
0.15			0.787242
0.2			0.789075
0.25			0.791503
0.3			0.794518
0.35			0.798104
0.4			0.802247
0.45			0.806931
0.5			0.812136
0.55			0.817842
0.6			0.824025
0.65			0.830661
0.7			0.837724
0.75			0.845186
0.8			0.853017
0.85			0.861185
0.9			0.869659
0.95			0.878404
1			0.887384
1.05			0.896563
1.1			0.905902
1.15			0.915363
1.2			0.924905
1.25			0.934488
1.3			0.944068
1.35			0.953603
1.4			0.96305
1.45			0.972363
1.5			0.981498
1.55			0.99041
1.6			0.999052
1.65			1.00738
1.7			1.01534
1.75			1.0229
1.8			1.02999
1.85			1.03659
1.9			1.04263
1.95			1.04807
2			1.05287
2.05			1.05698
2.1			1.06035
2.15			1.06293
2.2			1.06469
2.25			1.06557
2.3			1.06552
2.35			1.06452
2.4			1.0625
2.45			1.05943
2.5			1.05527
2.55			1.04998
2.6			1.04351
2.65			1.03582
2.7			1.02689
2.75			1.01667
2.8			1.00512
2.85			0.99222
2.9			0.977931
2.95			0.962223
3			0.945067
3.05			0.926438
3.1			0.90631
3.15			0.884663
3.2			0.861474
3.25			0.836728
3.3			0.810409
3.35			0.782505
3.4			0.753007
3.45			0.721908
3.5			0.689207
3.55			0.654901
3.6			0.618997
3.65			0.581499
3.7			0.54242
3.75			0.501774
3.8			0.459579
3.85			0.415857
3.9			0.370633
3.95			0.323939
4			0.275807
4.05			0.226275
4.1			0.175385
4.15			0.123182
4.2			0.0697137
4.25			0.0150326
4.3			-0.0408062
4.35			-0.0977446
4.4			-0.155722
4.45			-0.214675
4.5			-0.274538
4.55			-0.335244
4.6			-0.396725
4.65			-0.458912
4.7			-0.521734
4.75			-0.585121
4.8			-0.649004
4.85			-0.713314
4.9			-0.777981
4.95			-0.84294
5			-0.908125
5.05			-0.973475
5.1			-1.03893
5.15			-1.10443
5.2			-1.16992
5.25			-1.23535
5.3			-1.30068
5.35			-1.36585
5.4			-1.43084
5.45			-1.4956
5.5			-1.5601
5.55			-1.62432
5.6			-1.68822
5.65			-1.7518
5.7			-1.81502
5.75			-1.87789
5.8			-1.94038
5.85			-2.00251
5.9			-2.06425
5.95			-2.12561
6			-2.18661
6.05			-2.24723
6.1			-2.30749
6.15			-2.36741
6.2			-2.42699
6.25			-2.48626
6.3			-2.54521
6.35			-2.60389
6.4			-2.6623
6.45			-2.72047
6.5			-2.77841
6.55			-2.83616
6.6			-2.89373
6.65			-2.95115
6.7			-3.00844
6.75			-3.06563
6.8			-3.12274
6.85			-3.17979
6.9			-3.23681
6.95			-3.29382
7			-3.35085
7.05			-3.40791
7.1			-3.46502
7.15			-3.52221
7.2			-3.5795
7.25			-3.63689
7.3			-3.69442
7.35			-3.75208
7.4			-3.80989
7.45			-3.86787
7.5			-3.92601
7.55			-3.98434
7.6			-4.04284
7.65			-4.10153
7.7			-4.16039
7.75			-4.21943
7.8			-4.27864
7.85			-4.338
7.9			-4.39751
7.95			-4.45715
8			-4.5169
8.05			-4.57674
8.1			-4.63663
8.15			-4.69656
8.2			-4.75649
8.25			-4.81638
8.3			-4.87619
8.35			-4.93589
8.4			-4.99542
8.45			-5.05473
8.5			-5.11379
8.55			-5.17252
8.6			-5.23088
8.65			-5.28881
8.7			-5.34624
8.75			-5.40312
8.8			-5.45938
8.85			-5.51495
8.9			-5.56977
8.95			-5.62378
9			-5.67691
9.05			-5.72908
9.1			-5.78025
9.15			-5.83033
9.2			-5.87928
9.25			-5.92702
9.3			-5.9735
9.35			-6.01866
9.4			-6.06245
9.45			-6.10481
9.5			-6.1457
9.55			-6.18506
9.6			-6.22286
9.65			-6.25905
9.7			-6.29361
9.75			-6.32649
9.8			-6.35767
9.85			-6.38713
9.9			-6.41485
9.95			-6.4408
10			-6.46498
10.05			-6.48738
10.1			-6.508
10.15			-6.52683
10.2			-6.54387
10.25			-6.55914
10.3			-6.57265
10.35			-6.5844
10.4			-6.59442
10.45			-6.60273
10.5			-6.60935
10.55			-6.61431
10.6			-6.61765
10.65			-6.61939
10.7			-6.61958
10.75			-6.61825
10.8			-6.61545
10.85			-6.61123
10.9			-6.60562
10.95			-6.59869
11			-6.59049
11.05			-6.58106
11.1			-6.57047
11.15			-6.55879
11.2			-6.54606
11.25			-6.53236
11.3			-6.51774
11.35			-6.50228
11.4			-6.48605
11.45			-6.46911
11.5			-6.45153
11.55			-6.43339
11.6			-6.41475
11.65			-6.3957
11.7			-6.3763
11.75			-6.35663
11.8			-6.33677
11.85			-6.31678
11.9			-6.29675
11.95			-6.27675
12			-6.25685
12.05			-6.23713
12.1			-6.21766
12.15			-6.19851
12.2			-6.17975
12.25			-6.16146
12.3			-6.14371
12.35			-6.12655
12.4			-6.11006
12.45			-6.09431
12.5			-6.07935
12.55			-6.06525
12.6			-6.05207
12.65			-6.03986
12.7			-6.02867
12.75			-6.01857
12.8			-6.0096
12.85			-6.00181
12.9			-5.99524
12.95			-5.98994
13			-5.98595
13.05			-5.98329
13.1			-5.98202
13.15			-5.98216
13.2			-5.98373
13.25			-5.98677
13.3			-5.99129
13.35			-5.99731
13.4			-6.00486
13.45			-6.01394
13.5			-6.02456
13.55			-6.03674
13.6			-6.05046
13.65			-6.06574
13.7			-6.08256
13.75			-6.10093
13.8			-6.12083
13.85			-6.14224
13.9			-6.16515
13.95			-6.18954
14			-6.21538
14.05			-6.24265
14.1			-6.27132
14.15			-6.30135
14.2			-6.3327
14.25			-6.36533
14.3			-6.39921
14.35			-6.43427
14.4			-6.47049
14.45			-6.50779
14.5			-6.54614
14.55			-6.58547
14.6			-6.62572
14.65			-6.66683
14.7			-6.70874
14.75			-6.75139
14.8			-6.79471
14.85			-6.83864
14.9			-6.8831
14.95			-6.92803
15			-6.97336
15.05			-7.01903
15.1			-7.06496
15.15			-7.11108
15.2			-7.15733
15.25			-7.20364
15.3			-7.24995
15.35			-7.29619
15.4			-7.3423
15.45			-7.38821
15.5			-7.43386
15.55			-7.4792
15.6			-7.52416
15.65			-7.56869
15.7			-7.61274
15.75			-7.65625
15.8			-7.69918
15.85			-7.74147
15.9			-7.78307
15.95			-7.82395
16			-7.86406
16.05			-7.90336
16.1			-7.9418
16.15			-7.97936
16.2			-8.01598
16.25			-8.05164
16.3			-8.0863
16.35			-8.11993
16.4			-8.15249
16.45			-8.18395
16.5			-8.21429
16.55			-8.24347
16.6			-8.27146
16.65			-8.29824
16.7			-8.32378
16.75			-8.34804
16.8			-8.371
16.85			-8.39264
16.9			-8.41292
16.95			-8.43181
17			-8.4493
17.05			-8.46535
17.1			-8.47994
17.15			-8.49303
17.2			-8.5046
17.25			-8.51462
17.3			-8.52307
17.35			-8.5299
17.4			-8.5351
17.45			-8.53864
17.5			-8.54047
17.55			-8.54059
17.6			-8.53894
17.65			-8.53551
17.7			-8.53025
17.75			-8.52315
17.8			-8.51416
17.85			-8.50326
17.9			-8.49041
17.95			-8.47558
18			-8.45874
18.05			-8.43985
18.1			-8.4189
18.15			-8.39583
18.2			-8.37063
18.25			-8.34325
18.3			-8.31368
18.35			-8.28189
18.4			-8.24784
18.45			-8.21151
18.5			-8.17287
18.55			-8.13191
18.6			-8.0886
18.65			-8.04292
18.7			-7.99487
18.75			-7.94443
18.8			-7.89159
18.85			-7.83635
18.9			-7.77871
18.95			-7.71868
19			-7.65627
19.05			-7.59149
19.1			-7.52438
19.15			-7.45497
19.2			-7.38329
19.25			-7.30939
19.3			-7.23334
19.35			-7.15518
19.4			-7.07499
19.45			-6.99287
19.5			-6.90888
19.55			-6.82315
19.6			-6.73576
19.65			-6.64684
19.7			-6.5565
19.75			-6.46489
19.8			-6.37212
19.85			-6.27835
19.9			-6.18372
19.95			-6.08836
20			-5.99244
20.05			-5.8961
20.1			-5.79949
20.15			-5.70275
20.2			-5.60602
20.25			-5.50945
20.3			-5.41316
20.35			-5.31727
20.4			-5.2219
20.45			-5.12715
20.5			-5.03314
20.55			-4.93993
20.6			-4.84762
20.65			-4.75626
20.7			-4.66591
20.75			-4.57663
20.8			-4.48844
20.85			-4.40138
20.9			-4.31547
20.95			-4.23071
21			-4.1471
21.05			-4.06465
21.1			-3.98334
21.15			-3.90315
21.2			-3.82406
21.25			-3.74604
21.3			-3.66905
21.35			-3.59308
21.4			-3.51807
21.45			-3.44398
21.5			-3.37078
21.55			-3.29843
21.6			-3.22686
21.65			-3.15606
21.7			-3.08596
21.75			-3.01652
21.8			-2.94771
21.85			-2.87948
21.9			-2.8118
21.95			-2.74461
22			-2.67789
22.05			-2.6116
22.1			-2.54571
22.15			-2.48019
22.2			-2.41501
22.25			-2.35015
22.3			-2.28559
22.35			-2.2213
22.4			-2.15728
22.45			-2.09352
22.5			-2.03
22.55			-1.96672
22.6			-1.90368
22.65			-1.84089
22.7			-1.77834
22.75			-1.71605
22.8			-1.65404
22.85			-1.59231
22.9			-1.53089
22.95			-1.46981
23			-1.40909
23.05			-1.34876
23.1			-1.28885
23.15			-1.2294
23.2			-1.17045
23.25			-1.11204
23.3			-1.05422
23.35			-0.99702
23.4			-0.940499
23.45			-0.884701
23.5			-0.829676
23.55			-0.775474
23.6			-0.722146
23.65			-0.669742
23.7			-0.618314
23.75			-0.567911
23.8			-0.518582
23.85			-0.470376
23.9			-0.42334
23.95			-0.377519
24			-0.332956
24.05			-0.289692
24.1			-0.247767
24.15			-0.207215
24.2			-0.168071
24.25			-0.130364
24.3			-0.0941229
24.35			-0.0593709
24.4			-0.0261289
24.45			0.00558546
24.5			0.0357584
24.55			0.0643792
24.6			0.0914409
24.65			0.11694
24.7			0.140876
24.75			0.163253
24.8			0.184076
24.85			0.203357
24.9			0.221109
24.95			0.237348
25			0.252093
25.05			0.265368
25.1			0.277198
25.15			0.287611
25.2			0.296639
25.25			0.304315
25.3			0.310675
25.35			0.315759
25.4			0.319608
25.45			0.322264
25.5			0.323773
25.55			0.324182
25.6			0.32354
25.65			0.321897
25.7			0.319308
25.75			0.315824
25.8			0.311501
25.85			0.306396
25.9			0.300567
25.95			0.294071
26			0.286969
26.05			0.27932
26.1			0.271186
26.15			0.262627
26.2			0.253706
26.25			0.244484
26.3			0.235023
26.35			0.225386
26.4			0.215635
26.45			0.20583
26.5			0.196035
26.55			0.186308
26.6			0.176711
26.65			0.167302
26.7			0.158141
26.75			0.149285
26.8			0.140789
26.85			0.13271
26.9			0.125101
26.95			0.118014
27			0.1115
27.05			0.105608
27.1			0.100384
27.15			0.0958756
27.2			0.0921245
27.25			0.0891723
27.3			0.0870581
27.35			0.0858187
27.4			0.0854887
27.45			0.0861001
27.5			0.0876827
27.55			0.0902634
27.6			0.0938669
27.65			0.098515
27.7			0.104227
27.75			0.111019
27.8			0.118906
27.85			0.127897
27.9			0.138001
27.95			0.149224
28			0.161567
28.05			0.17503
28.1			0.18961
28.15			0.205301
28.2			0.222094
28.25			0.239977
28.3			0.258934
28.35			0.27895
28.4			0.300003
28.45			0.322072
28.5			0.34513
28.55			0.369151
28.6			0.394103
28.65			0.419954
28.7			0.44667
28.75			0.474213
28.8			0.502545
28.85			0.531624
28.9			0.561408
28.95			0.591852
29			0.62291
29.05			0.654535
29.1			0.686678
29.15			0.71929
29.2			0.752319
29.25			0.785714
29.3			0.819423
29.35			0.853392
29.4			0.887569
29.45			0.921899
29.5			0.95633
29.55			0.990806
29.6			1.02527
29.65			1.05968
29.7			1.09397
29.75			1.1281
29.8			1.162
29.85			1.19564
29.9			1.22894
29.95			1.26188
30			1.29439
30.05			1.32642
30.1			1.35793
30.15			1.38887
30.2			1.4192
30.25			1.44886
30.3			1.47781
30.35			1.506
30.4			1.5334
30.45			1.55995
30.5			1.58562
30.55			1.61036
30.6			1.63413
30.65			1.65689
30.7			1.67861
30.75			1.69923
30.8			1.71872
30.85			1.73704
30.9			1.75416
30.95			1.77002
31			1.78461
31.05			1.79787
31.1			1.80977
31.15			1.82027
31.2			1.82934
31.25			1.83693
31.3			1.84301
31.35			1.84755
31.4			1.8505
31.45			1.85183
31.5			1.8515
31.55			1.84948
31.6			1.84573
31.65			1.84021
31.7			1.83288
31.75			1.82372
31.8			1.81269
31.85			1.79974
31.9			1.78486
31.95			1.768
32			1.74912
32.05			1.72821
32.1			1.70523
32.15			1.68015
32.2			1.65294
32.25			1.62358
32.3			1.59204
32.35			1.5583
32.4			1.52234
32.45			1.48414
32.5			1.44369
32.55			1.40098
32.6			1.356
32.65			1.30874
32.7			1.25922
32.75			1.20743
32.8			1.15338
32.85			1.0971
32.9			1.03859
32.95			0.977901
33			0.915053
33.05			0.850089
33.1			0.783058
33.15			0.714013
33.2			0.643017
33.25			0.570137
33.3			0.49545
33.35			0.419038
33.4			0.340991
33.45			0.261403
33.5			0.180377
33.55			0.0980195
33.6			0.0144425
33.65			-0.070238
33.7			-0.155903
33.75			-0.242431
33.8			-0.329698
33.85			-0.417582
33.9			-0.50596
33.95			-0.594709
34			-0.683711
34.05			-0.772851
34.1			-0.862018
34.15			-0.951107
34.2			-1.04002
34.25			-1.12866
34.3			-1.21694
34.35			-1.30479
34.4			-1.39214
34.45			-1.47893
34.5			-1.56509
34.55			-1.6506
34.6			-1.73542
34.65			-1.81951
34.7			-1.90285
34.75			-1.98545
34.8			-2.06729
34.85			-2.14837
34.9			-2.22871
34.95			-2.30831
35			-2.3872
35.05			-2.46541
35.1			-2.54296
35.15			-2.61989
35.2			-2.69623
35.25			-2.77202
35.3			-2.84731
35.35			-2.92213
35.4			-2.99653
35.45			-3.07055
35.5			-3.14424
35.55			-3.21765
35.6			-3.29082
35.65			-3.3638
35.7			-3.43662
35.75			-3.50933
35.8			-3.58197
35.85			-3.65457
35.9			-3.72716
35.95			-3.79979
36			-3.87248
36.05			-3.94525
36.1			-4.01812
36.15			-4.09111
36.2			-4.16423
36.25			-4.23749
36.3			-4.31089
36.35			-4.38443
36.4			-4.4581
36.45			-4.53188
36.5			-4.60577
36.55			-4.67973
36.6			-4.75373
36.65			-4.82774
36.7			-4.90171
36.75			-4.97561
36.8			-5.04936
36.85			-5.12293
36.9			-5.19623
36.95			-5.26921
37			-5.34179
37.05			-5.4139
37.1			-5.48545
37.15			-5.55635
37.2			-5.62653
37.25			-5.69589
37.3			-5.76435
37.35			-5.8318
37.4			-5.89817
37.45			-5.96335
37.5			-6.02726
37.55			-6.08981
37.6			-6.15091
37.65			-6.21047
37.7			-6.26841
37.75			-6.32466
37.8			-6.37914
37.85			-6.43177
37.9			-6.48249
37.95			-6.53124
38			-6.57796
38.05			-6.6226
38.1			-6.66511
38.15			-6.70545
38.2			-6.74358
38.25			-6.77947
38.3			-6.81309
38.35			-6.84443
38.4			-6.87346
38.45			-6.90018
38.5			-6.92458
38.55			-6.94665
38.6			-6.96639
38.65			-6.98382
38.7			-6.99895
38.75			-7.01178
38.8			-7.02234
38.85			-7.03065
38.9			-7.03673
38.95			-7.04062
39			-7.04234
39.05			-7.04193
39.1			-7.03943
39.15			-7.03489
39.2			-7.02834
39.25			-7.01984
39.3			-7.00943
39.35			-6.99717
39.4			-6.98311
39.45			-6.96732
39.5			-6.94985
39.55			-6.93077
39.6			-6.91014
39.65			-6.88803
39.7			-6.86452
39.75			-6.83967
39.8			-6.81356
39.85			-6.78628
39.9			-6.75789
39.95			-6.72848
40			-6.69813
40.05			-6.66694
40.1			-6.63497
40.15			-6.60233
40.2			-6.56911
40.25			-6.53538
40.3			-6.50125
40.35			-6.46681
40.4			-6.43214
40.45			-6.39734
40.5			-6.36251
40.55			-6.32774
40.6			-6.29311
40.65			-6.25873
40.7			-6.22468
40.75			-6.19105
40.8			-6.15793
40.85			-6.12541
40.9			-6.09358
40.95			-6.06251
41			-6.0323
41.05			-6.00302
41.1			-5.97475
41.15			-5.94756
41.2			-5.92153
41.25			-5.89673
41.3			-5.87322
41.35			-5.85107
41.4			-5.83035
41.45			-5.8111
41.5			-5.79339
41.55			-5.77726
41.6			-5.76277
41.65			-5.74996
41.7			-5.73888
41.75			-5.72955
41.8			-5.72203
41.85			-5.71634
41.9			-5.7125
41.95			-5.71055
42			-5.71051
42.05			-5.7124
42.1			-5.71622
42.15			-5.722
42.2			-5.72974
42.25			-5.73945
42.3			-5.75112
42.35			-5.76476
42.4			-5.78036
42.45			-5.7979
42.5			-5.81738
42.55			-5.83877
42.6			-5.86206
42.65			-5.88723
42.7			-5.91423
42.75			-5.94304
42.8			-5.97362
42.85			-6.00593
42.9			-6.03993
42.95			-6.07557
43			-6.11279
43.05			-6.15155
43.1			-6.19177
43.15			-6.23341
43.2			-6.27638
43.25			-6.32063
43.3			-6.36608
43.35			-6.41266
43.4			-6.46028
43.45			-6.50887
43.5			-6.55835
43.55			-6.60864
43.6			-6.65964
43.65			-6.71127
43.7			-6.76345
43.75			-6.81609
43.8			-6.8691
43.85			-6.92239
43.9			-6.97589
43.95			-7.02949
44			-7.08312
44.05			-7.1367
44.1			-7.19014
44.15			-7.24336
44.2			-7.29629
44.25			-7.34885
44.3			-7.40098
44.35			-7.45259
44.4			-7.50362
44.45			-7.55401
44.5			-7.6037
44.55			-7.65262
44.6			-7.70073
44.65			-7.74796
44.7			-7.79427
44.75			-7.83961
44.8			-7.88394
44.85			-7.92721
44.9			-7.96938
44.95			-8.01041
45			-8.05027
45.05			-8.08893
45.1			-8.12634
45.15			-8.16248
45.2			-8.19731
45.25			-8.23082
45.3			-8.26296
45.35			-8.29373
45.4			-8.32308
45.45			-8.35099
45.5			-8.37745
45.55			-8.40242
45.6			-8.42588
45.65			-8.44781
45.7			-8.46819
45.75			-8.48699
45.8			-8.50418
45.85			-8.51975
45.9			-8.53367
45.95			-8.54592
46			-8.55648
46.05			-8.56531
46.1			-8.57239
46.15			-8.57771
46.2			-8.58123
46.25			-8.58293
46.3			-8.58277
46.35			-8.58075
46.4			-8.57682
46.45			-8.57097
46.5			-8.56316
46.55			-8.55336
46.6			-8.54156
46.65			-8.52771
46.7			-8.5118
46.75			-8.49379
46.8			-8.47365
46.85			-8.45136
46.9			-8.4269
46.95			-8.40023
47			-8.37132
47.05			-8.34015
47.1			-8.30671
47.15			-8.27095
47.2			-8.23287
47.25			-8.19243
47.3			-8.14964
47.35			-8.10445
47.4			-8.05688
47.45			-8.00689
47.5			-7.9545
47.55			-7.89969
47.6			-7.84247
47.65			-7.78285
47.7			-7.72083
47.75			-7.65645
47.8			-7.58971
47.85			-7.52065
47.9			-7.44931
47.95			-7.37574
48			-7.3
48.05			-7.22213
48.1			-7.14223
48.15			-7.06036
48.2			-6.97661
48.25			-6.89109
48.3			-6.8039
48.35			-6.71516
48.4			-6.62498
48.45			-6.5335
48.5			-6.44086
48.55			-6.34719
48.6			-6.25264
48.65			-6.15737
48.7			-6.06152
48.75			-5.96525
48.8			-5.86871
48.85			-5.77205
48.9			-5.67542
48.95			-5.57897
49			-5.48282
49.05			-5.38712
49.1			-5.29199
49.15			-5.19754
49.2			-5.10388
49.25			-5.01111
49.3			-4.91931
49.35			-4.82856
49.4			-4.73893
49.45			-4.65047
49.5			-4.56323
49.55			-4.47725
49.6			-4.39255
49.65			-4.30916
49.7			-4.22708
49.75			-4.14632
49.8			-4.06688
49.85			-3.98874
49.9			-3.91189
49.95			-3.83631
50			-3.76197
50.05			-3.68885
50.1			-3.61692
50.15			-3.54613
50.2			-3.47647
50.25			-3.40788
50.3			-3.34033
50.35			-3.27378
50.4			-3.20819
50.45			-3.14352
50.5			-3.07974
50.55			-3.01679
50.6			-2.95466
50.65			-2.89329
50.7			-2.83265
50.75			-2.77271
50.8			-2.71344
50.85			-2.65481
50.9			-2.59678
50.95			-2.53932
51			-2.48242
51.05			-2.42605
51.1			-2.37019
51.15			-2.31482
51.2			-2.25991
51.25			-2.20547
51.3			-2.15146
51.35			-2.09789
51.4			-2.04475
51.45			-1.99202
51.5			-1.93971
51.55			-1.8878
51.6			-1.83631
51.65			-1.78522
51.7			-1.73456
51.75			-1.68431
51.8			-1.63449
51.85			-1.58511
51.9			-1.53618
51.95			-1.48771
52			-1.43971
52.05			-1.3922
52.1			-1.34519
52.15			-1.2987
52.2			-1.25275
52.25			-1.20736
52.3			-1.16254
52.35			-1.11832
52.4			-1.07472
52.45			-1.03176
52.5			-0.98945
52.55			-0.947821
52.6			-0.906892
52.65			-0.866681
52.7			-0.827208
52.75			-0.788492
52.8			-0.75055
52.85			-0.7134
52.9			-0.677057
52.95			-0.641537
53			-0.606852
53.05			-0.573016
53.1			-0.540037
53.15			-0.507926
53.2			-0.476689
53.25			-0.446332
53.3			-0.416859
53.35			-0.388272
53.4			-0.360571
53.45			-0.333753
53.5			-0.307816
53.55			-0.282753
53.6			-0.258557
53.65			-0.235217
53.7			-0.212724
53.75			-0.191062
53.8			-0.170216
53.85			-0.150171
53.9			-0.130905
53.95			-0.1124
54			-0.0946313
54.05			-0.0775765
54.1			-0.0612097
54.15			-0.0455038
54.2			-0.0304305
54.25			-0.01596
54.3			-0.00206167
54.35			0.0112967
54.4			0.0241481
54.45			0.0365266
54.5			0.0484669
54.55			0.0600048
54.6			0.0711763
54.65			0.0820184
54.7			0.0925683
54.75			0.102864
54.8			0.112942
54.85			0.122842
54.9			0.132601
54.95			0.142257
55			0.151848
55.05			0.161412
55.1			0.170985
55.15			0.180605
55.2			0.190308
55.25			0.200129
55.3			0.210104
55.35			0.220265
55.4			0.230647
55.45			0.241281
55.5			0.252199
55.55			0.26343
55.6			0.275003
55.65			0.286946
55.7			0.299284
55.75			0.312042
55.8			0.325243
55.85			0.338909
55.9			0.35306
55.95			0.367713
56			0.382885
56.05			0.398592
56.1			0.414846
56.15			0.431659
56.2			0.44904
56.25			0.466997
56.3			0.485535
56.35			0.504659
56.4			0.524371
56.45			0.54467
56.5			0.565555
56.55			0.587024
56.6			0.60907
56.65			0.631686
56.7			0.654864
56.75			0.678594
56.8			0.702862
56.85			0.727656
56.9			0.75296
56.95			0.778756
57			0.805028
57.05			0.831754
57.1			0.858915
57.15			0.886486
57.2			0.914446
57.25			0.94277
57.3			0.971431
57.35			1.0004
57.4			1.02966
57.45			1.05917
57.5			1.0889
57.55			1.11884
57.6			1.14894
57.65			1.17917
57.7			1.20951
57.75			1.23991
57.8			1.27036
57.85			1.30082
57.9			1.33125
57.95			1.36162
58			1.3919
58.05			1.42206
58.1			1.45206
58.15			1.48187
58.2			1.51145
58.25			1.54079
58.3			1.56983
58.35			1.59855
58.4			1.62691
58.45			1.65489
58.5			1.68245
58.55			1.70955
58.6			1.73617
58.65			1.76227
58.7			1.78782
58.75			1.81279
58.8			1.83714
58.85			1.86085
58.9			1.88388
58.95			1.90619
59			1.92776
59.05			1.94856
59.1			1.96854
59.15			1.98768
59.2			2.00594
59.25			2.0233
59.3			2.03971
59.35			2.05514
59.4			2.06957
59.45			2.08295
59.5			2.09525
59.55			2.10644
59.6			2.11648
59.65			2.12533
59.7			2.13296
59.75			2.13934
59.8			2.14442
59.85			2.14817
59.9			2.15055
59.95			2.15153
60			2.15107
60.05			2.14912
60.1			2.14566
60.15			2.14063
60.2			2.13401
60.25			2.12575
60.3			2.11582
60.35			2.10417
60.4			2.09076
60.45			2.07556
60.5			2.05853
60.55			2.03963
60.6			2.01881
60.65			1.99605
60.7			1.9713
60.75			1.94453
60.8			1.9157
60.85			1.88477
60.9			1.85172
60.95			1.81652
61			1.77912
61.05			1.73952
61.1			1.69767
61.15			1.65356
61.2			1.60717
61.25			1.55849
61.3			1.50749
61.35			1.45418
61.4			1.39855
61.45			1.3406
61.5			1.28035
61.55			1.21779
61.6			1.15297
61.65			1.08589
61.7			1.0166
61.75			0.945138
61.8			0.871552
61.85			0.795899
61.9			0.718245
61.95			0.638664
62			0.557239
62.05			0.474058
62.1			0.389221
62.15			0.302831
62.2			0.215001
62.25			0.125848
62.3			0.035498
62.35			-0.0559228
62.4			-0.148282
62.45			-0.241446
62.5			-0.335278
62.55			-0.429644
62.6			-0.524408
62.65			-0.619439
62.7			-0.714607
62.75			-0.809789
62.8			-0.904866
62.85			-0.999727
62.9			-1.09427
62.95			-1.18839
63			-1.28201
63.05			-1.37506
63.1			-1.46745
63.15			-1.55914
63.2			-1.65007
63.25			-1.74021
63.3			-1.82953
63.35			-1.91801
63.4			-2.00564
63.45			-2.09241
63.5			-2.17834
63.55			-2.26343
63.6			-2.3477
63.65			-2.43119
63.7			-2.51392
63.75			-2.59592
63.8			-2.67723
63.85			-2.75791
63.9			-2.83799
63.95			-2.91752
64			-2.99656
64.05			-3.07514
64.1			-3.15334
64.15			-3.23118
64.2			-3.30873
64.25			-3.38604
64.3			-3.46315
64.35			-3.54011
64.4			-3.61696
64.45			-3.69375
64.5			-3.77051
64.55			-3.84728
64.6			-3.92409
64.65			-4.00096
64.7			-4.07791
64.75			-4.15497
64.8			-4.23215
64.85			-4.30944
64.9			-4.38686
64.95			-4.46439
65			-4.54203
65.05			-4.61975
65.1			-4.69754
65.15			-4.77535
65.2			-4.85316
65.25			-4.93092
65.3			-5.00857
65.35			-5.08607
65.4			-5.16335
65.45			-5.24034
65.5			-5.31697
65.55			-5.39316
65.6			-5.46882
65.65			-5.54387
65.7			-5.61822
65.75			-5.69178
65.8			-5.76444
65.85			-5.83612
65.9			-5.90671
65.95			-5.97612
66			-6.04425
66.05			-6.11099
66.1			-6.17627
66.15			-6.23998
66.2			-6.30204
66.25			-6.36235
66.3			-6.42084
66.35			-6.47743
66.4			-6.53205
66.45			-6.58463
66.5			-6.6351
66.55			-6.68341
66.6			-6.7295
66.65			-6.77334
66.7			-6.81487
66.75			-6.85407
66.8			-6.89089
66.85			-6.92533
66.9			-6.95735
66.95			-6.98695
67			-7.01411
67.05			-7.03883
67.1			-7.06111
67.15			-7.08095
67.2			-7.09836
67.25			-7.11336
67.3			-7.12597
67.35			-7.13619
67.4			-7.14406
67.45			-7.1496
67.5			-7.15285
67.55			-7.15383
67.6			-7.15259
67.65			-7.14916
67.7			-7.14359
67.75			-7.13592
67.8			-7.1262
67.85			-7.11448
67.9			-7.10082
67.95			-7.08528
68			-7.0679
68.05			-7.04875
68.1			-7.0279
68.15			-7.00542
68.2			-6.98136
68.25			-6.95581
68.3			-6.92884
68.35			-6.90052
68.4			-6.87093
68.45			-6.84016
68.5			-6.80827
68.55			-6.77537
68.6			-6.74154
68.65			-6.70686
68.7			-6.67142
68.75			-6.63532
68.8			-6.59865
68.85			-6.5615
68.9			-6.52397
68.95			-6.48616
69			-6.44815
69.05			-6.41005
69.1			-6.37196
69.15			-6.33396
69.2			-6.29617
69.25			-6.25866
69.3			-6.22154
69.35			-6.1849
69.4			-6.14884
69.45			-6.11343
69.5			-6.07878
69.55			-6.04497
69.6			-6.01208
69.65			-5.9802
69.7			-5.94941
69.75			-5.91978
69.8			-5.89139
69.85			-5.8643
69.9			-5.8386
69.95			-5.81434
70			-5.79159
70.05			-5.7704
70.1			-5.75083
70.15			-5.73294
70.2			-5.71677
70.25			-5.70237
70.3			-5.68978
70.35			-5.67904
70.4			-5.67018
70.45			-5.66324
70.5			-5.65825
70.55			-5.65523
70.6			-5.6542
70.65			-5.65518
70.7			-5.65819
70.75			-5.66323
70.8			-5.67032
70.85			-5.67945
70.9			-5.69064
70.95			-5.70387
71			-5.71913
71.05			-5.73643
71.1			-5.75573
71.15			-5.77703
71.2			-5.8003
71.25			-5.82552
71.3			-5.85266
71.35			-5.88167
71.4			-5.91253
71.45			-5.9452
71.5			-5.97962
71.55			-6.01575
71.6			-6.05353
71.65			-6.0929
71.7			-6.13382
71.75			-6.1762
71.8			-6.21998
71.85			-6.2651
71.9			-6.31147
71.95			-6.35902
72			-6.40767
72.05			-6.45734
72.1			-6.50794
72.15			-6.55937
72.2			-6.61157
72.25			-6.66443
72.3			-6.71787
72.35			-6.77179
72.4			-6.8261
72.45			-6.88072
72.5			-6.93554
72.55			-6.99049
72.6			-7.04547
72.65			-7.1004
72.7			-7.15519
72.75			-7.20976
72.8			-7.26402
72.85			-7.3179
72.9			-7.37132
72.95			-7.42421
73			-7.4765
73.05			-7.52812
73.1			-7.57901
73.15			-7.6291
73.2			-7.67834
73.25			-7.72667
73.3			-7.77404
73.35			-7.8204
73.4			-7.8657
73.45			-7.9099
73.5			-7.95296
73.55			-7.99484
73.6			-8.0355
73.65			-8.0749
73.7			-8.11301
73.75			-8.1498
73.8			-8.18525
73.85			-8.21931
73.9			-8.25197
73.95			-8.2832
74			-8.31296
74.05			-8.34125
74.1			-8.36802
74.15			-8.39327
74.2			-8.41696
74.25			-8.43907
74.3			-8.45958
74.35			-8.47847
74.4			-8.49571
74.45			-8.51129
74.5			-8.52517
74.55			-8.53734
74.6			-8.54777
74.65			-8.55643
74.7			-8.56332
74.75			-8.56839
74.8			-8.57162
74.85			-8.573
74.9			-8.57249
74.95			-8.57007
75			-8.56571
75.05			-8.55939
75.1			-8.55108
75.15			-8.54075
75.2			-8.52838
75.25			-8.51394
75.3			-8.4974
75.35			-8.47873
75.4			-8.45791
75.45			-8.43491
75.5			-8.4097
75.55			-8.38226
75.6			-8.35256
75.65			-8.32059
75.7			-8.2863
75.75			-8.24969
75.8			-8.21074
75.85			-8.16942
75.9			-8.12571
75.95			-8.07962
76			-8.03111
76.05			-7.9802
76.1			-7.92687
76.15			-7.87112
76.2			-7.81296
76.25			-7.7524
76.3			-7.68945
76.35			-7.62414
76.4			-7.5565
76.45			-7.48656
76.5			-7.41436
76.55			-7.33995
76.6			-7.2634
76.65			-7.18477
76.7			-7.10413
76.75			-7.02158
76.8			-6.9372
76.85			-6.8511
76.9			-6.76338
76.95			-6.67417
77			-6.5836
77.05			-6.49179
77.1			-6.39889
77.15			-6.30504
77.2			-6.21038
77.25			-6.11508
77.3			-6.01928
77.35			-5.92313
77.4			-5.8268
77.45			-5.73042
77.5			-5.63414
77.55			-5.53811
77.6			-5.44246
77.65			-5.34732
77.7			-5.25282
77.75			-5.15905
77.8			-5.06613
77.85			-4.97415
77.9			-4.88318
77.95			-4.79331
78			-4.7046
78.05			-4.6171
78.1			-4.53085
78.15			-4.44588
78.2			-4.36222
78.25			-4.27989
78.3			-4.1989
78.35			-4.11924
78.4			-4.04091
78.45			-3.9639
78.5			-3.88819
78.55			-3.81376
78.6			-3.74059
78.65			-3.66865
78.7			-3.5979
78.75			-3.52831
78.8			-3.45985
78.85			-3.39248
78.9			-3.32617
78.95			-3.26086
79			-3.19653
79.05			-3.13314
79.1			-3.07064
79.15			-3.00901
79.2			-2.94819
79.25			-2.88817
79.3			-2.82889
79.35			-2.77034
79.4			-2.71248
79.45			-2.65527
79.5			-2.59869
79.55			-2.54272
79.6			-2.48732
79.65			-2.43248
79.7			-2.37818
79.75			-2.32439
79.8			-2.2711
79.85			-2.21829
79.9			-2.16595
79.95			-2.11407
80			-2.06263
80.05			-2.01164
80.1			-1.96109
80.15			-1.91097
80.2			-1.86127
80.25			-1.81201
80.3			-1.76318
80.35			-1.71479
80.4			-1.66683
80.45			-1.61932
80.5			-1.57227
80.55			-1.52567
80.6			-1.47955
80.65			-1.43392
80.7			-1.38877
80.75			-1.34414
80.8			-1.30003
80.85			-1.25646
80.9			-1.21344
80.95			-1.17098
81			-1.12911
81.05			-1.08784
81.1			-1.04719
81.15			-1.00717
81.2			-0.96779
81.25			-0.929077
81.3			-0.89104
81.35			-0.853695
81.4			-0.817054
81.45			-0.781132
81.5			-0.745939
81.55			-0.711485
81.6			-0.677782
81.65			-0.644837
81.7			-0.612657
81.75			-0.581248
81.8			-0.550614
81.85			-0.520758
81.9			-0.491681
81.95			-0.463383
82			-0.435861
82.05			-0.409112
82.1			-0.38313
82.15			-0.357909
82.2			-0.333439
82.25			-0.309711
82.3			-0.286711
82.35			-0.264427
82.4			-0.242842
82.45			-0.22194
82.5			-0.201702
82.55			-0.182109
82.6			-0.163138
82.65			-0.144766
82.7			-0.126971
82.75			-0.109726
82.8			-0.0930039
82.85			-0.0767781
82.9			-0.0610195
82.95			-0.0456983
83			-0.030784
83.05			-0.0162454
83.1			-0.00205039
83.15			0.0118336
83.2			0.0254395
83.25			0.038801
83.3			0.0519518
83.35			0.0649259
83.4			0.0777574
83.45			0.0904805
83.5			0.103129
83.55			0.115738
83.6			0.128339
83.65			0.140968
83.7			0.153656
83.75			0.166435
83.8			0.179339
83.85			0.192396
83.9			0.205639
83.95			0.219097
84			0.232796
84.05			0.246767
84.1			0.261034
84.15			0.275622
84.2			0.290556
84.25			0.305859
84.3			0.321552
84.35			0.337654
84.4			0.354184
84.45			0.37116
84.5			0.388596
84.55			0.406506
84.6			0.424904
84.65			0.443798
84.7			0.463199
84.75			0.483113
84.8			0.503547
84.85			0.524503
84.9			0.545985
84.95			0.567993
85			0.590525
85.05			0.613579
85.1			0.63715
85.15			0.661232
85.2			0.685817
85.25			0.710897
85.3			0.73646
85.35			0.762494
85.4			0.788985
85.45			0.815919
85.5			0.843278
85.55			0.871046
85.6			0.899203
85.65			0.927729
85.7			0.956603
85.75			0.985804
85.8			1.01531
85.85			1.04509
85.9			1.07513
85.95			1.10539
86			1.13586
86.05			1.16651
86.1			1.1973
86.15			1.22822
86.2			1.25923
86.25			1.29031
86.3			1.32142
86.35			1.35253
86.4			1.38363
86.45			1.41468
86.5			1.44564
86.55			1.47649
86.6			1.50721
86.65			1.53775
86.7			1.5681
86.75			1.59822
86.8			1.62807
86.85			1.65765
86.9			1.6869
86.95			1.71581
87			1.74434
87.05			1.77247
87.1			1.80016
87.15			1.82739
87.2			1.85413
87.25			1.88034
87.3			1.90601
87.35			1.93109
87.4			1.95556
87.45			1.9794
87.5			2.00256
87.55			2.02503
87.6			2.04677
87.65			2.06775
87.7			2.08794
87.75			2.10731
87.8			2.12583
87.85			2.14347
87.9			2.1602
87.95			2.17599
88			2.1908
88.05			2.2046
88.1			2.21736
88.15			2.22904
88.2			2.23962
88.25			2.24906
88.3			2.25732
88.35			2.26437
88.4			2.27017
88.45			2.27469
88.5			2.2779
88.55			2.27975
88.6			2.28021
88.65			2.27924
88.7			2.2768
88.75			2.27287
88.8			2.26738
88.85			2.26032
88.9			2.25164
88.95			2.24129
89			2.22925
89.05			2.21547
89.1			2.19991
89.15			2.18253
89.2			2.1633
89.25			2.14217
89.3			2.1191
89.35			2.09406
89.4			2.06701
89.45			2.03791
89.5			2.00672
89.55			1.97342
89.6			1.93796
89.65			1.90031
89.7			1.86045
89.75			1.81834
89.8			1.77397
89.85			1.7273
89.9			1.67831
89.95			1.627
90			1.57335
90.05			1.51735
90.1			1.459
90.15			1.3983
90.2			1.33526
90.25			1.2699
90.3			1.20223
90.35			1.13228
90.4			1.06009
90.45			0.985712
90.5			0.909186
90.55			0.830576
90.6			0.749954
90.65			0.667396
90.7			0.582991
90.75			0.496832
90.8			0.409024
90.85			0.319678
90.9			0.228914
90.95			0.136856
91			0.0436354
91.05			-0.0506121
91.1			-0.145747
91.15			-0.241629
91.2			-0.338113
91.25			-0.435057
91.3			-0.53232
91.35			-0.629764
91.4			-0.727253
91.45			-0.824658
91.5			-0.921857
91.55			-1.01873
91.6			-1.11518
91.65			-1.2111
91.7			-1.3064
91.75			-1.40101
91.8			-1.49485
91.85			-1.58787
91.9			-1.68002
91.95			-1.77127
92			-1.86158
92.05			-1.95093
92.1			-2.03933
92.15			-2.12677
92.2			-2.21325
92.25			-2.29879
92.3			-2.38342
92.35			-2.46715
92.4			-2.55003
92.45			-2.63209
92.5			-2.71337
92.55			-2.79391
92.6			-2.87376
92.65			-2.95298
92.7			-3.03161
92.75			-3.1097
92.8			-3.1873
92.85			-3.26446
92.9			-3.34124
92.95			-3.41768
93			-3.49383
93.05			-3.56974
93.1			-3.64544
93.15			-3.72099
93.2			-3.7964
93.25			-3.87172
93.3			-3.94699
93.35			-4.02221
93.4			-4.09741
93.45			-4.17262
93.5			-4.24783
93.55			-4.32306
93.6			-4.3983
93.65			-4.47355
93.7			-4.5488
93.75			-4.62404
93.8			-4.69923
93.85			-4.77435
93.9			-4.84936
93.95			-4.92424
94			-4.99891
94.05			-5.07335
94.1			-5.14748
94.15			-5.22125
94.2			-5.29459
94.25			-5.36743
94.3			-5.43968
94.35			-5.51128
94.4			-5.58215
94.45			-5.65218
94.5			-5.72131
94.55			-5.78944
94.6			-5.85649
94.65			-5.92236
94.7			-5.98697
94.75			-6.05023
94.8			-6.11206
94.85			-6.17237
94.9			-6.23108
94.95			-6.28812
95			-6.34341
95.05			-6.39688
95.1			-6.44847
95.15			-6.49812
95.2			-6.54577
95.25			-6.59136
95.3			-6.63486
95.35			-6.67621
95.4			-6.7154
95.45			-6.75237
95.5			-6.78711
95.55			-6.8196
95.6			-6.84982
95.65			-6.87776
95.7			-6.90342
95.75			-6.92678
95.8			-6.94786
95.85			-6.96666
95.9			-6.98319
95.95			-6.99748
96			-7.00952
96.05			-7.01936
96.1			-7.02701
96.15			-7.0325
96.2			-7.03588
96.25			-7.03717
96.3			-7.03641
96.35			-7.03364
96.4			-7.02892
96.45			-7.02228
96.5			-7.01378
96.55			-7.00347
96.6			-6.99141
96.65			-6.97766
96.7			-6.96227
96.75			-6.94531
96.8			-6.92684
96.85			-6.90693
96.9			-6.88566
96.95			-6.86308
97			-6.83929
97.05			-6.81434
97.1			-6.78833
97.15			-6.76132
97.2			-6.73341
97.25			-6.70467
97.3			-6.67518
97.35			-6.64504
97.4			-6.61432
97.45			-6.58312
97.5			-6.55152
97.55			-6.51961
97.6			-6.48749
97.65			-6.45524
97.7			-6.42294
97.75			-6.3907
97.8			-6.35859
97.85			-6.32671
97.9			-6.29514
97.95			-6.26398
98			-6.2333
98.05			-6.20319
98.1			-6.17374
98.15			-6.14502
98.2			-6.11711
98.25			-6.0901
98.3			-6.06405
98.35			-6.03904
98.4			-6.01514
98.45			-5.99241
98.5			-5.97093
98.55			-5.95074
98.6			-5.93192
98.65			-5.91452
98.7			-5.89858
98.75			-5.88416
98.8			-5.87131
98.85			-5.86007
98.9			-5.85048
98.95			-5.84258
99			-5.83639
99.05			-5.83196
99.1			-5.8293
99.15			-5.82844
99.2			-5.82939
99.25			-5.83218
99.3			-5.83682
99.35			-5.84331
99.4			-5.85167
99.45			-5.86188
99.5			-5.87396
99.55			-5.88789
99.6			-5.90367
99.65			-5.92127
99.7			-5.9407
99.75			-5.96192
99.8			-5.9849
99.85			-6.00964
99.9			-6.03608
99.95			-6.06419
