0			0.785398
0.05			0.785706
0.1			0.786624
0.15			0.788148
0.2			0.790267
0.25			0.792971
0.3			0.796248
0.35			0.800081
0.4			0.804455
0.45			0.80935
0.5			0.814746
0.55			0.82062
0.6			0.826947
0.65			0.833701
0.7			0.840855
0.75			0.848378
0.8			0.856241
0.85			0.864409
0.9			0.87285
0.95			0.881529
1			0.890407
1.05			0.899449
1.1			0.908614
1.15			0.917864
1.2			0.927156
1.25			0.93645
1.3			0.945702
1.35			0.954869
1.4			0.963908
1.45			0.972772
1.5			0.981419
1.55			0.9898
1.6			0.997872
1.65			1.00559
1.7			1.0129
1.75			1.01976
1.8			1.02612
1.85			1.03194
1.9			1.03718
1.95			1.04177
2			1.04568
2.05			1.04886
2.1			1.05127
2.15			1.05285
2.2			1.05357
2.25			1.05338
2.3			1.05224
2.35			1.0501
2.4			1.04692
2.45			1.04265
2.5			1.03727
2.55			1.03073
2.6			1.02298
2.65			1.014
2.7			1.00375
2.75			0.992195
2.8			0.979297
2.85			0.965029
2.9			0.94936
2.95			0.932263
3			0.913712
3.05			0.893684
3.1			0.872157
3.15			0.849112
3.2			0.824533
3.25			0.798406
3.3			0.77072
3.35			0.741466
3.4			0.71064
3.45			0.678239
3.5			0.644265
3.55			0.608722
3.6			0.571619
3.65			0.532968
3.7			0.492783
3.75			0.451084
3.8			0.407894
3.85			0.363239
3.9			0.317151
3.95			0.269663
4			0.220814
4.05			0.170645
4.1			0.1192
4.15			0.0665301
4.2			0.0126851
4.25			-0.0422798
4.3			-0.0983072
4.35			-0.155337
4.4			-0.213308
4.45			-0.272154
4.5			-0.331812
4.55			-0.392214
4.6			-0.453293
4.65			-0.514981
4.7			-0.577209
4.75			-0.639911
4.8			-0.703019
4.85			-0.766468
4.9			-0.830194
4.95			-0.894134
5			-0.958228
5.05			-1.02242
5.1			-1.08665
5.15			-1.15087
5.2			-1.21503
5.25			-1.27909
5.3			-1.343
5.35			-1.40672
5.4			-1.47023
5.45			-1.53348
5.5			-1.59646
5.55			-1.65913
5.6			-1.72148
5.65			-1.78349
5.7			-1.84516
5.75			-1.90646
5.8			-1.96739
5.85			-2.02796
5.9			-2.08815
5.95			-2.14798
6			-2.20744
6.05			-2.26654
6.1			-2.3253
6.15			-2.38373
6.2			-2.44183
6.25			-2.49963
6.3			-2.55714
6.35			-2.61437
6.4			-2.67135
6.45			-2.7281
6.5			-2.78463
6.55			-2.84098
6.6			-2.89715
6.65			-2.95317
6.7			-3.00907
6.75			-3.06487
6.8			-3.12058
6.85			-3.17624
6.9			-3.23185
6.95			-3.28745
7			-3.34306
7.05			-3.39868
7.1			-3.45434
7.15			-3.51007
7.2			-3.56587
7.25			-3.62175
7.3			-3.67774
7.35			-3.73385
7.4			-3.79008
7.45			-3.84645
7.5			-3.90295
7.55			-3.9596
7.6			-4.0164
7.65			-4.07335
7.7			-4.13044
7.75			-4.18767
7.8			-4.24503
7.85			-4.30251
7.9			-4.36011
7.95			-4.4178
8			-4.47556
8.05			-4.53337
8.1			-4.59122
8.15			-4.64906
8.2			-4.70688
8.25			-4.76463
8.3			-4.82228
8.35			-4.87979
8.4			-4.93712
8.45			-4.99422
8.5			-5.05105
8.55			-5.10755
8.6			-5.16368
8.65			-5.21939
8.7			-5.2746
8.75			-5.32928
8.8			-5.38336
8.85			-5.43678
8.9			-5.48948
8.95			-5.5414
9			-5.59249
9.05			-5.64268
9.1			-5.69192
9.15			-5.74014
9.2			-5.78728
9.25			-5.83331
9.3			-5.87815
9.35			-5.92175
9.4			-5.96408
9.45			-6.00508
9.5			-6.0447
9.55			-6.08291
9.6			-6.11966
9.65			-6.15493
9.7			-6.18867
9.75			-6.22087
9.8			-6.25149
9.85			-6.28051
9.9			-6.30792
9.95			-6.33371
10			-6.35786
10.05			-6.38036
10.1			-6.40122
10.15			-6.42043
10.2			-6.43799
10.25			-6.45393
10.3			-6.46824
10.35			-6.48094
10.4			-6.49205
10.45			-6.5016
10.5			-6.5096
10.55			-6.51608
10.6			-6.52108
10.65			-6.52463
10.7			-6.52676
10.75			-6.52751
10.8			-6.52693
10.85			-6.52506
10.9			-6.52195
10.95			-6.51764
11			-6.51219
11.05			-6.50564
11.1			-6.49806
11.15			-6.48951
11.2			-6.48003
11.25			-6.4697
11.3			-6.45857
11.35			-6.4467
11.4			-6.43417
11.45			-6.42103
11.5			-6.40735
11.55			-6.3932
11.6			-6.37865
11.65			-6.36376
11.7			-6.34861
11.75			-6.33326
11.8			-6.31779
11.85			-6.30225
11.9			-6.28673
11.95			-6.27129
12			-6.25599
12.05			-6.24091
12.1			-6.22611
12.15			-6.21166
12.2			-6.19762
12.25			-6.18406
12.3			-6.17104
12.35			-6.15861
12.4			-6.14685
12.45			-6.1358
12.5			-6.12553
12.55			-6.11608
12.6			-6.10752
12.65			-6.09989
12.7			-6.09323
12.75			-6.0876
12.8			-6.08304
12.85			-6.07959
12.9			-6.07728
12.95			-6.07616
13			-6.07626
13.05			-6.0776
13.1			-6.08022
13.15			-6.08415
13.2			-6.08939
13.25			-6.09598
13.3			-6.10393
13.35			-6.11325
13.4			-6.12396
13.45			-6.13605
13.5			-6.14954
13.55			-6.16442
13.6			-6.1807
13.65			-6.19836
13.7			-6.2174
13.75			-6.23781
13.8			-6.25957
13.85			-6.28266
13.9			-6.30707
13.95			-6.33276
14			-6.35971
14.05			-6.38789
14.1			-6.41726
14.15			-6.4478
14.2			-6.47946
14.25			-6.51219
14.3			-6.54596
14.35			-6.58072
14.4			-6.61642
14.45			-6.65301
14.5			-6.69044
14.55			-6.72865
14.6			-6.76759
14.65			-6.80719
14.7			-6.84741
14.75			-6.88818
14.8			-6.92944
14.85			-6.97113
14.9			-7.01318
14.95			-7.05555
15			-7.09817
15.05			-7.14097
15.1			-7.18389
15.15			-7.22688
15.2			-7.26987
15.25			-7.31281
15.3			-7.35564
15.35			-7.39829
15.4			-7.44073
15.45			-7.48288
15.5			-7.5247
15.55			-7.56614
15.6			-7.60713
15.65			-7.64765
15.7			-7.68763
15.75			-7.72704
15.8			-7.76582
15.85			-7.80393
15.9			-7.84134
15.95			-7.87799
16			-7.91386
16.05			-7.94889
16.1			-7.98306
16.15			-8.01633
16.2			-8.04866
16.25			-8.08002
16.3			-8.11037
16.35			-8.13968
16.4			-8.16792
16.45			-8.19505
16.5			-8.22105
16.55			-8.24588
16.6			-8.26952
16.65			-8.29193
16.7			-8.31308
16.75			-8.33294
16.8			-8.35148
16.85			-8.36867
16.9			-8.38449
16.95			-8.39889
17			-8.41185
17.05			-8.42334
17.1			-8.43333
17.15			-8.44178
17.2			-8.44867
17.25			-8.45396
17.3			-8.45762
17.35			-8.45962
17.4			-8.45992
17.45			-8.4585
17.5			-8.45531
17.55			-8.45033
17.6			-8.44352
17.65			-8.43485
17.7			-8.42428
17.75			-8.41178
17.8			-8.39732
17.85			-8.38086
17.9			-8.36237
17.95			-8.34181
18			-8.31916
18.05			-8.29438
18.1			-8.26744
18.15			-8.23831
18.2			-8.20696
18.25			-8.17336
18.3			-8.13749
18.35			-8.09932
18.4			-8.05884
18.45			-8.01602
18.5			-7.97084
18.55			-7.92331
18.6			-7.87339
18.65			-7.8211
18.7			-7.76643
18.75			-7.70939
18.8			-7.64998
18.85			-7.58822
18.9			-7.52414
18.95			-7.45776
19			-7.38912
19.05			-7.31827
19.1			-7.24526
19.15			-7.17014
19.2			-7.09298
19.25			-7.01387
19.3			-6.93289
19.35			-6.85012
19.4			-6.76568
19.45			-6.67966
19.5			-6.5922
19.55			-6.5034
19.6			-6.4134
19.65			-6.32233
19.7			-6.23032
19.75			-6.13752
19.8			-6.04407
19.85			-5.95011
19.9			-5.85578
19.95			-5.76121
20			-5.66655
20.05			-5.57193
20.1			-5.47746
20.15			-5.38327
20.2			-5.28948
20.25			-5.19618
20.3			-5.10347
20.35			-5.01144
20.4			-4.92016
20.45			-4.82969
20.5			-4.74011
20.55			-4.65145
20.6			-4.56376
20.65			-4.47705
20.7			-4.39136
20.75			-4.30669
20.8			-4.22306
20.85			-4.14045
20.9			-4.05886
20.95			-3.97827
21			-3.89866
21.05			-3.82
21.1			-3.74228
21.15			-3.66544
21.2			-3.58947
21.25			-3.51431
21.3			-3.43993
21.35			-3.36628
21.4			-3.29332
21.45			-3.22101
21.5			-3.14931
21.55			-3.07816
21.6			-3.00753
21.65			-2.93738
21.7			-2.86766
21.75			-2.79833
21.8			-2.72936
21.85			-2.66072
21.9			-2.59236
21.95			-2.52427
22			-2.4564
22.05			-2.38875
22.1			-2.32128
22.15			-2.25397
22.2			-2.18683
22.25			-2.11983
22.3			-2.05297
22.35			-1.98624
22.4			-1.91965
22.45			-1.85321
22.5			-1.78691
22.55			-1.72079
22.6			-1.65484
22.65			-1.58911
22.7			-1.52361
22.75			-1.45838
22.8			-1.39344
22.85			-1.32884
22.9			-1.26463
22.95			-1.20083
23			-1.13751
23.05			-1.07472
23.1			-1.0125
23.15			-0.950919
23.2			-0.890031
23.25			-0.829898
23.3			-0.770579
23.35			-0.712137
23.4			-0.654634
23.45			-0.598134
23.5			-0.542699
23.55			-0.488391
23.6			-0.435269
23.65			-0.383394
23.7			-0.332824
23.75			-0.283612
23.8			-0.235814
23.85			-0.189478
23.9			-0.144652
23.95			-0.10138
24			-0.0597045
24.05			-0.0196612
24.1			0.0187156
24.15			0.0553961
24.2			0.0903542
24.25			0.123568
24.3			0.155019
24.35			0.184693
24.4			0.21258
24.45			0.238674
24.5			0.262973
24.55			0.285477
24.6			0.306193
24.65			0.325129
24.7			0.342299
24.75			0.357718
24.8			0.371406
24.85			0.383386
24.9			0.393685
24.95			0.402331
25			0.409357
25.05			0.414799
25.1			0.418694
25.15			0.421084
25.2			0.422011
25.25			0.421522
25.3			0.419664
25.35			0.416488
25.4			0.412046
25.45			0.406393
25.5			0.399586
25.55			0.391682
25.6			0.382741
25.65			0.372825
25.7			0.361997
25.75			0.35032
25.8			0.33786
25.85			0.324684
25.9			0.310858
25.95			0.296452
26			0.281533
26.05			0.266172
26.1			0.250438
26.15			0.234402
26.2			0.218133
26.25			0.201703
26.3			0.18518
26.35			0.168636
26.4			0.15214
26.45			0.13576
26.5			0.119565
26.55			0.103622
26.6			0.0879984
26.65			0.0727585
26.7			0.0579667
26.75			0.0436858
26.8			0.0299769
26.85			0.0168996
26.9			0.00451168
26.95			-0.00713082
27			-0.0179739
27.05			-0.0279658
27.1			-0.0370566
27.15			-0.045199
27.2			-0.0523478
27.25			-0.0584605
27.3			-0.0634969
27.35			-0.0674196
27.4			-0.0701937
27.45			-0.0717874
27.5			-0.0721713
27.55			-0.0713191
27.6			-0.0692074
27.65			-0.0658157
27.7			-0.0611266
27.75			-0.0551257
27.8			-0.0478018
27.85			-0.0391466
27.9			-0.0291551
27.95			-0.0178253
28			-0.00515856
28.05			0.00884073
28.1			0.024165
28.15			0.0408036
28.2			0.0587426
28.25			0.0779651
28.3			0.0984511
28.35			0.120178
28.4			0.143118
28.45			0.167245
28.5			0.192525
28.55			0.218924
28.6			0.246406
28.65			0.274929
28.7			0.304453
28.75			0.334932
28.8			0.36632
28.85			0.398568
28.9			0.431625
28.95			0.465439
29			0.499955
29.05			0.535118
29.1			0.570871
29.15			0.607156
29.2			0.643914
29.25			0.681086
29.3			0.718611
29.35			0.756428
29.4			0.794477
29.45			0.832697
29.5			0.871026
29.55			0.909404
29.6			0.947771
29.65			0.986066
29.7			1.02423
29.75			1.06221
29.8			1.09993
29.85			1.13736
29.9			1.17442
29.95			1.21107
30			1.24725
30.05			1.28291
30.1			1.318
30.15			1.35246
30.2			1.38625
30.25			1.41932
30.3			1.45161
30.35			1.4831
30.4			1.51372
30.45			1.54344
30.5			1.57221
30.55			1.59999
30.6			1.62674
30.65			1.65241
30.7			1.67698
30.75			1.70039
30.8			1.72261
30.85			1.74361
30.9			1.76333
30.95			1.78175
31			1.79884
31.05			1.81454
31.1			1.82883
31.15			1.84167
31.2			1.85302
31.25			1.86285
31.3			1.87113
31.35			1.87781
31.4			1.88286
31.45			1.88624
31.5			1.88793
31.55			1.88788
31.6			1.88606
31.65			1.88244
31.7			1.87698
31.75			1.86964
31.8			1.8604
31.85			1.84921
31.9			1.83606
31.95			1.82089
32			1.80368
32.05			1.78441
32.1			1.76303
32.15			1.73952
32.2			1.71386
32.25			1.68602
32.3			1.65596
32.35			1.62368
32.4			1.58915
32.45			1.55235
32.5			1.51327
32.55			1.4719
32.6			1.42822
32.65			1.38225
32.7			1.33396
32.75			1.28338
32.8			1.2305
32.85			1.17535
32.9			1.11794
32.95			1.0583
33			0.996468
33.05			0.932476
33.1			0.866372
33.15			0.798211
33.2			0.728052
33.25			0.655962
33.3			0.582017
33.35			0.506298
33.4			0.428895
33.45			0.349902
33.5			0.269421
33.55			0.18756
33.6			0.104431
33.65			0.0201507
33.7			-0.0651602
33.75			-0.151379
33.8			-0.23838
33.85			-0.326037
33.9			-0.414226
33.95			-0.502821
34			-0.5917
34.05			-0.680745
34.1			-0.76984
34.15			-0.858876
34.2			-0.947748
34.25			-1.03636
34.3			-1.12462
34.35			-1.21244
34.4			-1.29976
34.45			-1.3865
34.5			-1.4726
34.55			-1.55803
34.6			-1.64272
34.65			-1.72666
34.7			-1.80981
34.75			-1.89217
34.8			-1.97371
34.85			-2.05444
34.9			-2.13435
34.95			-2.21346
35			-2.29179
35.05			-2.36935
35.1			-2.44617
35.15			-2.52227
35.2			-2.59769
35.25			-2.67245
35.3			-2.74661
35.35			-2.82019
35.4			-2.89325
35.45			-2.96581
35.5			-3.03792
35.55			-3.10963
35.6			-3.18097
35.65			-3.25199
35.7			-3.32273
35.75			-3.39323
35.8			-3.46353
35.85			-3.53367
35.9			-3.60367
35.95			-3.67358
36			-3.74342
36.05			-3.81322
36.1			-3.883
36.15			-3.95278
36.2			-4.02258
36.25			-4.09242
36.3			-4.16229
36.35			-4.23221
36.4			-4.30217
36.45			-4.37217
36.5			-4.44221
36.55			-4.51226
36.6			-4.5823
36.65			-4.65232
36.7			-4.72229
36.75			-4.79216
36.8			-4.8619
36.85			-4.93148
36.9			-5.00083
36.95			-5.0699
37			-5.13865
37.05			-5.207
37.1			-5.27489
37.15			-5.34226
37.2			-5.40904
37.25			-5.47514
37.3			-5.5405
37.35			-5.60504
37.4			-5.66867
37.45			-5.73133
37.5			-5.79293
37.55			-5.85339
37.6			-5.91264
37.65			-5.97059
37.7			-6.02718
37.75			-6.08233
37.8			-6.13597
37.85			-6.18803
37.9			-6.23845
37.95			-6.28717
38			-6.33413
38.05			-6.37929
38.1			-6.42258
38.15			-6.46397
38.2			-6.50343
38.25			-6.5409
38.3			-6.57637
38.35			-6.60981
38.4			-6.64119
38.45			-6.67051
38.5			-6.69774
38.55			-6.72289
38.6			-6.74595
38.65			-6.76691
38.7			-6.78579
38.75			-6.8026
38.8			-6.81734
38.85			-6.83004
38.9			-6.84071
38.95			-6.84939
39			-6.85609
39.05			-6.86085
39.1			-6.86371
39.15			-6.8647
39.2			-6.86386
39.25			-6.86124
39.3			-6.85688
39.35			-6.85083
39.4			-6.84314
39.45			-6.83387
39.5			-6.82308
39.55			-6.81082
39.6			-6.79715
39.65			-6.78214
39.7			-6.76586
39.75			-6.74836
39.8			-6.72973
39.85			-6.71003
39.9			-6.68934
39.95			-6.66773
40			-6.64527
40.05			-6.62204
40.1			-6.59813
40.15			-6.57361
40.2			-6.54857
40.25			-6.52307
40.3			-6.49721
40.35			-6.47107
40.4			-6.44473
40.45			-6.41827
40.5			-6.39178
40.55			-6.36533
40.6			-6.33902
40.65			-6.31291
40.7			-6.28709
40.75			-6.26165
40.8			-6.23665
40.85			-6.21218
40.9			-6.18831
40.95			-6.16512
41			-6.14267
41.05			-6.12104
41.1			-6.1003
41.15			-6.0805
41.2			-6.06173
41.25			-6.04403
41.3			-6.02746
41.35			-6.01209
41.4			-5.99797
41.45			-5.98514
41.5			-5.97365
41.55			-5.96356
41.6			-5.95489
41.65			-5.9477
41.7			-5.94201
41.75			-5.93787
41.8			-5.93529
41.85			-5.93431
41.9			-5.93495
41.95			-5.93722
42			-5.94115
42.05			-5.94675
42.1			-5.95403
42.15			-5.96299
42.2			-5.97364
42.25			-5.98597
42.3			-5.99999
42.35			-6.01567
42.4			-6.03303
42.45			-6.05202
42.5			-6.07265
42.55			-6.09489
42.6			-6.1187
42.65			-6.14407
42.7			-6.17096
42.75			-6.19933
42.8			-6.22914
42.85			-6.26036
42.9			-6.29293
42.95			-6.32681
43			-6.36194
43.05			-6.39827
43.1			-6.43575
43.15			-6.4743
43.2			-6.51388
43.25			-6.55441
43.3			-6.59583
43.35			-6.63806
43.4			-6.68105
43.45			-6.72471
43.5			-6.76898
43.55			-6.81379
43.6			-6.85905
43.65			-6.90469
43.7			-6.95065
43.75			-6.99684
43.8			-7.04319
43.85			-7.08964
43.9			-7.1361
43.95			-7.1825
44			-7.22879
44.05			-7.27488
44.1			-7.32071
44.15			-7.36621
44.2			-7.41132
44.25			-7.45599
44.3			-7.50014
44.35			-7.54372
44.4			-7.58667
44.45			-7.62894
44.5			-7.67048
44.55			-7.71123
44.6			-7.75115
44.65			-7.79019
44.7			-7.8283
44.75			-7.86544
44.8			-7.90157
44.85			-7.93665
44.9			-7.97064
44.95			-8.00349
45			-8.03518
45.05			-8.06567
45.1			-8.09492
45.15			-8.1229
45.2			-8.14958
45.25			-8.17492
45.3			-8.19889
45.35			-8.22146
45.4			-8.2426
45.45			-8.26228
45.5			-8.28046
45.55			-8.29712
45.6			-8.31223
45.65			-8.32576
45.7			-8.33767
45.75			-8.34794
45.8			-8.35654
45.85			-8.36343
45.9			-8.36858
45.95			-8.37197
46			-8.37357
46.05			-8.37333
46.1			-8.37123
46.15			-8.36725
46.2			-8.36134
46.25			-8.35348
46.3			-8.34363
46.35			-8.33177
46.4			-8.31786
46.45			-8.30187
46.5			-8.28377
46.55			-8.26354
46.6			-8.24114
46.65			-8.21654
46.7			-8.18971
46.75			-8.16064
46.8			-8.12929
46.85			-8.09565
46.9			-8.05968
46.95			-8.02138
47			-7.98071
47.05			-7.93769
47.1			-7.89228
47.15			-7.84448
47.2			-7.79429
47.25			-7.74172
47.3			-7.68676
47.35			-7.62944
47.4			-7.56975
47.45			-7.50774
47.5			-7.44343
47.55			-7.37685
47.6			-7.30806
47.65			-7.23709
47.7			-7.16401
47.75			-7.0889
47.8			-7.01181
47.85			-6.93284
47.9			-6.85208
47.95			-6.76963
48			-6.68558
48.05			-6.60007
48.1			-6.5132
48.15			-6.4251
48.2			-6.3359
48.25			-6.24574
48.3			-6.15475
48.35			-6.06308
48.4			-5.97085
48.45			-5.87822
48.5			-5.78531
48.55			-5.69227
48.6			-5.59922
48.65			-5.50628
48.7			-5.41359
48.75			-5.32125
48.8			-5.22936
48.85			-5.13803
48.9			-5.04734
48.95			-4.95737
49			-4.86819
49.05			-4.77987
49.1			-4.69245
49.15			-4.60598
49.2			-4.52049
49.25			-4.43601
49.3			-4.35255
49.35			-4.27012
49.4			-4.18872
49.45			-4.10836
49.5			-4.02902
49.55			-3.95068
49.6			-3.87332
49.65			-3.79692
49.7			-3.72145
49.75			-3.64687
49.8			-3.57316
49.85			-3.50026
49.9			-3.42816
49.95			-3.3568
50			-3.28614
50.05			-3.21615
50.1			-3.14678
50.15			-3.07799
50.2			-3.00974
50.25			-2.94199
50.3			-2.87471
50.35			-2.80785
50.4			-2.74138
50.45			-2.67527
50.5			-2.60949
50.55			-2.544
50.6			-2.47879
50.65			-2.41383
50.7			-2.3491
50.75			-2.28458
50.8			-2.22025
50.85			-2.15612
50.9			-2.09216
50.95			-2.02838
51			-1.96477
51.05			-1.90134
51.1			-1.83809
51.15			-1.77504
51.2			-1.7122
51.25			-1.64958
51.3			-1.58722
51.35			-1.52512
51.4			-1.46333
51.45			-1.40187
51.5			-1.34078
51.55			-1.28009
51.6			-1.21985
51.65			-1.1601
51.7			-1.10089
51.75			-1.04226
51.8			-0.984262
51.85			-0.926951
51.9			-0.870378
51.95			-0.814597
52			-0.759662
52.05			-0.705628
52.1			-0.652549
52.15			-0.60048
52.2			-0.549475
52.25			-0.499585
52.3			-0.450863
52.35			-0.403358
52.4			-0.357118
52.45			-0.312188
52.5			-0.268611
52.55			-0.226429
52.6			-0.185679
52.65			-0.146395
52.7			-0.10861
52.75			-0.0723516
52.8			-0.0376446
52.85			-0.00451054
52.9			0.0270327
52.95			0.056971
53			0.0852934
53.05			0.111993
53.1			0.137067
53.15			0.160514
53.2			0.182339
53.25			0.202549
53.3			0.221155
53.35			0.23817
53.4			0.253612
53.45			0.267501
53.5			0.27986
53.55			0.290717
53.6			0.300101
53.65			0.308043
53.7			0.31458
53.75			0.319747
53.8			0.323587
53.85			0.32614
53.9			0.327451
53.95			0.327567
54			0.326537
54.05			0.324411
54.1			0.321242
54.15			0.317083
54.2			0.311991
54.25			0.306023
54.3			0.299236
54.35			0.291691
54.4			0.283448
54.45			0.274568
54.5			0.265114
54.55			0.255149
54.6			0.244736
54.65			0.23394
54.7			0.222825
54.75			0.211455
54.8			0.199895
54.85			0.188209
54.9			0.176462
54.95			0.164718
55			0.153039
55.05			0.141489
55.1			0.130129
55.15			0.119021
55.2			0.108225
55.25			0.0977996
55.3			0.0878028
55.35			0.078291
55.4			0.0693191
55.45			0.0609403
55.5			0.0532063
55.55			0.0461669
55.6			0.0398699
55.65			0.0343613
55.7			0.0296847
55.75			0.0258819
55.8			0.022992
55.85			0.021052
55.9			0.0200965
55.95			0.0201574
56			0.0212642
56.05			0.0234438
56.1			0.0267202
56.15			0.0311149
56.2			0.0366465
56.25			0.0433307
56.3			0.0511806
56.35			0.0602061
56.4			0.0704145
56.45			0.0818098
56.5			0.0943935
56.55			0.108164
56.6			0.123116
56.65			0.139243
56.7			0.156534
56.75			0.174976
56.8			0.194552
56.85			0.215243
56.9			0.237029
56.95			0.259883
57			0.28378
57.05			0.308689
57.1			0.334579
57.15			0.361414
57.2			0.389158
57.25			0.417771
57.3			0.447214
57.35			0.477441
57.4			0.50841
57.45			0.540072
57.5			0.572381
57.55			0.605286
57.6			0.638736
57.65			0.672681
57.7			0.707067
57.75			0.74184
57.8			0.776946
57.85			0.812331
57.9			0.847939
57.95			0.883716
58			0.919605
58.05			0.955551
58.1			0.9915
58.15			1.0274
58.2			1.06318
58.25			1.09881
58.3			1.13422
58.35			1.16937
58.4			1.20419
58.45			1.23864
58.5			1.27268
58.55			1.30623
58.6			1.33927
58.65			1.37174
58.7			1.40359
58.75			1.43478
58.8			1.46527
58.85			1.49499
58.9			1.52393
58.95			1.55202
59			1.57922
59.05			1.60551
59.1			1.63083
59.15			1.65514
59.2			1.67841
59.25			1.70059
59.3			1.72164
59.35			1.74154
59.4			1.76023
59.45			1.77768
59.5			1.79385
59.55			1.80871
59.6			1.82222
59.65			1.83434
59.7			1.84504
59.75			1.85427
59.8			1.86201
59.85			1.8682
59.9			1.87283
59.95			1.87585
60			1.87722
60.05			1.87691
60.1			1.87488
60.15			1.8711
60.2			1.86553
60.25			1.85814
60.3			1.84889
60.35			1.83774
60.4			1.82466
60.45			1.80961
60.5			1.79258
60.55			1.77351
60.6			1.75238
60.65			1.72917
60.7			1.70383
60.75			1.67635
60.8			1.6467
60.85			1.61485
60.9			1.58078
60.95			1.54448
61			1.50593
61.05			1.46512
61.1			1.42203
61.15			1.37666
61.2			1.32901
61.25			1.27908
61.3			1.22688
61.35			1.17242
61.4			1.11573
61.45			1.05682
61.5			0.995719
61.55			0.932475
61.6			0.867126
61.65			0.799725
61.7			0.730328
61.75			0.659
61.8			0.585814
61.85			0.510848
61.9			0.434188
61.95			0.355927
62			0.276163
62.05			0.195001
62.1			0.112551
62.15			0.0289259
62.2			-0.0557559
62.25			-0.141374
62.3			-0.227805
62.35			-0.314927
62.4			-0.402615
62.45			-0.490746
62.5			-0.579201
62.55			-0.667861
62.6			-0.756613
62.65			-0.845348
62.7			-0.933963
62.75			-1.02236
62.8			-1.11045
62.85			-1.19815
62.9			-1.28538
62.95			-1.37208
63			-1.45819
63.05			-1.54367
63.1			-1.62845
63.15			-1.71253
63.2			-1.79586
63.25			-1.87843
63.3			-1.96023
63.35			-2.04125
63.4			-2.12151
63.45			-2.20101
63.5			-2.27975
63.55			-2.35777
63.6			-2.43509
63.65			-2.51174
63.7			-2.58774
63.75			-2.66313
63.8			-2.73796
63.85			-2.81225
63.9			-2.88605
63.95			-2.95941
64			-3.03237
64.05			-3.10496
64.1			-3.17724
64.15			-3.24925
64.2			-3.32102
64.25			-3.39261
64.3			-3.46404
64.35			-3.53537
64.4			-3.60661
64.45			-3.67781
64.5			-3.749
64.55			-3.8202
64.6			-3.89144
64.65			-3.96274
64.7			-4.03411
64.75			-4.10558
64.8			-4.17713
64.85			-4.24879
64.9			-4.32054
64.95			-4.39239
65			-4.46431
65.05			-4.5363
65.1			-4.60834
65.15			-4.68038
65.2			-4.75242
65.25			-4.82439
65.3			-4.89627
65.35			-4.968
65.4			-5.03953
65.45			-5.11081
65.5			-5.18176
65.55			-5.25233
65.6			-5.32244
65.65			-5.39202
65.7			-5.46098
65.75			-5.52926
65.8			-5.59677
65.85			-5.66342
65.9			-5.72913
65.95			-5.79381
66			-5.85739
66.05			-5.91976
66.1			-5.98086
66.15			-6.0406
66.2			-6.09889
66.25			-6.15567
66.3			-6.21085
66.35			-6.26437
66.4			-6.31615
66.45			-6.36613
66.5			-6.41426
66.55			-6.46048
66.6			-6.50474
66.65			-6.54699
66.7			-6.58718
66.75			-6.6253
66.8			-6.6613
66.85			-6.69515
66.9			-6.72684
66.95			-6.75635
67			-6.78367
67.05			-6.80879
67.1			-6.8317
67.15			-6.85242
67.2			-6.87093
67.25			-6.88726
67.3			-6.90141
67.35			-6.91341
67.4			-6.92328
67.45			-6.93103
67.5			-6.9367
67.55			-6.94033
67.6			-6.94194
67.65			-6.94157
67.7			-6.93926
67.75			-6.93507
67.8			-6.92903
67.85			-6.9212
67.9			-6.91162
67.95			-6.90035
68			-6.88746
68.05			-6.873
68.1			-6.85703
68.15			-6.83962
68.2			-6.82083
68.25			-6.80074
68.3			-6.77941
68.35			-6.75692
68.4			-6.73335
68.45			-6.70877
68.5			-6.68326
68.55			-6.6569
68.6			-6.62977
68.65			-6.60196
68.7			-6.57354
68.75			-6.54461
68.8			-6.51525
68.85			-6.48554
68.9			-6.45558
68.95			-6.42545
69			-6.39523
69.05			-6.36502
69.1			-6.3349
69.15			-6.30496
69.2			-6.27527
69.25			-6.24594
69.3			-6.21704
69.35			-6.18865
69.4			-6.16085
69.45			-6.13373
69.5			-6.10736
69.55			-6.08181
69.6			-6.05717
69.65			-6.03349
69.7			-6.01086
69.75			-5.98933
69.8			-5.96898
69.85			-5.94985
69.9			-5.93202
69.95			-5.91553
70			-5.90044
70.05			-5.8868
70.1			-5.87465
70.15			-5.86405
70.2			-5.85502
70.25			-5.84761
70.3			-5.84186
70.35			-5.83778
70.4			-5.83541
70.45			-5.83478
70.5			-5.8359
70.55			-5.8388
70.6			-5.84348
70.65			-5.84996
70.7			-5.85824
70.75			-5.86833
70.8			-5.88022
70.85			-5.89392
70.9			-5.90942
70.95			-5.9267
71			-5.94576
71.05			-5.96656
71.1			-5.9891
71.15			-6.01334
71.2			-6.03926
71.25			-6.06682
71.3			-6.09599
71.35			-6.12672
71.4			-6.15898
71.45			-6.19271
71.5			-6.22787
71.55			-6.2644
71.6			-6.30225
71.65			-6.34135
71.7			-6.38164
71.75			-6.42305
71.8			-6.46553
71.85			-6.50899
71.9			-6.55337
71.95			-6.59859
72			-6.64458
72.05			-6.69126
72.1			-6.73855
72.15			-6.78637
72.2			-6.83464
72.25			-6.88329
72.3			-6.93224
72.35			-6.9814
72.4			-7.0307
72.45			-7.08006
72.5			-7.12941
72.55			-7.17866
72.6			-7.22776
72.65			-7.27661
72.7			-7.32516
72.75			-7.37334
72.8			-7.42108
72.85			-7.46831
72.9			-7.51498
72.95			-7.56102
73			-7.60639
73.05			-7.65101
73.1			-7.69485
73.15			-7.73785
73.2			-7.77996
73.25			-7.82114
73.3			-7.86133
73.35			-7.90051
73.4			-7.93863
73.45			-7.97564
73.5			-8.01152
73.55			-8.04622
73.6			-8.07972
73.65			-8.11197
73.7			-8.14295
73.75			-8.17263
73.8			-8.20096
73.85			-8.22793
73.9			-8.2535
73.95			-8.27765
74			-8.30034
74.05			-8.32155
74.1			-8.34126
74.15			-8.35942
74.2			-8.37602
74.25			-8.39102
74.3			-8.4044
74.35			-8.41613
74.4			-8.42619
74.45			-8.43453
74.5			-8.44115
74.55			-8.446
74.6			-8.44905
74.65			-8.45029
74.7			-8.44967
74.75			-8.44717
74.8			-8.44276
74.85			-8.43641
74.9			-8.42809
74.95			-8.41777
75			-8.40542
75.05			-8.391
75.1			-8.37449
75.15			-8.35586
75.2			-8.33508
75.25			-8.31212
75.3			-8.28695
75.35			-8.25954
75.4			-8.22988
75.45			-8.19793
75.5			-8.16366
75.55			-8.12707
75.6			-8.08813
75.65			-8.04681
75.7			-8.00312
75.75			-7.95703
75.8			-7.90854
75.85			-7.85765
75.9			-7.80434
75.95			-7.74864
76			-7.69055
76.05			-7.63009
76.1			-7.56727
76.15			-7.50213
76.2			-7.43471
76.25			-7.36504
76.3			-7.29317
76.35			-7.21917
76.4			-7.1431
76.45			-7.06503
76.5			-6.98506
76.55			-6.90326
76.6			-6.81975
76.65			-6.73462
76.7			-6.648
76.75			-6.56
76.8			-6.47076
76.85			-6.3804
76.9			-6.28907
76.95			-6.1969
77			-6.10404
77.05			-6.01063
77.1			-5.91682
77.15			-5.82274
77.2			-5.72855
77.25			-5.63437
77.3			-5.54033
77.35			-5.44657
77.4			-5.35319
77.45			-5.26032
77.5			-5.16805
77.55			-5.07647
77.6			-4.98568
77.65			-4.89575
77.7			-4.80674
77.75			-4.7187
77.8			-4.6317
77.85			-4.54575
77.9			-4.4609
77.95			-4.37716
78			-4.29455
78.05			-4.21306
78.1			-4.13271
78.15			-4.05347
78.2			-3.97534
78.25			-3.89829
78.3			-3.82231
78.35			-3.74737
78.4			-3.67343
78.45			-3.60047
78.5			-3.52845
78.55			-3.45732
78.6			-3.38706
78.65			-3.31762
78.7			-3.24896
78.75			-3.18105
78.8			-3.11383
78.85			-3.04728
78.9			-2.98136
78.95			-2.91602
79			-2.85123
79.05			-2.78695
79.1			-2.72316
79.15			-2.65982
79.2			-2.5969
79.25			-2.53437
79.3			-2.47221
79.35			-2.4104
79.4			-2.34892
79.45			-2.28775
79.5			-2.22687
79.55			-2.16628
79.6			-2.10597
79.65			-2.04592
79.7			-1.98615
79.75			-1.92664
79.8			-1.86741
79.85			-1.80845
79.9			-1.74979
79.95			-1.69142
80			-1.63337
80.05			-1.57566
80.1			-1.5183
80.15			-1.46132
80.2			-1.40475
80.25			-1.34861
80.3			-1.29294
80.35			-1.23776
80.4			-1.18312
80.45			-1.12905
80.5			-1.07559
80.55			-1.02277
80.6			-0.970645
80.65			-0.919245
80.7			-0.868616
80.75			-0.8188
80.8			-0.769837
80.85			-0.721771
80.9			-0.674641
80.95			-0.628489
81			-0.583353
81.05			-0.539273
81.1			-0.496284
81.15			-0.454421
81.2			-0.413718
81.25			-0.374205
81.3			-0.335912
81.35			-0.298864
81.4			-0.263086
81.45			-0.228598
81.5			-0.195419
81.55			-0.163564
81.6			-0.133046
81.65			-0.103875
81.7			-0.0760567
81.75			-0.0495954
81.8			-0.0244915
81.85			-0.000742377
81.9			0.0216573
81.95			0.0427161
82			0.0624453
82.05			0.0808592
82.1			0.0979748
82.15			0.113812
82.2			0.128394
82.25			0.141744
82.3			0.153891
82.35			0.164865
82.4			0.174699
82.45			0.183425
82.5			0.191082
82.55			0.197708
82.6			0.203342
82.65			0.208029
82.7			0.211811
82.75			0.214733
82.8			0.216844
82.85			0.218191
82.9			0.218823
82.95			0.218792
83			0.218147
83.05			0.216943
83.1			0.215232
83.15			0.213067
83.2			0.210502
83.25			0.207593
83.3			0.204393
83.35			0.200958
83.4			0.197343
83.45			0.193601
83.5			0.189788
83.55			0.185957
83.6			0.182163
83.65			0.178457
83.7			0.174893
83.75			0.171522
83.8			0.168394
83.85			0.165559
83.9			0.163064
83.95			0.160959
84			0.159286
84.05			0.158092
84.1			0.157419
84.15			0.157308
84.2			0.157798
84.25			0.158926
84.3			0.160728
84.35			0.163239
84.4			0.166489
84.45			0.170507
84.5			0.175322
84.55			0.180958
84.6			0.187437
84.65			0.194781
84.7			0.203007
84.75			0.212131
84.8			0.222166
84.85			0.233122
84.9			0.245008
84.95			0.257829
85			0.271588
85.05			0.286285
85.1			0.301919
85.15			0.318485
85.2			0.335976
85.25			0.354382
85.3			0.373692
85.35			0.39389
85.4			0.41496
85.45			0.436884
85.5			0.459638
85.55			0.483201
85.6			0.507546
85.65			0.532646
85.7			0.558471
85.75			0.584989
85.8			0.612167
85.85			0.639971
85.9			0.668363
85.95			0.697306
86			0.72676
86.05			0.756686
86.1			0.787041
86.15			0.817782
86.2			0.848868
86.25			0.880252
86.3			0.91189
86.35			0.943738
86.4			0.975748
86.45			1.00788
86.5			1.04007
86.55			1.07229
86.6			1.10449
86.65			1.13662
86.7			1.16864
86.75			1.20049
86.8			1.23214
86.85			1.26353
86.9			1.29462
86.95			1.32537
87			1.35573
87.05			1.38566
87.1			1.41512
87.15			1.44405
87.2			1.47242
87.25			1.50019
87.3			1.52731
87.35			1.55375
87.4			1.57945
87.45			1.60439
87.5			1.62851
87.55			1.65179
87.6			1.67418
87.65			1.69564
87.7			1.71613
87.75			1.73562
87.8			1.75407
87.85			1.77143
87.9			1.78767
87.95			1.80275
88			1.81664
88.05			1.82929
88.1			1.84067
88.15			1.85073
88.2			1.85945
88.25			1.86678
88.3			1.87269
88.35			1.87714
88.4			1.88008
88.45			1.88149
88.5			1.88132
88.55			1.87954
88.6			1.8761
88.65			1.87098
88.7			1.86412
88.75			1.85551
88.8			1.84509
88.85			1.83284
88.9			1.81871
88.95			1.80267
89			1.78469
89.05			1.76474
89.1			1.74277
89.15			1.71876
89.2			1.69267
89.25			1.66449
89.3			1.63418
89.35			1.60172
89.4			1.56708
89.45			1.53024
89.5			1.49119
89.55			1.44992
89.6			1.4064
89.65			1.36065
89.7			1.31264
89.75			1.26239
89.8			1.20991
89.85			1.15519
89.9			1.09827
89.95			1.03916
90			0.977901
90.05			0.914519
90.1			0.849061
90.15			0.781576
90.2			0.712122
90.25			0.640762
90.3			0.567567
90.35			0.492615
90.4			0.415992
90.45			0.337787
90.5			0.258099
90.55			0.177031
90.6			0.0946896
90.65			0.0111877
90.7			-0.0733588
90.75			-0.158832
90.8			-0.24511
90.85			-0.332074
90.9			-0.419601
90.95			-0.507571
91			-0.595868
91.05			-0.684376
91.1			-0.772984
91.15			-0.861587
91.2			-0.950083
91.25			-1.03838
91.3			-1.12639
91.35			-1.21403
91.4			-1.30124
91.45			-1.38794
91.5			-1.47409
91.55			-1.55963
91.6			-1.64452
91.65			-1.72875
91.7			-1.81227
91.75			-1.89508
91.8			-1.97718
91.85			-2.05855
91.9			-2.13921
91.95			-2.21916
92			-2.29842
92.05			-2.37703
92.1			-2.45499
92.15			-2.53235
92.2			-2.60913
92.25			-2.68538
92.3			-2.76113
92.35			-2.83643
92.4			-2.91132
92.45			-2.98584
92.5			-3.06004
92.55			-3.13397
92.6			-3.20766
92.65			-3.28117
92.7			-3.35454
92.75			-3.42781
92.8			-3.50101
92.85			-3.5742
92.9			-3.6474
92.95			-3.72065
93			-3.79398
93.05			-3.86741
93.1			-3.94097
93.15			-4.01468
93.2			-4.08854
93.25			-4.16258
93.3			-4.2368
93.35			-4.31119
93.4			-4.38576
93.45			-4.46048
93.5			-4.53535
93.55			-4.61034
93.6			-4.68542
93.65			-4.76056
93.7			-4.83571
93.75			-4.91083
93.8			-4.98588
93.85			-5.06078
93.9			-5.13548
93.95			-5.2099
94			-5.28399
94.05			-5.35764
94.1			-5.4308
94.15			-5.50336
94.2			-5.57524
94.25			-5.64636
94.3			-5.71661
94.35			-5.78591
94.4			-5.85415
94.45			-5.92125
94.5			-5.98711
94.55			-6.05163
94.6			-6.11474
94.65			-6.17633
94.7			-6.23633
94.75			-6.29464
94.8			-6.3512
94.85			-6.40592
94.9			-6.45874
94.95			-6.50959
95			-6.55841
95.05			-6.60515
95.1			-6.64975
95.15			-6.69217
95.2			-6.73236
95.25			-6.77031
95.3			-6.80597
95.35			-6.83932
95.4			-6.87034
95.45			-6.89901
95.5			-6.92534
95.55			-6.94931
95.6			-6.97092
95.65			-6.99018
95.7			-7.00709
95.75			-7.02166
95.8			-7.03392
95.85			-7.04388
95.9			-7.05157
95.95			-7.05701
96			-7.06023
96.05			-7.06127
96.1			-7.06017
96.15			-7.05695
96.2			-7.05168
96.25			-7.04438
96.3			-7.03512
96.35			-7.02393
96.4			-7.01089
96.45			-6.99603
96.5			-6.97943
96.55			-6.96115
96.6			-6.94124
96.65			-6.91978
96.7			-6.89684
96.75			-6.87248
96.8			-6.84679
96.85			-6.81984
96.9			-6.7917
96.95			-6.76246
97			-6.73221
97.05			-6.70102
97.1			-6.66898
97.15			-6.63618
97.2			-6.60271
97.25			-6.56866
97.3			-6.53412
97.35			-6.49918
97.4			-6.46394
97.45			-6.42849
97.5			-6.39292
97.55			-6.35733
97.6			-6.32181
97.65			-6.28645
97.7			-6.25135
97.75			-6.21659
97.8			-6.18228
97.85			-6.14849
97.9			-6.11531
97.95			-6.08284
98			-6.05115
98.05			-6.02033
98.1			-5.99045
98.15			-5.9616
98.2			-5.93386
98.25			-5.90728
98.3			-5.88194
98.35			-5.85792
98.4			-5.83526
98.45			-5.81404
98.5			-5.79431
98.55			-5.77613
98.6			-5.75955
98.65			-5.74461
98.7			-5.73136
98.75			-5.71985
98.8			-5.71011
98.85			-5.70218
98.9			-5.69608
98.95			-5.69186
99			-5.68953
99.05			-5.68911
99.1			-5.69063
99.15			-5.69409
99.2			-5.69952
99.25			-5.70691
99.3			-5.71628
99.35			-5.72762
99.4			-5.74093
99.45			-5.75621
99.5			-5.77344
99.55			-5.79261
99.6			-5.8137
99.65			-5.8367
99.7			-5.86158
99.75			-5.8883
99.8			-5.91684
99.85			-5.94715
99.9			-5.97921
99.95			-6.01295
