0.001	3.30941e-15	9.60375e-15	
0.002	9.96688e-15	2.10624e-14	
0.003	2.00326e-14	3.55042e-14	
0.004	3.33872e-14	5.2842e-14	
0.005	5.00092e-14	7.33052e-14	
0.006	6.99535e-14	9.62058e-14	
0.007	9.32816e-14	1.23014e-13	
0.008	1.19903e-13	1.52213e-13	
0.009	1.49768e-13	1.84201e-13	
0.01	1.82795e-13	2.18324e-13	
0.011	2.19226e-13	2.56027e-13	
0.012	2.5888e-13	2.96214e-13	
0.013	3.01835e-13	3.39432e-13	
0.014	3.48029e-13	3.85672e-13	
0.015	3.97504e-13	4.3471e-13	
0.016	4.50061e-13	4.85869e-13	
0.017	5.05795e-13	5.40202e-13	
0.018	5.64685e-13	5.97259e-13	
0.019	6.2672e-13	6.57192e-13	
0.02	6.91802e-13	7.19503e-13	
0.021	7.59972e-13	7.84648e-13	
0.022	8.31376e-13	8.52688e-13	
0.023	9.06011e-13	9.24078e-13	
0.024	9.83808e-13	9.98721e-13	
0.025	1.06485e-12	1.07666e-12	
0.026	1.14903e-12	1.15735e-12	
0.027	1.23626e-12	1.24059e-12	
0.028	1.32653e-12	1.32616e-12	
0.029	1.4199e-12	1.41494e-12	
0.03	1.51628e-12	1.50605e-12	
0.031	1.61555e-12	1.59916e-12	
0.032	1.71784e-12	1.69475e-12	
0.033	1.82314e-12	1.7932e-12	
0.034	1.93148e-12	1.89439e-12	
0.035	2.04278e-12	1.99837e-12	
0.036	2.15711e-12	2.10484e-12	
0.037	2.27435e-12	2.21357e-12	
0.038	2.39445e-12	2.32516e-12	
0.039	2.51735e-12	2.4387e-12	
0.04	2.64318e-12	2.55515e-12	
0.041	2.77159e-12	2.67341e-12	
0.042	2.90278e-12	2.79404e-12	
0.043	3.03673e-12	2.91634e-12	
0.044	3.17359e-12	3.04098e-12	
0.045	3.31316e-12	3.1679e-12	
0.046	3.45591e-12	3.29791e-12	
0.047	3.60152e-12	3.43034e-12	
0.048	3.74992e-12	3.5651e-12	
0.049	3.90119e-12	3.70229e-12	
0.05	4.05519e-12	3.8417e-12	
0.051	4.21191e-12	3.98336e-12	
0.052	4.37142e-12	4.12748e-12	
0.053	4.53372e-12	4.27383e-12	
0.054	4.69882e-12	4.42245e-12	
0.055	4.86669e-12	4.57348e-12	
0.056	5.03737e-12	4.72717e-12	
0.057	5.21085e-12	4.88324e-12	
0.058	5.387e-12	5.04171e-12	
0.059	5.56588e-12	5.20271e-12	
0.06	5.7475e-12	5.36615e-12	
0.061	5.9319e-12	5.5322e-12	
0.062	6.11895e-12	5.70049e-12	
0.063	6.30845e-12	5.87085e-12	
0.064	6.5009e-12	6.04362e-12	
0.065	6.69601e-12	6.21872e-12	
0.066	6.89381e-12	6.39628e-12	
0.067	7.09435e-12	6.57598e-12	
0.068	7.29773e-12	6.75802e-12	
0.069	7.50365e-12	6.94269e-12	
0.07	7.71231e-12	7.13e-12	
0.071	7.92404e-12	7.31981e-12	
0.072	8.13876e-12	7.51289e-12	
0.073	8.35576e-12	7.708e-12	
0.074	8.57554e-12	7.90599e-12	
0.075	8.79801e-12	8.10665e-12	
0.076	9.02311e-12	8.30919e-12	
0.077	9.25088e-12	8.51411e-12	
0.078	9.48128e-12	8.72118e-12	
0.079	9.71451e-12	8.93096e-12	
0.08	9.95031e-12	9.1429e-12	
0.081	1.01887e-11	9.35717e-12	
0.082	1.04297e-11	9.57431e-12	
0.083	1.06736e-11	9.79392e-12	
0.084	1.09199e-11	1.00155e-11	
0.085	1.11686e-11	1.02394e-11	
0.086	1.14197e-11	1.04652e-11	
0.087	1.16734e-11	1.06935e-11	
0.088	1.19298e-11	1.09247e-11	
0.089	1.21892e-11	1.11589e-11	
0.09	1.2451e-11	1.13959e-11	
0.091	1.27154e-11	1.16357e-11	
0.092	1.29822e-11	1.1878e-11	
0.093	1.32517e-11	1.21231e-11	
0.094	1.35236e-11	1.23704e-11	
0.095	1.3798e-11	1.262e-11	
0.096	1.40748e-11	1.28718e-11	
0.097	1.43541e-11	1.31258e-11	
0.098	1.46356e-11	1.3382e-11	
0.099	1.49195e-11	1.36399e-11	
0.1	1.52062e-11	1.39007e-11	
0.101	1.54951e-11	1.41634e-11	
0.102	1.57862e-11	1.44281e-11	
0.103	1.60798e-11	1.46954e-11	
0.104	1.63758e-11	1.49647e-11	
0.105	1.66741e-11	1.52365e-11	
0.106	1.69746e-11	1.55101e-11	
0.107	1.72777e-11	1.5786e-11	
0.108	1.75832e-11	1.60645e-11	
0.109	1.78909e-11	1.63452e-11	
0.11	1.82006e-11	1.66284e-11	
0.111	1.85128e-11	1.69141e-11	
0.112	1.88283e-11	1.72027e-11	
0.113	1.91461e-11	1.74931e-11	
0.114	1.94662e-11	1.77861e-11	
0.115	1.97888e-11	1.80816e-11	
0.116	2.01137e-11	1.83793e-11	
0.117	2.04406e-11	1.86789e-11	
0.118	2.07697e-11	1.89804e-11	
0.119	2.1101e-11	1.92841e-11	
0.12	2.14346e-11	1.95901e-11	
0.121	2.17704e-11	1.98979e-11	
0.122	2.21088e-11	2.02086e-11	
0.123	2.24496e-11	2.05213e-11	
0.124	2.27927e-11	2.08364e-11	
0.125	2.31381e-11	2.11536e-11	
0.126	2.34856e-11	2.1473e-11	
0.127	2.38354e-11	2.17942e-11	
0.128	2.41875e-11	2.21179e-11	
0.129	2.45419e-11	2.24437e-11	
0.13	2.48992e-11	2.27724e-11	
0.131	2.52579e-11	2.31026e-11	
0.132	2.56187e-11	2.34348e-11	
0.133	2.59815e-11	2.37688e-11	
0.134	2.63471e-11	2.41056e-11	
0.135	2.6715e-11	2.44448e-11	
0.136	2.7085e-11	2.47862e-11	
0.137	2.74573e-11	2.51297e-11	
0.138	2.78316e-11	2.54753e-11	
0.139	2.82076e-11	2.58224e-11	
0.14	2.85857e-11	2.61716e-11	
0.141	2.89658e-11	2.65227e-11	
0.142	2.93483e-11	2.68769e-11	
0.143	2.97325e-11	2.72327e-11	
0.144	3.01194e-11	2.75915e-11	
0.145	3.05086e-11	2.79521e-11	
0.146	3.09e-11	2.83153e-11	
0.147	3.12935e-11	2.86809e-11	
0.148	3.16891e-11	2.90487e-11	
0.149	3.20864e-11	2.94179e-11	
0.15	3.24858e-11	2.9789e-11	
0.151	3.28869e-11	3.01615e-11	
0.152	3.32898e-11	3.05351e-11	
0.153	3.36948e-11	3.09111e-11	
0.154	3.41019e-11	3.12896e-11	
0.155	3.4511e-11	3.16698e-11	
0.156	3.49228e-11	3.2053e-11	
0.157	3.5337e-11	3.24383e-11	
0.158	3.57538e-11	3.28263e-11	
0.159	3.61726e-11	3.32167e-11	
0.16	3.65937e-11	3.36094e-11	
0.161	3.70169e-11	3.4004e-11	
0.162	3.74424e-11	3.44006e-11	
0.163	3.78703e-11	3.47997e-11	
0.164	3.82998e-11	3.52002e-11	
0.165	3.87314e-11	3.56025e-11	
0.166	3.91655e-11	3.60075e-11	
0.167	3.96021e-11	3.64147e-11	
0.168	4.00409e-11	3.68238e-11	
0.169	4.04818e-11	3.72355e-11	
0.17	4.09249e-11	3.76492e-11	
0.171	4.13699e-11	3.80646e-11	
0.172	4.18158e-11	3.84809e-11	
0.173	4.22633e-11	3.88987e-11	
0.174	4.27129e-11	3.9318e-11	
0.175	4.31646e-11	3.97395e-11	
0.176	4.36184e-11	4.01629e-11	
0.177	4.40739e-11	4.0588e-11	
0.178	4.45314e-11	4.10152e-11	
0.179	4.49908e-11	4.14442e-11	
0.18	4.54523e-11	4.18755e-11	
0.181	4.59165e-11	4.23095e-11	
0.182	4.63827e-11	4.27457e-11	
0.183	4.68507e-11	4.31834e-11	
0.184	4.73207e-11	4.36229e-11	
0.185	4.77926e-11	4.40644e-11	
0.186	4.82665e-11	4.45074e-11	
0.187	4.87423e-11	4.49524e-11	
0.188	4.92204e-11	4.53995e-11	
0.189	4.97006e-11	4.58484e-11	
0.19	5.01827e-11	4.62993e-11	
0.191	5.06668e-11	4.67521e-11	
0.192	5.11527e-11	4.72068e-11	
0.193	5.16409e-11	4.76643e-11	
0.194	5.2131e-11	4.81237e-11	
0.195	5.26226e-11	4.85845e-11	
0.196	5.31159e-11	4.90466e-11	
0.197	5.36101e-11	4.95098e-11	
0.198	5.41063e-11	4.9975e-11	
0.199	5.46036e-11	5.04418e-11	
0.2	5.51025e-11	5.09104e-11	
0.201	5.56031e-11	5.13804e-11	
0.202	5.61056e-11	5.18522e-11	
0.203	5.66101e-11	5.23257e-11	
0.204	5.71162e-11	5.28011e-11	
0.205	5.7624e-11	5.32781e-11	
0.206	5.81337e-11	5.37572e-11	
0.207	5.86445e-11	5.42374e-11	
0.208	5.91564e-11	5.47186e-11	
0.209	5.96703e-11	5.52014e-11	
0.21	6.01861e-11	5.56863e-11	
0.211	6.07037e-11	5.61732e-11	
0.212	6.12232e-11	5.66618e-11	
0.213	6.17442e-11	5.71519e-11	
0.214	6.2267e-11	5.76437e-11	
0.215	6.27917e-11	5.81372e-11	
0.216	6.33185e-11	5.86328e-11	
0.217	6.3847e-11	5.91302e-11	
0.218	6.43775e-11	5.96296e-11	
0.219	6.491e-11	6.01308e-11	
0.22	6.54443e-11	6.0634e-11	
0.221	6.59803e-11	6.11389e-11	
0.222	6.65185e-11	6.1646e-11	
0.223	6.70583e-11	6.21547e-11	
0.224	6.75999e-11	6.26655e-11	
0.225	6.81436e-11	6.31783e-11	
0.226	6.8689e-11	6.36928e-11	
0.227	6.92364e-11	6.42094e-11	
0.228	6.97855e-11	6.47278e-11	
0.229	7.03361e-11	6.52479e-11	
0.23	7.08886e-11	6.57698e-11	
0.231	7.14428e-11	6.62934e-11	
0.232	7.19984e-11	6.68183e-11	
0.233	7.25558e-11	6.73452e-11	
0.234	7.3115e-11	6.78739e-11	
0.235	7.36757e-11	6.84039e-11	
0.236	7.42379e-11	6.89354e-11	
0.237	7.4802e-11	6.94692e-11	
0.238	7.53672e-11	7.00042e-11	
0.239	7.5934e-11	7.05411e-11	
0.24	7.65023e-11	7.10797e-11	
0.241	7.70722e-11	7.16196e-11	
0.242	7.76432e-11	7.21605e-11	
0.243	7.82157e-11	7.27028e-11	
0.244	7.87897e-11	7.32465e-11	
0.245	7.9365e-11	7.37918e-11	
0.246	7.9942e-11	7.43389e-11	
0.247	8.05206e-11	7.48877e-11	
0.248	8.1101e-11	7.54382e-11	
0.249	8.16832e-11	7.59907e-11	
0.25	8.22669e-11	7.65448e-11	
0.251	8.28519e-11	7.71003e-11	
0.252	8.34385e-11	7.76575e-11	
0.253	8.40265e-11	7.82162e-11	
0.254	8.46156e-11	7.87758e-11	
0.255	8.52063e-11	7.93369e-11	
0.256	8.57983e-11	7.9899e-11	
0.257	8.63916e-11	8.04624e-11	
0.258	8.69869e-11	8.10276e-11	
0.259	8.75837e-11	8.1594e-11	
0.26	8.81821e-11	8.21619e-11	
0.261	8.87818e-11	8.27315e-11	
0.262	8.93828e-11	8.33024e-11	
0.263	8.99856e-11	8.38749e-11	
0.264	9.05901e-11	8.44489e-11	
0.265	9.11963e-11	8.50244e-11	
0.266	9.18035e-11	8.56013e-11	
0.267	9.24121e-11	8.61795e-11	
0.268	9.30217e-11	8.67586e-11	
0.269	9.36327e-11	8.73389e-11	
0.27	9.42452e-11	8.79203e-11	
0.271	9.48584e-11	8.85026e-11	
0.272	9.54738e-11	8.90868e-11	
0.273	9.60908e-11	8.96724e-11	
0.274	9.67102e-11	9.02604e-11	
0.275	9.73316e-11	9.085e-11	
0.276	9.79543e-11	9.14411e-11	
0.277	9.85778e-11	9.20333e-11	
0.278	9.92024e-11	9.26263e-11	
0.279	9.98286e-11	9.32209e-11	
0.28	1.00456e-10	9.38167e-11	
0.281	1.01086e-10	9.4414e-11	
0.282	1.01717e-10	9.50129e-11	
0.283	1.02349e-10	9.56136e-11	
0.284	1.02984e-10	9.62158e-11	
0.285	1.03619e-10	9.68188e-11	
0.286	1.04255e-10	9.74223e-11	
0.287	1.04892e-10	9.80274e-11	
0.288	1.0553e-10	9.86336e-11	
0.289	1.06169e-10	9.92412e-11	
0.29	1.0681e-10	9.98498e-11	
0.291	1.07452e-10	1.0046e-10	
0.292	1.08096e-10	1.01072e-10	
0.293	1.08742e-10	1.01685e-10	
0.294	1.09389e-10	1.02299e-10	
0.295	1.10038e-10	1.02916e-10	
0.296	1.10687e-10	1.03533e-10	
0.297	1.11339e-10	1.04152e-10	
0.298	1.11992e-10	1.04773e-10	
0.299	1.12646e-10	1.05395e-10	
0.3	1.13301e-10	1.06018e-10	
0.301	1.13958e-10	1.06642e-10	
0.302	1.14617e-10	1.07269e-10	
0.303	1.15277e-10	1.07897e-10	
0.304	1.15938e-10	1.08526e-10	
0.305	1.16601e-10	1.09156e-10	
0.306	1.17264e-10	1.09788e-10	
0.307	1.17929e-10	1.1042e-10	
0.308	1.18595e-10	1.11055e-10	
0.309	1.19264e-10	1.11691e-10	
0.31	1.19933e-10	1.12328e-10	
0.311	1.20603e-10	1.12967e-10	
0.312	1.21273e-10	1.13606e-10	
0.313	1.21945e-10	1.14246e-10	
0.314	1.22619e-10	1.14888e-10	
0.315	1.23294e-10	1.15531e-10	
0.316	1.2397e-10	1.16175e-10	
0.317	1.24647e-10	1.16821e-10	
0.318	1.25326e-10	1.17468e-10	
0.319	1.26006e-10	1.18116e-10	
0.32	1.26686e-10	1.18765e-10	
0.321	1.27367e-10	1.19415e-10	
0.322	1.2805e-10	1.20066e-10	
0.323	1.28735e-10	1.20719e-10	
0.324	1.2942e-10	1.21372e-10	
0.325	1.30106e-10	1.22026e-10	
0.326	1.30793e-10	1.22682e-10	
0.327	1.31482e-10	1.23338e-10	
0.328	1.32172e-10	1.23996e-10	
0.329	1.32863e-10	1.24655e-10	
0.33	1.33555e-10	1.25315e-10	
0.331	1.34248e-10	1.25976e-10	
0.332	1.34942e-10	1.26639e-10	
0.333	1.35638e-10	1.27302e-10	
0.334	1.36333e-10	1.27967e-10	
0.335	1.37031e-10	1.28633e-10	
0.336	1.37729e-10	1.293e-10	
0.337	1.38429e-10	1.29969e-10	
0.338	1.39129e-10	1.30637e-10	
0.339	1.39831e-10	1.31308e-10	
0.34	1.40533e-10	1.3198e-10	
0.341	1.41236e-10	1.32651e-10	
0.342	1.4194e-10	1.33325e-10	
0.343	1.42645e-10	1.33999e-10	
0.344	1.43352e-10	1.34674e-10	
0.345	1.44059e-10	1.35351e-10	
0.346	1.44768e-10	1.36028e-10	
0.347	1.45477e-10	1.36707e-10	
0.348	1.46188e-10	1.37388e-10	
0.349	1.469e-10	1.38069e-10	
0.35	1.47613e-10	1.38751e-10	
0.351	1.48326e-10	1.39433e-10	
0.352	1.49041e-10	1.40117e-10	
0.353	1.49757e-10	1.40802e-10	
0.354	1.50473e-10	1.41489e-10	
0.355	1.51191e-10	1.42175e-10	
0.356	1.5191e-10	1.42864e-10	
0.357	1.52631e-10	1.43553e-10	
0.358	1.53352e-10	1.44244e-10	
0.359	1.54074e-10	1.44935e-10	
0.36	1.54798e-10	1.45629e-10	
0.361	1.55525e-10	1.46324e-10	
0.362	1.56253e-10	1.4702e-10	
0.363	1.56982e-10	1.47718e-10	
0.364	1.57713e-10	1.48417e-10	
0.365	1.58445e-10	1.49117e-10	
0.366	1.59178e-10	1.49818e-10	
0.367	1.59911e-10	1.50519e-10	
0.368	1.60646e-10	1.51222e-10	
0.369	1.61382e-10	1.51926e-10	
0.37	1.62119e-10	1.52632e-10	
0.371	1.62855e-10	1.53337e-10	
0.372	1.63593e-10	1.54043e-10	
0.373	1.64333e-10	1.54751e-10	
0.374	1.65073e-10	1.55459e-10	
0.375	1.65813e-10	1.56168e-10	
0.376	1.66556e-10	1.56879e-10	
0.377	1.67299e-10	1.5759e-10	
0.378	1.68044e-10	1.58303e-10	
0.379	1.68791e-10	1.59017e-10	
0.38	1.69539e-10	1.59732e-10	
0.381	1.70289e-10	1.60449e-10	
0.382	1.71039e-10	1.61167e-10	
0.383	1.71791e-10	1.61885e-10	
0.384	1.72544e-10	1.62605e-10	
0.385	1.73298e-10	1.63325e-10	
0.386	1.74054e-10	1.64047e-10	
0.387	1.7481e-10	1.6477e-10	
0.388	1.75568e-10	1.65494e-10	
0.389	1.76326e-10	1.66219e-10	
0.39	1.77087e-10	1.66946e-10	
0.391	1.77849e-10	1.67674e-10	
0.392	1.78613e-10	1.68404e-10	
0.393	1.79377e-10	1.69134e-10	
0.394	1.80142e-10	1.69865e-10	
0.395	1.80909e-10	1.70598e-10	
0.396	1.81677e-10	1.71332e-10	
0.397	1.82446e-10	1.72067e-10	
0.398	1.83216e-10	1.72803e-10	
0.399	1.83987e-10	1.73539e-10	
0.4	1.84758e-10	1.74276e-10	
0.401	1.85531e-10	1.75015e-10	
0.402	1.86305e-10	1.75754e-10	
0.403	1.8708e-10	1.76495e-10	
0.404	1.87856e-10	1.77236e-10	
0.405	1.88633e-10	1.77979e-10	
0.406	1.89411e-10	1.78723e-10	
0.407	1.90189e-10	1.79467e-10	
0.408	1.90969e-10	1.80213e-10	
0.409	1.91751e-10	1.80961e-10	
0.41	1.92537e-10	1.81711e-10	
0.411	1.93324e-10	1.82463e-10	
0.412	1.94112e-10	1.83216e-10	
0.413	1.94902e-10	1.8397e-10	
0.414	1.95693e-10	1.84726e-10	
0.415	1.96486e-10	1.85483e-10	
0.416	1.9728e-10	1.86241e-10	
0.417	1.98075e-10	1.87001e-10	
0.418	1.98872e-10	1.87762e-10	
0.419	1.9967e-10	1.88524e-10	
0.42	2.00469e-10	1.89287e-10	
0.421	2.01269e-10	1.90052e-10	
0.422	2.0207e-10	1.90817e-10	
0.423	2.02872e-10	1.91584e-10	
0.424	2.03676e-10	1.92352e-10	
0.425	2.04482e-10	1.93122e-10	
0.426	2.05289e-10	1.93893e-10	
0.427	2.06097e-10	1.94666e-10	
0.428	2.06907e-10	1.9544e-10	
0.429	2.07718e-10	1.96216e-10	
0.43	2.08531e-10	1.96993e-10	
0.431	2.09345e-10	1.97772e-10	
0.432	2.10159e-10	1.98551e-10	
0.433	2.10976e-10	1.99332e-10	
0.434	2.11793e-10	2.00113e-10	
0.435	2.12611e-10	2.00895e-10	
0.436	2.1343e-10	2.01679e-10	
0.437	2.1425e-10	2.02463e-10	
0.438	2.15072e-10	2.03249e-10	
0.439	2.15894e-10	2.04035e-10	
0.44	2.16717e-10	2.04822e-10	
0.441	2.17541e-10	2.05609e-10	
0.442	2.18366e-10	2.06398e-10	
0.443	2.19191e-10	2.07187e-10	
0.444	2.20018e-10	2.07978e-10	
0.445	2.20846e-10	2.0877e-10	
0.446	2.21675e-10	2.09562e-10	
0.447	2.22503e-10	2.10354e-10	
0.448	2.23332e-10	2.11146e-10	
0.449	2.24161e-10	2.1194e-10	
0.45	2.24992e-10	2.12734e-10	
0.451	2.25823e-10	2.13529e-10	
0.452	2.26656e-10	2.14325e-10	
0.453	2.2749e-10	2.15122e-10	
0.454	2.28324e-10	2.1592e-10	
0.455	2.2916e-10	2.1672e-10	
0.456	2.29998e-10	2.1752e-10	
0.457	2.30835e-10	2.1832e-10	
0.458	2.31673e-10	2.19121e-10	
0.459	2.32511e-10	2.19923e-10	
0.46	2.33351e-10	2.20726e-10	
0.461	2.34192e-10	2.21529e-10	
0.462	2.35033e-10	2.22332e-10	
0.463	2.35875e-10	2.23137e-10	
0.464	2.36718e-10	2.23942e-10	
0.465	2.37563e-10	2.24749e-10	
0.466	2.38409e-10	2.25557e-10	
0.467	2.39255e-10	2.26366e-10	
0.468	2.40102e-10	2.27174e-10	
0.469	2.40951e-10	2.27984e-10	
0.47	2.41799e-10	2.28794e-10	
0.471	2.42649e-10	2.29605e-10	
0.472	2.43501e-10	2.30417e-10	
0.473	2.44353e-10	2.3123e-10	
0.474	2.45207e-10	2.32044e-10	
0.475	2.46062e-10	2.32859e-10	
0.476	2.46917e-10	2.33676e-10	
0.477	2.47774e-10	2.34492e-10	
0.478	2.48632e-10	2.3531e-10	
0.479	2.4949e-10	2.36128e-10	
0.48	2.50349e-10	2.36947e-10	
0.481	2.51209e-10	2.37767e-10	
0.482	2.52069e-10	2.38587e-10	
0.483	2.52931e-10	2.39408e-10	
0.484	2.53793e-10	2.40229e-10	
0.485	2.54656e-10	2.41052e-10	
0.486	2.55521e-10	2.41876e-10	
0.487	2.56386e-10	2.427e-10	
0.488	2.57252e-10	2.43526e-10	
0.489	2.58118e-10	2.44351e-10	
0.49	2.58985e-10	2.45176e-10	
0.491	2.59852e-10	2.46003e-10	
0.492	2.6072e-10	2.4683e-10	
0.493	2.61589e-10	2.47657e-10	
0.494	2.62458e-10	2.48485e-10	
0.495	2.63328e-10	2.49313e-10	
0.496	2.64199e-10	2.50142e-10	
0.497	2.6507e-10	2.50972e-10	
0.498	2.65942e-10	2.51802e-10	
0.499	2.66815e-10	2.52633e-10	
0.5	2.67689e-10	2.53465e-10	
0.501	2.68564e-10	2.54297e-10	
0.502	2.69439e-10	2.5513e-10	
0.503	2.70316e-10	2.55964e-10	
0.504	2.71195e-10	2.568e-10	
0.505	2.72074e-10	2.57636e-10	
0.506	2.72954e-10	2.58472e-10	
0.507	2.73834e-10	2.59309e-10	
0.508	2.74715e-10	2.60147e-10	
0.509	2.75597e-10	2.60985e-10	
0.51	2.7648e-10	2.61825e-10	
0.511	2.77365e-10	2.62665e-10	
0.512	2.78249e-10	2.63506e-10	
0.513	2.79135e-10	2.64347e-10	
0.514	2.80022e-10	2.6519e-10	
0.515	2.8091e-10	2.66033e-10	
0.516	2.81799e-10	2.66878e-10	
0.517	2.82688e-10	2.67722e-10	
0.518	2.83578e-10	2.68567e-10	
0.519	2.84469e-10	2.69413e-10	
0.52	2.8536e-10	2.70259e-10	
0.521	2.86252e-10	2.71106e-10	
0.522	2.87144e-10	2.71953e-10	
0.523	2.88037e-10	2.728e-10	
0.524	2.8893e-10	2.73649e-10	
0.525	2.89825e-10	2.74498e-10	
0.526	2.90721e-10	2.75349e-10	
0.527	2.91619e-10	2.76201e-10	
0.528	2.92517e-10	2.77054e-10	
0.529	2.93416e-10	2.77906e-10	
0.53	2.94316e-10	2.7876e-10	
0.531	2.95216e-10	2.79614e-10	
0.532	2.96116e-10	2.80469e-10	
0.533	2.97018e-10	2.81324e-10	
0.534	2.9792e-10	2.8218e-10	
0.535	2.98824e-10	2.83038e-10	
0.536	2.99729e-10	2.83897e-10	
0.537	3.00635e-10	2.84756e-10	
0.538	3.01542e-10	2.85617e-10	
0.539	3.0245e-10	2.86478e-10	
0.54	3.03359e-10	2.8734e-10	
0.541	3.04269e-10	2.88203e-10	
0.542	3.05181e-10	2.89068e-10	
0.543	3.06094e-10	2.89933e-10	
0.544	3.07008e-10	2.90799e-10	
0.545	3.07922e-10	2.91666e-10	
0.546	3.08836e-10	2.92533e-10	
0.547	3.09752e-10	2.93401e-10	
0.548	3.10668e-10	2.94269e-10	
0.549	3.11585e-10	2.95138e-10	
0.55	3.12502e-10	2.96007e-10	
0.551	3.1342e-10	2.96878e-10	
0.552	3.14339e-10	2.97749e-10	
0.553	3.15259e-10	2.98621e-10	
0.554	3.16179e-10	2.99493e-10	
0.555	3.171e-10	3.00366e-10	
0.556	3.18021e-10	3.0124e-10	
0.557	3.18944e-10	3.02115e-10	
0.558	3.19869e-10	3.02991e-10	
0.559	3.20793e-10	3.03868e-10	
0.56	3.2172e-10	3.04746e-10	
0.561	3.22647e-10	3.05624e-10	
0.562	3.23576e-10	3.06505e-10	
0.563	3.24507e-10	3.07386e-10	
0.564	3.25437e-10	3.08267e-10	
0.565	3.26369e-10	3.09149e-10	
0.566	3.27303e-10	3.10032e-10	
0.567	3.28237e-10	3.10916e-10	
0.568	3.29172e-10	3.11801e-10	
0.569	3.30108e-10	3.12687e-10	
0.57	3.31045e-10	3.13573e-10	
0.571	3.31983e-10	3.14461e-10	
0.572	3.32922e-10	3.15349e-10	
0.573	3.33861e-10	3.16237e-10	
0.574	3.348e-10	3.17126e-10	
0.575	3.3574e-10	3.18016e-10	
0.576	3.36681e-10	3.18906e-10	
0.577	3.37623e-10	3.19797e-10	
0.578	3.38564e-10	3.20688e-10	
0.579	3.39507e-10	3.21579e-10	
0.58	3.4045e-10	3.22472e-10	
0.581	3.41395e-10	3.23365e-10	
0.582	3.4234e-10	3.24259e-10	
0.583	3.43287e-10	3.25154e-10	
0.584	3.44234e-10	3.2605e-10	
0.585	3.45182e-10	3.26946e-10	
0.586	3.46131e-10	3.27843e-10	
0.587	3.47079e-10	3.28739e-10	
0.588	3.48029e-10	3.29637e-10	
0.589	3.4898e-10	3.30535e-10	
0.59	3.49931e-10	3.31434e-10	
0.591	3.50884e-10	3.32334e-10	
0.592	3.51837e-10	3.33235e-10	
0.593	3.52791e-10	3.34136e-10	
0.594	3.53746e-10	3.35037e-10	
0.595	3.54701e-10	3.3594e-10	
0.596	3.55658e-10	3.36843e-10	
0.597	3.56614e-10	3.37747e-10	
0.598	3.57571e-10	3.38651e-10	
0.599	3.5853e-10	3.39556e-10	
0.6	3.59489e-10	3.40462e-10	
0.601	3.60449e-10	3.41368e-10	
0.602	3.6141e-10	3.42274e-10	
0.603	3.62371e-10	3.43181e-10	
0.604	3.63334e-10	3.4409e-10	
0.605	3.64298e-10	3.44999e-10	
0.606	3.65263e-10	3.45909e-10	
0.607	3.66229e-10	3.4682e-10	
0.608	3.67196e-10	3.47732e-10	
0.609	3.68163e-10	3.48644e-10	
0.61	3.69132e-10	3.49557e-10	
0.611	3.70101e-10	3.5047e-10	
0.612	3.71071e-10	3.51385e-10	
0.613	3.72042e-10	3.523e-10	
0.614	3.73014e-10	3.53216e-10	
0.615	3.73988e-10	3.54133e-10	
0.616	3.74963e-10	3.5505e-10	
0.617	3.75938e-10	3.55968e-10	
0.618	3.76914e-10	3.56887e-10	
0.619	3.77888e-10	3.57804e-10	
0.62	3.78863e-10	3.58723e-10	
0.621	3.79839e-10	3.59641e-10	
0.622	3.80815e-10	3.60561e-10	
0.623	3.81793e-10	3.61481e-10	
0.624	3.82771e-10	3.62401e-10	
0.625	3.83749e-10	3.63322e-10	
0.626	3.84728e-10	3.64243e-10	
0.627	3.85707e-10	3.65165e-10	
0.628	3.86687e-10	3.66088e-10	
0.629	3.87669e-10	3.67012e-10	
0.63	3.8865e-10	3.67936e-10	
0.631	3.89632e-10	3.6886e-10	
0.632	3.90614e-10	3.69784e-10	
0.633	3.91597e-10	3.70709e-10	
0.634	3.92581e-10	3.71635e-10	
0.635	3.93566e-10	3.72562e-10	
0.636	3.94552e-10	3.73489e-10	
0.637	3.9554e-10	3.74418e-10	
0.638	3.96528e-10	3.75347e-10	
0.639	3.97517e-10	3.76277e-10	
0.64	3.98507e-10	3.77208e-10	
0.641	3.99498e-10	3.78139e-10	
0.642	4.00489e-10	3.79071e-10	
0.643	4.0148e-10	3.80003e-10	
0.644	4.02472e-10	3.80936e-10	
0.645	4.03466e-10	3.8187e-10	
0.646	4.04461e-10	3.82805e-10	
0.647	4.05457e-10	3.83741e-10	
0.648	4.06455e-10	3.84678e-10	
0.649	4.07453e-10	3.85616e-10	
0.65	4.08454e-10	3.86556e-10	
0.651	4.09455e-10	3.87495e-10	
0.652	4.10456e-10	3.88435e-10	
0.653	4.11458e-10	3.89376e-10	
0.654	4.1246e-10	3.90317e-10	
0.655	4.13463e-10	3.91258e-10	
0.656	4.14466e-10	3.92199e-10	
0.657	4.15471e-10	3.93142e-10	
0.658	4.16477e-10	3.94086e-10	
0.659	4.17483e-10	3.9503e-10	
0.66	4.18488e-10	3.95973e-10	
0.661	4.19496e-10	3.96918e-10	
0.662	4.20503e-10	3.97863e-10	
0.663	4.21512e-10	3.9881e-10	
0.664	4.22522e-10	3.99757e-10	
0.665	4.23532e-10	4.00705e-10	
0.666	4.24544e-10	4.01653e-10	
0.667	4.25557e-10	4.02603e-10	
0.668	4.26571e-10	4.03554e-10	
0.669	4.27586e-10	4.04506e-10	
0.67	4.28601e-10	4.05457e-10	
0.671	4.29617e-10	4.0641e-10	
0.672	4.30636e-10	4.07364e-10	
0.673	4.31655e-10	4.08319e-10	
0.674	4.32675e-10	4.09275e-10	
0.675	4.33695e-10	4.10232e-10	
0.676	4.34716e-10	4.11189e-10	
0.677	4.35738e-10	4.12146e-10	
0.678	4.3676e-10	4.13104e-10	
0.679	4.37782e-10	4.14063e-10	
0.68	4.38807e-10	4.15023e-10	
0.681	4.39832e-10	4.15983e-10	
0.682	4.40856e-10	4.16943e-10	
0.683	4.4188e-10	4.17903e-10	
0.684	4.42904e-10	4.18864e-10	
0.685	4.43929e-10	4.19824e-10	
0.686	4.44955e-10	4.20786e-10	
0.687	4.45982e-10	4.21748e-10	
0.688	4.47009e-10	4.2271e-10	
0.689	4.48037e-10	4.23673e-10	
0.69	4.49065e-10	4.24636e-10	
0.691	4.50094e-10	4.256e-10	
0.692	4.51125e-10	4.26566e-10	
0.693	4.52158e-10	4.27532e-10	
0.694	4.53191e-10	4.285e-10	
0.695	4.54226e-10	4.29469e-10	
0.696	4.55262e-10	4.30438e-10	
0.697	4.56297e-10	4.31407e-10	
0.698	4.57333e-10	4.32376e-10	
0.699	4.58369e-10	4.33346e-10	
0.7	4.59406e-10	4.34316e-10	
0.701	4.60444e-10	4.35287e-10	
0.702	4.61483e-10	4.36258e-10	
0.703	4.62523e-10	4.3723e-10	
0.704	4.63563e-10	4.38202e-10	
0.705	4.64603e-10	4.39175e-10	
0.706	4.65644e-10	4.40148e-10	
0.707	4.66684e-10	4.41121e-10	
0.708	4.67726e-10	4.42094e-10	
0.709	4.68768e-10	4.43068e-10	
0.71	4.69811e-10	4.44043e-10	
0.711	4.70854e-10	4.45018e-10	
0.712	4.71898e-10	4.45993e-10	
0.713	4.72942e-10	4.46968e-10	
0.714	4.73987e-10	4.47944e-10	
0.715	4.75032e-10	4.4892e-10	
0.716	4.76079e-10	4.49897e-10	
0.717	4.77126e-10	4.50875e-10	
0.718	4.78174e-10	4.51853e-10	
0.719	4.79222e-10	4.52832e-10	
0.72	4.80274e-10	4.53813e-10	
0.721	4.81327e-10	4.54794e-10	
0.722	4.82378e-10	4.55775e-10	
0.723	4.83431e-10	4.56757e-10	
0.724	4.84485e-10	4.57739e-10	
0.725	4.85539e-10	4.58721e-10	
0.726	4.86594e-10	4.59705e-10	
0.727	4.87651e-10	4.60689e-10	
0.728	4.88709e-10	4.61674e-10	
0.729	4.89767e-10	4.62659e-10	
0.73	4.90825e-10	4.63645e-10	
0.731	4.91885e-10	4.64631e-10	
0.732	4.92944e-10	4.65617e-10	
0.733	4.94004e-10	4.66603e-10	
0.734	4.95062e-10	4.67587e-10	
0.735	4.9612e-10	4.68572e-10	
0.736	4.97178e-10	4.69556e-10	
0.737	4.98236e-10	4.7054e-10	
0.738	4.99296e-10	4.71525e-10	
0.739	5.00356e-10	4.72511e-10	
0.74	5.01412e-10	4.73493e-10	
0.741	5.0247e-10	4.74477e-10	
0.742	5.03529e-10	4.75462e-10	
0.743	5.04589e-10	4.76446e-10	
0.744	5.0565e-10	4.77432e-10	
0.745	5.06712e-10	4.78419e-10	
0.746	5.07775e-10	4.79407e-10	
0.747	5.08839e-10	4.80394e-10	
0.748	5.09904e-10	4.81382e-10	
0.749	5.10969e-10	4.82371e-10	
0.75	5.12034e-10	4.83359e-10	
0.751	5.13098e-10	4.84347e-10	
0.752	5.14163e-10	4.85335e-10	
0.753	5.15229e-10	4.86324e-10	
0.754	5.16296e-10	4.87313e-10	
0.755	5.17365e-10	4.88304e-10	
0.756	5.18436e-10	4.89297e-10	
0.757	5.19511e-10	4.90292e-10	
0.758	5.20585e-10	4.91287e-10	
0.759	5.21661e-10	4.92283e-10	
0.76	5.22738e-10	4.9328e-10	
0.761	5.23816e-10	4.94277e-10	
0.762	5.24894e-10	4.95275e-10	
0.763	5.25973e-10	4.96273e-10	
0.764	5.2705e-10	4.9727e-10	
0.765	5.28128e-10	4.98267e-10	
0.766	5.29206e-10	4.99264e-10	
0.767	5.30286e-10	5.00263e-10	
0.768	5.31367e-10	5.01262e-10	
0.769	5.32448e-10	5.02261e-10	
0.77	5.3353e-10	5.03262e-10	
0.771	5.34611e-10	5.0426e-10	
0.772	5.35691e-10	5.05258e-10	
0.773	5.36773e-10	5.06257e-10	
0.774	5.37855e-10	5.07256e-10	
0.775	5.38938e-10	5.08256e-10	
0.776	5.4002e-10	5.09255e-10	
0.777	5.41104e-10	5.10256e-10	
0.778	5.42191e-10	5.11258e-10	
0.779	5.43278e-10	5.12262e-10	
0.78	5.44367e-10	5.13265e-10	
0.781	5.45458e-10	5.14272e-10	
0.782	5.4655e-10	5.15278e-10	
0.783	5.47643e-10	5.16285e-10	
0.784	5.48735e-10	5.17292e-10	
0.785	5.49828e-10	5.18299e-10	
0.786	5.50923e-10	5.19307e-10	
0.787	5.5202e-10	5.20317e-10	
0.788	5.53118e-10	5.21327e-10	
0.789	5.54216e-10	5.22338e-10	
0.79	5.55316e-10	5.2335e-10	
0.791	5.56417e-10	5.24363e-10	
0.792	5.57518e-10	5.25375e-10	
0.793	5.58619e-10	5.26388e-10	
0.794	5.59721e-10	5.27401e-10	
0.795	5.60823e-10	5.28414e-10	
0.796	5.61926e-10	5.29428e-10	
0.797	5.6303e-10	5.30442e-10	
0.798	5.64132e-10	5.31454e-10	
0.799	5.65235e-10	5.32467e-10	
0.8	5.66339e-10	5.3348e-10	
0.801	5.67443e-10	5.34494e-10	
0.802	5.68548e-10	5.35508e-10	
0.803	5.69654e-10	5.36524e-10	
0.804	5.70762e-10	5.3754e-10	
0.805	5.71871e-10	5.38558e-10	
0.806	5.7298e-10	5.39575e-10	
0.807	5.7409e-10	5.40593e-10	
0.808	5.75202e-10	5.41612e-10	
0.809	5.76313e-10	5.42631e-10	
0.81	5.77424e-10	5.43649e-10	
0.811	5.78532e-10	5.44664e-10	
0.812	5.79641e-10	5.4568e-10	
0.813	5.80751e-10	5.46696e-10	
0.814	5.81861e-10	5.47713e-10	
0.815	5.82973e-10	5.48731e-10	
0.816	5.84086e-10	5.49749e-10	
0.817	5.85199e-10	5.50768e-10	
0.818	5.86313e-10	5.51786e-10	
0.819	5.87427e-10	5.52806e-10	
0.82	5.88543e-10	5.53826e-10	
0.821	5.8966e-10	5.54848e-10	
0.822	5.90778e-10	5.5587e-10	
0.823	5.91895e-10	5.56891e-10	
0.824	5.93013e-10	5.57912e-10	
0.825	5.9413e-10	5.58934e-10	
0.826	5.95249e-10	5.59956e-10	
0.827	5.96368e-10	5.60979e-10	
0.828	5.97488e-10	5.62002e-10	
0.829	5.98609e-10	5.63026e-10	
0.83	5.9973e-10	5.6405e-10	
0.831	6.00852e-10	5.65074e-10	
0.832	6.01974e-10	5.66098e-10	
0.833	6.03097e-10	5.67123e-10	
0.834	6.04219e-10	5.68147e-10	
0.835	6.0534e-10	5.6917e-10	
0.836	6.06461e-10	5.70194e-10	
0.837	6.07584e-10	5.71218e-10	
0.838	6.08708e-10	5.72244e-10	
0.839	6.09833e-10	5.7327e-10	
0.84	6.10958e-10	5.74295e-10	
0.841	6.12083e-10	5.75322e-10	
0.842	6.1321e-10	5.76348e-10	
0.843	6.14338e-10	5.77376e-10	
0.844	6.15465e-10	5.78403e-10	
0.845	6.16594e-10	5.79431e-10	
0.846	6.17723e-10	5.8046e-10	
0.847	6.18854e-10	5.8149e-10	
0.848	6.19986e-10	5.82521e-10	
0.849	6.21119e-10	5.83553e-10	
0.85	6.22254e-10	5.84585e-10	
0.851	6.23389e-10	5.85619e-10	
0.852	6.24527e-10	5.86655e-10	
0.853	6.25667e-10	5.87691e-10	
0.854	6.26807e-10	5.88729e-10	
0.855	6.27949e-10	5.89769e-10	
0.856	6.29093e-10	5.90809e-10	
0.857	6.30238e-10	5.91851e-10	
0.858	6.31384e-10	5.92893e-10	
0.859	6.32529e-10	5.93934e-10	
0.86	6.33676e-10	5.94977e-10	
0.861	6.34825e-10	5.96021e-10	
0.862	6.35974e-10	5.97066e-10	
0.863	6.37123e-10	5.9811e-10	
0.864	6.38272e-10	5.99154e-10	
0.865	6.39422e-10	6.00199e-10	
0.866	6.40573e-10	6.01245e-10	
0.867	6.41723e-10	6.0229e-10	
0.868	6.42874e-10	6.03336e-10	
0.869	6.44027e-10	6.04384e-10	
0.87	6.45181e-10	6.05432e-10	
0.871	6.46335e-10	6.0648e-10	
0.872	6.4749e-10	6.07529e-10	
0.873	6.48644e-10	6.08577e-10	
0.874	6.498e-10	6.09627e-10	
0.875	6.50955e-10	6.10676e-10	
0.876	6.52112e-10	6.11727e-10	
0.877	6.5327e-10	6.12777e-10	
0.878	6.54428e-10	6.13828e-10	
0.879	6.55585e-10	6.14879e-10	
0.88	6.56742e-10	6.15929e-10	
0.881	6.579e-10	6.1698e-10	
0.882	6.59058e-10	6.1803e-10	
0.883	6.60215e-10	6.1908e-10	
0.884	6.61374e-10	6.20131e-10	
0.885	6.62533e-10	6.21182e-10	
0.886	6.63694e-10	6.22235e-10	
0.887	6.64857e-10	6.23289e-10	
0.888	6.6602e-10	6.24344e-10	
0.889	6.67182e-10	6.25397e-10	
0.89	6.68344e-10	6.2645e-10	
0.891	6.69506e-10	6.27503e-10	
0.892	6.70669e-10	6.28557e-10	
0.893	6.71832e-10	6.29611e-10	
0.894	6.72996e-10	6.30665e-10	
0.895	6.7416e-10	6.3172e-10	
0.896	6.75324e-10	6.32774e-10	
0.897	6.76488e-10	6.33829e-10	
0.898	6.77653e-10	6.34883e-10	
0.899	6.78819e-10	6.35939e-10	
0.9	6.79987e-10	6.36996e-10	
0.901	6.81156e-10	6.38054e-10	
0.902	6.82323e-10	6.39109e-10	
0.903	6.8349e-10	6.40165e-10	
0.904	6.84658e-10	6.41222e-10	
0.905	6.85826e-10	6.42278e-10	
0.906	6.86995e-10	6.43335e-10	
0.907	6.88164e-10	6.44392e-10	
0.908	6.89334e-10	6.45449e-10	
0.909	6.90505e-10	6.46508e-10	
0.91	6.91678e-10	6.47568e-10	
0.911	6.92851e-10	6.48628e-10	
0.912	6.94023e-10	6.49687e-10	
0.913	6.95194e-10	6.50745e-10	
0.914	6.96366e-10	6.51803e-10	
0.915	6.97538e-10	6.52862e-10	
0.916	6.98711e-10	6.53921e-10	
0.917	6.99883e-10	6.5498e-10	
0.918	7.01057e-10	6.56039e-10	
0.919	7.0223e-10	6.57099e-10	
0.92	7.03404e-10	6.58158e-10	
0.921	7.04579e-10	6.59219e-10	
0.922	7.05756e-10	6.60281e-10	
0.923	7.06934e-10	6.61344e-10	
0.924	7.08112e-10	6.62407e-10	
0.925	7.09291e-10	6.63471e-10	
0.926	7.1047e-10	6.64533e-10	
0.927	7.11649e-10	6.65597e-10	
0.928	7.12829e-10	6.66661e-10	
0.929	7.1401e-10	6.67725e-10	
0.93	7.15191e-10	6.68789e-10	
0.931	7.16372e-10	6.69854e-10	
0.932	7.17554e-10	6.70919e-10	
0.933	7.18736e-10	6.71984e-10	
0.934	7.19918e-10	6.73049e-10	
0.935	7.21102e-10	6.74115e-10	
0.936	7.22287e-10	6.75182e-10	
0.937	7.23472e-10	6.76249e-10	
0.938	7.24661e-10	6.77319e-10	
0.939	7.2585e-10	6.78389e-10	
0.94	7.27041e-10	6.7946e-10	
0.941	7.28232e-10	6.80531e-10	
0.942	7.29423e-10	6.81603e-10	
0.943	7.30619e-10	6.82678e-10	
0.944	7.31815e-10	6.83754e-10	
0.945	7.33012e-10	6.8483e-10	
0.946	7.34209e-10	6.85905e-10	
0.947	7.35408e-10	6.86982e-10	
0.948	7.36608e-10	6.8806e-10	
0.949	7.37811e-10	6.89141e-10	
0.95	7.39015e-10	6.90221e-10	
0.951	7.40219e-10	6.91301e-10	
0.952	7.41423e-10	6.92382e-10	
0.953	7.42628e-10	6.93463e-10	
0.954	7.43834e-10	6.94544e-10	
0.955	7.45042e-10	6.95627e-10	
0.956	7.46248e-10	6.96709e-10	
0.957	7.47454e-10	6.9779e-10	
0.958	7.48661e-10	6.98872e-10	
0.959	7.49869e-10	6.99956e-10	
0.96	7.51078e-10	7.01039e-10	
0.961	7.52288e-10	7.02124e-10	
0.962	7.53498e-10	7.03208e-10	
0.963	7.54709e-10	7.04293e-10	
0.964	7.55919e-10	7.05378e-10	
0.965	7.5713e-10	7.06463e-10	
0.966	7.58341e-10	7.07547e-10	
0.967	7.59553e-10	7.08633e-10	
0.968	7.60766e-10	7.09719e-10	
0.969	7.61979e-10	7.10805e-10	
0.97	7.63192e-10	7.11892e-10	
0.971	7.64406e-10	7.12978e-10	
0.972	7.6562e-10	7.14064e-10	
0.973	7.66834e-10	7.15151e-10	
0.974	7.68049e-10	7.16238e-10	
0.975	7.69264e-10	7.17325e-10	
0.976	7.70478e-10	7.18411e-10	
0.977	7.71692e-10	7.19497e-10	
0.978	7.72908e-10	7.20584e-10	
0.979	7.74124e-10	7.21672e-10	
0.98	7.75342e-10	7.22761e-10	
0.981	7.76558e-10	7.23849e-10	
0.982	7.77775e-10	7.24937e-10	
0.983	7.78995e-10	7.26027e-10	
0.984	7.80216e-10	7.27119e-10	
0.985	7.81438e-10	7.28211e-10	
0.986	7.8266e-10	7.29303e-10	
0.987	7.83883e-10	7.30395e-10	
0.988	7.85105e-10	7.31486e-10	
0.989	7.86327e-10	7.32579e-10	
0.99	7.87551e-10	7.33671e-10	
0.991	7.88774e-10	7.34764e-10	
0.992	7.89999e-10	7.35858e-10	
0.993	7.91224e-10	7.36952e-10	
0.994	7.92451e-10	7.38047e-10	
0.995	7.93678e-10	7.39143e-10	
0.996	7.94906e-10	7.40239e-10	
0.997	7.96134e-10	7.41335e-10	
0.998	7.97362e-10	7.4243e-10	
0.999	7.9859e-10	7.43525e-10	
1	7.99818e-10	7.44621e-10	
1.001	8.01046e-10	7.45717e-10	
1.002	8.02275e-10	7.46813e-10	
1.003	8.03505e-10	7.4791e-10	
1.004	8.04737e-10	7.49009e-10	
1.005	8.05969e-10	7.50107e-10	
1.006	8.07203e-10	7.51207e-10	
1.007	8.08436e-10	7.52307e-10	
1.008	8.0967e-10	7.53407e-10	
1.009	8.10903e-10	7.54506e-10	
1.01	8.12137e-10	7.55606e-10	
1.011	8.13373e-10	7.56707e-10	
1.012	8.14608e-10	7.57808e-10	
1.013	8.15844e-10	7.5891e-10	
1.014	8.17081e-10	7.60012e-10	
1.015	8.18317e-10	7.61114e-10	
1.016	8.19551e-10	7.62213e-10	
1.017	8.20785e-10	7.63313e-10	
1.018	8.22021e-10	7.64414e-10	
1.019	8.23258e-10	7.65516e-10	
1.02	8.24495e-10	7.66618e-10	
1.021	8.25732e-10	7.67719e-10	
1.022	8.26971e-10	7.68822e-10	
1.023	8.2821e-10	7.69926e-10	
1.024	8.29449e-10	7.71029e-10	
1.025	8.30691e-10	7.72135e-10	
1.026	8.31933e-10	7.7324e-10	
1.027	8.33175e-10	7.74346e-10	
1.028	8.34418e-10	7.75453e-10	
1.029	8.35661e-10	7.76559e-10	
1.03	8.36907e-10	7.77667e-10	
1.031	8.38151e-10	7.78775e-10	
1.032	8.39396e-10	7.79882e-10	
1.033	8.40641e-10	7.8099e-10	
1.034	8.41888e-10	7.82099e-10	
1.035	8.43135e-10	7.83209e-10	
1.036	8.44382e-10	7.84317e-10	
1.037	8.45629e-10	7.85427e-10	
1.038	8.46879e-10	7.86538e-10	
1.039	8.48129e-10	7.87649e-10	
1.04	8.49379e-10	7.88761e-10	
1.041	8.5063e-10	7.89873e-10	
1.042	8.51881e-10	7.90984e-10	
1.043	8.53132e-10	7.92096e-10	
1.044	8.54385e-10	7.93209e-10	
1.045	8.55638e-10	7.94323e-10	
1.046	8.56892e-10	7.95437e-10	
1.047	8.58148e-10	7.96553e-10	
1.048	8.59405e-10	7.97669e-10	
1.049	8.60661e-10	7.98786e-10	
1.05	8.61919e-10	7.99903e-10	
1.051	8.63178e-10	8.01021e-10	
1.052	8.64437e-10	8.0214e-10	
1.053	8.65698e-10	8.03259e-10	
1.054	8.66958e-10	8.04378e-10	
1.055	8.68219e-10	8.05498e-10	
1.056	8.69481e-10	8.06619e-10	
1.057	8.70745e-10	8.07741e-10	
1.058	8.7201e-10	8.08863e-10	
1.059	8.73275e-10	8.09986e-10	
1.06	8.74543e-10	8.1111e-10	
1.061	8.75809e-10	8.12234e-10	
1.062	8.77076e-10	8.13358e-10	
1.063	8.78345e-10	8.14484e-10	
1.064	8.79615e-10	8.1561e-10	
1.065	8.80885e-10	8.16737e-10	
1.066	8.82155e-10	8.17863e-10	
1.067	8.83425e-10	8.18989e-10	
1.068	8.84696e-10	8.20116e-10	
1.069	8.85967e-10	8.21243e-10	
1.07	8.8724e-10	8.22371e-10	
1.071	8.88512e-10	8.23499e-10	
1.072	8.89785e-10	8.24627e-10	
1.073	8.91057e-10	8.25754e-10	
1.074	8.92331e-10	8.26883e-10	
1.075	8.93605e-10	8.28011e-10	
1.076	8.94881e-10	8.29142e-10	
1.077	8.96159e-10	8.30274e-10	
1.078	8.97438e-10	8.31407e-10	
1.079	8.98718e-10	8.3254e-10	
1.08	8.99999e-10	8.33674e-10	
1.081	9.01282e-10	8.3481e-10	
1.082	9.02566e-10	8.35946e-10	
1.083	9.03851e-10	8.37084e-10	
1.084	9.05136e-10	8.38222e-10	
1.085	9.06423e-10	8.3936e-10	
1.086	9.0771e-10	8.40499e-10	
1.087	9.08998e-10	8.41638e-10	
1.088	9.10287e-10	8.42779e-10	
1.089	9.11577e-10	8.43921e-10	
1.09	9.12871e-10	8.45065e-10	
1.091	9.14165e-10	8.4621e-10	
1.092	9.1546e-10	8.47356e-10	
1.093	9.16756e-10	8.48502e-10	
1.094	9.18052e-10	8.49649e-10	
1.095	9.19349e-10	8.50795e-10	
1.096	9.20646e-10	8.51942e-10	
1.097	9.21943e-10	8.53089e-10	
1.098	9.2324e-10	8.54236e-10	
1.099	9.24539e-10	8.55385e-10	
1.1	9.25838e-10	8.56533e-10	
1.101	9.27138e-10	8.57683e-10	
1.102	9.28438e-10	8.58832e-10	
1.103	9.29737e-10	8.5998e-10	
1.104	9.31036e-10	8.61129e-10	
1.105	9.3234e-10	8.62281e-10	
1.106	9.33643e-10	8.63433e-10	
1.107	9.34947e-10	8.64585e-10	
1.108	9.36253e-10	8.65739e-10	
1.109	9.3756e-10	8.66893e-10	
1.11	9.38868e-10	8.68049e-10	
1.111	9.40175e-10	8.69203e-10	
1.112	9.41482e-10	8.70358e-10	
1.113	9.4279e-10	8.71513e-10	
1.114	9.44099e-10	8.72669e-10	
1.115	9.45408e-10	8.73826e-10	
1.116	9.46717e-10	8.74982e-10	
1.117	9.48026e-10	8.76138e-10	
1.118	9.49336e-10	8.77295e-10	
1.119	9.50647e-10	8.78452e-10	
1.12	9.51958e-10	8.7961e-10	
1.121	9.53271e-10	8.80769e-10	
1.122	9.54584e-10	8.81928e-10	
1.123	9.559e-10	8.83089e-10	
1.124	9.57216e-10	8.84251e-10	
1.125	9.58532e-10	8.85413e-10	
1.126	9.59849e-10	8.86575e-10	
1.127	9.61166e-10	8.87737e-10	
1.128	9.62482e-10	8.88898e-10	
1.129	9.63798e-10	8.90058e-10	
1.13	9.65115e-10	8.9122e-10	
1.131	9.66434e-10	8.92382e-10	
1.132	9.67755e-10	8.93546e-10	
1.133	9.69077e-10	8.94711e-10	
1.134	9.70398e-10	8.95876e-10	
1.135	9.7172e-10	8.97042e-10	
1.136	9.73043e-10	8.98207e-10	
1.137	9.74367e-10	8.99374e-10	
1.138	9.75692e-10	9.00541e-10	
1.139	9.77017e-10	9.01709e-10	
1.14	9.78342e-10	9.02876e-10	
1.141	9.79666e-10	9.04042e-10	
1.142	9.80991e-10	9.0521e-10	
1.143	9.82318e-10	9.06378e-10	
1.144	9.83645e-10	9.07546e-10	
1.145	9.84975e-10	9.08718e-10	
1.146	9.86308e-10	9.09891e-10	
1.147	9.87642e-10	9.11065e-10	
1.148	9.88978e-10	9.12241e-10	
1.149	9.90315e-10	9.13418e-10	
1.15	9.91652e-10	9.14595e-10	
1.151	9.9299e-10	9.15772e-10	
1.152	9.94328e-10	9.1695e-10	
1.153	9.95667e-10	9.18128e-10	
1.154	9.97008e-10	9.19307e-10	
1.155	9.98349e-10	9.20488e-10	
1.156	9.99692e-10	9.21669e-10	
1.157	1.00104e-09	9.22851e-10	
1.158	1.00238e-09	9.24033e-10	
1.159	1.00372e-09	9.25215e-10	
1.16	1.00507e-09	9.26398e-10	
1.161	1.00641e-09	9.27582e-10	
1.162	1.00776e-09	9.28766e-10	
1.163	1.00911e-09	9.2995e-10	
1.164	1.01045e-09	9.31135e-10	
1.165	1.0118e-09	9.3232e-10	
1.166	1.01315e-09	9.33505e-10	
1.167	1.0145e-09	9.34692e-10	
1.168	1.01585e-09	9.3588e-10	
1.169	1.0172e-09	9.37068e-10	
1.17	1.01856e-09	9.38257e-10	
1.171	1.01991e-09	9.39448e-10	
1.172	1.02127e-09	9.40639e-10	
1.173	1.02262e-09	9.41831e-10	
1.174	1.02398e-09	9.43025e-10	
1.175	1.02534e-09	9.44218e-10	
1.176	1.0267e-09	9.45413e-10	
1.177	1.02806e-09	9.46608e-10	
1.178	1.02942e-09	9.47804e-10	
1.179	1.03079e-09	9.49e-10	
1.18	1.03215e-09	9.50196e-10	
1.181	1.03351e-09	9.51391e-10	
1.182	1.03487e-09	9.52587e-10	
1.183	1.03624e-09	9.53785e-10	
1.184	1.0376e-09	9.54983e-10	
1.185	1.03897e-09	9.56183e-10	
1.186	1.04033e-09	9.57382e-10	
1.187	1.0417e-09	9.58582e-10	
1.188	1.04307e-09	9.59783e-10	
1.189	1.04444e-09	9.60985e-10	
1.19	1.04581e-09	9.62187e-10	
1.191	1.04718e-09	9.63389e-10	
1.192	1.04855e-09	9.64591e-10	
1.193	1.04992e-09	9.65794e-10	
1.194	1.05129e-09	9.66998e-10	
1.195	1.05267e-09	9.68203e-10	
1.196	1.05404e-09	9.69409e-10	
1.197	1.05542e-09	9.70615e-10	
1.198	1.05679e-09	9.71822e-10	
1.199	1.05817e-09	9.7303e-10	
1.2	1.05955e-09	9.7424e-10	
1.201	1.06093e-09	9.75451e-10	
1.202	1.06231e-09	9.76662e-10	
1.203	1.06369e-09	9.77873e-10	
1.204	1.06507e-09	9.79085e-10	
1.205	1.06646e-09	9.80297e-10	
1.206	1.06784e-09	9.81512e-10	
1.207	1.06923e-09	9.82729e-10	
1.208	1.07062e-09	9.83947e-10	
1.209	1.07201e-09	9.85165e-10	
1.21	1.0734e-09	9.86385e-10	
1.211	1.07479e-09	9.87609e-10	
1.212	1.07619e-09	9.88835e-10	
1.213	1.07759e-09	9.90063e-10	
1.214	1.07899e-09	9.9129e-10	
1.215	1.08039e-09	9.92518e-10	
1.216	1.08179e-09	9.93745e-10	
1.217	1.08319e-09	9.94973e-10	
1.218	1.08459e-09	9.96201e-10	
1.219	1.08599e-09	9.97429e-10	
1.22	1.08739e-09	9.98656e-10	
1.221	1.08879e-09	9.99882e-10	
1.222	1.09019e-09	1.00111e-09	
1.223	1.09159e-09	1.00234e-09	
1.224	1.09299e-09	1.00356e-09	
1.225	1.09439e-09	1.00479e-09	
1.226	1.09579e-09	1.00602e-09	
1.227	1.09719e-09	1.00724e-09	
1.228	1.09859e-09	1.00847e-09	
1.229	1.09999e-09	1.00969e-09	
1.23	1.10139e-09	1.01092e-09	
1.231	1.1028e-09	1.01215e-09	
1.232	1.1042e-09	1.01338e-09	
1.233	1.10561e-09	1.01461e-09	
1.234	1.10701e-09	1.01584e-09	
1.235	1.10842e-09	1.01707e-09	
1.236	1.10983e-09	1.01831e-09	
1.237	1.11124e-09	1.01954e-09	
1.238	1.11265e-09	1.02077e-09	
1.239	1.11406e-09	1.02201e-09	
1.24	1.11547e-09	1.02324e-09	
1.241	1.11689e-09	1.02448e-09	
1.242	1.1183e-09	1.02572e-09	
1.243	1.11972e-09	1.02696e-09	
1.244	1.12114e-09	1.0282e-09	
1.245	1.12255e-09	1.02944e-09	
1.246	1.12397e-09	1.03068e-09	
1.247	1.12539e-09	1.03192e-09	
1.248	1.12682e-09	1.03317e-09	
1.249	1.12824e-09	1.03441e-09	
1.25	1.12966e-09	1.03565e-09	
1.251	1.13108e-09	1.03689e-09	
1.252	1.13251e-09	1.03814e-09	
1.253	1.13393e-09	1.03939e-09	
1.254	1.13536e-09	1.04063e-09	
1.255	1.13678e-09	1.04188e-09	
1.256	1.13821e-09	1.04313e-09	
1.257	1.13964e-09	1.04438e-09	
1.258	1.14107e-09	1.04563e-09	
1.259	1.1425e-09	1.04688e-09	
1.26	1.14393e-09	1.04813e-09	
1.261	1.14537e-09	1.04938e-09	
1.262	1.1468e-09	1.05063e-09	
1.263	1.14823e-09	1.05188e-09	
1.264	1.14967e-09	1.05314e-09	
1.265	1.1511e-09	1.05439e-09	
1.266	1.15254e-09	1.05565e-09	
1.267	1.15398e-09	1.0569e-09	
1.268	1.15542e-09	1.05816e-09	
1.269	1.15686e-09	1.05942e-09	
1.27	1.1583e-09	1.06068e-09	
1.271	1.15974e-09	1.06193e-09	
1.272	1.16118e-09	1.06319e-09	
1.273	1.16262e-09	1.06445e-09	
1.274	1.16407e-09	1.06571e-09	
1.275	1.16551e-09	1.06697e-09	
1.276	1.16696e-09	1.06823e-09	
1.277	1.1684e-09	1.06949e-09	
1.278	1.16985e-09	1.07075e-09	
1.279	1.1713e-09	1.07202e-09	
1.28	1.17275e-09	1.07328e-09	
1.281	1.1742e-09	1.07455e-09	
1.282	1.17565e-09	1.07581e-09	
1.283	1.1771e-09	1.07707e-09	
1.284	1.17855e-09	1.07834e-09	
1.285	1.18e-09	1.0796e-09	
1.286	1.18145e-09	1.08087e-09	
1.287	1.1829e-09	1.08214e-09	
1.288	1.18436e-09	1.0834e-09	
1.289	1.18581e-09	1.08467e-09	
1.29	1.18727e-09	1.08594e-09	
1.291	1.18872e-09	1.08721e-09	
1.292	1.19018e-09	1.08847e-09	
1.293	1.19163e-09	1.08974e-09	
1.294	1.19309e-09	1.09101e-09	
1.295	1.19454e-09	1.09227e-09	
1.296	1.196e-09	1.09354e-09	
1.297	1.19745e-09	1.09481e-09	
1.298	1.1989e-09	1.09607e-09	
1.299	1.20036e-09	1.09734e-09	
1.3	1.20182e-09	1.09861e-09	
1.301	1.20329e-09	1.09988e-09	
1.302	1.20475e-09	1.10116e-09	
1.303	1.20622e-09	1.10243e-09	
1.304	1.20768e-09	1.10371e-09	
1.305	1.20915e-09	1.10499e-09	
1.306	1.21062e-09	1.10626e-09	
1.307	1.21209e-09	1.10754e-09	
1.308	1.21355e-09	1.10882e-09	
1.309	1.21502e-09	1.1101e-09	
1.31	1.21649e-09	1.11138e-09	
1.311	1.21796e-09	1.11265e-09	
1.312	1.21943e-09	1.11393e-09	
1.313	1.2209e-09	1.11521e-09	
1.314	1.22237e-09	1.11648e-09	
1.315	1.22384e-09	1.11776e-09	
1.316	1.22531e-09	1.11904e-09	
1.317	1.22677e-09	1.12031e-09	
1.318	1.22824e-09	1.12159e-09	
1.319	1.22972e-09	1.12287e-09	
1.32	1.23119e-09	1.12415e-09	
1.321	1.23266e-09	1.12543e-09	
1.322	1.23414e-09	1.12671e-09	
1.323	1.23562e-09	1.12799e-09	
1.324	1.2371e-09	1.12927e-09	
1.325	1.23857e-09	1.13055e-09	
1.326	1.24005e-09	1.13184e-09	
1.327	1.24154e-09	1.13312e-09	
1.328	1.24302e-09	1.13441e-09	
1.329	1.2445e-09	1.1357e-09	
1.33	1.24599e-09	1.13698e-09	
1.331	1.24747e-09	1.13827e-09	
1.332	1.24895e-09	1.13955e-09	
1.333	1.25044e-09	1.14084e-09	
1.334	1.25192e-09	1.14212e-09	
1.335	1.25341e-09	1.14341e-09	
1.336	1.2549e-09	1.1447e-09	
1.337	1.25639e-09	1.146e-09	
1.338	1.25789e-09	1.14729e-09	
1.339	1.25939e-09	1.14859e-09	
1.34	1.26088e-09	1.14988e-09	
1.341	1.26238e-09	1.15118e-09	
1.342	1.26388e-09	1.15248e-09	
1.343	1.26538e-09	1.15378e-09	
1.344	1.26688e-09	1.15508e-09	
1.345	1.26838e-09	1.15637e-09	
1.346	1.26989e-09	1.15767e-09	
1.347	1.27139e-09	1.15898e-09	
1.348	1.2729e-09	1.16028e-09	
1.349	1.27441e-09	1.16158e-09	
1.35	1.27591e-09	1.16288e-09	
1.351	1.27742e-09	1.16419e-09	
1.352	1.27893e-09	1.16549e-09	
1.353	1.28044e-09	1.1668e-09	
1.354	1.28196e-09	1.16811e-09	
1.355	1.28348e-09	1.16942e-09	
1.356	1.285e-09	1.17073e-09	
1.357	1.28652e-09	1.17205e-09	
1.358	1.28804e-09	1.17336e-09	
1.359	1.28956e-09	1.17468e-09	
1.36	1.29108e-09	1.17599e-09	
1.361	1.29261e-09	1.17731e-09	
1.362	1.29413e-09	1.17862e-09	
1.363	1.29566e-09	1.17994e-09	
1.364	1.29718e-09	1.18125e-09	
1.365	1.29871e-09	1.18257e-09	
1.366	1.30023e-09	1.18389e-09	
1.367	1.30176e-09	1.1852e-09	
1.368	1.30329e-09	1.18652e-09	
1.369	1.30482e-09	1.18784e-09	
1.37	1.30635e-09	1.18916e-09	
1.371	1.30788e-09	1.19048e-09	
1.372	1.30941e-09	1.1918e-09	
1.373	1.31095e-09	1.19313e-09	
1.374	1.31248e-09	1.19445e-09	
1.375	1.31401e-09	1.19577e-09	
1.376	1.31555e-09	1.19709e-09	
1.377	1.31709e-09	1.19841e-09	
1.378	1.31862e-09	1.19974e-09	
1.379	1.32016e-09	1.20106e-09	
1.38	1.3217e-09	1.20239e-09	
1.381	1.32324e-09	1.20371e-09	
1.382	1.32478e-09	1.20504e-09	
1.383	1.32632e-09	1.20636e-09	
1.384	1.32786e-09	1.20769e-09	
1.385	1.3294e-09	1.20901e-09	
1.386	1.33094e-09	1.21034e-09	
1.387	1.33248e-09	1.21166e-09	
1.388	1.33403e-09	1.21299e-09	
1.389	1.33557e-09	1.21432e-09	
1.39	1.33712e-09	1.21565e-09	
1.391	1.33867e-09	1.21698e-09	
1.392	1.34022e-09	1.21831e-09	
1.393	1.34177e-09	1.21964e-09	
1.394	1.34332e-09	1.22097e-09	
1.395	1.34487e-09	1.22231e-09	
1.396	1.34642e-09	1.22364e-09	
1.397	1.34798e-09	1.22497e-09	
1.398	1.34953e-09	1.22631e-09	
1.399	1.35108e-09	1.22764e-09	
1.4	1.35263e-09	1.22897e-09	
1.401	1.35418e-09	1.2303e-09	
1.402	1.35574e-09	1.23163e-09	
1.403	1.35729e-09	1.23297e-09	
1.404	1.35885e-09	1.2343e-09	
1.405	1.3604e-09	1.23563e-09	
1.406	1.36196e-09	1.23697e-09	
1.407	1.36351e-09	1.2383e-09	
1.408	1.36507e-09	1.23963e-09	
1.409	1.36663e-09	1.24097e-09	
1.41	1.36818e-09	1.2423e-09	
1.411	1.36974e-09	1.24364e-09	
1.412	1.3713e-09	1.24497e-09	
1.413	1.37286e-09	1.2463e-09	
1.414	1.37442e-09	1.24764e-09	
1.415	1.37597e-09	1.24897e-09	
1.416	1.37754e-09	1.25031e-09	
1.417	1.3791e-09	1.25164e-09	
1.418	1.38066e-09	1.25298e-09	
1.419	1.38222e-09	1.25431e-09	
1.42	1.38378e-09	1.25565e-09	
1.421	1.38534e-09	1.25698e-09	
1.422	1.38691e-09	1.25832e-09	
1.423	1.38847e-09	1.25966e-09	
1.424	1.39003e-09	1.26099e-09	
1.425	1.3916e-09	1.26233e-09	
1.426	1.39317e-09	1.26367e-09	
1.427	1.39474e-09	1.26501e-09	
1.428	1.39631e-09	1.26636e-09	
1.429	1.39788e-09	1.2677e-09	
1.43	1.39945e-09	1.26904e-09	
1.431	1.40103e-09	1.27039e-09	
1.432	1.4026e-09	1.27173e-09	
1.433	1.40418e-09	1.27308e-09	
1.434	1.40576e-09	1.27442e-09	
1.435	1.40734e-09	1.27577e-09	
1.436	1.40891e-09	1.27712e-09	
1.437	1.41049e-09	1.27846e-09	
1.438	1.41207e-09	1.27981e-09	
1.439	1.41364e-09	1.28115e-09	
1.44	1.41522e-09	1.28249e-09	
1.441	1.4168e-09	1.28384e-09	
1.442	1.41838e-09	1.28519e-09	
1.443	1.41996e-09	1.28653e-09	
1.444	1.42154e-09	1.28788e-09	
1.445	1.42312e-09	1.28922e-09	
1.446	1.4247e-09	1.29057e-09	
1.447	1.42629e-09	1.29192e-09	
1.448	1.42787e-09	1.29326e-09	
1.449	1.42945e-09	1.29461e-09	
1.45	1.43104e-09	1.29596e-09	
1.451	1.43263e-09	1.29731e-09	
1.452	1.43422e-09	1.29866e-09	
1.453	1.43581e-09	1.30001e-09	
1.454	1.43739e-09	1.30136e-09	
1.455	1.43898e-09	1.30271e-09	
1.456	1.44057e-09	1.30406e-09	
1.457	1.44216e-09	1.30541e-09	
1.458	1.44375e-09	1.30676e-09	
1.459	1.44534e-09	1.30811e-09	
1.46	1.44693e-09	1.30946e-09	
1.461	1.44852e-09	1.31081e-09	
1.462	1.45011e-09	1.31216e-09	
1.463	1.45171e-09	1.31351e-09	
1.464	1.4533e-09	1.31486e-09	
1.465	1.45489e-09	1.31621e-09	
1.466	1.45649e-09	1.31756e-09	
1.467	1.45808e-09	1.31892e-09	
1.468	1.45968e-09	1.32027e-09	
1.469	1.46128e-09	1.32163e-09	
1.47	1.46288e-09	1.32298e-09	
1.471	1.46449e-09	1.32434e-09	
1.472	1.4661e-09	1.32571e-09	
1.473	1.46771e-09	1.32707e-09	
1.474	1.46932e-09	1.32843e-09	
1.475	1.47093e-09	1.3298e-09	
1.476	1.47254e-09	1.33116e-09	
1.477	1.47416e-09	1.33253e-09	
1.478	1.47577e-09	1.33389e-09	
1.479	1.47739e-09	1.33526e-09	
1.48	1.479e-09	1.33663e-09	
1.481	1.48062e-09	1.338e-09	
1.482	1.48224e-09	1.33937e-09	
1.483	1.48386e-09	1.34074e-09	
1.484	1.48548e-09	1.34211e-09	
1.485	1.48711e-09	1.34348e-09	
1.486	1.48873e-09	1.34485e-09	
1.487	1.49035e-09	1.34622e-09	
1.488	1.49197e-09	1.34759e-09	
1.489	1.4936e-09	1.34896e-09	
1.49	1.49522e-09	1.35034e-09	
1.491	1.49685e-09	1.35171e-09	
1.492	1.49848e-09	1.35309e-09	
1.493	1.50011e-09	1.35446e-09	
1.494	1.50174e-09	1.35584e-09	
1.495	1.50338e-09	1.35722e-09	
1.496	1.50501e-09	1.3586e-09	
1.497	1.50664e-09	1.35997e-09	
1.498	1.50828e-09	1.36135e-09	
1.499	1.50992e-09	1.36274e-09	
1.5	1.51156e-09	1.36412e-09	
1.501	1.5132e-09	1.3655e-09	
1.502	1.51484e-09	1.36688e-09	
1.503	1.51648e-09	1.36827e-09	
1.504	1.51812e-09	1.36965e-09	
1.505	1.51976e-09	1.37103e-09	
1.506	1.52141e-09	1.37241e-09	
1.507	1.52305e-09	1.37379e-09	
1.508	1.52469e-09	1.37518e-09	
1.509	1.52634e-09	1.37656e-09	
1.51	1.52798e-09	1.37795e-09	
1.511	1.52963e-09	1.37933e-09	
1.512	1.53128e-09	1.38072e-09	
1.513	1.53293e-09	1.3821e-09	
1.514	1.53457e-09	1.38349e-09	
1.515	1.53622e-09	1.38487e-09	
1.516	1.53787e-09	1.38626e-09	
1.517	1.53952e-09	1.38764e-09	
1.518	1.54117e-09	1.38903e-09	
1.519	1.54283e-09	1.39042e-09	
1.52	1.54448e-09	1.39181e-09	
1.521	1.54614e-09	1.3932e-09	
1.522	1.5478e-09	1.39459e-09	
1.523	1.54946e-09	1.39599e-09	
1.524	1.55113e-09	1.39738e-09	
1.525	1.55279e-09	1.39878e-09	
1.526	1.55446e-09	1.40018e-09	
1.527	1.55612e-09	1.40157e-09	
1.528	1.55779e-09	1.40297e-09	
1.529	1.55945e-09	1.40437e-09	
1.53	1.56112e-09	1.40577e-09	
1.531	1.56279e-09	1.40716e-09	
1.532	1.56446e-09	1.40856e-09	
1.533	1.56613e-09	1.40996e-09	
1.534	1.56781e-09	1.41137e-09	
1.535	1.56948e-09	1.41277e-09	
1.536	1.57115e-09	1.41417e-09	
1.537	1.57283e-09	1.41557e-09	
1.538	1.5745e-09	1.41697e-09	
1.539	1.57618e-09	1.41838e-09	
1.54	1.57786e-09	1.41978e-09	
1.541	1.57954e-09	1.42119e-09	
1.542	1.58122e-09	1.4226e-09	
1.543	1.5829e-09	1.424e-09	
1.544	1.58459e-09	1.42541e-09	
1.545	1.58628e-09	1.42683e-09	
1.546	1.58797e-09	1.42824e-09	
1.547	1.58966e-09	1.42966e-09	
1.548	1.59136e-09	1.43107e-09	
1.549	1.59305e-09	1.43249e-09	
1.55	1.59474e-09	1.4339e-09	
1.551	1.59644e-09	1.43532e-09	
1.552	1.59813e-09	1.43674e-09	
1.553	1.59983e-09	1.43816e-09	
1.554	1.60153e-09	1.43957e-09	
1.555	1.60322e-09	1.44099e-09	
1.556	1.60492e-09	1.4424e-09	
1.557	1.60662e-09	1.44382e-09	
1.558	1.60831e-09	1.44524e-09	
1.559	1.61001e-09	1.44665e-09	
1.56	1.61171e-09	1.44807e-09	
1.561	1.61341e-09	1.44948e-09	
1.562	1.61511e-09	1.4509e-09	
1.563	1.61681e-09	1.45232e-09	
1.564	1.61851e-09	1.45374e-09	
1.565	1.62022e-09	1.45517e-09	
1.566	1.62193e-09	1.45659e-09	
1.567	1.62364e-09	1.45802e-09	
1.568	1.62535e-09	1.45944e-09	
1.569	1.62706e-09	1.46087e-09	
1.57	1.62877e-09	1.46229e-09	
1.571	1.63048e-09	1.46372e-09	
1.572	1.63219e-09	1.46514e-09	
1.573	1.6339e-09	1.46656e-09	
1.574	1.63562e-09	1.46799e-09	
1.575	1.63733e-09	1.46941e-09	
1.576	1.63904e-09	1.47084e-09	
1.577	1.64075e-09	1.47226e-09	
1.578	1.64247e-09	1.47369e-09	
1.579	1.64419e-09	1.47511e-09	
1.58	1.6459e-09	1.47654e-09	
1.581	1.64762e-09	1.47797e-09	
1.582	1.64934e-09	1.47939e-09	
1.583	1.65106e-09	1.48082e-09	
1.584	1.65278e-09	1.48225e-09	
1.585	1.65451e-09	1.48369e-09	
1.586	1.65623e-09	1.48512e-09	
1.587	1.65795e-09	1.48655e-09	
1.588	1.65968e-09	1.48798e-09	
1.589	1.66141e-09	1.48942e-09	
1.59	1.66314e-09	1.49085e-09	
1.591	1.66488e-09	1.49229e-09	
1.592	1.66661e-09	1.49373e-09	
1.593	1.66835e-09	1.49517e-09	
1.594	1.67009e-09	1.49662e-09	
1.595	1.67183e-09	1.49807e-09	
1.596	1.67358e-09	1.49951e-09	
1.597	1.67532e-09	1.50096e-09	
1.598	1.67707e-09	1.50241e-09	
1.599	1.67882e-09	1.50386e-09	
1.6	1.68057e-09	1.50531e-09	
1.601	1.68231e-09	1.50676e-09	
1.602	1.68406e-09	1.50821e-09	
1.603	1.68581e-09	1.50967e-09	
1.604	1.68757e-09	1.51112e-09	
1.605	1.68932e-09	1.51258e-09	
1.606	1.69108e-09	1.51403e-09	
1.607	1.69283e-09	1.51549e-09	
1.608	1.69459e-09	1.51695e-09	
1.609	1.69635e-09	1.51841e-09	
1.61	1.69811e-09	1.51987e-09	
1.611	1.69987e-09	1.52133e-09	
1.612	1.70163e-09	1.52279e-09	
1.613	1.70339e-09	1.52425e-09	
1.614	1.70516e-09	1.52571e-09	
1.615	1.70692e-09	1.52717e-09	
1.616	1.70868e-09	1.52863e-09	
1.617	1.71045e-09	1.5301e-09	
1.618	1.71222e-09	1.53156e-09	
1.619	1.71398e-09	1.53302e-09	
1.62	1.71575e-09	1.53449e-09	
1.621	1.71752e-09	1.53595e-09	
1.622	1.71929e-09	1.53741e-09	
1.623	1.72105e-09	1.53888e-09	
1.624	1.72282e-09	1.54034e-09	
1.625	1.72459e-09	1.5418e-09	
1.626	1.72636e-09	1.54327e-09	
1.627	1.72812e-09	1.54473e-09	
1.628	1.72989e-09	1.5462e-09	
1.629	1.73166e-09	1.54766e-09	
1.63	1.73343e-09	1.54913e-09	
1.631	1.7352e-09	1.55059e-09	
1.632	1.73698e-09	1.55206e-09	
1.633	1.73875e-09	1.55353e-09	
1.634	1.74052e-09	1.555e-09	
1.635	1.7423e-09	1.55646e-09	
1.636	1.74407e-09	1.55793e-09	
1.637	1.74585e-09	1.5594e-09	
1.638	1.74763e-09	1.56088e-09	
1.639	1.74941e-09	1.56235e-09	
1.64	1.75119e-09	1.56382e-09	
1.641	1.75297e-09	1.5653e-09	
1.642	1.75476e-09	1.56677e-09	
1.643	1.75654e-09	1.56825e-09	
1.644	1.75832e-09	1.56973e-09	
1.645	1.76011e-09	1.5712e-09	
1.646	1.7619e-09	1.57268e-09	
1.647	1.76369e-09	1.57416e-09	
1.648	1.76547e-09	1.57564e-09	
1.649	1.76726e-09	1.57712e-09	
1.65	1.76905e-09	1.5786e-09	
1.651	1.77084e-09	1.58007e-09	
1.652	1.77263e-09	1.58155e-09	
1.653	1.77442e-09	1.58304e-09	
1.654	1.77622e-09	1.58452e-09	
1.655	1.77801e-09	1.586e-09	
1.656	1.77981e-09	1.58749e-09	
1.657	1.7816e-09	1.58897e-09	
1.658	1.7834e-09	1.59045e-09	
1.659	1.78519e-09	1.59194e-09	
1.66	1.787e-09	1.59343e-09	
1.661	1.7888e-09	1.59492e-09	
1.662	1.7906e-09	1.59641e-09	
1.663	1.79241e-09	1.5979e-09	
1.664	1.79421e-09	1.59939e-09	
1.665	1.79602e-09	1.60089e-09	
1.666	1.79782e-09	1.60238e-09	
1.667	1.79963e-09	1.60387e-09	
1.668	1.80144e-09	1.60536e-09	
1.669	1.80325e-09	1.60686e-09	
1.67	1.80505e-09	1.60835e-09	
1.671	1.80687e-09	1.60985e-09	
1.672	1.80868e-09	1.61135e-09	
1.673	1.8105e-09	1.61285e-09	
1.674	1.81232e-09	1.61435e-09	
1.675	1.81413e-09	1.61585e-09	
1.676	1.81595e-09	1.61735e-09	
1.677	1.81777e-09	1.61885e-09	
1.678	1.81959e-09	1.62035e-09	
1.679	1.82141e-09	1.62185e-09	
1.68	1.82323e-09	1.62335e-09	
1.681	1.82505e-09	1.62485e-09	
1.682	1.82687e-09	1.62636e-09	
1.683	1.82869e-09	1.62786e-09	
1.684	1.83052e-09	1.62936e-09	
1.685	1.83234e-09	1.63087e-09	
1.686	1.83417e-09	1.63237e-09	
1.687	1.83599e-09	1.63388e-09	
1.688	1.83782e-09	1.63539e-09	
1.689	1.83965e-09	1.63689e-09	
1.69	1.84148e-09	1.6384e-09	
1.691	1.84331e-09	1.63991e-09	
1.692	1.84514e-09	1.64142e-09	
1.693	1.84697e-09	1.64292e-09	
1.694	1.8488e-09	1.64443e-09	
1.695	1.85064e-09	1.64594e-09	
1.696	1.85247e-09	1.64745e-09	
1.697	1.85431e-09	1.64896e-09	
1.698	1.85614e-09	1.65048e-09	
1.699	1.85798e-09	1.65199e-09	
1.7	1.85982e-09	1.65351e-09	
1.701	1.86166e-09	1.65502e-09	
1.702	1.8635e-09	1.65653e-09	
1.703	1.86534e-09	1.65805e-09	
1.704	1.86718e-09	1.65956e-09	
1.705	1.86902e-09	1.66108e-09	
1.706	1.87086e-09	1.66259e-09	
1.707	1.87271e-09	1.66411e-09	
1.708	1.87455e-09	1.66562e-09	
1.709	1.8764e-09	1.66715e-09	
1.71	1.87825e-09	1.66867e-09	
1.711	1.88011e-09	1.6702e-09	
1.712	1.88196e-09	1.67173e-09	
1.713	1.88382e-09	1.67325e-09	
1.714	1.88568e-09	1.67478e-09	
1.715	1.88754e-09	1.67631e-09	
1.716	1.88939e-09	1.67784e-09	
1.717	1.89125e-09	1.67937e-09	
1.718	1.89311e-09	1.6809e-09	
1.719	1.89497e-09	1.68243e-09	
1.72	1.89683e-09	1.68396e-09	
1.721	1.8987e-09	1.68549e-09	
1.722	1.90056e-09	1.68703e-09	
1.723	1.90242e-09	1.68856e-09	
1.724	1.90429e-09	1.6901e-09	
1.725	1.90615e-09	1.69163e-09	
1.726	1.90802e-09	1.69316e-09	
1.727	1.90988e-09	1.6947e-09	
1.728	1.91175e-09	1.69623e-09	
1.729	1.91362e-09	1.69777e-09	
1.73	1.91548e-09	1.6993e-09	
1.731	1.91735e-09	1.70083e-09	
1.732	1.91922e-09	1.70237e-09	
1.733	1.92109e-09	1.7039e-09	
1.734	1.92295e-09	1.70544e-09	
1.735	1.92482e-09	1.70697e-09	
1.736	1.92669e-09	1.70851e-09	
1.737	1.92856e-09	1.71004e-09	
1.738	1.93042e-09	1.71157e-09	
1.739	1.93229e-09	1.71311e-09	
1.74	1.93416e-09	1.71464e-09	
1.741	1.93603e-09	1.71617e-09	
1.742	1.9379e-09	1.71771e-09	
1.743	1.93976e-09	1.71924e-09	
1.744	1.94164e-09	1.72078e-09	
1.745	1.9435e-09	1.72231e-09	
1.746	1.94537e-09	1.72384e-09	
1.747	1.94724e-09	1.72538e-09	
1.748	1.94911e-09	1.72691e-09	
1.749	1.95099e-09	1.72845e-09	
1.75	1.95286e-09	1.72998e-09	
1.751	1.95473e-09	1.73152e-09	
1.752	1.9566e-09	1.73305e-09	
1.753	1.95848e-09	1.73459e-09	
1.754	1.96035e-09	1.73612e-09	
1.755	1.96223e-09	1.73766e-09	
1.756	1.9641e-09	1.7392e-09	
1.757	1.96597e-09	1.74073e-09	
1.758	1.96785e-09	1.74227e-09	
1.759	1.96972e-09	1.74381e-09	
1.76	1.9716e-09	1.74534e-09	
1.761	1.97348e-09	1.74688e-09	
1.762	1.97536e-09	1.74842e-09	
1.763	1.97723e-09	1.74996e-09	
1.764	1.97911e-09	1.75149e-09	
1.765	1.98099e-09	1.75303e-09	
1.766	1.98287e-09	1.75457e-09	
1.767	1.98474e-09	1.75611e-09	
1.768	1.98662e-09	1.75764e-09	
1.769	1.9885e-09	1.75918e-09	
1.77	1.99038e-09	1.76072e-09	
1.771	1.99226e-09	1.76226e-09	
1.772	1.99414e-09	1.76379e-09	
1.773	1.99602e-09	1.76533e-09	
1.774	1.9979e-09	1.76687e-09	
1.775	1.99978e-09	1.7684e-09	
1.776	2.00166e-09	1.76994e-09	
1.777	2.00354e-09	1.77148e-09	
1.778	2.00542e-09	1.77302e-09	
1.779	2.00731e-09	1.77456e-09	
1.78	2.0092e-09	1.77611e-09	
1.781	2.01109e-09	1.77765e-09	
1.782	2.01298e-09	1.7792e-09	
1.783	2.01487e-09	1.78074e-09	
1.784	2.01676e-09	1.78228e-09	
1.785	2.01865e-09	1.78383e-09	
1.786	2.02054e-09	1.78537e-09	
1.787	2.02244e-09	1.78692e-09	
1.788	2.02433e-09	1.78847e-09	
1.789	2.02623e-09	1.79001e-09	
1.79	2.02812e-09	1.79156e-09	
1.791	2.03002e-09	1.79311e-09	
1.792	2.03192e-09	1.79466e-09	
1.793	2.03381e-09	1.79621e-09	
1.794	2.03572e-09	1.79776e-09	
1.795	2.03762e-09	1.79932e-09	
1.796	2.03952e-09	1.80087e-09	
1.797	2.04142e-09	1.80242e-09	
1.798	2.04332e-09	1.80397e-09	
1.799	2.04523e-09	1.80553e-09	
1.8	2.04713e-09	1.80708e-09	
1.801	2.04903e-09	1.80863e-09	
1.802	2.05094e-09	1.81018e-09	
1.803	2.05284e-09	1.81174e-09	
1.804	2.05475e-09	1.81329e-09	
1.805	2.05666e-09	1.81485e-09	
1.806	2.05857e-09	1.81641e-09	
1.807	2.06048e-09	1.81797e-09	
1.808	2.06239e-09	1.81953e-09	
1.809	2.06431e-09	1.82109e-09	
1.81	2.06622e-09	1.82265e-09	
1.811	2.06813e-09	1.82421e-09	
1.812	2.07005e-09	1.82577e-09	
1.813	2.07196e-09	1.82733e-09	
1.814	2.07388e-09	1.82889e-09	
1.815	2.0758e-09	1.83045e-09	
1.816	2.07771e-09	1.83201e-09	
1.817	2.07963e-09	1.83358e-09	
1.818	2.08155e-09	1.83514e-09	
1.819	2.08346e-09	1.8367e-09	
1.82	2.08538e-09	1.83826e-09	
1.821	2.0873e-09	1.83982e-09	
1.822	2.08922e-09	1.84139e-09	
1.823	2.09114e-09	1.84295e-09	
1.824	2.09307e-09	1.84452e-09	
1.825	2.09499e-09	1.84609e-09	
1.826	2.09692e-09	1.84765e-09	
1.827	2.09884e-09	1.84922e-09	
1.828	2.10077e-09	1.85079e-09	
1.829	2.10269e-09	1.85235e-09	
1.83	2.10462e-09	1.85392e-09	
1.831	2.10654e-09	1.85549e-09	
1.832	2.10847e-09	1.85705e-09	
1.833	2.11039e-09	1.85862e-09	
1.834	2.11232e-09	1.86019e-09	
1.835	2.11425e-09	1.86175e-09	
1.836	2.11617e-09	1.86332e-09	
1.837	2.11811e-09	1.8649e-09	
1.838	2.12004e-09	1.86646e-09	
1.839	2.12197e-09	1.86804e-09	
1.84	2.1239e-09	1.86961e-09	
1.841	2.12583e-09	1.87118e-09	
1.842	2.12776e-09	1.87275e-09	
1.843	2.1297e-09	1.87432e-09	
1.844	2.13163e-09	1.87589e-09	
1.845	2.13356e-09	1.87746e-09	
1.846	2.13549e-09	1.87903e-09	
1.847	2.13743e-09	1.8806e-09	
1.848	2.13936e-09	1.88217e-09	
1.849	2.14128e-09	1.88374e-09	
1.85	2.14321e-09	1.88531e-09	
1.851	2.14515e-09	1.88688e-09	
1.852	2.14708e-09	1.88845e-09	
1.853	2.14901e-09	1.89002e-09	
1.854	2.15095e-09	1.89159e-09	
1.855	2.15289e-09	1.89316e-09	
1.856	2.15482e-09	1.89474e-09	
1.857	2.15676e-09	1.89631e-09	
1.858	2.15871e-09	1.89789e-09	
1.859	2.16065e-09	1.89947e-09	
1.86	2.16259e-09	1.90104e-09	
1.861	2.16452e-09	1.90261e-09	
1.862	2.16646e-09	1.90419e-09	
1.863	2.1684e-09	1.90576e-09	
1.864	2.17035e-09	1.90734e-09	
1.865	2.17229e-09	1.90892e-09	
1.866	2.17423e-09	1.91049e-09	
1.867	2.17617e-09	1.91207e-09	
1.868	2.17812e-09	1.91364e-09	
1.869	2.18006e-09	1.91522e-09	
1.87	2.182e-09	1.9168e-09	
1.871	2.18395e-09	1.91837e-09	
1.872	2.18589e-09	1.91995e-09	
1.873	2.18783e-09	1.92152e-09	
1.874	2.18978e-09	1.9231e-09	
1.875	2.19173e-09	1.92468e-09	
1.876	2.19368e-09	1.92626e-09	
1.877	2.19563e-09	1.92784e-09	
1.878	2.19758e-09	1.92942e-09	
1.879	2.19953e-09	1.93101e-09	
1.88	2.20148e-09	1.93258e-09	
1.881	2.20343e-09	1.93416e-09	
1.882	2.20538e-09	1.93574e-09	
1.883	2.20733e-09	1.93732e-09	
1.884	2.20928e-09	1.9389e-09	
1.885	2.21123e-09	1.94048e-09	
1.886	2.21318e-09	1.94206e-09	
1.887	2.21513e-09	1.94364e-09	
1.888	2.21709e-09	1.94522e-09	
1.889	2.21904e-09	1.9468e-09	
1.89	2.221e-09	1.94838e-09	
1.891	2.22296e-09	1.94997e-09	
1.892	2.22491e-09	1.95155e-09	
1.893	2.22687e-09	1.95313e-09	
1.894	2.22883e-09	1.95472e-09	
1.895	2.23079e-09	1.9563e-09	
1.896	2.23275e-09	1.95789e-09	
1.897	2.23471e-09	1.95947e-09	
1.898	2.23667e-09	1.96106e-09	
1.899	2.23864e-09	1.96265e-09	
1.9	2.2406e-09	1.96424e-09	
1.901	2.24257e-09	1.96583e-09	
1.902	2.24454e-09	1.96742e-09	
1.903	2.2465e-09	1.96901e-09	
1.904	2.24847e-09	1.9706e-09	
1.905	2.25044e-09	1.97219e-09	
1.906	2.25241e-09	1.97378e-09	
1.907	2.25437e-09	1.97536e-09	
1.908	2.25634e-09	1.97696e-09	
1.909	2.25832e-09	1.97855e-09	
1.91	2.26029e-09	1.98014e-09	
1.911	2.26227e-09	1.98174e-09	
1.912	2.26425e-09	1.98334e-09	
1.913	2.26623e-09	1.98494e-09	
1.914	2.26821e-09	1.98654e-09	
1.915	2.27019e-09	1.98814e-09	
1.916	2.27218e-09	1.98974e-09	
1.917	2.27417e-09	1.99135e-09	
1.918	2.27616e-09	1.99296e-09	
1.919	2.27816e-09	1.99457e-09	
1.92	2.28015e-09	1.99618e-09	
1.921	2.28215e-09	1.9978e-09	
1.922	2.28415e-09	1.99941e-09	
1.923	2.28615e-09	2.00103e-09	
1.924	2.28815e-09	2.00264e-09	
1.925	2.29015e-09	2.00425e-09	
1.926	2.29216e-09	2.00587e-09	
1.927	2.29417e-09	2.0075e-09	
1.928	2.29617e-09	2.00912e-09	
1.929	2.29818e-09	2.01074e-09	
1.93	2.30019e-09	2.01237e-09	
1.931	2.3022e-09	2.01399e-09	
1.932	2.30421e-09	2.01561e-09	
1.933	2.30623e-09	2.01723e-09	
1.934	2.30824e-09	2.01886e-09	
1.935	2.31025e-09	2.02048e-09	
1.936	2.31226e-09	2.0221e-09	
1.937	2.31427e-09	2.02373e-09	
1.938	2.31628e-09	2.02535e-09	
1.939	2.31829e-09	2.02697e-09	
1.94	2.3203e-09	2.02859e-09	
1.941	2.32232e-09	2.03021e-09	
1.942	2.32433e-09	2.03184e-09	
1.943	2.32634e-09	2.03346e-09	
1.944	2.32835e-09	2.03508e-09	
1.945	2.33036e-09	2.0367e-09	
1.946	2.33238e-09	2.03832e-09	
1.947	2.33439e-09	2.03995e-09	
1.948	2.33641e-09	2.04157e-09	
1.949	2.33843e-09	2.04319e-09	
1.95	2.34045e-09	2.04482e-09	
1.951	2.34247e-09	2.04645e-09	
1.952	2.34449e-09	2.04807e-09	
1.953	2.34651e-09	2.0497e-09	
1.954	2.34853e-09	2.05133e-09	
1.955	2.35056e-09	2.05296e-09	
1.956	2.35258e-09	2.05458e-09	
1.957	2.3546e-09	2.05621e-09	
1.958	2.35663e-09	2.05784e-09	
1.959	2.35867e-09	2.05948e-09	
1.96	2.3607e-09	2.06111e-09	
1.961	2.36273e-09	2.06275e-09	
1.962	2.36477e-09	2.06438e-09	
1.963	2.3668e-09	2.06602e-09	
1.964	2.36884e-09	2.06765e-09	
1.965	2.37087e-09	2.06929e-09	
1.966	2.3729e-09	2.07092e-09	
1.967	2.37494e-09	2.07255e-09	
1.968	2.37697e-09	2.07419e-09	
1.969	2.37901e-09	2.07582e-09	
1.97	2.38105e-09	2.07746e-09	
1.971	2.38308e-09	2.07909e-09	
1.972	2.38512e-09	2.08072e-09	
1.973	2.38716e-09	2.08236e-09	
1.974	2.3892e-09	2.08399e-09	
1.975	2.39123e-09	2.08563e-09	
1.976	2.39327e-09	2.08726e-09	
1.977	2.39532e-09	2.0889e-09	
1.978	2.39736e-09	2.09053e-09	
1.979	2.3994e-09	2.09217e-09	
1.98	2.40144e-09	2.09381e-09	
1.981	2.40349e-09	2.09544e-09	
1.982	2.40553e-09	2.09708e-09	
1.983	2.40758e-09	2.09872e-09	
1.984	2.40963e-09	2.10036e-09	
1.985	2.41167e-09	2.102e-09	
1.986	2.41372e-09	2.10364e-09	
1.987	2.41577e-09	2.10528e-09	
1.988	2.41782e-09	2.10692e-09	
1.989	2.41987e-09	2.10856e-09	
1.99	2.42192e-09	2.1102e-09	
1.991	2.42397e-09	2.11184e-09	
1.992	2.42602e-09	2.11348e-09	
1.993	2.42808e-09	2.11513e-09	
1.994	2.43014e-09	2.11678e-09	
1.995	2.43219e-09	2.11842e-09	
1.996	2.43426e-09	2.12008e-09	
1.997	2.43632e-09	2.12173e-09	
1.998	2.43838e-09	2.12338e-09	
1.999	2.44045e-09	2.12503e-09	
