0.001	9.1433e-10	3.13573e-09	
0.002	2.77669e-09	6.80967e-09	
0.003	5.58296e-09	1.17377e-08	
0.004	9.29104e-09	1.75265e-08	
0.005	1.39056e-08	2.43402e-08	
0.006	1.94484e-08	3.23201e-08	
0.007	2.58781e-08	4.11803e-08	
0.008	3.3188e-08	5.09717e-08	
0.009	4.13843e-08	6.16787e-08	
0.01	5.04574e-08	7.32701e-08	
0.011	6.04024e-08	8.58403e-08	
0.012	7.12296e-08	9.92828e-08	
0.013	8.29436e-08	1.13698e-07	
0.014	9.55227e-08	1.29101e-07	
0.015	1.08943e-07	1.45217e-07	
0.016	1.23217e-07	1.62184e-07	
0.017	1.38374e-07	1.8024e-07	
0.018	1.54379e-07	1.99224e-07	
0.019	1.71216e-07	2.19021e-07	
0.02	1.88913e-07	2.39888e-07	
0.021	2.07417e-07	2.61596e-07	
0.022	2.2675e-07	2.84155e-07	
0.023	2.46891e-07	3.07406e-07	
0.024	2.6783e-07	3.31361e-07	
0.025	2.89604e-07	3.56313e-07	
0.026	3.12202e-07	3.82e-07	
0.027	3.35575e-07	4.08353e-07	
0.028	3.59733e-07	4.35545e-07	
0.029	3.84728e-07	4.63765e-07	
0.03	4.10526e-07	4.92839e-07	
0.031	4.37139e-07	5.22864e-07	
0.032	4.64547e-07	5.53778e-07	
0.033	4.92774e-07	5.85697e-07	
0.034	5.21754e-07	6.18271e-07	
0.035	5.51489e-07	6.51475e-07	
0.036	5.81988e-07	6.85476e-07	
0.037	6.13278e-07	7.20288e-07	
0.038	6.45369e-07	7.55988e-07	
0.039	6.78226e-07	7.92488e-07	
0.04	7.11839e-07	8.29851e-07	
0.041	7.46211e-07	8.67975e-07	
0.042	7.81304e-07	9.06721e-07	
0.043	8.17128e-07	9.46081e-07	
0.044	8.53613e-07	9.86055e-07	
0.045	8.90841e-07	1.02684e-06	
0.046	9.28822e-07	1.06829e-06	
0.047	9.67533e-07	1.11041e-06	
0.048	1.00696e-06	1.1533e-06	
0.049	1.04709e-06	1.19686e-06	
0.05	1.08793e-06	1.24108e-06	
0.051	1.12953e-06	1.2861e-06	
0.052	1.17187e-06	1.33179e-06	
0.053	1.21491e-06	1.37822e-06	
0.054	1.2587e-06	1.42557e-06	
0.055	1.30316e-06	1.47358e-06	
0.056	1.34833e-06	1.52239e-06	
0.057	1.39417e-06	1.57181e-06	
0.058	1.44075e-06	1.62189e-06	
0.059	1.48801e-06	1.67264e-06	
0.06	1.53597e-06	1.72414e-06	
0.061	1.5846e-06	1.77628e-06	
0.062	1.63397e-06	1.82922e-06	
0.063	1.68399e-06	1.88289e-06	
0.064	1.73471e-06	1.93742e-06	
0.065	1.78607e-06	1.99263e-06	
0.066	1.83807e-06	2.04875e-06	
0.067	1.89076e-06	2.1056e-06	
0.068	1.94406e-06	2.16309e-06	
0.069	1.99805e-06	2.2213e-06	
0.07	2.05269e-06	2.28022e-06	
0.071	2.10801e-06	2.33981e-06	
0.072	2.16397e-06	2.40013e-06	
0.073	2.22058e-06	2.46109e-06	
0.074	2.27783e-06	2.52284e-06	
0.075	2.33573e-06	2.58532e-06	
0.076	2.39421e-06	2.64836e-06	
0.077	2.45331e-06	2.71214e-06	
0.078	2.51305e-06	2.77662e-06	
0.079	2.57347e-06	2.84197e-06	
0.08	2.63448e-06	2.90794e-06	
0.081	2.69616e-06	2.9745e-06	
0.082	2.75846e-06	3.0418e-06	
0.083	2.82132e-06	3.10964e-06	
0.084	2.88486e-06	3.17828e-06	
0.085	2.949e-06	3.24765e-06	
0.086	3.01378e-06	3.31784e-06	
0.087	3.07916e-06	3.38867e-06	
0.088	3.14532e-06	3.46022e-06	
0.089	3.2121e-06	3.53234e-06	
0.09	3.27954e-06	3.60522e-06	
0.091	3.3475e-06	3.67871e-06	
0.092	3.41604e-06	3.75288e-06	
0.093	3.48518e-06	3.82779e-06	
0.094	3.55486e-06	3.90325e-06	
0.095	3.62512e-06	3.97939e-06	
0.096	3.69596e-06	4.05623e-06	
0.097	3.7674e-06	4.1337e-06	
0.098	3.8394e-06	4.21187e-06	
0.099	3.91201e-06	4.29072e-06	
0.1	3.9852e-06	4.37029e-06	
0.101	4.05897e-06	4.45052e-06	
0.102	4.13333e-06	4.53142e-06	
0.103	4.2082e-06	4.61289e-06	
0.104	4.2837e-06	4.6951e-06	
0.105	4.35972e-06	4.77789e-06	
0.106	4.43624e-06	4.86124e-06	
0.107	4.51327e-06	4.94509e-06	
0.108	4.59084e-06	5.0295e-06	
0.109	4.66904e-06	5.11456e-06	
0.11	4.74778e-06	5.20022e-06	
0.111	4.82705e-06	5.28643e-06	
0.112	4.90684e-06	5.37317e-06	
0.113	4.98706e-06	5.46035e-06	
0.114	5.06784e-06	5.54826e-06	
0.115	5.14922e-06	5.63682e-06	
0.116	5.23112e-06	5.72599e-06	
0.117	5.31349e-06	5.81562e-06	
0.118	5.39648e-06	5.90587e-06	
0.119	5.47993e-06	5.99663e-06	
0.12	5.56392e-06	6.08806e-06	
0.121	5.64845e-06	6.18014e-06	
0.122	5.73349e-06	6.27282e-06	
0.123	5.81904e-06	6.3661e-06	
0.124	5.90513e-06	6.4599e-06	
0.125	5.99178e-06	6.55436e-06	
0.126	6.07897e-06	6.64942e-06	
0.127	6.16663e-06	6.74494e-06	
0.128	6.25481e-06	6.84107e-06	
0.129	6.34355e-06	6.93794e-06	
0.13	6.43278e-06	7.03542e-06	
0.131	6.52245e-06	7.13335e-06	
0.132	6.61269e-06	7.23185e-06	
0.133	6.70341e-06	7.33088e-06	
0.134	6.79459e-06	7.43036e-06	
0.135	6.88634e-06	7.5305e-06	
0.136	6.97863e-06	7.6312e-06	
0.137	7.07146e-06	7.73258e-06	
0.138	7.16479e-06	7.83463e-06	
0.139	7.25866e-06	7.93741e-06	
0.14	7.35301e-06	8.04077e-06	
0.141	7.44784e-06	8.14463e-06	
0.142	7.54311e-06	8.24899e-06	
0.143	7.63886e-06	8.35387e-06	
0.144	7.73507e-06	8.45933e-06	
0.145	7.83176e-06	8.56532e-06	
0.146	7.92891e-06	8.67173e-06	
0.147	8.02663e-06	8.7788e-06	
0.148	8.12481e-06	8.8865e-06	
0.149	8.22346e-06	8.99466e-06	
0.15	8.32262e-06	9.10344e-06	
0.151	8.42226e-06	9.21276e-06	
0.152	8.52242e-06	9.32265e-06	
0.153	8.62306e-06	9.4331e-06	
0.154	8.72417e-06	9.54413e-06	
0.155	8.82571e-06	9.65572e-06	
0.156	8.92768e-06	9.76789e-06	
0.157	9.02994e-06	9.88055e-06	
0.158	9.13251e-06	9.99369e-06	
0.159	9.23563e-06	1.01074e-05	
0.16	9.3393e-06	1.02219e-05	
0.161	9.44334e-06	1.03367e-05	
0.162	9.54788e-06	1.04521e-05	
0.163	9.65276e-06	1.05678e-05	
0.164	9.75807e-06	1.0684e-05	
0.165	9.86382e-06	1.08008e-05	
0.166	9.97003e-06	1.09182e-05	
0.167	1.00766e-05	1.10361e-05	
0.168	1.01837e-05	1.11546e-05	
0.169	1.02912e-05	1.12736e-05	
0.17	1.03992e-05	1.1393e-05	
0.171	1.05076e-05	1.15129e-05	
0.172	1.06164e-05	1.16332e-05	
0.173	1.07255e-05	1.17541e-05	
0.174	1.08351e-05	1.18755e-05	
0.175	1.09451e-05	1.19973e-05	
0.176	1.10556e-05	1.21198e-05	
0.177	1.11667e-05	1.22429e-05	
0.178	1.12782e-05	1.23666e-05	
0.179	1.13901e-05	1.24906e-05	
0.18	1.15024e-05	1.26149e-05	
0.181	1.16149e-05	1.27396e-05	
0.182	1.17276e-05	1.28645e-05	
0.183	1.18407e-05	1.29899e-05	
0.184	1.19544e-05	1.3116e-05	
0.185	1.20686e-05	1.32425e-05	
0.186	1.21833e-05	1.33697e-05	
0.187	1.22984e-05	1.34974e-05	
0.188	1.2414e-05	1.36255e-05	
0.189	1.253e-05	1.37541e-05	
0.19	1.26463e-05	1.38832e-05	
0.191	1.27631e-05	1.40126e-05	
0.192	1.28804e-05	1.41426e-05	
0.193	1.29981e-05	1.42731e-05	
0.194	1.31162e-05	1.44041e-05	
0.195	1.32348e-05	1.45356e-05	
0.196	1.33539e-05	1.46676e-05	
0.197	1.34733e-05	1.48e-05	
0.198	1.3593e-05	1.49327e-05	
0.199	1.37131e-05	1.50658e-05	
0.2	1.38336e-05	1.51994e-05	
0.201	1.39542e-05	1.5333e-05	
0.202	1.40753e-05	1.54671e-05	
0.203	1.41967e-05	1.56016e-05	
0.204	1.43186e-05	1.57367e-05	
0.205	1.44409e-05	1.58722e-05	
0.206	1.45635e-05	1.60081e-05	
0.207	1.46865e-05	1.61442e-05	
0.208	1.48098e-05	1.62808e-05	
0.209	1.49336e-05	1.64179e-05	
0.21	1.50577e-05	1.65553e-05	
0.211	1.51822e-05	1.66931e-05	
0.212	1.5307e-05	1.68314e-05	
0.213	1.54321e-05	1.69701e-05	
0.214	1.55573e-05	1.71091e-05	
0.215	1.5683e-05	1.72485e-05	
0.216	1.58092e-05	1.73884e-05	
0.217	1.59357e-05	1.75289e-05	
0.218	1.60627e-05	1.76699e-05	
0.219	1.619e-05	1.78113e-05	
0.22	1.63174e-05	1.7953e-05	
0.221	1.64452e-05	1.80952e-05	
0.222	1.65732e-05	1.82376e-05	
0.223	1.67015e-05	1.83805e-05	
0.224	1.68303e-05	1.85239e-05	
0.225	1.69592e-05	1.86676e-05	
0.226	1.70885e-05	1.88116e-05	
0.227	1.72181e-05	1.8956e-05	
0.228	1.73481e-05	1.91008e-05	
0.229	1.74784e-05	1.92461e-05	
0.23	1.76091e-05	1.93919e-05	
0.231	1.77402e-05	1.95381e-05	
0.232	1.78716e-05	1.96847e-05	
0.233	1.80034e-05	1.98318e-05	
0.234	1.81357e-05	1.99793e-05	
0.235	1.82681e-05	2.01272e-05	
0.236	1.84008e-05	2.02754e-05	
0.237	1.8534e-05	2.04242e-05	
0.238	1.86677e-05	2.05735e-05	
0.239	1.88015e-05	2.07231e-05	
0.24	1.89357e-05	2.0873e-05	
0.241	1.90701e-05	2.10232e-05	
0.242	1.92048e-05	2.1174e-05	
0.243	1.93398e-05	2.1325e-05	
0.244	1.9475e-05	2.14762e-05	
0.245	1.96104e-05	2.16278e-05	
0.246	1.97463e-05	2.17798e-05	
0.247	1.98824e-05	2.19321e-05	
0.248	2.00188e-05	2.20849e-05	
0.249	2.01554e-05	2.2238e-05	
0.25	2.02926e-05	2.23916e-05	
0.251	2.04301e-05	2.25457e-05	
0.252	2.0568e-05	2.27003e-05	
0.253	2.07063e-05	2.28553e-05	
0.254	2.08449e-05	2.30107e-05	
0.255	2.09838e-05	2.31663e-05	
0.256	2.1123e-05	2.33223e-05	
0.257	2.12625e-05	2.34787e-05	
0.258	2.14025e-05	2.36355e-05	
0.259	2.15427e-05	2.37927e-05	
0.26	2.16833e-05	2.39502e-05	
0.261	2.18241e-05	2.41081e-05	
0.262	2.19653e-05	2.42663e-05	
0.263	2.21067e-05	2.44246e-05	
0.264	2.22485e-05	2.45835e-05	
0.265	2.23905e-05	2.47426e-05	
0.266	2.25327e-05	2.4902e-05	
0.267	2.26752e-05	2.50618e-05	
0.268	2.28181e-05	2.5222e-05	
0.269	2.29612e-05	2.53825e-05	
0.27	2.31045e-05	2.55432e-05	
0.271	2.3248e-05	2.57041e-05	
0.272	2.33918e-05	2.58654e-05	
0.273	2.35361e-05	2.60273e-05	
0.274	2.36808e-05	2.61896e-05	
0.275	2.38258e-05	2.63522e-05	
0.276	2.39709e-05	2.65151e-05	
0.277	2.41162e-05	2.66781e-05	
0.278	2.42618e-05	2.68415e-05	
0.279	2.44077e-05	2.70055e-05	
0.28	2.45538e-05	2.71697e-05	
0.281	2.47003e-05	2.73344e-05	
0.282	2.48471e-05	2.74995e-05	
0.283	2.49941e-05	2.76648e-05	
0.284	2.51414e-05	2.78304e-05	
0.285	2.52889e-05	2.79962e-05	
0.286	2.54367e-05	2.81625e-05	
0.287	2.55849e-05	2.83291e-05	
0.288	2.57333e-05	2.84961e-05	
0.289	2.5882e-05	2.86634e-05	
0.29	2.60311e-05	2.8831e-05	
0.291	2.61804e-05	2.89989e-05	
0.292	2.63299e-05	2.91671e-05	
0.293	2.64795e-05	2.93353e-05	
0.294	2.66293e-05	2.95036e-05	
0.295	2.67792e-05	2.96722e-05	
0.296	2.69295e-05	2.98413e-05	
0.297	2.70801e-05	3.00108e-05	
0.298	2.7231e-05	3.01805e-05	
0.299	2.7382e-05	3.03505e-05	
0.3	2.75332e-05	3.05208e-05	
0.301	2.76849e-05	3.06916e-05	
0.302	2.78369e-05	3.08628e-05	
0.303	2.79891e-05	3.10343e-05	
0.304	2.81415e-05	3.12062e-05	
0.305	2.82942e-05	3.13785e-05	
0.306	2.84471e-05	3.15511e-05	
0.307	2.86003e-05	3.17241e-05	
0.308	2.87538e-05	3.18973e-05	
0.309	2.89075e-05	3.2071e-05	
0.31	2.90612e-05	3.22447e-05	
0.311	2.92153e-05	3.24189e-05	
0.312	2.93697e-05	3.25935e-05	
0.313	2.95245e-05	3.27686e-05	
0.314	2.96795e-05	3.2944e-05	
0.315	2.98347e-05	3.31197e-05	
0.316	2.99902e-05	3.32956e-05	
0.317	3.01459e-05	3.34717e-05	
0.318	3.03019e-05	3.36482e-05	
0.319	3.04582e-05	3.38251e-05	
0.32	3.06145e-05	3.4002e-05	
0.321	3.0771e-05	3.41792e-05	
0.322	3.09276e-05	3.43564e-05	
0.323	3.10844e-05	3.45338e-05	
0.324	3.12413e-05	3.47116e-05	
0.325	3.13984e-05	3.48893e-05	
0.326	3.15558e-05	3.50675e-05	
0.327	3.17134e-05	3.52458e-05	
0.328	3.18713e-05	3.54244e-05	
0.329	3.20294e-05	3.56033e-05	
0.33	3.21878e-05	3.57824e-05	
0.331	3.23464e-05	3.5962e-05	
0.332	3.25053e-05	3.61419e-05	
0.333	3.26644e-05	3.63222e-05	
0.334	3.28236e-05	3.65025e-05	
0.335	3.29829e-05	3.6683e-05	
0.336	3.31424e-05	3.68636e-05	
0.337	3.33021e-05	3.70444e-05	
0.338	3.34619e-05	3.72254e-05	
0.339	3.36219e-05	3.74065e-05	
0.34	3.37821e-05	3.7588e-05	
0.341	3.39424e-05	3.77697e-05	
0.342	3.4103e-05	3.79519e-05	
0.343	3.4264e-05	3.81344e-05	
0.344	3.44252e-05	3.83171e-05	
0.345	3.45866e-05	3.85e-05	
0.346	3.47483e-05	3.86833e-05	
0.347	3.49102e-05	3.88667e-05	
0.348	3.50723e-05	3.90503e-05	
0.349	3.52345e-05	3.9234e-05	
0.35	3.5397e-05	3.9418e-05	
0.351	3.55595e-05	3.96022e-05	
0.352	3.57225e-05	3.97867e-05	
0.353	3.58854e-05	3.99713e-05	
0.354	3.60481e-05	4.01555e-05	
0.355	3.6211e-05	4.03399e-05	
0.356	3.63741e-05	4.05246e-05	
0.357	3.65375e-05	4.07096e-05	
0.358	3.67011e-05	4.08949e-05	
0.359	3.6865e-05	4.10806e-05	
0.36	3.70294e-05	4.12669e-05	
0.361	3.7194e-05	4.14534e-05	
0.362	3.73589e-05	4.16403e-05	
0.363	3.75243e-05	4.18277e-05	
0.364	3.769e-05	4.20156e-05	
0.365	3.78557e-05	4.22034e-05	
0.366	3.80217e-05	4.23916e-05	
0.367	3.81878e-05	4.25799e-05	
0.368	3.83541e-05	4.27684e-05	
0.369	3.85207e-05	4.29572e-05	
0.37	3.86874e-05	4.31463e-05	
0.371	3.88544e-05	4.33356e-05	
0.372	3.90216e-05	4.35253e-05	
0.373	3.91891e-05	4.37152e-05	
0.374	3.93567e-05	4.39053e-05	
0.375	3.95244e-05	4.40957e-05	
0.376	3.96924e-05	4.42864e-05	
0.377	3.98605e-05	4.44773e-05	
0.378	4.00291e-05	4.46687e-05	
0.379	4.01979e-05	4.48605e-05	
0.38	4.03668e-05	4.50525e-05	
0.381	4.0536e-05	4.52448e-05	
0.382	4.07054e-05	4.54373e-05	
0.383	4.0875e-05	4.56301e-05	
0.384	4.10447e-05	4.58231e-05	
0.385	4.12146e-05	4.60162e-05	
0.386	4.13846e-05	4.62097e-05	
0.387	4.15548e-05	4.64033e-05	
0.388	4.17252e-05	4.65972e-05	
0.389	4.18958e-05	4.67913e-05	
0.39	4.20664e-05	4.69854e-05	
0.391	4.22372e-05	4.71798e-05	
0.392	4.24082e-05	4.73745e-05	
0.393	4.25794e-05	4.75693e-05	
0.394	4.27506e-05	4.77642e-05	
0.395	4.29219e-05	4.79593e-05	
0.396	4.30934e-05	4.81547e-05	
0.397	4.32648e-05	4.835e-05	
0.398	4.34365e-05	4.85456e-05	
0.399	4.36085e-05	4.87415e-05	
0.4	4.37806e-05	4.89377e-05	
0.401	4.39529e-05	4.9134e-05	
0.402	4.41251e-05	4.93303e-05	
0.403	4.42975e-05	4.95268e-05	
0.404	4.44701e-05	4.97236e-05	
0.405	4.46427e-05	4.99204e-05	
0.406	4.48152e-05	5.01171e-05	
0.407	4.49878e-05	5.0314e-05	
0.408	4.51606e-05	5.05112e-05	
0.409	4.53338e-05	5.07087e-05	
0.41	4.55073e-05	5.09067e-05	
0.411	4.5681e-05	5.11049e-05	
0.412	4.58549e-05	5.13033e-05	
0.413	4.60288e-05	5.15017e-05	
0.414	4.62028e-05	5.17002e-05	
0.415	4.63771e-05	5.18992e-05	
0.416	4.65516e-05	5.20982e-05	
0.417	4.67262e-05	5.22975e-05	
0.418	4.69011e-05	5.2497e-05	
0.419	4.70762e-05	5.26967e-05	
0.42	4.72515e-05	5.28965e-05	
0.421	4.74268e-05	5.30965e-05	
0.422	4.76025e-05	5.32968e-05	
0.423	4.77782e-05	5.34973e-05	
0.424	4.79541e-05	5.36979e-05	
0.425	4.81301e-05	5.38987e-05	
0.426	4.83063e-05	5.40998e-05	
0.427	4.84827e-05	5.4301e-05	
0.428	4.8659e-05	5.45022e-05	
0.429	4.88355e-05	5.47036e-05	
0.43	4.90121e-05	5.49051e-05	
0.431	4.9189e-05	5.51069e-05	
0.432	4.93661e-05	5.5309e-05	
0.433	4.95432e-05	5.55111e-05	
0.434	4.97205e-05	5.57134e-05	
0.435	4.98981e-05	5.5916e-05	
0.436	5.00755e-05	5.61184e-05	
0.437	5.02528e-05	5.63206e-05	
0.438	5.04299e-05	5.65225e-05	
0.439	5.06072e-05	5.67247e-05	
0.44	5.07849e-05	5.69272e-05	
0.441	5.09626e-05	5.71298e-05	
0.442	5.11404e-05	5.73324e-05	
0.443	5.13184e-05	5.75351e-05	
0.444	5.14963e-05	5.77379e-05	
0.445	5.16744e-05	5.79408e-05	
0.446	5.18523e-05	5.81435e-05	
0.447	5.20304e-05	5.83464e-05	
0.448	5.22087e-05	5.85494e-05	
0.449	5.23873e-05	5.8753e-05	
0.45	5.25662e-05	5.89568e-05	
0.451	5.27452e-05	5.91607e-05	
0.452	5.29245e-05	5.93649e-05	
0.453	5.3104e-05	5.95696e-05	
0.454	5.32838e-05	5.97744e-05	
0.455	5.34638e-05	5.99797e-05	
0.456	5.36442e-05	6.01851e-05	
0.457	5.38248e-05	6.03909e-05	
0.458	5.40055e-05	6.05968e-05	
0.459	5.41862e-05	6.08026e-05	
0.46	5.43672e-05	6.10088e-05	
0.461	5.45481e-05	6.12148e-05	
0.462	5.4729e-05	6.14209e-05	
0.463	5.49101e-05	6.16271e-05	
0.464	5.50912e-05	6.18335e-05	
0.465	5.52724e-05	6.20398e-05	
0.466	5.54534e-05	6.2246e-05	
0.467	5.56346e-05	6.24523e-05	
0.468	5.58157e-05	6.26586e-05	
0.469	5.59969e-05	6.2865e-05	
0.47	5.61781e-05	6.30715e-05	
0.471	5.63595e-05	6.32781e-05	
0.472	5.65411e-05	6.34849e-05	
0.473	5.67228e-05	6.36919e-05	
0.474	5.69046e-05	6.3899e-05	
0.475	5.70863e-05	6.41059e-05	
0.476	5.72682e-05	6.4313e-05	
0.477	5.74501e-05	6.45202e-05	
0.478	5.76322e-05	6.47277e-05	
0.479	5.78144e-05	6.49353e-05	
0.48	5.79967e-05	6.51431e-05	
0.481	5.81793e-05	6.5351e-05	
0.482	5.83618e-05	6.5559e-05	
0.483	5.85445e-05	6.57671e-05	
0.484	5.87274e-05	6.59754e-05	
0.485	5.89103e-05	6.61838e-05	
0.486	5.90931e-05	6.63919e-05	
0.487	5.9276e-05	6.66002e-05	
0.488	5.94589e-05	6.68086e-05	
0.489	5.9642e-05	6.70172e-05	
0.49	5.98253e-05	6.72261e-05	
0.491	6.00082e-05	6.74344e-05	
0.492	6.01913e-05	6.76429e-05	
0.493	6.03744e-05	6.78514e-05	
0.494	6.05576e-05	6.80602e-05	
0.495	6.07408e-05	6.82689e-05	
0.496	6.09242e-05	6.84779e-05	
0.497	6.11077e-05	6.86869e-05	
0.498	6.12915e-05	6.88964e-05	
0.499	6.14755e-05	6.91061e-05	
0.5	6.16592e-05	6.93156e-05	
0.501	6.18427e-05	6.95248e-05	
0.502	6.20262e-05	6.9734e-05	
0.503	6.22099e-05	6.99434e-05	
0.504	6.23937e-05	7.01529e-05	
0.505	6.2578e-05	7.03629e-05	
0.506	6.27624e-05	7.0573e-05	
0.507	6.2947e-05	7.07834e-05	
0.508	6.31318e-05	7.09941e-05	
0.509	6.33168e-05	7.12048e-05	
0.51	6.35017e-05	7.14155e-05	
0.511	6.36864e-05	7.1626e-05	
0.512	6.38711e-05	7.18364e-05	
0.513	6.4056e-05	7.2047e-05	
0.514	6.42409e-05	7.22577e-05	
0.515	6.44258e-05	7.24684e-05	
0.516	6.46109e-05	7.26794e-05	
0.517	6.47963e-05	7.28907e-05	
0.518	6.49818e-05	7.31022e-05	
0.519	6.51671e-05	7.33135e-05	
0.52	6.53523e-05	7.35246e-05	
0.521	6.55374e-05	7.37356e-05	
0.522	6.57226e-05	7.39467e-05	
0.523	6.5908e-05	7.41581e-05	
0.524	6.60935e-05	7.43696e-05	
0.525	6.62791e-05	7.45814e-05	
0.526	6.64649e-05	7.47935e-05	
0.527	6.66508e-05	7.50057e-05	
0.528	6.68369e-05	7.52181e-05	
0.529	6.70229e-05	7.54305e-05	
0.53	6.7209e-05	7.5643e-05	
0.531	6.7395e-05	7.58554e-05	
0.532	6.75811e-05	7.6068e-05	
0.533	6.77673e-05	7.62807e-05	
0.534	6.79535e-05	7.64937e-05	
0.535	6.81399e-05	7.67066e-05	
0.536	6.83263e-05	7.69198e-05	
0.537	6.85128e-05	7.71331e-05	
0.538	6.86993e-05	7.73463e-05	
0.539	6.88859e-05	7.75597e-05	
0.54	6.90726e-05	7.77731e-05	
0.541	6.92593e-05	7.79865e-05	
0.542	6.9446e-05	7.81999e-05	
0.543	6.96327e-05	7.84132e-05	
0.544	6.98195e-05	7.86267e-05	
0.545	7.00064e-05	7.88404e-05	
0.546	7.01934e-05	7.90542e-05	
0.547	7.03806e-05	7.92682e-05	
0.548	7.0568e-05	7.94825e-05	
0.549	7.07554e-05	7.96967e-05	
0.55	7.09428e-05	7.9911e-05	
0.551	7.11304e-05	8.01255e-05	
0.552	7.13184e-05	8.03406e-05	
0.553	7.15065e-05	8.0556e-05	
0.554	7.16949e-05	8.07716e-05	
0.555	7.18835e-05	8.09875e-05	
0.556	7.20723e-05	8.12036e-05	
0.557	7.22614e-05	8.142e-05	
0.558	7.24508e-05	8.16369e-05	
0.559	7.26403e-05	8.18538e-05	
0.56	7.28297e-05	8.20706e-05	
0.561	7.30192e-05	8.22877e-05	
0.562	7.32089e-05	8.25049e-05	
0.563	7.33987e-05	8.27223e-05	
0.564	7.35884e-05	8.29396e-05	
0.565	7.3778e-05	8.3157e-05	
0.566	7.39677e-05	8.33744e-05	
0.567	7.41573e-05	8.35917e-05	
0.568	7.4347e-05	8.38092e-05	
0.569	7.45369e-05	8.40269e-05	
0.57	7.47271e-05	8.42449e-05	
0.571	7.4918e-05	8.44638e-05	
0.572	7.51087e-05	8.46825e-05	
0.573	7.52995e-05	8.49013e-05	
0.574	7.54905e-05	8.51203e-05	
0.575	7.56816e-05	8.53395e-05	
0.576	7.58729e-05	8.5559e-05	
0.577	7.60646e-05	8.57788e-05	
0.578	7.62561e-05	8.59986e-05	
0.579	7.64478e-05	8.62186e-05	
0.58	7.66396e-05	8.64387e-05	
0.581	7.68313e-05	8.66588e-05	
0.582	7.70233e-05	8.68792e-05	
0.583	7.72154e-05	8.70998e-05	
0.584	7.74075e-05	8.73206e-05	
0.585	7.75998e-05	8.75415e-05	
0.586	7.77922e-05	8.77625e-05	
0.587	7.79845e-05	8.79835e-05	
0.588	7.81769e-05	8.82046e-05	
0.589	7.83694e-05	8.84259e-05	
0.59	7.8562e-05	8.86473e-05	
0.591	7.87546e-05	8.88687e-05	
0.592	7.89473e-05	8.90904e-05	
0.593	7.91402e-05	8.93122e-05	
0.594	7.93329e-05	8.95339e-05	
0.595	7.95255e-05	8.97554e-05	
0.596	7.97177e-05	8.99765e-05	
0.597	7.99098e-05	9.01974e-05	
0.598	8.01019e-05	9.04185e-05	
0.599	8.02942e-05	9.06397e-05	
0.6	8.04866e-05	9.08611e-05	
0.601	8.06791e-05	9.10827e-05	
0.602	8.08717e-05	9.13046e-05	
0.603	8.10643e-05	9.15264e-05	
0.604	8.1257e-05	9.17485e-05	
0.605	8.14496e-05	9.19704e-05	
0.606	8.16425e-05	9.21927e-05	
0.607	8.18354e-05	9.24151e-05	
0.608	8.20284e-05	9.26377e-05	
0.609	8.22216e-05	9.28605e-05	
0.61	8.24151e-05	9.30838e-05	
0.611	8.26088e-05	9.33073e-05	
0.612	8.28026e-05	9.3531e-05	
0.613	8.29964e-05	9.37547e-05	
0.614	8.31905e-05	9.39789e-05	
0.615	8.33843e-05	9.42027e-05	
0.616	8.35782e-05	9.44266e-05	
0.617	8.37722e-05	9.46507e-05	
0.618	8.39661e-05	9.48748e-05	
0.619	8.41598e-05	9.50987e-05	
0.62	8.43535e-05	9.53225e-05	
0.621	8.45474e-05	9.55466e-05	
0.622	8.47409e-05	9.57703e-05	
0.623	8.49343e-05	9.5994e-05	
0.624	8.51278e-05	9.62178e-05	
0.625	8.53215e-05	9.64418e-05	
0.626	8.55152e-05	9.6666e-05	
0.627	8.5709e-05	9.68902e-05	
0.628	8.59029e-05	9.71146e-05	
0.629	8.60969e-05	9.7339e-05	
0.63	8.6291e-05	9.75637e-05	
0.631	8.64849e-05	9.77883e-05	
0.632	8.6679e-05	9.80129e-05	
0.633	8.68728e-05	9.82374e-05	
0.634	8.70666e-05	9.84619e-05	
0.635	8.72599e-05	9.86859e-05	
0.636	8.74535e-05	9.89102e-05	
0.637	8.76471e-05	9.91345e-05	
0.638	8.78407e-05	9.93589e-05	
0.639	8.80345e-05	9.95835e-05	
0.64	8.82283e-05	9.98083e-05	
0.641	8.84221e-05	0.000100033	
0.642	8.86159e-05	0.000100258	
0.643	8.88097e-05	0.000100483	
0.644	8.90036e-05	0.000100708	
0.645	8.91977e-05	0.000100933	
0.646	8.93919e-05	0.000101158	
0.647	8.95861e-05	0.000101384	
0.648	8.97804e-05	0.000101609	
0.649	8.99746e-05	0.000101835	
0.65	9.01687e-05	0.00010206	
0.651	9.03629e-05	0.000102285	
0.652	9.05571e-05	0.000102511	
0.653	9.07512e-05	0.000102736	
0.654	9.09453e-05	0.000102961	
0.655	9.11395e-05	0.000103187	
0.656	9.13336e-05	0.000103412	
0.657	9.15279e-05	0.000103638	
0.658	9.17224e-05	0.000103864	
0.659	9.19169e-05	0.00010409	
0.66	9.21118e-05	0.000104316	
0.661	9.23068e-05	0.000104543	
0.662	9.2502e-05	0.00010477	
0.663	9.26974e-05	0.000104997	
0.664	9.28928e-05	0.000105224	
0.665	9.30881e-05	0.000105451	
0.666	9.32833e-05	0.000105678	
0.667	9.34785e-05	0.000105905	
0.668	9.36736e-05	0.000106132	
0.669	9.38688e-05	0.000106359	
0.67	9.40639e-05	0.000106586	
0.671	9.42591e-05	0.000106813	
0.672	9.44542e-05	0.000107041	
0.673	9.46493e-05	0.000107268	
0.674	9.48443e-05	0.000107495	
0.675	9.50396e-05	0.000107722	
0.676	9.52352e-05	0.00010795	
0.677	9.54306e-05	0.000108178	
0.678	9.5626e-05	0.000108405	
0.679	9.58216e-05	0.000108633	
0.68	9.60172e-05	0.000108861	
0.681	9.62131e-05	0.000109089	
0.682	9.64089e-05	0.000109317	
0.683	9.66047e-05	0.000109545	
0.684	9.68003e-05	0.000109773	
0.685	9.69958e-05	0.00011	
0.686	9.71913e-05	0.000110228	
0.687	9.73868e-05	0.000110456	
0.688	9.75822e-05	0.000110683	
0.689	9.77778e-05	0.000110911	
0.69	9.79733e-05	0.000111139	
0.691	9.81689e-05	0.000111367	
0.692	9.83645e-05	0.000111595	
0.693	9.85601e-05	0.000111823	
0.694	9.87557e-05	0.000112051	
0.695	9.89515e-05	0.000112279	
0.696	9.91469e-05	0.000112507	
0.697	9.93422e-05	0.000112735	
0.698	9.95374e-05	0.000112962	
0.699	9.97327e-05	0.00011319	
0.7	9.99281e-05	0.000113418	
0.701	0.000100124	0.000113646	
0.702	0.000100319	0.000113874	
0.703	0.000100515	0.000114102	
0.704	0.00010071	0.00011433	
0.705	0.000100906	0.000114559	
0.706	0.000101101	0.000114787	
0.707	0.000101297	0.000115016	
0.708	0.000101492	0.000115244	
0.709	0.000101688	0.000115472	
0.71	0.000101883	0.000115701	
0.711	0.000102079	0.000115929	
0.712	0.000102275	0.000116158	
0.713	0.00010247	0.000116387	
0.714	0.000102666	0.000116615	
0.715	0.000102861	0.000116843	
0.716	0.000103057	0.000117072	
0.717	0.000103252	0.000117301	
0.718	0.000103448	0.000117529	
0.719	0.000103644	0.000117758	
0.72	0.000103839	0.000117987	
0.721	0.000104035	0.000118216	
0.722	0.000104231	0.000118445	
0.723	0.000104427	0.000118674	
0.724	0.000104622	0.000118903	
0.725	0.000104818	0.000119132	
0.726	0.000105014	0.000119361	
0.727	0.00010521	0.000119591	
0.728	0.000105407	0.000119821	
0.729	0.000105603	0.000120051	
0.73	0.0001058	0.000120281	
0.731	0.000105996	0.000120511	
0.732	0.000106193	0.000120741	
0.733	0.000106389	0.00012097	
0.734	0.000106585	0.0001212	
0.735	0.000106781	0.00012143	
0.736	0.000106978	0.00012166	
0.737	0.000107175	0.00012189	
0.738	0.000107371	0.000122121	
0.739	0.000107568	0.000122351	
0.74	0.000107765	0.000122582	
0.741	0.000107961	0.000122812	
0.742	0.000108158	0.000123043	
0.743	0.000108355	0.000123273	
0.744	0.000108552	0.000123504	
0.745	0.000108749	0.000123734	
0.746	0.000108945	0.000123965	
0.747	0.000109142	0.000124196	
0.748	0.000109339	0.000124427	
0.749	0.000109536	0.000124658	
0.75	0.000109733	0.000124889	
0.751	0.00010993	0.00012512	
0.752	0.000110127	0.000125351	
0.753	0.000110324	0.000125583	
0.754	0.000110521	0.000125814	
0.755	0.000110718	0.000126045	
0.756	0.000110915	0.000126276	
0.757	0.000111113	0.000126508	
0.758	0.00011131	0.000126739	
0.759	0.000111507	0.000126971	
0.76	0.000111704	0.000127202	
0.761	0.000111901	0.000127434	
0.762	0.000112098	0.000127665	
0.763	0.000112296	0.000127897	
0.764	0.000112493	0.000128128	
0.765	0.00011269	0.00012836	
0.766	0.000112887	0.000128592	
0.767	0.000113084	0.000128823	
0.768	0.000113281	0.000129055	
0.769	0.000113479	0.000129287	
0.77	0.000113676	0.000129519	
0.771	0.000113873	0.00012975	
0.772	0.00011407	0.000129982	
0.773	0.000114266	0.000130213	
0.774	0.000114463	0.000130444	
0.775	0.00011466	0.000130675	
0.776	0.000114856	0.000130906	
0.777	0.000115053	0.000131137	
0.778	0.000115249	0.000131368	
0.779	0.000115445	0.000131598	
0.78	0.000115642	0.000131829	
0.781	0.000115838	0.00013206	
0.782	0.000116034	0.000132291	
0.783	0.000116231	0.000132522	
0.784	0.000116427	0.000132753	
0.785	0.000116623	0.000132984	
0.786	0.00011682	0.000133215	
0.787	0.000117016	0.000133447	
0.788	0.000117213	0.000133678	
0.789	0.00011741	0.00013391	
0.79	0.000117607	0.000134141	
0.791	0.000117803	0.000134373	
0.792	0.000118	0.000134604	
0.793	0.000118197	0.000134835	
0.794	0.000118394	0.000135067	
0.795	0.00011859	0.000135299	
0.796	0.000118787	0.000135531	
0.797	0.000118984	0.000135762	
0.798	0.000119181	0.000135994	
0.799	0.000119378	0.000136225	
0.8	0.000119574	0.000136457	
0.801	0.000119771	0.000136688	
0.802	0.000119967	0.00013692	
0.803	0.000120164	0.000137152	
0.804	0.000120361	0.000137384	
0.805	0.000120558	0.000137616	
0.806	0.000120755	0.000137847	
0.807	0.000120951	0.000138078	
0.808	0.000121148	0.00013831	
0.809	0.000121345	0.000138541	
0.81	0.000121541	0.000138773	
0.811	0.000121737	0.000139004	
0.812	0.000121933	0.000139234	
0.813	0.00012213	0.000139465	
0.814	0.000122326	0.000139696	
0.815	0.000122522	0.000139926	
0.816	0.000122718	0.000140157	
0.817	0.000122915	0.000140388	
0.818	0.000123111	0.000140619	
0.819	0.000123308	0.000140851	
0.82	0.000123504	0.000141082	
0.821	0.000123701	0.000141313	
0.822	0.000123898	0.000141544	
0.823	0.000124095	0.000141776	
0.824	0.000124292	0.000142007	
0.825	0.000124488	0.000142238	
0.826	0.000124685	0.00014247	
0.827	0.000124882	0.000142702	
0.828	0.00012508	0.000142934	
0.829	0.000125277	0.000143166	
0.83	0.000125474	0.000143397	
0.831	0.000125671	0.000143629	
0.832	0.000125869	0.000143862	
0.833	0.000126066	0.000144094	
0.834	0.000126264	0.000144326	
0.835	0.000126461	0.000144558	
0.836	0.000126658	0.00014479	
0.837	0.000126855	0.000145022	
0.838	0.000127053	0.000145254	
0.839	0.00012725	0.000145486	
0.84	0.000127447	0.000145718	
0.841	0.000127644	0.00014595	
0.842	0.000127841	0.000146181	
0.843	0.000128038	0.000146413	
0.844	0.000128235	0.000146644	
0.845	0.000128432	0.000146876	
0.846	0.000128629	0.000147108	
0.847	0.000128826	0.000147339	
0.848	0.000129023	0.000147571	
0.849	0.000129221	0.000147803	
0.85	0.000129418	0.000148035	
0.851	0.000129615	0.000148266	
0.852	0.000129812	0.000148498	
0.853	0.000130009	0.00014873	
0.854	0.000130207	0.000148962	
0.855	0.000130404	0.000149194	
0.856	0.000130602	0.000149427	
0.857	0.0001308	0.000149659	
0.858	0.000130997	0.000149892	
0.859	0.000131195	0.000150124	
0.86	0.000131393	0.000150357	
0.861	0.00013159	0.000150589	
0.862	0.000131788	0.000150821	
0.863	0.000131985	0.000151053	
0.864	0.000132183	0.000151285	
0.865	0.00013238	0.000151517	
0.866	0.000132577	0.000151749	
0.867	0.000132775	0.000151981	
0.868	0.000132972	0.000152213	
0.869	0.00013317	0.000152445	
0.87	0.000133367	0.000152676	
0.871	0.000133563	0.000152907	
0.872	0.00013376	0.000153138	
0.873	0.000133957	0.000153369	
0.874	0.000134154	0.0001536	
0.875	0.000134351	0.000153831	
0.876	0.000134548	0.000154062	
0.877	0.000134745	0.000154293	
0.878	0.000134942	0.000154524	
0.879	0.00013514	0.000154756	
0.88	0.000135337	0.000154987	
0.881	0.000135534	0.000155219	
0.882	0.000135731	0.000155449	
0.883	0.000135928	0.00015568	
0.884	0.000136125	0.000155911	
0.885	0.000136322	0.000156142	
0.886	0.000136518	0.000156373	
0.887	0.000136715	0.000156604	
0.888	0.000136912	0.000156834	
0.889	0.000137109	0.000157065	
0.89	0.000137306	0.000157297	
0.891	0.000137503	0.000157528	
0.892	0.0001377	0.000157758	
0.893	0.000137897	0.000157989	
0.894	0.000138094	0.00015822	
0.895	0.000138291	0.000158451	
0.896	0.000138488	0.000158682	
0.897	0.000138685	0.000158912	
0.898	0.000138882	0.000159143	
0.899	0.000139078	0.000159373	
0.9	0.000139275	0.000159603	
0.901	0.000139471	0.000159833	
0.902	0.000139667	0.000160062	
0.903	0.000139863	0.000160292	
0.904	0.000140059	0.000160521	
0.905	0.000140255	0.00016075	
0.906	0.000140451	0.000160979	
0.907	0.000140647	0.000161208	
0.908	0.000140843	0.000161437	
0.909	0.000141038	0.000161666	
0.91	0.000141234	0.000161894	
0.911	0.00014143	0.000162123	
0.912	0.000141625	0.000162351	
0.913	0.000141821	0.000162579	
0.914	0.000142016	0.000162808	
0.915	0.000142212	0.000163036	
0.916	0.000142407	0.000163264	
0.917	0.000142603	0.000163492	
0.918	0.000142798	0.00016372	
0.919	0.000142994	0.000163948	
0.92	0.000143189	0.000164176	
0.921	0.000143384	0.000164403	
0.922	0.00014358	0.000164631	
0.923	0.000143776	0.000164859	
0.924	0.000143971	0.000165087	
0.925	0.000144167	0.000165315	
0.926	0.000144363	0.000165543	
0.927	0.000144558	0.000165771	
0.928	0.000144754	0.000165999	
0.929	0.00014495	0.000166226	
0.93	0.000145145	0.000166454	
0.931	0.000145341	0.000166682	
0.932	0.000145536	0.000166909	
0.933	0.000145732	0.000167137	
0.934	0.000145927	0.000167364	
0.935	0.000146121	0.00016759	
0.936	0.000146316	0.000167815	
0.937	0.00014651	0.000168041	
0.938	0.000146705	0.000168267	
0.939	0.000146899	0.000168493	
0.94	0.000147094	0.000168719	
0.941	0.000147288	0.000168945	
0.942	0.000147483	0.000169171	
0.943	0.000147678	0.000169397	
0.944	0.000147872	0.000169622	
0.945	0.000148067	0.000169848	
0.946	0.000148261	0.000170074	
0.947	0.000148456	0.000170299	
0.948	0.00014865	0.000170525	
0.949	0.000148844	0.00017075	
0.95	0.000149039	0.000170976	
0.951	0.000149233	0.000171201	
0.952	0.000149427	0.000171426	
0.953	0.000149621	0.000171652	
0.954	0.000149816	0.000171877	
0.955	0.00015001	0.000172102	
0.956	0.000150204	0.000172327	
0.957	0.000150398	0.000172552	
0.958	0.000150593	0.000172777	
0.959	0.000150787	0.000173003	
0.96	0.000150982	0.000173228	
0.961	0.000151177	0.000173454	
0.962	0.000151372	0.000173679	
0.963	0.000151566	0.000173905	
0.964	0.000151761	0.00017413	
0.965	0.000151956	0.000174356	
0.966	0.000152151	0.000174581	
0.967	0.000152345	0.000174806	
0.968	0.00015254	0.000175032	
0.969	0.000152734	0.000175257	
0.97	0.000152929	0.000175482	
0.971	0.000153124	0.000175708	
0.972	0.000153319	0.000175934	
0.973	0.000153514	0.000176159	
0.974	0.000153709	0.000176385	
0.975	0.000153905	0.000176611	
0.976	0.0001541	0.000176837	
0.977	0.000154295	0.000177063	
0.978	0.000154491	0.000177289	
0.979	0.000154686	0.000177514	
0.98	0.000154881	0.00017774	
0.981	0.000155076	0.000177966	
0.982	0.000155272	0.000178192	
0.983	0.000155467	0.000178418	
0.984	0.000155662	0.000178644	
0.985	0.000155858	0.00017887	
0.986	0.000156053	0.000179096	
0.987	0.000156249	0.000179322	
0.988	0.000156444	0.000179548	
0.989	0.00015664	0.000179774	
0.99	0.000156835	0.00018	
0.991	0.00015703	0.000180225	
0.992	0.000157226	0.000180451	
0.993	0.000157421	0.000180677	
0.994	0.000157616	0.000180902	
0.995	0.000157812	0.000181128	
0.996	0.000158007	0.000181353	
0.997	0.000158202	0.000181579	
0.998	0.000158398	0.000181805	
0.999	0.000158594	0.000182031	
1	0.00015879	0.000182257	
1.001	0.000158986	0.000182483	
1.002	0.000159182	0.00018271	
1.003	0.000159379	0.000182936	
1.004	0.000159575	0.000183162	
1.005	0.000159771	0.000183388	
1.006	0.000159967	0.000183614	
1.007	0.000160163	0.00018384	
1.008	0.000160359	0.000184065	
1.009	0.000160554	0.000184291	
1.01	0.00016075	0.000184517	
1.011	0.000160946	0.000184743	
1.012	0.000161142	0.000184968	
1.013	0.000161338	0.000185195	
1.014	0.000161535	0.000185421	
1.015	0.000161732	0.000185647	
1.016	0.000161928	0.000185874	
1.017	0.000162125	0.0001861	
1.018	0.000162321	0.000186326	
1.019	0.000162518	0.000186552	
1.02	0.000162714	0.000186778	
1.021	0.00016291	0.000187004	
1.022	0.000163107	0.000187229	
1.023	0.000163303	0.000187455	
1.024	0.0001635	0.000187681	
1.025	0.000163696	0.000187907	
1.026	0.000163892	0.000188132	
1.027	0.000164088	0.000188358	
1.028	0.000164284	0.000188583	
1.029	0.00016448	0.000188808	
1.03	0.000164676	0.000189033	
1.031	0.000164872	0.000189258	
1.032	0.000165067	0.000189483	
1.033	0.000165263	0.000189708	
1.034	0.000165459	0.000189932	
1.035	0.000165654	0.000190157	
1.036	0.00016585	0.000190382	
1.037	0.000166046	0.000190606	
1.038	0.000166241	0.000190831	
1.039	0.000166437	0.000191056	
1.04	0.000166632	0.00019128	
1.041	0.000166828	0.000191505	
1.042	0.000167023	0.000191729	
1.043	0.000167219	0.000191953	
1.044	0.000167414	0.000192178	
1.045	0.00016761	0.000192402	
1.046	0.000167805	0.000192627	
1.047	0.000168001	0.000192851	
1.048	0.000168196	0.000193075	
1.049	0.000168392	0.000193299	
1.05	0.000168587	0.000193524	
1.051	0.000168783	0.000193748	
1.052	0.000168979	0.000193972	
1.053	0.000169174	0.000194197	
1.054	0.000169369	0.000194421	
1.055	0.000169565	0.000194644	
1.056	0.00016976	0.000194868	
1.057	0.000169955	0.000195092	
1.058	0.00017015	0.000195316	
1.059	0.000170345	0.000195539	
1.06	0.00017054	0.000195763	
1.061	0.000170736	0.000195986	
1.062	0.000170931	0.00019621	
1.063	0.000171126	0.000196433	
1.064	0.000171321	0.000196657	
1.065	0.000171516	0.00019688	
1.066	0.000171711	0.000197104	
1.067	0.000171906	0.000197327	
1.068	0.000172102	0.000197551	
1.069	0.000172297	0.000197774	
1.07	0.000172492	0.000197998	
1.071	0.000172687	0.000198221	
1.072	0.000172882	0.000198444	
1.073	0.000173077	0.000198666	
1.074	0.000173271	0.000198889	
1.075	0.000173466	0.000199112	
1.076	0.000173661	0.000199334	
1.077	0.000173855	0.000199557	
1.078	0.00017405	0.00019978	
1.079	0.000174245	0.000200002	
1.08	0.00017444	0.000200225	
1.081	0.000174634	0.000200448	
1.082	0.000174829	0.00020067	
1.083	0.000175024	0.000200893	
1.084	0.000175219	0.000201115	
1.085	0.000175413	0.000201337	
1.086	0.000175607	0.000201559	
1.087	0.000175802	0.000201781	
1.088	0.000175996	0.000202003	
1.089	0.000176191	0.000202225	
1.09	0.000176385	0.000202447	
1.091	0.000176579	0.000202668	
1.092	0.000176774	0.00020289	
1.093	0.000176968	0.000203112	
1.094	0.000177162	0.000203333	
1.095	0.000177355	0.000203554	
1.096	0.000177549	0.000203774	
1.097	0.000177743	0.000203995	
1.098	0.000177936	0.000204215	
1.099	0.00017813	0.000204436	
1.1	0.000178324	0.000204657	
1.101	0.000178518	0.000204877	
1.102	0.000178711	0.000205097	
1.103	0.000178905	0.000205317	
1.104	0.000179098	0.000205538	
1.105	0.000179292	0.000205758	
1.106	0.000179485	0.000205977	
1.107	0.000179678	0.000206197	
1.108	0.000179872	0.000206417	
1.109	0.000180065	0.000206637	
1.11	0.000180259	0.000206857	
1.111	0.000180452	0.000207077	
1.112	0.000180645	0.000207296	
1.113	0.000180839	0.000207516	
1.114	0.000181032	0.000207735	
1.115	0.000181226	0.000207955	
1.116	0.000181419	0.000208175	
1.117	0.000181613	0.000208394	
1.118	0.000181806	0.000208613	
1.119	0.000181999	0.000208832	
1.12	0.000182193	0.000209051	
1.121	0.000182386	0.00020927	
1.122	0.000182579	0.000209489	
1.123	0.000182773	0.000209708	
1.124	0.000182966	0.000209927	
1.125	0.00018316	0.000210146	
1.126	0.000183353	0.000210365	
1.127	0.000183547	0.000210584	
1.128	0.00018374	0.000210803	
1.129	0.000183934	0.000211022	
1.13	0.000184128	0.000211242	
1.131	0.000184322	0.000211461	
1.132	0.000184516	0.00021168	
1.133	0.00018471	0.000211899	
1.134	0.000184904	0.000212117	
1.135	0.000185098	0.000212337	
1.136	0.000185292	0.000212556	
1.137	0.000185486	0.000212775	
1.138	0.000185681	0.000212994	
1.139	0.000185875	0.000213213	
1.14	0.000186069	0.000213432	
1.141	0.000186263	0.00021365	
1.142	0.000186457	0.000213869	
1.143	0.000186652	0.000214088	
1.144	0.000186846	0.000214307	
1.145	0.000187041	0.000214526	
1.146	0.000187235	0.000214745	
1.147	0.00018743	0.000214963	
1.148	0.000187624	0.000215182	
1.149	0.000187819	0.0002154	
1.15	0.000188014	0.000215619	
1.151	0.000188208	0.000215838	
1.152	0.000188403	0.000216057	
1.153	0.000188598	0.000216276	
1.154	0.000188793	0.000216495	
1.155	0.000188988	0.000216713	
1.156	0.000189183	0.000216932	
1.157	0.000189378	0.000217151	
1.158	0.000189573	0.000217369	
1.159	0.000189768	0.000217588	
1.16	0.000189963	0.000217806	
1.161	0.000190158	0.000218025	
1.162	0.000190354	0.000218243	
1.163	0.000190549	0.000218461	
1.164	0.000190743	0.000218679	
1.165	0.000190938	0.000218897	
1.166	0.000191133	0.000219115	
1.167	0.000191328	0.000219332	
1.168	0.000191522	0.000219549	
1.169	0.000191717	0.000219766	
1.17	0.000191911	0.000219983	
1.171	0.000192106	0.0002202	
1.172	0.0001923	0.000220417	
1.173	0.000192495	0.000220634	
1.174	0.00019269	0.000220851	
1.175	0.000192884	0.000221068	
1.176	0.000193079	0.000221284	
1.177	0.000193273	0.000221501	
1.178	0.000193468	0.000221717	
1.179	0.000193662	0.000221933	
1.18	0.000193856	0.000222149	
1.181	0.00019405	0.000222365	
1.182	0.000194244	0.00022258	
1.183	0.000194438	0.000222795	
1.184	0.000194631	0.00022301	
1.185	0.000194825	0.000223225	
1.186	0.000195018	0.000223439	
1.187	0.000195212	0.000223653	
1.188	0.000195405	0.000223868	
1.189	0.000195598	0.000224082	
1.19	0.000195791	0.000224296	
1.191	0.000195985	0.00022451	
1.192	0.000196178	0.000224724	
1.193	0.000196371	0.000224938	
1.194	0.000196565	0.000225152	
1.195	0.000196758	0.000225366	
1.196	0.000196951	0.00022558	
1.197	0.000197145	0.000225794	
1.198	0.000197337	0.000226007	
1.199	0.00019753	0.00022622	
1.2	0.000197723	0.000226432	
1.201	0.000197915	0.000226645	
1.202	0.000198107	0.000226857	
1.203	0.0001983	0.00022707	
1.204	0.000198493	0.000227282	
1.205	0.000198685	0.000227495	
1.206	0.000198878	0.000227707	
1.207	0.000199071	0.000227919	
1.208	0.000199263	0.000228132	
1.209	0.000199456	0.000228344	
1.21	0.000199649	0.000228557	
1.211	0.000199842	0.000228769	
1.212	0.000200035	0.000228981	
1.213	0.000200228	0.000229193	
1.214	0.00020042	0.000229405	
1.215	0.000200613	0.000229618	
1.216	0.000200806	0.00022983	
1.217	0.000200999	0.000230042	
1.218	0.000201192	0.000230254	
1.219	0.000201385	0.000230466	
1.22	0.000201578	0.000230678	
1.221	0.000201771	0.00023089	
1.222	0.000201964	0.000231102	
1.223	0.000202157	0.000231314	
1.224	0.00020235	0.000231526	
1.225	0.000202543	0.000231738	
1.226	0.000202736	0.000231949	
1.227	0.000202929	0.000232161	
1.228	0.000203122	0.000232372	
1.229	0.000203315	0.000232584	
1.23	0.000203508	0.000232796	
1.231	0.000203701	0.000233007	
1.232	0.000203894	0.000233219	
1.233	0.000204087	0.00023343	
1.234	0.00020428	0.000233642	
1.235	0.000204473	0.000233853	
1.236	0.000204666	0.000234064	
1.237	0.000204859	0.000234275	
1.238	0.000205052	0.000234486	
1.239	0.000205245	0.000234697	
1.24	0.000205438	0.000234908	
1.241	0.000205631	0.000235119	
1.242	0.000205824	0.00023533	
1.243	0.000206017	0.000235541	
1.244	0.00020621	0.000235752	
1.245	0.000206403	0.000235963	
1.246	0.000206596	0.000236173	
1.247	0.000206789	0.000236384	
1.248	0.000206983	0.000236594	
1.249	0.000207176	0.000236805	
1.25	0.000207369	0.000237016	
1.251	0.000207562	0.000237226	
1.252	0.000207755	0.000237436	
1.253	0.000207948	0.000237646	
1.254	0.000208141	0.000237856	
1.255	0.000208334	0.000238066	
1.256	0.000208527	0.000238275	
1.257	0.00020872	0.000238485	
1.258	0.000208912	0.000238694	
1.259	0.000209105	0.000238903	
1.26	0.000209297	0.000239111	
1.261	0.000209489	0.00023932	
1.262	0.000209682	0.000239528	
1.263	0.000209874	0.000239737	
1.264	0.000210067	0.000239945	
1.265	0.000210259	0.000240153	
1.266	0.000210451	0.00024036	
1.267	0.000210643	0.000240568	
1.268	0.000210836	0.000240775	
1.269	0.000211028	0.000240982	
1.27	0.00021122	0.000241189	
1.271	0.000211412	0.000241397	
1.272	0.000211604	0.000241604	
1.273	0.000211796	0.000241811	
1.274	0.000211988	0.000242018	
1.275	0.000212181	0.000242225	
1.276	0.000212373	0.000242431	
1.277	0.000212564	0.000242638	
1.278	0.000212756	0.000242844	
1.279	0.000212948	0.000243051	
1.28	0.00021314	0.000243257	
1.281	0.000213333	0.000243464	
1.282	0.000213525	0.000243671	
1.283	0.000213718	0.000243877	
1.284	0.00021391	0.000244083	
1.285	0.000214102	0.000244289	
1.286	0.000214294	0.000244495	
1.287	0.000214486	0.000244702	
1.288	0.000214679	0.000244908	
1.289	0.000214871	0.000245114	
1.29	0.000215064	0.000245321	
1.291	0.000215256	0.000245527	
1.292	0.000215449	0.000245733	
1.293	0.000215642	0.00024594	
1.294	0.000215835	0.000246146	
1.295	0.000216028	0.000246353	
1.296	0.000216221	0.000246559	
1.297	0.000216413	0.000246765	
1.298	0.000216606	0.00024697	
1.299	0.000216798	0.000247176	
1.3	0.000216991	0.000247382	
1.301	0.000217183	0.000247587	
1.302	0.000217376	0.000247793	
1.303	0.000217568	0.000247997	
1.304	0.000217761	0.000248202	
1.305	0.000217953	0.000248407	
1.306	0.000218146	0.000248613	
1.307	0.000218338	0.000248818	
1.308	0.000218531	0.000249023	
1.309	0.000218724	0.000249229	
1.31	0.000218917	0.000249434	
1.311	0.00021911	0.000249639	
1.312	0.000219303	0.000249844	
1.313	0.000219495	0.000250049	
1.314	0.000219689	0.000250254	
1.315	0.000219882	0.000250459	
1.316	0.000220075	0.000250664	
1.317	0.000220268	0.00025087	
1.318	0.000220461	0.000251074	
1.319	0.000220654	0.000251279	
1.32	0.000220847	0.000251483	
1.321	0.000221039	0.000251687	
1.322	0.000221232	0.000251892	
1.323	0.000221425	0.000252096	
1.324	0.000221618	0.0002523	
1.325	0.000221811	0.000252504	
1.326	0.000222004	0.000252709	
1.327	0.000222197	0.000252913	
1.328	0.00022239	0.000253117	
1.329	0.000222583	0.000253321	
1.33	0.000222776	0.000253525	
1.331	0.000222969	0.000253728	
1.332	0.000223162	0.000253932	
1.333	0.000223355	0.000254136	
1.334	0.000223549	0.00025434	
1.335	0.000223742	0.000254544	
1.336	0.000223935	0.000254747	
1.337	0.000224128	0.000254951	
1.338	0.000224322	0.000255154	
1.339	0.000224515	0.000255358	
1.34	0.000224708	0.000255562	
1.341	0.000224902	0.000255765	
1.342	0.000225095	0.000255969	
1.343	0.000225289	0.000256172	
1.344	0.000225482	0.000256376	
1.345	0.000225676	0.00025658	
1.346	0.00022587	0.000256783	
1.347	0.000226063	0.000256987	
1.348	0.000226257	0.00025719	
1.349	0.000226451	0.000257394	
1.35	0.000226644	0.000257597	
1.351	0.000226838	0.000257801	
1.352	0.000227032	0.000258004	
1.353	0.000227225	0.000258207	
1.354	0.000227419	0.00025841	
1.355	0.000227612	0.000258612	
1.356	0.000227805	0.000258814	
1.357	0.000227999	0.000259017	
1.358	0.000228192	0.000259219	
1.359	0.000228386	0.000259421	
1.36	0.000228579	0.000259622	
1.361	0.000228773	0.000259824	
1.362	0.000228966	0.000260026	
1.363	0.000229159	0.000260227	
1.364	0.000229353	0.000260428	
1.365	0.000229546	0.000260629	
1.366	0.000229739	0.00026083	
1.367	0.000229933	0.000261031	
1.368	0.000230126	0.000261232	
1.369	0.00023032	0.000261433	
1.37	0.000230513	0.000261634	
1.371	0.000230707	0.000261835	
1.372	0.000230901	0.000262036	
1.373	0.000231094	0.000262237	
1.374	0.000231288	0.000262437	
1.375	0.000231482	0.000262637	
1.376	0.000231675	0.000262837	
1.377	0.000231869	0.000263037	
1.378	0.000232062	0.000263237	
1.379	0.000232256	0.000263437	
1.38	0.00023245	0.000263637	
1.381	0.000232644	0.000263837	
1.382	0.000232838	0.000264037	
1.383	0.000233032	0.000264237	
1.384	0.000233226	0.000264437	
1.385	0.00023342	0.000264637	
1.386	0.000233615	0.000264837	
1.387	0.000233809	0.000265037	
1.388	0.000234003	0.000265237	
1.389	0.000234198	0.000265437	
1.39	0.000234392	0.000265636	
1.391	0.000234586	0.000265836	
1.392	0.000234781	0.000266036	
1.393	0.000234975	0.000266235	
1.394	0.000235169	0.000266434	
1.395	0.000235364	0.000266634	
1.396	0.000235559	0.000266833	
1.397	0.000235754	0.000267032	
1.398	0.000235948	0.000267232	
1.399	0.000236143	0.00026743	
1.4	0.000236337	0.000267629	
1.401	0.000236532	0.000267827	
1.402	0.000236726	0.000268025	
1.403	0.00023692	0.000268222	
1.404	0.000237114	0.00026842	
1.405	0.000237308	0.000268617	
1.406	0.000237502	0.000268815	
1.407	0.000237696	0.000269012	
1.408	0.00023789	0.000269209	
1.409	0.000238083	0.000269406	
1.41	0.000238277	0.000269603	
1.411	0.000238471	0.0002698	
1.412	0.000238665	0.000269996	
1.413	0.000238859	0.000270193	
1.414	0.000239052	0.00027039	
1.415	0.000239246	0.000270586	
1.416	0.00023944	0.000270783	
1.417	0.000239634	0.000270979	
1.418	0.000239828	0.000271175	
1.419	0.000240022	0.000271372	
1.42	0.000240216	0.000271568	
1.421	0.00024041	0.000271765	
1.422	0.000240604	0.000271962	
1.423	0.000240798	0.000272158	
1.424	0.000240993	0.000272354	
1.425	0.000241187	0.000272551	
1.426	0.000241381	0.000272747	
1.427	0.000241575	0.000272943	
1.428	0.00024177	0.00027314	
1.429	0.000241965	0.000273337	
1.43	0.000242159	0.000273533	
1.431	0.000242354	0.00027373	
1.432	0.000242549	0.000273926	
1.433	0.000242743	0.000274122	
1.434	0.000242938	0.000274318	
1.435	0.000243132	0.000274514	
1.436	0.000243326	0.00027471	
1.437	0.000243521	0.000274906	
1.438	0.000243715	0.000275101	
1.439	0.00024391	0.000275297	
1.44	0.000244104	0.000275493	
1.441	0.000244299	0.000275689	
1.442	0.000244494	0.000275885	
1.443	0.000244688	0.00027608	
1.444	0.000244883	0.000276276	
1.445	0.000245079	0.000276472	
1.446	0.000245274	0.000276669	
1.447	0.000245469	0.000276865	
1.448	0.000245665	0.000277061	
1.449	0.00024586	0.000277257	
1.45	0.000246056	0.000277454	
1.451	0.000246251	0.00027765	
1.452	0.000246447	0.000277846	
1.453	0.000246642	0.000278042	
1.454	0.000246838	0.000278238	
1.455	0.000247033	0.000278434	
1.456	0.000247229	0.00027863	
1.457	0.000247425	0.000278826	
1.458	0.000247621	0.000279022	
1.459	0.000247816	0.000279218	
1.46	0.000248012	0.000279414	
1.461	0.000248208	0.00027961	
1.462	0.000248404	0.000279805	
1.463	0.0002486	0.000280001	
1.464	0.000248795	0.000280197	
1.465	0.000248991	0.000280393	
1.466	0.000249187	0.000280589	
1.467	0.000249383	0.000280784	
1.468	0.000249579	0.00028098	
1.469	0.000249774	0.000281175	
1.47	0.00024997	0.00028137	
1.471	0.000250165	0.000281565	
1.472	0.000250361	0.00028176	
1.473	0.000250557	0.000281955	
1.474	0.000250752	0.000282149	
1.475	0.000250948	0.000282344	
1.476	0.000251142	0.000282537	
1.477	0.000251337	0.00028273	
1.478	0.000251532	0.000282923	
1.479	0.000251727	0.000283116	
1.48	0.000251922	0.000283309	
1.481	0.000252116	0.000283501	
1.482	0.000252311	0.000283693	
1.483	0.000252505	0.000283885	
1.484	0.0002527	0.000284078	
1.485	0.000252894	0.00028427	
1.486	0.000253089	0.000284462	
1.487	0.000253283	0.000284653	
1.488	0.000253477	0.000284845	
1.489	0.000253672	0.000285036	
1.49	0.000253866	0.000285228	
1.491	0.000254061	0.00028542	
1.492	0.000254255	0.000285611	
1.493	0.000254449	0.000285803	
1.494	0.000254644	0.000285994	
1.495	0.000254838	0.000286186	
1.496	0.000255033	0.000286377	
1.497	0.000255227	0.000286568	
1.498	0.000255421	0.00028676	
1.499	0.000255616	0.000286951	
1.5	0.00025581	0.000287142	
1.501	0.000256004	0.000287333	
1.502	0.000256198	0.000287524	
1.503	0.000256392	0.000287715	
1.504	0.000256587	0.000287905	
1.505	0.000256781	0.000288096	
1.506	0.000256975	0.000288287	
1.507	0.000257169	0.000288477	
1.508	0.000257362	0.000288667	
1.509	0.000257557	0.000288858	
1.51	0.000257751	0.000289048	
1.511	0.000257945	0.000289239	
1.512	0.000258139	0.000289429	
1.513	0.000258334	0.00028962	
1.514	0.000258528	0.00028981	
1.515	0.000258722	0.000290001	
1.516	0.000258916	0.000290191	
1.517	0.000259111	0.000290381	
1.518	0.000259305	0.000290571	
1.519	0.000259499	0.000290761	
1.52	0.000259693	0.000290951	
1.521	0.000259887	0.000291141	
1.522	0.000260081	0.000291331	
1.523	0.000260276	0.000291521	
1.524	0.00026047	0.000291711	
1.525	0.000260664	0.000291902	
1.526	0.000260858	0.000292092	
1.527	0.000261053	0.000292282	
1.528	0.000261247	0.000292472	
1.529	0.000261442	0.000292662	
1.53	0.000261636	0.000292852	
1.531	0.00026183	0.000293042	
1.532	0.000262024	0.000293232	
1.533	0.000262219	0.000293422	
1.534	0.000262413	0.000293611	
1.535	0.000262607	0.000293801	
1.536	0.000262801	0.000293991	
1.537	0.000262996	0.000294181	
1.538	0.00026319	0.000294371	
1.539	0.000263384	0.000294561	
1.54	0.000263579	0.00029475	
1.541	0.000263773	0.00029494	
1.542	0.000263968	0.00029513	
1.543	0.000264162	0.000295321	
1.544	0.000264357	0.000295511	
1.545	0.000264552	0.000295701	
1.546	0.000264747	0.000295891	
1.547	0.000264941	0.000296081	
1.548	0.000265136	0.000296271	
1.549	0.000265331	0.000296461	
1.55	0.000265526	0.000296651	
1.551	0.000265721	0.000296842	
1.552	0.000265916	0.000297032	
1.553	0.000266111	0.000297222	
1.554	0.000266306	0.000297412	
1.555	0.0002665	0.000297602	
1.556	0.000266695	0.000297792	
1.557	0.000266889	0.000297981	
1.558	0.000267084	0.000298171	
1.559	0.000267278	0.00029836	
1.56	0.000267472	0.00029855	
1.561	0.000267667	0.000298739	
1.562	0.000267861	0.000298928	
1.563	0.000268055	0.000299117	
1.564	0.000268249	0.000299306	
1.565	0.000268443	0.000299495	
1.566	0.000268637	0.000299684	
1.567	0.000268831	0.000299873	
1.568	0.000269026	0.000300062	
1.569	0.00026922	0.000300251	
1.57	0.000269414	0.00030044	
1.571	0.000269607	0.000300629	
1.572	0.000269801	0.000300817	
1.573	0.000269994	0.000301004	
1.574	0.000270187	0.000301192	
1.575	0.00027038	0.00030138	
1.576	0.000270573	0.000301568	
1.577	0.000270766	0.000301755	
1.578	0.000270959	0.000301943	
1.579	0.000271152	0.00030213	
1.58	0.000271345	0.000302317	
1.581	0.000271538	0.000302505	
1.582	0.000271731	0.000302692	
1.583	0.000271923	0.00030288	
1.584	0.000272116	0.000303067	
1.585	0.000272309	0.000303254	
1.586	0.000272502	0.000303442	
1.587	0.000272695	0.000303629	
1.588	0.000272888	0.000303817	
1.589	0.000273082	0.000304005	
1.59	0.000273275	0.000304192	
1.591	0.000273468	0.00030438	
1.592	0.000273662	0.000304568	
1.593	0.000273855	0.000304756	
1.594	0.000274049	0.000304943	
1.595	0.000274242	0.000305131	
1.596	0.000274436	0.000305319	
1.597	0.000274629	0.000305507	
1.598	0.000274823	0.000305695	
1.599	0.000275017	0.000305883	
1.6	0.000275211	0.000306071	
1.601	0.000275405	0.00030626	
1.602	0.000275599	0.000306448	
1.603	0.000275793	0.000306636	
1.604	0.000275987	0.000306825	
1.605	0.000276181	0.000307013	
1.606	0.000276375	0.000307201	
1.607	0.000276569	0.000307389	
1.608	0.000276763	0.000307577	
1.609	0.000276957	0.000307765	
1.61	0.000277151	0.000307953	
1.611	0.000277344	0.000308141	
1.612	0.000277538	0.000308329	
1.613	0.000277732	0.000308517	
1.614	0.000277926	0.000308706	
1.615	0.00027812	0.000308894	
1.616	0.000278314	0.000309082	
1.617	0.000278508	0.00030927	
1.618	0.000278703	0.000309459	
1.619	0.000278897	0.000309647	
1.62	0.000279092	0.000309836	
1.621	0.000279287	0.000310025	
1.622	0.000279481	0.000310213	
1.623	0.000279676	0.000310402	
1.624	0.000279871	0.000310591	
1.625	0.000280066	0.00031078	
1.626	0.000280261	0.000310969	
1.627	0.000280456	0.000311158	
1.628	0.00028065	0.000311346	
1.629	0.000280845	0.000311535	
1.63	0.000281039	0.000311723	
1.631	0.000281234	0.000311911	
1.632	0.000281428	0.0003121	
1.633	0.000281622	0.000312287	
1.634	0.000281816	0.000312475	
1.635	0.00028201	0.000312663	
1.636	0.000282204	0.000312851	
1.637	0.000282397	0.000313038	
1.638	0.000282591	0.000313225	
1.639	0.000282785	0.000313413	
1.64	0.000282979	0.0003136	
1.641	0.000283172	0.000313787	
1.642	0.000283366	0.000313975	
1.643	0.00028356	0.000314162	
1.644	0.000283753	0.000314349	
1.645	0.000283947	0.000314537	
1.646	0.000284141	0.000314724	
1.647	0.000284335	0.000314911	
1.648	0.000284529	0.000315099	
1.649	0.000284722	0.000315286	
1.65	0.000284916	0.000315473	
1.651	0.000285109	0.00031566	
1.652	0.000285303	0.000315847	
1.653	0.000285496	0.000316033	
1.654	0.000285689	0.00031622	
1.655	0.000285882	0.000316407	
1.656	0.000286076	0.000316594	
1.657	0.000286269	0.000316781	
1.658	0.000286463	0.000316968	
1.659	0.000286656	0.000317155	
1.66	0.00028685	0.000317342	
1.661	0.000287044	0.000317529	
1.662	0.000287237	0.000317716	
1.663	0.00028743	0.000317903	
1.664	0.000287624	0.00031809	
1.665	0.000287817	0.000318276	
1.666	0.00028801	0.000318463	
1.667	0.000288203	0.00031865	
1.668	0.000288396	0.000318836	
1.669	0.000288589	0.000319022	
1.67	0.000288781	0.000319208	
1.671	0.000288974	0.000319395	
1.672	0.000289167	0.000319581	
1.673	0.00028936	0.000319767	
1.674	0.000289553	0.000319954	
1.675	0.000289746	0.00032014	
1.676	0.000289938	0.000320326	
1.677	0.000290131	0.000320512	
1.678	0.000290323	0.000320698	
1.679	0.000290516	0.000320884	
1.68	0.000290708	0.000321071	
1.681	0.000290901	0.000321257	
1.682	0.000291094	0.000321443	
1.683	0.000291286	0.000321629	
1.684	0.000291479	0.000321816	
1.685	0.000291672	0.000322002	
1.686	0.000291865	0.000322188	
1.687	0.000292058	0.000322375	
1.688	0.00029225	0.000322562	
1.689	0.000292443	0.000322748	
1.69	0.000292636	0.000322935	
1.691	0.000292829	0.000323121	
1.692	0.000293022	0.000323308	
1.693	0.000293215	0.000323495	
1.694	0.000293408	0.000323682	
1.695	0.000293602	0.000323869	
1.696	0.000293795	0.000324056	
1.697	0.000293988	0.000324243	
1.698	0.000294181	0.00032443	
1.699	0.000294374	0.000324617	
1.7	0.000294567	0.000324804	
1.701	0.00029476	0.000324991	
1.702	0.000294953	0.000325179	
1.703	0.000295146	0.000325366	
1.704	0.000295339	0.000325553	
1.705	0.000295532	0.00032574	
1.706	0.000295725	0.000325927	
1.707	0.000295918	0.000326115	
1.708	0.000296112	0.000326302	
1.709	0.000296305	0.00032649	
1.71	0.000296498	0.000326677	
1.711	0.000296691	0.000326865	
1.712	0.000296884	0.000327053	
1.713	0.000297077	0.00032724	
1.714	0.00029727	0.000327428	
1.715	0.000297464	0.000327615	
1.716	0.000297657	0.000327803	
1.717	0.00029785	0.00032799	
1.718	0.000298043	0.000328179	
1.719	0.000298237	0.000328367	
1.72	0.000298431	0.000328556	
1.721	0.000298624	0.000328744	
1.722	0.000298818	0.000328933	
1.723	0.000299012	0.000329121	
1.724	0.000299206	0.00032931	
1.725	0.000299399	0.000329499	
1.726	0.000299593	0.000329687	
1.727	0.000299787	0.000329876	
1.728	0.000299981	0.000330066	
1.729	0.000300175	0.000330255	
1.73	0.000300369	0.000330445	
1.731	0.000300563	0.000330634	
1.732	0.000300757	0.000330824	
1.733	0.000300951	0.000331013	
1.734	0.000301145	0.000331203	
1.735	0.000301339	0.000331392	
1.736	0.000301533	0.000331582	
1.737	0.000301727	0.000331771	
1.738	0.000301921	0.000331961	
1.739	0.000302115	0.00033215	
1.74	0.000302309	0.00033234	
1.741	0.000302503	0.00033253	
1.742	0.000302696	0.000332719	
1.743	0.00030289	0.000332909	
1.744	0.000303084	0.000333099	
1.745	0.000303278	0.000333289	
1.746	0.000303472	0.000333479	
1.747	0.000303666	0.000333669	
1.748	0.00030386	0.000333859	
1.749	0.000304054	0.000334049	
1.75	0.000304248	0.00033424	
1.751	0.000304442	0.00033443	
1.752	0.000304636	0.000334621	
1.753	0.00030483	0.000334812	
1.754	0.000305024	0.000335002	
1.755	0.000305218	0.000335193	
1.756	0.000305412	0.000335383	
1.757	0.000305606	0.000335574	
1.758	0.000305799	0.000335764	
1.759	0.000305993	0.000335954	
1.76	0.000306187	0.000336145	
1.761	0.00030638	0.000336335	
1.762	0.000306574	0.000336526	
1.763	0.000306767	0.000336716	
1.764	0.00030696	0.000336906	
1.765	0.000307152	0.000337095	
1.766	0.000307345	0.000337285	
1.767	0.000307538	0.000337475	
1.768	0.00030773	0.000337665	
1.769	0.000307923	0.000337855	
1.77	0.000308115	0.000338044	
1.771	0.000308308	0.000338234	
1.772	0.000308501	0.000338424	
1.773	0.000308693	0.000338615	
1.774	0.000308886	0.000338805	
1.775	0.000309078	0.000338994	
1.776	0.00030927	0.000339184	
1.777	0.000309462	0.000339373	
1.778	0.000309654	0.000339563	
1.779	0.000309846	0.000339753	
1.78	0.000310038	0.000339942	
1.781	0.00031023	0.000340132	
1.782	0.000310422	0.000340323	
1.783	0.000310614	0.000340513	
1.784	0.000310806	0.000340703	
1.785	0.000310998	0.000340893	
1.786	0.000311189	0.000341082	
1.787	0.000311381	0.000341272	
1.788	0.000311572	0.000341461	
1.789	0.000311763	0.00034165	
1.79	0.000311954	0.00034184	
1.791	0.000312146	0.000342029	
1.792	0.000312337	0.000342219	
1.793	0.000312528	0.000342408	
1.794	0.000312719	0.000342597	
1.795	0.00031291	0.000342787	
1.796	0.000313101	0.000342977	
1.797	0.000313292	0.000343166	
1.798	0.000313483	0.000343356	
1.799	0.000313675	0.000343546	
1.8	0.000313866	0.000343736	
1.801	0.000314057	0.000343926	
1.802	0.000314248	0.000344116	
1.803	0.000314439	0.000344306	
1.804	0.000314631	0.000344496	
1.805	0.000314822	0.000344686	
1.806	0.000315013	0.000344877	
1.807	0.000315204	0.000345067	
1.808	0.000315396	0.000345257	
1.809	0.000315587	0.000345448	
1.81	0.000315778	0.000345638	
1.811	0.000315969	0.000345829	
1.812	0.000316161	0.00034602	
1.813	0.000316352	0.00034621	
1.814	0.000316543	0.000346401	
1.815	0.000316734	0.000346592	
1.816	0.000316925	0.000346783	
1.817	0.000317116	0.000346974	
1.818	0.000317308	0.000347165	
1.819	0.000317499	0.000347356	
1.82	0.000317691	0.000347548	
1.821	0.000317882	0.000347739	
1.822	0.000318074	0.000347931	
1.823	0.000318265	0.000348122	
1.824	0.000318457	0.000348314	
1.825	0.000318648	0.000348506	
1.826	0.00031884	0.000348698	
1.827	0.000319031	0.00034889	
1.828	0.000319223	0.000349082	
1.829	0.000319414	0.000349273	
1.83	0.000319606	0.000349465	
1.831	0.000319797	0.000349657	
1.832	0.000319989	0.000349849	
1.833	0.00032018	0.000350041	
1.834	0.000320372	0.000350233	
1.835	0.000320563	0.000350426	
1.836	0.000320755	0.000350618	
1.837	0.000320947	0.000350811	
1.838	0.000321139	0.000351004	
1.839	0.000321331	0.000351197	
1.84	0.000321523	0.000351391	
1.841	0.000321715	0.000351584	
1.842	0.000321907	0.000351777	
1.843	0.000322099	0.000351971	
1.844	0.000322291	0.000352164	
1.845	0.000322483	0.000352358	
1.846	0.000322676	0.000352552	
1.847	0.000322868	0.000352746	
1.848	0.00032306	0.000352939	
1.849	0.000323252	0.000353133	
1.85	0.000323444	0.000353327	
1.851	0.000323636	0.000353521	
1.852	0.000323828	0.000353716	
1.853	0.00032402	0.00035391	
1.854	0.000324213	0.000354105	
1.855	0.000324405	0.000354299	
1.856	0.000324597	0.000354493	
1.857	0.000324789	0.000354688	
1.858	0.000324981	0.000354882	
1.859	0.000325173	0.000355077	
1.86	0.000325365	0.000355271	
1.861	0.000325557	0.000355466	
1.862	0.000325749	0.00035566	
1.863	0.000325941	0.000355855	
1.864	0.000326133	0.00035605	
1.865	0.000326325	0.000356245	
1.866	0.000326518	0.00035644	
1.867	0.00032671	0.000356636	
1.868	0.000326902	0.000356831	
1.869	0.000327095	0.000357027	
1.87	0.000327288	0.000357223	
1.871	0.00032748	0.000357419	
1.872	0.000327673	0.000357615	
1.873	0.000327865	0.000357811	
1.874	0.000328058	0.000358007	
1.875	0.00032825	0.000358203	
1.876	0.000328443	0.000358399	
1.877	0.000328635	0.000358596	
1.878	0.000328828	0.000358792	
1.879	0.000329021	0.000358989	
1.88	0.000329213	0.000359186	
1.881	0.000329406	0.000359382	
1.882	0.000329599	0.000359579	
1.883	0.000329791	0.000359776	
1.884	0.000329984	0.000359973	
1.885	0.000330176	0.000360169	
1.886	0.000330369	0.000360366	
1.887	0.000330561	0.000360564	
1.888	0.000330754	0.000360761	
1.889	0.000330947	0.000360959	
1.89	0.00033114	0.000361157	
1.891	0.000331333	0.000361354	
1.892	0.000331526	0.000361552	
1.893	0.000331719	0.00036175	
1.894	0.000331911	0.000361948	
1.895	0.000332105	0.000362147	
1.896	0.000332298	0.000362346	
1.897	0.000332491	0.000362544	
1.898	0.000332684	0.000362743	
1.899	0.000332878	0.000362942	
1.9	0.000333071	0.000363141	
1.901	0.000333264	0.00036334	
1.902	0.000333458	0.000363539	
1.903	0.000333651	0.000363738	
1.904	0.000333844	0.000363938	
1.905	0.000334038	0.000364137	
1.906	0.000334231	0.000364336	
1.907	0.000334425	0.000364536	
1.908	0.000334619	0.000364737	
1.909	0.000334813	0.000364938	
1.91	0.000335007	0.000365138	
1.911	0.000335202	0.000365339	
1.912	0.000335396	0.00036554	
1.913	0.00033559	0.000365741	
1.914	0.000335784	0.000365942	
1.915	0.000335978	0.000366143	
1.916	0.000336172	0.000366344	
1.917	0.000336366	0.000366544	
1.918	0.00033656	0.000366745	
1.919	0.000336754	0.000366946	
1.92	0.000336948	0.000367147	
1.921	0.000337141	0.000367348	
1.922	0.000337336	0.000367549	
1.923	0.00033753	0.000367751	
1.924	0.000337723	0.000367952	
1.925	0.000337917	0.000368153	
1.926	0.000338111	0.000368354	
1.927	0.000338304	0.000368555	
1.928	0.000338499	0.000368756	
1.929	0.000338693	0.000368958	
1.93	0.000338887	0.00036916	
1.931	0.000339081	0.000369362	
1.932	0.000339275	0.000369564	
1.933	0.000339468	0.000369765	
1.934	0.000339662	0.000369967	
1.935	0.000339856	0.000370168	
1.936	0.000340049	0.00037037	
1.937	0.000340243	0.000370572	
1.938	0.000340436	0.000370774	
1.939	0.00034063	0.000370976	
1.94	0.000340824	0.000371178	
1.941	0.000341018	0.00037138	
1.942	0.000341212	0.000371582	
1.943	0.000341406	0.000371785	
1.944	0.0003416	0.000371987	
1.945	0.000341794	0.000372189	
1.946	0.000341987	0.000372392	
1.947	0.000342181	0.000372594	
1.948	0.000342374	0.000372796	
1.949	0.000342568	0.000372997	
1.95	0.000342761	0.000373199	
1.951	0.000342954	0.000373401	
1.952	0.000343147	0.000373602	
1.953	0.00034334	0.000373804	
1.954	0.000343533	0.000374005	
1.955	0.000343726	0.000374207	
1.956	0.000343919	0.000374409	
1.957	0.000344112	0.000374611	
1.958	0.000344306	0.000374813	
1.959	0.000344499	0.000375015	
1.96	0.000344693	0.000375218	
1.961	0.000344886	0.00037542	
1.962	0.00034508	0.000375622	
1.963	0.000345273	0.000375824	
1.964	0.000345467	0.000376026	
1.965	0.00034566	0.000376228	
1.966	0.000345853	0.00037643	
1.967	0.000346047	0.000376632	
1.968	0.00034624	0.000376834	
1.969	0.000346434	0.000377037	
1.97	0.000346628	0.000377239	
1.971	0.000346822	0.000377442	
1.972	0.000347016	0.000377644	
1.973	0.000347209	0.000377847	
1.974	0.000347403	0.000378049	
1.975	0.000347597	0.000378252	
1.976	0.000347791	0.000378454	
1.977	0.000347985	0.000378657	
1.978	0.000348179	0.000378859	
1.979	0.000348373	0.000379062	
1.98	0.000348567	0.000379264	
1.981	0.000348761	0.000379467	
1.982	0.000348955	0.00037967	
1.983	0.000349149	0.000379873	
1.984	0.000349344	0.000380076	
1.985	0.000349538	0.000380279	
1.986	0.000349733	0.000380482	
1.987	0.000349927	0.000380685	
1.988	0.000350121	0.000380888	
1.989	0.000350316	0.000381091	
1.99	0.00035051	0.000381294	
1.991	0.000350705	0.000381497	
1.992	0.000350899	0.000381701	
1.993	0.000351094	0.000381904	
1.994	0.000351288	0.000382107	
1.995	0.000351483	0.00038231	
1.996	0.000351678	0.000382514	
1.997	0.000351872	0.000382717	
1.998	0.000352067	0.00038292	
1.999	0.000352261	0.000383124	
