500 0.00107411	0.00189443
1500 0.00025922	0.000849731
2500 0.000720686	0.0006
3500 0.000185828	0.000480919
4500 0.000193225	0.000409254
5500 0.000159932	0.000360589
6500 9.05016e-05	0.000324993
7500 0.000528953	0.000297607
8500 0.000132114	0.000275754
9500 4.34651e-05	0.000257827
10500 9.71614e-05	0.000242799
11500 0.000187625	0.000229979
12500 0.000167406	0.000218885
13500 2.02566e-05	0.00020917
14500 9.46655e-05	0.000200574
15500 2.04668e-05	0.000192902
16500 0.000140432	0.000186003
17500 3.89719e-05	0.000179757
18500 7.8751e-05	0.00017407
19500 2.18862e-05	0.000168864
20500 9.98374e-06	0.000164076
21500 2.03513e-05	0.000159655
22500 4.85583e-05	0.000155556
23500 5.59287e-05	0.000151742
24500 0.000120359	0.000148183
25500 6.89813e-06	0.000144853
26500 1.6227e-05	0.000141727
27500 0.000104768	0.000138786
28500 1.13419e-05	0.000136014
29500 7.01138e-05	0.000133394
30500 0.000131753	0.000130913
31500 0.000137193	0.00012856
32500 3.51785e-05	0.000126325
33500 0.000120353	0.000124197
34500 2.85776e-05	0.000122169
35500 2.311e-06	0.000120233
36500 0.000105694	0.000118383
37500 6.09952e-06	0.000116613
38500 4.74706e-05	0.000114916
39500 9.30369e-06	0.000113289
40500 6.48546e-05	0.000111726
41500 1.71982e-05	0.000110224
42500 5.79332e-05	0.000108779
43500 4.82747e-05	0.000107387
44500 1.4406e-05	0.000106045
45500 0.000199323	0.00010475
46500 3.34471e-05	0.0001035
47500 3.40757e-05	0.000102293
48500 5.3186e-05	0.000101125
49500 8.39664e-06	9.99943e-05
