0.001	0.00298701
0.002	0.00596804
0.003	0.00894309
0.004	0.0119122
0.005	0.0148753
0.006	0.0178324
0.007	0.0207835
0.008	0.0237286
0.009	0.0266678
0.01	0.029601
0.011	0.0325282
0.012	0.0354494
0.013	0.0383647
0.014	0.041274
0.015	0.0441773
0.016	0.0470746
0.017	0.0499659
0.018	0.0528512
0.019	0.0557306
0.02	0.058604
0.021	0.0614714
0.022	0.0643328
0.023	0.0671883
0.024	0.0700378
0.025	0.0728813
0.026	0.0757188
0.027	0.0785503
0.028	0.0813758
0.029	0.0841954
0.03	0.087009
0.031	0.0898166
0.032	0.0926182
0.033	0.0954139
0.034	0.0982036
0.035	0.100987
0.036	0.103765
0.037	0.106537
0.038	0.109302
0.039	0.112062
0.04	0.114816
0.041	0.117564
0.042	0.120306
0.043	0.123041
0.044	0.125771
0.045	0.128495
0.046	0.131213
0.047	0.133925
0.048	0.136631
0.049	0.139331
0.05	0.142025
0.051	0.144713
0.052	0.147395
0.053	0.150071
0.054	0.152741
0.055	0.155405
0.056	0.158063
0.057	0.160715
0.058	0.163362
0.059	0.166002
0.06	0.168636
0.061	0.171264
0.062	0.173886
0.063	0.176503
0.064	0.179113
0.065	0.181717
0.066	0.184316
0.067	0.186908
0.068	0.189494
0.069	0.192075
0.07	0.194649
0.071	0.197217
0.072	0.19978
0.073	0.202336
0.074	0.204887
0.075	0.207431
0.076	0.20997
0.077	0.212502
0.078	0.215029
0.079	0.217549
0.08	0.220064
0.081	0.222573
0.082	0.225075
0.083	0.227572
0.084	0.230063
0.085	0.232547
0.086	0.235026
0.087	0.237499
0.088	0.239965
0.089	0.242426
0.09	0.244881
0.091	0.24733
0.092	0.249773
0.093	0.252209
0.094	0.25464
0.095	0.257065
0.096	0.259484
0.097	0.261897
0.098	0.264304
0.099	0.266705
0.1	0.2691
0.101	0.271489
0.102	0.273872
0.103	0.276249
0.104	0.27862
0.105	0.280985
0.106	0.283344
0.107	0.285697
0.108	0.288045
0.109	0.290386
0.11	0.292721
0.111	0.29505
0.112	0.297373
0.113	0.299691
0.114	0.302002
0.115	0.304307
0.116	0.306607
0.117	0.3089
0.118	0.311187
0.119	0.313469
0.12	0.315744
0.121	0.318013
0.122	0.320277
0.123	0.322534
0.124	0.324786
0.125	0.327031
0.126	0.329271
0.127	0.331504
0.128	0.333732
0.129	0.335953
0.13	0.338169
0.131	0.340379
0.132	0.342582
0.133	0.34478
0.134	0.346972
0.135	0.349157
0.136	0.351337
0.137	0.353511
0.138	0.355678
0.139	0.35784
0.14	0.359996
0.141	0.362146
0.142	0.36429
0.143	0.366427
0.144	0.368559
0.145	0.370685
0.146	0.372805
0.147	0.374919
0.148	0.377027
0.149	0.379129
0.15	0.381225
0.151	0.383315
0.152	0.385399
0.153	0.387477
0.154	0.389549
0.155	0.391615
0.156	0.393675
0.157	0.395729
0.158	0.397778
0.159	0.39982
0.16	0.401856
0.161	0.403886
0.162	0.40591
0.163	0.407929
0.164	0.409941
0.165	0.411947
0.166	0.413948
0.167	0.415942
0.168	0.41793
0.169	0.419913
0.17	0.421889
0.171	0.423859
0.172	0.425824
0.173	0.427782
0.174	0.429735
0.175	0.431681
0.176	0.433622
0.177	0.435556
0.178	0.437485
0.179	0.439407
0.18	0.441324
0.181	0.443235
0.182	0.445139
0.183	0.447038
0.184	0.448931
0.185	0.450817
0.186	0.452698
0.187	0.454573
0.188	0.456441
0.189	0.458304
0.19	0.460161
0.191	0.462012
0.192	0.463857
0.193	0.465695
0.194	0.467528
0.195	0.469355
0.196	0.471176
0.197	0.472991
0.198	0.4748
0.199	0.476603
0.2	0.4784
0.201	0.480191
0.202	0.481976
0.203	0.483755
0.204	0.485528
0.205	0.487295
0.206	0.489056
0.207	0.490811
0.208	0.492561
0.209	0.494304
0.21	0.496041
0.211	0.497772
0.212	0.499497
0.213	0.501217
0.214	0.50293
0.215	0.504637
0.216	0.506339
0.217	0.508034
0.218	0.509723
0.219	0.511407
0.22	0.513084
0.221	0.514755
0.222	0.516421
0.223	0.51808
0.224	0.519734
0.225	0.521381
0.226	0.523023
0.227	0.524658
0.228	0.526288
0.229	0.527911
0.23	0.529529
0.231	0.531141
0.232	0.532746
0.233	0.534346
0.234	0.53594
0.235	0.537527
0.236	0.539109
0.237	0.540685
0.238	0.542254
0.239	0.543818
0.24	0.545376
0.241	0.546928
0.242	0.548474
0.243	0.550013
0.244	0.551547
0.245	0.553075
0.246	0.554597
0.247	0.556113
0.248	0.557623
0.249	0.559127
0.25	0.560625
0.251	0.562117
0.252	0.563603
0.253	0.565083
0.254	0.566557
0.255	0.568025
0.256	0.569487
0.257	0.570943
0.258	0.572394
0.259	0.573838
0.26	0.575276
0.261	0.576708
0.262	0.578134
0.263	0.579555
0.264	0.580969
0.265	0.582377
0.266	0.58378
0.267	0.585176
0.268	0.586566
0.269	0.587951
0.27	0.589329
0.271	0.590701
0.272	0.592068
0.273	0.593428
0.274	0.594783
0.275	0.596131
0.276	0.597474
0.277	0.59881
0.278	0.600141
0.279	0.601465
0.28	0.602784
0.281	0.604097
0.282	0.605403
0.283	0.606704
0.284	0.607999
0.285	0.609287
0.286	0.61057
0.287	0.611847
0.288	0.613117
0.289	0.614382
0.29	0.615641
0.291	0.616894
0.292	0.618141
0.293	0.619381
0.294	0.620616
0.295	0.621845
0.296	0.623068
0.297	0.624285
0.298	0.625496
0.299	0.626701
0.3	0.6279
0.301	0.629093
0.302	0.63028
0.303	0.631461
0.304	0.632636
0.305	0.633805
0.306	0.634968
0.307	0.636125
0.308	0.637277
0.309	0.638422
0.31	0.639561
0.311	0.640694
0.312	0.641821
0.313	0.642943
0.314	0.644058
0.315	0.645167
0.316	0.646271
0.317	0.647368
0.318	0.648459
0.319	0.649545
0.32	0.650624
0.321	0.651697
0.322	0.652765
0.323	0.653826
0.324	0.654882
0.325	0.655931
0.326	0.656975
0.327	0.658012
0.328	0.659044
0.329	0.660069
0.33	0.661089
0.331	0.662103
0.332	0.66311
0.333	0.664112
0.334	0.665108
0.335	0.666097
0.336	0.667081
0.337	0.668059
0.338	0.66903
0.339	0.669996
0.34	0.670956
0.341	0.67191
0.342	0.672858
0.343	0.673799
0.344	0.674735
0.345	0.675665
0.346	0.676589
0.347	0.677507
0.348	0.678419
0.349	0.679325
0.35	0.680225
0.351	0.681119
0.352	0.682007
0.353	0.682889
0.354	0.683765
0.355	0.684635
0.356	0.685499
0.357	0.686357
0.358	0.68721
0.359	0.688056
0.36	0.688896
0.361	0.68973
0.362	0.690558
0.363	0.691381
0.364	0.692197
0.365	0.693007
0.366	0.693812
0.367	0.69461
0.368	0.695402
0.369	0.696189
0.37	0.696969
0.371	0.697743
0.372	0.698512
0.373	0.699274
0.374	0.700031
0.375	0.700781
0.376	0.701526
0.377	0.702264
0.378	0.702997
0.379	0.703723
0.38	0.704444
0.381	0.705159
0.382	0.705867
0.383	0.70657
0.384	0.707267
0.385	0.707957
0.386	0.708642
0.387	0.709321
0.388	0.709993
0.389	0.71066
0.39	0.711321
0.391	0.711976
0.392	0.712625
0.393	0.713267
0.394	0.713904
0.395	0.714535
0.396	0.71516
0.397	0.715779
0.398	0.716392
0.399	0.716999
0.4	0.7176
0.401	0.718195
0.402	0.718784
0.403	0.719367
0.404	0.719944
0.405	0.720515
0.406	0.72108
0.407	0.721639
0.408	0.722193
0.409	0.72274
0.41	0.723281
0.411	0.723816
0.412	0.724345
0.413	0.724869
0.414	0.725386
0.415	0.725897
0.416	0.726403
0.417	0.726902
0.418	0.727395
0.419	0.727883
0.42	0.728364
0.421	0.728839
0.422	0.729309
0.423	0.729772
0.424	0.73023
0.425	0.730681
0.426	0.731127
0.427	0.731566
0.428	0.732
0.429	0.732427
0.43	0.732849
0.431	0.733265
0.432	0.733674
0.433	0.734078
0.434	0.734476
0.435	0.734867
0.436	0.735253
0.437	0.735633
0.438	0.736006
0.439	0.736374
0.44	0.736736
0.441	0.737092
0.442	0.737442
0.443	0.737785
0.444	0.738123
0.445	0.738455
0.446	0.738781
0.447	0.739101
0.448	0.739415
0.449	0.739723
0.45	0.740025
0.451	0.740321
0.452	0.740611
0.453	0.740895
0.454	0.741173
0.455	0.741445
0.456	0.741711
0.457	0.741971
0.458	0.742226
0.459	0.742474
0.46	0.742716
0.461	0.742952
0.462	0.743182
0.463	0.743407
0.464	0.743625
0.465	0.743837
0.466	0.744044
0.467	0.744244
0.468	0.744438
0.469	0.744627
0.47	0.744809
0.471	0.744985
0.472	0.745156
0.473	0.74532
0.474	0.745479
0.475	0.745631
0.476	0.745778
0.477	0.745918
0.478	0.746053
0.479	0.746181
0.48	0.746304
0.481	0.746421
0.482	0.746531
0.483	0.746636
0.484	0.746735
0.485	0.746827
0.486	0.746914
0.487	0.746995
0.488	0.747069
0.489	0.747138
0.49	0.747201
0.491	0.747258
0.492	0.747309
0.493	0.747353
0.494	0.747392
0.495	0.747425
0.496	0.747452
0.497	0.747473
0.498	0.747488
0.499	0.747497
0.5	0.7475
0.501	0.747497
0.502	0.747488
0.503	0.747473
0.504	0.747452
0.505	0.747425
0.506	0.747392
0.507	0.747353
0.508	0.747309
0.509	0.747258
0.51	0.747201
0.511	0.747138
0.512	0.747069
0.513	0.746995
0.514	0.746914
0.515	0.746827
0.516	0.746735
0.517	0.746636
0.518	0.746531
0.519	0.746421
0.52	0.746304
0.521	0.746181
0.522	0.746053
0.523	0.745918
0.524	0.745778
0.525	0.745631
0.526	0.745479
0.527	0.74532
0.528	0.745156
0.529	0.744985
0.53	0.744809
0.531	0.744627
0.532	0.744438
0.533	0.744244
0.534	0.744044
0.535	0.743837
0.536	0.743625
0.537	0.743407
0.538	0.743182
0.539	0.742952
0.54	0.742716
0.541	0.742474
0.542	0.742226
0.543	0.741971
0.544	0.741711
0.545	0.741445
0.546	0.741173
0.547	0.740895
0.548	0.740611
0.549	0.740321
0.55	0.740025
0.551	0.739723
0.552	0.739415
0.553	0.739101
0.554	0.738781
0.555	0.738455
0.556	0.738123
0.557	0.737785
0.558	0.737442
0.559	0.737092
0.56	0.736736
0.561	0.736374
0.562	0.736006
0.563	0.735633
0.564	0.735253
0.565	0.734867
0.566	0.734476
0.567	0.734078
0.568	0.733674
0.569	0.733265
0.57	0.732849
0.571	0.732427
0.572	0.732
0.573	0.731566
0.574	0.731127
0.575	0.730681
0.576	0.73023
0.577	0.729772
0.578	0.729309
0.579	0.728839
0.58	0.728364
0.581	0.727883
0.582	0.727395
0.583	0.726902
0.584	0.726403
0.585	0.725897
0.586	0.725386
0.587	0.724869
0.588	0.724345
0.589	0.723816
0.59	0.723281
0.591	0.72274
0.592	0.722193
0.593	0.721639
0.594	0.72108
0.595	0.720515
0.596	0.719944
0.597	0.719367
0.598	0.718784
0.599	0.718195
0.6	0.7176
0.601	0.716999
0.602	0.716392
0.603	0.715779
0.604	0.71516
0.605	0.714535
0.606	0.713904
0.607	0.713267
0.608	0.712625
0.609	0.711976
0.61	0.711321
0.611	0.71066
0.612	0.709993
0.613	0.709321
0.614	0.708642
0.615	0.707957
0.616	0.707267
0.617	0.70657
0.618	0.705867
0.619	0.705159
0.62	0.704444
0.621	0.703723
0.622	0.702997
0.623	0.702264
0.624	0.701526
0.625	0.700781
0.626	0.700031
0.627	0.699274
0.628	0.698512
0.629	0.697743
0.63	0.696969
0.631	0.696189
0.632	0.695402
0.633	0.69461
0.634	0.693812
0.635	0.693007
0.636	0.692197
0.637	0.691381
0.638	0.690558
0.639	0.68973
0.64	0.688896
0.641	0.688056
0.642	0.68721
0.643	0.686357
0.644	0.685499
0.645	0.684635
0.646	0.683765
0.647	0.682889
0.648	0.682007
0.649	0.681119
0.65	0.680225
0.651	0.679325
0.652	0.678419
0.653	0.677507
0.654	0.676589
0.655	0.675665
0.656	0.674735
0.657	0.673799
0.658	0.672858
0.659	0.67191
0.66	0.670956
0.661	0.669996
0.662	0.66903
0.663	0.668059
0.664	0.667081
0.665	0.666097
0.666	0.665108
0.667	0.664112
0.668	0.66311
0.669	0.662103
0.67	0.661089
0.671	0.660069
0.672	0.659044
0.673	0.658012
0.674	0.656975
0.675	0.655931
0.676	0.654882
0.677	0.653826
0.678	0.652765
0.679	0.651697
0.68	0.650624
0.681	0.649545
0.682	0.648459
0.683	0.647368
0.684	0.646271
0.685	0.645167
0.686	0.644058
0.687	0.642943
0.688	0.641821
0.689	0.640694
0.69	0.639561
0.691	0.638422
0.692	0.637277
0.693	0.636125
0.694	0.634968
0.695	0.633805
0.696	0.632636
0.697	0.631461
0.698	0.63028
0.699	0.629093
0.7	0.6279
0.701	0.626701
0.702	0.625496
0.703	0.624285
0.704	0.623068
0.705	0.621845
0.706	0.620616
0.707	0.619381
0.708	0.618141
0.709	0.616894
0.71	0.615641
0.711	0.614382
0.712	0.613117
0.713	0.611847
0.714	0.61057
0.715	0.609287
0.716	0.607999
0.717	0.606704
0.718	0.605403
0.719	0.604097
0.72	0.602784
0.721	0.601465
0.722	0.600141
0.723	0.59881
0.724	0.597474
0.725	0.596131
0.726	0.594783
0.727	0.593428
0.728	0.592068
0.729	0.590701
0.73	0.589329
0.731	0.587951
0.732	0.586566
0.733	0.585176
0.734	0.58378
0.735	0.582377
0.736	0.580969
0.737	0.579555
0.738	0.578134
0.739	0.576708
0.74	0.575276
0.741	0.573838
0.742	0.572394
0.743	0.570943
0.744	0.569487
0.745	0.568025
0.746	0.566557
0.747	0.565083
0.748	0.563603
0.749	0.562117
0.75	0.560625
0.751	0.559127
0.752	0.557623
0.753	0.556113
0.754	0.554597
0.755	0.553075
0.756	0.551547
0.757	0.550013
0.758	0.548474
0.759	0.546928
0.76	0.545376
0.761	0.543818
0.762	0.542254
0.763	0.540685
0.764	0.539109
0.765	0.537527
0.766	0.53594
0.767	0.534346
0.768	0.532746
0.769	0.531141
0.77	0.529529
0.771	0.527911
0.772	0.526288
0.773	0.524658
0.774	0.523023
0.775	0.521381
0.776	0.519734
0.777	0.51808
0.778	0.516421
0.779	0.514755
0.78	0.513084
0.781	0.511407
0.782	0.509723
0.783	0.508034
0.784	0.506339
0.785	0.504637
0.786	0.50293
0.787	0.501217
0.788	0.499497
0.789	0.497772
0.79	0.496041
0.791	0.494304
0.792	0.492561
0.793	0.490811
0.794	0.489056
0.795	0.487295
0.796	0.485528
0.797	0.483755
0.798	0.481976
0.799	0.480191
0.8	0.4784
0.801	0.476603
0.802	0.4748
0.803	0.472991
0.804	0.471176
0.805	0.469355
0.806	0.467528
0.807	0.465695
0.808	0.463857
0.809	0.462012
0.81	0.460161
0.811	0.458304
0.812	0.456441
0.813	0.454573
0.814	0.452698
0.815	0.450817
0.816	0.448931
0.817	0.447038
0.818	0.445139
0.819	0.443235
0.82	0.441324
0.821	0.439407
0.822	0.437485
0.823	0.435556
0.824	0.433622
0.825	0.431681
0.826	0.429735
0.827	0.427782
0.828	0.425824
0.829	0.423859
0.83	0.421889
0.831	0.419913
0.832	0.41793
0.833	0.415942
0.834	0.413948
0.835	0.411947
0.836	0.409941
0.837	0.407929
0.838	0.40591
0.839	0.403886
0.84	0.401856
0.841	0.39982
0.842	0.397778
0.843	0.395729
0.844	0.393675
0.845	0.391615
0.846	0.389549
0.847	0.387477
0.848	0.385399
0.849	0.383315
0.85	0.381225
0.851	0.379129
0.852	0.377027
0.853	0.374919
0.854	0.372805
0.855	0.370685
0.856	0.368559
0.857	0.366427
0.858	0.36429
0.859	0.362146
0.86	0.359996
0.861	0.35784
0.862	0.355678
0.863	0.353511
0.864	0.351337
0.865	0.349157
0.866	0.346972
0.867	0.34478
0.868	0.342582
0.869	0.340379
0.87	0.338169
0.871	0.335953
0.872	0.333732
0.873	0.331504
0.874	0.329271
0.875	0.327031
0.876	0.324786
0.877	0.322534
0.878	0.320277
0.879	0.318013
0.88	0.315744
0.881	0.313469
0.882	0.311187
0.883	0.3089
0.884	0.306607
0.885	0.304307
0.886	0.302002
0.887	0.299691
0.888	0.297373
0.889	0.29505
0.89	0.292721
0.891	0.290386
0.892	0.288045
0.893	0.285697
0.894	0.283344
0.895	0.280985
0.896	0.27862
0.897	0.276249
0.898	0.273872
0.899	0.271489
0.9	0.2691
0.901	0.266705
0.902	0.264304
0.903	0.261897
0.904	0.259484
0.905	0.257065
0.906	0.25464
0.907	0.252209
0.908	0.249773
0.909	0.24733
0.91	0.244881
0.911	0.242426
0.912	0.239965
0.913	0.237499
0.914	0.235026
0.915	0.232547
0.916	0.230063
0.917	0.227572
0.918	0.225075
0.919	0.222573
0.92	0.220064
0.921	0.217549
0.922	0.215029
0.923	0.212502
0.924	0.20997
0.925	0.207431
0.926	0.204887
0.927	0.202336
0.928	0.19978
0.929	0.197217
0.93	0.194649
0.931	0.192075
0.932	0.189494
0.933	0.186908
0.934	0.184316
0.935	0.181717
0.936	0.179113
0.937	0.176503
0.938	0.173886
0.939	0.171264
0.94	0.168636
0.941	0.166002
0.942	0.163362
0.943	0.160715
0.944	0.158063
0.945	0.155405
0.946	0.152741
0.947	0.150071
0.948	0.147395
0.949	0.144713
0.95	0.142025
0.951	0.139331
0.952	0.136631
0.953	0.133925
0.954	0.131213
0.955	0.128495
0.956	0.125771
0.957	0.123041
0.958	0.120306
0.959	0.117564
0.96	0.114816
0.961	0.112062
0.962	0.109302
0.963	0.106537
0.964	0.103765
0.965	0.100987
0.966	0.0982036
0.967	0.0954139
0.968	0.0926182
0.969	0.0898166
0.97	0.087009
0.971	0.0841954
0.972	0.0813758
0.973	0.0785503
0.974	0.0757188
0.975	0.0728813
0.976	0.0700378
0.977	0.0671883
0.978	0.0643328
0.979	0.0614714
0.98	0.058604
0.981	0.0557306
0.982	0.0528512
0.983	0.0499659
0.984	0.0470746
0.985	0.0441773
0.986	0.041274
0.987	0.0383647
0.988	0.0354494
0.989	0.0325282
0.99	0.029601
0.991	0.0266678
0.992	0.0237286
0.993	0.0207835
0.994	0.0178324
0.995	0.0148753
0.996	0.0119122
0.997	0.00894309
0.998	0.00596804
0.999	0.00298701
1	0
