0.001	0.00890448
0.002	0.0177379
0.003	0.0265007
0.004	0.0351931
0.005	0.0438154
0.006	0.052368
0.007	0.0608511
0.008	0.0692651
0.009	0.0776103
0.01	0.0858871
0.011	0.0940957
0.012	0.102236
0.013	0.11031
0.014	0.118316
0.015	0.126255
0.016	0.134127
0.017	0.141933
0.018	0.149673
0.019	0.157348
0.02	0.164957
0.021	0.172501
0.022	0.17998
0.023	0.187395
0.024	0.194746
0.025	0.202033
0.026	0.209256
0.027	0.216417
0.028	0.223514
0.029	0.230549
0.03	0.237521
0.031	0.244431
0.032	0.25128
0.033	0.258067
0.034	0.264793
0.035	0.271459
0.036	0.278063
0.037	0.284608
0.038	0.291093
0.039	0.297518
0.04	0.303884
0.041	0.31019
0.042	0.316438
0.043	0.322628
0.044	0.328759
0.045	0.334833
0.046	0.340849
0.047	0.346808
0.048	0.352709
0.049	0.358554
0.05	0.364343
0.051	0.370076
0.052	0.375753
0.053	0.381374
0.054	0.38694
0.055	0.392451
0.056	0.397907
0.057	0.403309
0.058	0.408657
0.059	0.413951
0.06	0.419192
0.061	0.424379
0.062	0.429513
0.063	0.434595
0.064	0.439624
0.065	0.444601
0.066	0.449527
0.067	0.4544
0.068	0.459223
0.069	0.463994
0.07	0.468715
0.071	0.473385
0.072	0.478005
0.073	0.482575
0.074	0.487095
0.075	0.491567
0.076	0.495989
0.077	0.500362
0.078	0.504686
0.079	0.508963
0.08	0.513191
0.081	0.517372
0.082	0.521505
0.083	0.525591
0.084	0.52963
0.085	0.533622
0.086	0.537568
0.087	0.541468
0.088	0.545322
0.089	0.549131
0.09	0.552894
0.091	0.556612
0.092	0.560285
0.093	0.563914
0.094	0.567498
0.095	0.571038
0.096	0.574535
0.097	0.577988
0.098	0.581398
0.099	0.584765
0.1	0.588089
0.101	0.59137
0.102	0.59461
0.103	0.597807
0.104	0.600963
0.105	0.604077
0.106	0.60715
0.107	0.610183
0.108	0.613174
0.109	0.616125
0.11	0.619036
0.111	0.621907
0.112	0.624738
0.113	0.62753
0.114	0.630282
0.115	0.632996
0.116	0.635671
0.117	0.638307
0.118	0.640906
0.119	0.643466
0.12	0.645989
0.121	0.648474
0.122	0.650922
0.123	0.653333
0.124	0.655707
0.125	0.658045
0.126	0.660346
0.127	0.662611
0.128	0.664841
0.129	0.667035
0.13	0.669194
0.131	0.671318
0.132	0.673407
0.133	0.675461
0.134	0.677481
0.135	0.679467
0.136	0.681419
0.137	0.683337
0.138	0.685222
0.139	0.687074
0.14	0.688893
0.141	0.690679
0.142	0.692432
0.143	0.694154
0.144	0.695843
0.145	0.6975
0.146	0.699126
0.147	0.700721
0.148	0.702284
0.149	0.703817
0.15	0.705319
0.151	0.70679
0.152	0.708231
0.153	0.709642
0.154	0.711024
0.155	0.712376
0.156	0.713698
0.157	0.714992
0.158	0.716256
0.159	0.717492
0.16	0.7187
0.161	0.719879
0.162	0.72103
0.163	0.722153
0.164	0.723249
0.165	0.724318
0.166	0.725359
0.167	0.726373
0.168	0.727361
0.169	0.728322
0.17	0.729257
0.171	0.730166
0.172	0.731049
0.173	0.731906
0.174	0.732738
0.175	0.733544
0.176	0.734326
0.177	0.735083
0.178	0.735815
0.179	0.736522
0.18	0.737206
0.181	0.737865
0.182	0.738501
0.183	0.739113
0.184	0.739702
0.185	0.740267
0.186	0.74081
0.187	0.74133
0.188	0.741827
0.189	0.742302
0.19	0.742754
0.191	0.743185
0.192	0.743594
0.193	0.743981
0.194	0.744347
0.195	0.744692
0.196	0.745016
0.197	0.745319
0.198	0.745601
0.199	0.745863
0.2	0.746105
0.201	0.746327
0.202	0.746529
0.203	0.746711
0.204	0.746874
0.205	0.747017
0.206	0.747142
0.207	0.747248
0.208	0.747335
0.209	0.747403
0.21	0.747453
0.211	0.747485
0.212	0.747499
0.213	0.747496
0.214	0.747474
0.215	0.747436
0.216	0.74738
0.217	0.747307
0.218	0.747217
0.219	0.747111
0.22	0.746988
0.221	0.746849
0.222	0.746694
0.223	0.746523
0.224	0.746336
0.225	0.746133
0.226	0.745915
0.227	0.745682
0.228	0.745434
0.229	0.745171
0.23	0.744893
0.231	0.7446
0.232	0.744294
0.233	0.743973
0.234	0.743638
0.235	0.743289
0.236	0.742927
0.237	0.742551
0.238	0.742162
0.239	0.741759
0.24	0.741344
0.241	0.740915
0.242	0.740474
0.243	0.740021
0.244	0.739555
0.245	0.739077
0.246	0.738587
0.247	0.738085
0.248	0.737572
0.249	0.737047
0.25	0.736511
0.251	0.735963
0.252	0.735404
0.253	0.734835
0.254	0.734255
0.255	0.733664
0.256	0.733063
0.257	0.732451
0.258	0.73183
0.259	0.731198
0.26	0.730557
0.261	0.729906
0.262	0.729246
0.263	0.728576
0.264	0.727898
0.265	0.72721
0.266	0.726513
0.267	0.725808
0.268	0.725094
0.269	0.724371
0.27	0.723641
0.271	0.722902
0.272	0.722155
0.273	0.721401
0.274	0.720639
0.275	0.719869
0.276	0.719092
0.277	0.718307
0.278	0.717516
0.279	0.716717
0.28	0.715912
0.281	0.7151
0.282	0.714282
0.283	0.713457
0.284	0.712626
0.285	0.711788
0.286	0.710945
0.287	0.710096
0.288	0.709241
0.289	0.708381
0.29	0.707515
0.291	0.706644
0.292	0.705768
0.293	0.704887
0.294	0.704001
0.295	0.70311
0.296	0.702214
0.297	0.701314
0.298	0.70041
0.299	0.699501
0.3	0.698588
0.301	0.697672
0.302	0.696751
0.303	0.695827
0.304	0.694899
0.305	0.693968
0.306	0.693033
0.307	0.692095
0.308	0.691154
0.309	0.69021
0.31	0.689263
0.311	0.688313
0.312	0.687361
0.313	0.686406
0.314	0.685449
0.315	0.68449
0.316	0.683529
0.317	0.682565
0.318	0.6816
0.319	0.680633
0.32	0.679664
0.321	0.678694
0.322	0.677722
0.323	0.676749
0.324	0.675775
0.325	0.674799
0.326	0.673823
0.327	0.672846
0.328	0.671868
0.329	0.67089
0.33	0.66991
0.331	0.668931
0.332	0.667951
0.333	0.666971
0.334	0.665991
0.335	0.665011
0.336	0.664031
0.337	0.663051
0.338	0.662072
0.339	0.661093
0.34	0.660114
0.341	0.659137
0.342	0.65816
0.343	0.657183
0.344	0.656208
0.345	0.655234
0.346	0.654261
0.347	0.653289
0.348	0.652318
0.349	0.651349
0.35	0.650382
0.351	0.649416
0.352	0.648452
0.353	0.647489
0.354	0.646529
0.355	0.64557
0.356	0.644614
0.357	0.64366
0.358	0.642708
0.359	0.641759
0.36	0.640812
0.361	0.639867
0.362	0.638926
0.363	0.637987
0.364	0.63705
0.365	0.636117
0.366	0.635187
0.367	0.63426
0.368	0.633336
0.369	0.632415
0.37	0.631498
0.371	0.630584
0.372	0.629673
0.373	0.628766
0.374	0.627863
0.375	0.626964
0.376	0.626068
0.377	0.625177
0.378	0.624289
0.379	0.623405
0.38	0.622526
0.381	0.621651
0.382	0.62078
0.383	0.619913
0.384	0.619051
0.385	0.618194
0.386	0.617341
0.387	0.616493
0.388	0.615649
0.389	0.614811
0.39	0.613977
0.391	0.613148
0.392	0.612324
0.393	0.611506
0.394	0.610692
0.395	0.609884
0.396	0.609081
0.397	0.608284
0.398	0.607492
0.399	0.606705
0.4	0.605924
0.401	0.605149
0.402	0.604379
0.403	0.603615
0.404	0.602857
0.405	0.602105
0.406	0.601359
0.407	0.600619
0.408	0.599885
0.409	0.599157
0.41	0.598435
0.411	0.59772
0.412	0.597011
0.413	0.596308
0.414	0.595611
0.415	0.594922
0.416	0.594238
0.417	0.593561
0.418	0.592891
0.419	0.592228
0.42	0.591571
0.421	0.590921
0.422	0.590278
0.423	0.589642
0.424	0.589013
0.425	0.588391
0.426	0.587775
0.427	0.587167
0.428	0.586566
0.429	0.585973
0.43	0.585386
0.431	0.584807
0.432	0.584235
0.433	0.583671
0.434	0.583113
0.435	0.582564
0.436	0.582022
0.437	0.581487
0.438	0.58096
0.439	0.58044
0.44	0.579929
0.441	0.579425
0.442	0.578928
0.443	0.57844
0.444	0.577959
0.445	0.577486
0.446	0.577021
0.447	0.576564
0.448	0.576115
0.449	0.575673
0.45	0.57524
0.451	0.574815
0.452	0.574398
0.453	0.573989
0.454	0.573588
0.455	0.573196
0.456	0.572811
0.457	0.572435
0.458	0.572067
0.459	0.571707
0.46	0.571356
0.461	0.571013
0.462	0.570678
0.463	0.570352
0.464	0.570034
0.465	0.569725
0.466	0.569424
0.467	0.569131
0.468	0.568847
0.469	0.568572
0.47	0.568305
0.471	0.568047
0.472	0.567797
0.473	0.567556
0.474	0.567323
0.475	0.567099
0.476	0.566884
0.477	0.566677
0.478	0.566479
0.479	0.56629
0.48	0.56611
0.481	0.565938
0.482	0.565775
0.483	0.565621
0.484	0.565475
0.485	0.565338
0.486	0.56521
0.487	0.565091
0.488	0.564981
0.489	0.564879
0.49	0.564786
0.491	0.564702
0.492	0.564627
0.493	0.564561
0.494	0.564503
0.495	0.564454
0.496	0.564415
0.497	0.564384
0.498	0.564362
0.499	0.564348
0.5	0.564344
0.501	0.564348
0.502	0.564362
0.503	0.564384
0.504	0.564415
0.505	0.564454
0.506	0.564503
0.507	0.564561
0.508	0.564627
0.509	0.564702
0.51	0.564786
0.511	0.564879
0.512	0.564981
0.513	0.565091
0.514	0.56521
0.515	0.565338
0.516	0.565475
0.517	0.565621
0.518	0.565775
0.519	0.565938
0.52	0.56611
0.521	0.56629
0.522	0.566479
0.523	0.566677
0.524	0.566884
0.525	0.567099
0.526	0.567323
0.527	0.567556
0.528	0.567797
0.529	0.568047
0.53	0.568305
0.531	0.568572
0.532	0.568847
0.533	0.569131
0.534	0.569424
0.535	0.569725
0.536	0.570034
0.537	0.570352
0.538	0.570678
0.539	0.571013
0.54	0.571356
0.541	0.571707
0.542	0.572067
0.543	0.572435
0.544	0.572811
0.545	0.573196
0.546	0.573588
0.547	0.573989
0.548	0.574398
0.549	0.574815
0.55	0.57524
0.551	0.575673
0.552	0.576115
0.553	0.576564
0.554	0.577021
0.555	0.577486
0.556	0.577959
0.557	0.57844
0.558	0.578928
0.559	0.579425
0.56	0.579929
0.561	0.58044
0.562	0.58096
0.563	0.581487
0.564	0.582022
0.565	0.582564
0.566	0.583113
0.567	0.583671
0.568	0.584235
0.569	0.584807
0.57	0.585386
0.571	0.585973
0.572	0.586566
0.573	0.587167
0.574	0.587775
0.575	0.588391
0.576	0.589013
0.577	0.589642
0.578	0.590278
0.579	0.590921
0.58	0.591571
0.581	0.592228
0.582	0.592891
0.583	0.593561
0.584	0.594238
0.585	0.594922
0.586	0.595611
0.587	0.596308
0.588	0.597011
0.589	0.59772
0.59	0.598435
0.591	0.599157
0.592	0.599885
0.593	0.600619
0.594	0.601359
0.595	0.602105
0.596	0.602857
0.597	0.603615
0.598	0.604379
0.599	0.605149
0.6	0.605924
0.601	0.606705
0.602	0.607492
0.603	0.608284
0.604	0.609081
0.605	0.609884
0.606	0.610692
0.607	0.611506
0.608	0.612324
0.609	0.613148
0.61	0.613977
0.611	0.614811
0.612	0.615649
0.613	0.616493
0.614	0.617341
0.615	0.618194
0.616	0.619051
0.617	0.619913
0.618	0.62078
0.619	0.621651
0.62	0.622526
0.621	0.623405
0.622	0.624289
0.623	0.625177
0.624	0.626068
0.625	0.626964
0.626	0.627863
0.627	0.628766
0.628	0.629673
0.629	0.630584
0.63	0.631498
0.631	0.632415
0.632	0.633336
0.633	0.63426
0.634	0.635187
0.635	0.636117
0.636	0.63705
0.637	0.637987
0.638	0.638926
0.639	0.639867
0.64	0.640812
0.641	0.641759
0.642	0.642708
0.643	0.64366
0.644	0.644614
0.645	0.64557
0.646	0.646529
0.647	0.647489
0.648	0.648452
0.649	0.649416
0.65	0.650382
0.651	0.651349
0.652	0.652318
0.653	0.653289
0.654	0.654261
0.655	0.655234
0.656	0.656208
0.657	0.657183
0.658	0.65816
0.659	0.659137
0.66	0.660114
0.661	0.661093
0.662	0.662072
0.663	0.663051
0.664	0.664031
0.665	0.665011
0.666	0.665991
0.667	0.666971
0.668	0.667951
0.669	0.668931
0.67	0.66991
0.671	0.67089
0.672	0.671868
0.673	0.672846
0.674	0.673823
0.675	0.674799
0.676	0.675775
0.677	0.676749
0.678	0.677722
0.679	0.678694
0.68	0.679664
0.681	0.680633
0.682	0.6816
0.683	0.682565
0.684	0.683529
0.685	0.68449
0.686	0.685449
0.687	0.686406
0.688	0.687361
0.689	0.688313
0.69	0.689263
0.691	0.69021
0.692	0.691154
0.693	0.692095
0.694	0.693033
0.695	0.693968
0.696	0.694899
0.697	0.695827
0.698	0.696751
0.699	0.697672
0.7	0.698588
0.701	0.699501
0.702	0.70041
0.703	0.701314
0.704	0.702214
0.705	0.70311
0.706	0.704001
0.707	0.704887
0.708	0.705768
0.709	0.706644
0.71	0.707515
0.711	0.708381
0.712	0.709241
0.713	0.710096
0.714	0.710945
0.715	0.711788
0.716	0.712626
0.717	0.713457
0.718	0.714282
0.719	0.7151
0.72	0.715912
0.721	0.716717
0.722	0.717516
0.723	0.718307
0.724	0.719092
0.725	0.719869
0.726	0.720639
0.727	0.721401
0.728	0.722155
0.729	0.722902
0.73	0.723641
0.731	0.724371
0.732	0.725094
0.733	0.725808
0.734	0.726513
0.735	0.72721
0.736	0.727898
0.737	0.728576
0.738	0.729246
0.739	0.729906
0.74	0.730557
0.741	0.731198
0.742	0.73183
0.743	0.732451
0.744	0.733063
0.745	0.733664
0.746	0.734255
0.747	0.734835
0.748	0.735404
0.749	0.735963
0.75	0.736511
0.751	0.737047
0.752	0.737572
0.753	0.738085
0.754	0.738587
0.755	0.739077
0.756	0.739555
0.757	0.740021
0.758	0.740474
0.759	0.740915
0.76	0.741344
0.761	0.741759
0.762	0.742162
0.763	0.742551
0.764	0.742927
0.765	0.743289
0.766	0.743638
0.767	0.743973
0.768	0.744294
0.769	0.7446
0.77	0.744893
0.771	0.745171
0.772	0.745434
0.773	0.745682
0.774	0.745915
0.775	0.746133
0.776	0.746336
0.777	0.746523
0.778	0.746694
0.779	0.746849
0.78	0.746988
0.781	0.747111
0.782	0.747217
0.783	0.747307
0.784	0.74738
0.785	0.747436
0.786	0.747474
0.787	0.747496
0.788	0.747499
0.789	0.747485
0.79	0.747453
0.791	0.747403
0.792	0.747335
0.793	0.747248
0.794	0.747142
0.795	0.747017
0.796	0.746874
0.797	0.746711
0.798	0.746529
0.799	0.746327
0.8	0.746105
0.801	0.745863
0.802	0.745601
0.803	0.745319
0.804	0.745016
0.805	0.744692
0.806	0.744347
0.807	0.743981
0.808	0.743594
0.809	0.743185
0.81	0.742754
0.811	0.742302
0.812	0.741827
0.813	0.74133
0.814	0.74081
0.815	0.740267
0.816	0.739702
0.817	0.739113
0.818	0.738501
0.819	0.737865
0.82	0.737206
0.821	0.736522
0.822	0.735815
0.823	0.735083
0.824	0.734326
0.825	0.733544
0.826	0.732738
0.827	0.731906
0.828	0.731049
0.829	0.730166
0.83	0.729257
0.831	0.728322
0.832	0.727361
0.833	0.726373
0.834	0.725359
0.835	0.724318
0.836	0.723249
0.837	0.722153
0.838	0.72103
0.839	0.719879
0.84	0.7187
0.841	0.717492
0.842	0.716256
0.843	0.714992
0.844	0.713698
0.845	0.712376
0.846	0.711024
0.847	0.709642
0.848	0.708231
0.849	0.70679
0.85	0.705319
0.851	0.703817
0.852	0.702284
0.853	0.700721
0.854	0.699126
0.855	0.6975
0.856	0.695843
0.857	0.694154
0.858	0.692432
0.859	0.690679
0.86	0.688893
0.861	0.687074
0.862	0.685222
0.863	0.683337
0.864	0.681419
0.865	0.679467
0.866	0.677481
0.867	0.675461
0.868	0.673407
0.869	0.671318
0.87	0.669194
0.871	0.667035
0.872	0.664841
0.873	0.662611
0.874	0.660346
0.875	0.658045
0.876	0.655707
0.877	0.653333
0.878	0.650922
0.879	0.648474
0.88	0.645989
0.881	0.643466
0.882	0.640906
0.883	0.638307
0.884	0.635671
0.885	0.632996
0.886	0.630282
0.887	0.62753
0.888	0.624738
0.889	0.621907
0.89	0.619036
0.891	0.616125
0.892	0.613174
0.893	0.610183
0.894	0.60715
0.895	0.604077
0.896	0.600963
0.897	0.597807
0.898	0.59461
0.899	0.59137
0.9	0.588089
0.901	0.584765
0.902	0.581398
0.903	0.577988
0.904	0.574535
0.905	0.571038
0.906	0.567498
0.907	0.563914
0.908	0.560285
0.909	0.556612
0.91	0.552894
0.911	0.549131
0.912	0.545322
0.913	0.541468
0.914	0.537568
0.915	0.533622
0.916	0.52963
0.917	0.525591
0.918	0.521505
0.919	0.517372
0.92	0.513191
0.921	0.508963
0.922	0.504686
0.923	0.500362
0.924	0.495989
0.925	0.491567
0.926	0.487095
0.927	0.482575
0.928	0.478005
0.929	0.473385
0.93	0.468715
0.931	0.463994
0.932	0.459223
0.933	0.4544
0.934	0.449527
0.935	0.444601
0.936	0.439624
0.937	0.434595
0.938	0.429513
0.939	0.424379
0.94	0.419192
0.941	0.413951
0.942	0.408657
0.943	0.403309
0.944	0.397907
0.945	0.392451
0.946	0.38694
0.947	0.381374
0.948	0.375753
0.949	0.370076
0.95	0.364343
0.951	0.358554
0.952	0.352709
0.953	0.346808
0.954	0.340849
0.955	0.334833
0.956	0.328759
0.957	0.322628
0.958	0.316438
0.959	0.31019
0.96	0.303884
0.961	0.297518
0.962	0.291093
0.963	0.284608
0.964	0.278063
0.965	0.271459
0.966	0.264793
0.967	0.258067
0.968	0.25128
0.969	0.244431
0.97	0.237521
0.971	0.230549
0.972	0.223514
0.973	0.216417
0.974	0.209256
0.975	0.202033
0.976	0.194746
0.977	0.187395
0.978	0.17998
0.979	0.172501
0.98	0.164957
0.981	0.157348
0.982	0.149673
0.983	0.141933
0.984	0.134127
0.985	0.126255
0.986	0.118316
0.987	0.11031
0.988	0.102236
0.989	0.0940957
0.99	0.0858871
0.991	0.0776103
0.992	0.0692651
0.993	0.0608511
0.994	0.052368
0.995	0.0438154
0.996	0.0351931
0.997	0.0265007
0.998	0.0177379
0.999	0.00890448
1	0
