0.001	0.0263873
0.002	0.0520957
0.003	0.0771373
0.004	0.101524
0.005	0.125268
0.006	0.14838
0.007	0.170873
0.008	0.192758
0.009	0.214045
0.01	0.234746
0.011	0.254873
0.012	0.274435
0.013	0.293443
0.014	0.311908
0.015	0.32984
0.016	0.34725
0.017	0.364147
0.018	0.380541
0.019	0.396443
0.02	0.411861
0.021	0.426806
0.022	0.441287
0.023	0.455312
0.024	0.468892
0.025	0.482035
0.026	0.49475
0.027	0.507046
0.028	0.518931
0.029	0.530414
0.03	0.541503
0.031	0.552207
0.032	0.562534
0.033	0.572491
0.034	0.582087
0.035	0.591329
0.036	0.600225
0.037	0.608783
0.038	0.61701
0.039	0.624913
0.04	0.6325
0.041	0.639777
0.042	0.646752
0.043	0.653432
0.044	0.659823
0.045	0.665932
0.046	0.671766
0.047	0.677331
0.048	0.682633
0.049	0.68768
0.05	0.692476
0.051	0.697028
0.052	0.701342
0.053	0.705424
0.054	0.70928
0.055	0.712915
0.056	0.716335
0.057	0.719546
0.058	0.722553
0.059	0.725361
0.06	0.727975
0.061	0.730402
0.062	0.732645
0.063	0.734709
0.064	0.736601
0.065	0.738324
0.066	0.739883
0.067	0.741283
0.068	0.742528
0.069	0.743624
0.07	0.744573
0.071	0.745382
0.072	0.746053
0.073	0.746592
0.074	0.747002
0.075	0.747287
0.076	0.747452
0.077	0.7475
0.078	0.747434
0.079	0.74726
0.08	0.74698
0.081	0.746598
0.082	0.746117
0.083	0.745542
0.084	0.744875
0.085	0.74412
0.086	0.74328
0.087	0.742358
0.088	0.741358
0.089	0.740283
0.09	0.739135
0.091	0.737917
0.092	0.736634
0.093	0.735286
0.094	0.733878
0.095	0.732411
0.096	0.730889
0.097	0.729314
0.098	0.727689
0.099	0.726017
0.1	0.724299
0.101	0.722538
0.102	0.720736
0.103	0.718897
0.104	0.717021
0.105	0.715112
0.106	0.713171
0.107	0.711201
0.108	0.709203
0.109	0.70718
0.11	0.705133
0.111	0.703065
0.112	0.700977
0.113	0.698871
0.114	0.696749
0.115	0.694613
0.116	0.692464
0.117	0.690304
0.118	0.688135
0.119	0.685958
0.12	0.683775
0.121	0.681587
0.122	0.679396
0.123	0.677202
0.124	0.675009
0.125	0.672815
0.126	0.670625
0.127	0.668437
0.128	0.666254
0.129	0.664077
0.13	0.661906
0.131	0.659744
0.132	0.657591
0.133	0.655448
0.134	0.653316
0.135	0.651197
0.136	0.649091
0.137	0.646998
0.138	0.644921
0.139	0.64286
0.14	0.640816
0.141	0.638788
0.142	0.63678
0.143	0.63479
0.144	0.63282
0.145	0.630871
0.146	0.628943
0.147	0.627036
0.148	0.625153
0.149	0.623292
0.15	0.621454
0.151	0.619641
0.152	0.617853
0.153	0.61609
0.154	0.614352
0.155	0.612641
0.156	0.610956
0.157	0.609298
0.158	0.607667
0.159	0.606065
0.16	0.60449
0.161	0.602943
0.162	0.601426
0.163	0.599937
0.164	0.598478
0.165	0.597048
0.166	0.595648
0.167	0.594278
0.168	0.592938
0.169	0.591628
0.17	0.590349
0.171	0.589101
0.172	0.587883
0.173	0.586697
0.174	0.585541
0.175	0.584417
0.176	0.583323
0.177	0.582261
0.178	0.58123
0.179	0.580231
0.18	0.579263
0.181	0.578326
0.182	0.577421
0.183	0.576547
0.184	0.575704
0.185	0.574892
0.186	0.574112
0.187	0.573362
0.188	0.572644
0.189	0.571957
0.19	0.5713
0.191	0.570674
0.192	0.570079
0.193	0.569515
0.194	0.56898
0.195	0.568476
0.196	0.568002
0.197	0.567558
0.198	0.567143
0.199	0.566758
0.2	0.566403
0.201	0.566076
0.202	0.565779
0.203	0.56551
0.204	0.565269
0.205	0.565057
0.206	0.564873
0.207	0.564717
0.208	0.564589
0.209	0.564487
0.21	0.564413
0.211	0.564366
0.212	0.564345
0.213	0.56435
0.214	0.564382
0.215	0.564439
0.216	0.564522
0.217	0.564629
0.218	0.564762
0.219	0.564919
0.22	0.565101
0.221	0.565306
0.222	0.565535
0.223	0.565788
0.224	0.566063
0.225	0.566361
0.226	0.566682
0.227	0.567025
0.228	0.567389
0.229	0.567775
0.23	0.568182
0.231	0.56861
0.232	0.569058
0.233	0.569527
0.234	0.570015
0.235	0.570523
0.236	0.57105
0.237	0.571596
0.238	0.57216
0.239	0.572742
0.24	0.573342
0.241	0.57396
0.242	0.574594
0.243	0.575246
0.244	0.575914
0.245	0.576598
0.246	0.577298
0.247	0.578013
0.248	0.578743
0.249	0.579488
0.25	0.580248
0.251	0.581021
0.252	0.581808
0.253	0.582609
0.254	0.583423
0.255	0.584249
0.256	0.585088
0.257	0.585939
0.258	0.586802
0.259	0.587676
0.26	0.588562
0.261	0.589458
0.262	0.590364
0.263	0.591281
0.264	0.592207
0.265	0.593143
0.266	0.594088
0.267	0.595042
0.268	0.596005
0.269	0.596976
0.27	0.597955
0.271	0.598941
0.272	0.599935
0.273	0.600935
0.274	0.601943
0.275	0.602957
0.276	0.603977
0.277	0.605002
0.278	0.606034
0.279	0.607071
0.28	0.608112
0.281	0.609159
0.282	0.610209
0.283	0.611264
0.284	0.612323
0.285	0.613386
0.286	0.614451
0.287	0.61552
0.288	0.616592
0.289	0.617666
0.29	0.618743
0.291	0.619822
0.292	0.620902
0.293	0.621984
0.294	0.623067
0.295	0.624152
0.296	0.625237
0.297	0.626323
0.298	0.627409
0.299	0.628496
0.3	0.629582
0.301	0.630669
0.302	0.631754
0.303	0.632839
0.304	0.633923
0.305	0.635006
0.306	0.636088
0.307	0.637168
0.308	0.638246
0.309	0.639322
0.31	0.640397
0.311	0.641469
0.312	0.642538
0.313	0.643605
0.314	0.644669
0.315	0.645731
0.316	0.646788
0.317	0.647843
0.318	0.648894
0.319	0.649942
0.32	0.650985
0.321	0.652025
0.322	0.65306
0.323	0.654092
0.324	0.655119
0.325	0.656141
0.326	0.657159
0.327	0.658172
0.328	0.659179
0.329	0.660182
0.33	0.66118
0.331	0.662172
0.332	0.663159
0.333	0.664141
0.334	0.665116
0.335	0.666086
0.336	0.667051
0.337	0.668009
0.338	0.668961
0.339	0.669907
0.34	0.670847
0.341	0.67178
0.342	0.672707
0.343	0.673627
0.344	0.674541
0.345	0.675448
0.346	0.676349
0.347	0.677243
0.348	0.678129
0.349	0.679009
0.35	0.679882
0.351	0.680748
0.352	0.681607
0.353	0.682458
0.354	0.683303
0.355	0.68414
0.356	0.684969
0.357	0.685792
0.358	0.686607
0.359	0.687414
0.36	0.688214
0.361	0.689007
0.362	0.689792
0.363	0.69057
0.364	0.691339
0.365	0.692102
0.366	0.692856
0.367	0.693603
0.368	0.694343
0.369	0.695074
0.37	0.695798
0.371	0.696514
0.372	0.697223
0.373	0.697923
0.374	0.698616
0.375	0.699302
0.376	0.699979
0.377	0.700649
0.378	0.701311
0.379	0.701966
0.38	0.702612
0.381	0.703251
0.382	0.703883
0.383	0.704506
0.384	0.705122
0.385	0.70573
0.386	0.706331
0.387	0.706924
0.388	0.70751
0.389	0.708087
0.39	0.708658
0.391	0.709221
0.392	0.709776
0.393	0.710324
0.394	0.710864
0.395	0.711397
0.396	0.711923
0.397	0.712441
0.398	0.712952
0.399	0.713456
0.4	0.713952
0.401	0.714442
0.402	0.714924
0.403	0.715399
0.404	0.715867
0.405	0.716328
0.406	0.716782
0.407	0.717229
0.408	0.717669
0.409	0.718102
0.41	0.718528
0.411	0.718948
0.412	0.719361
0.413	0.719767
0.414	0.720167
0.415	0.72056
0.416	0.720946
0.417	0.721326
0.418	0.7217
0.419	0.722067
0.42	0.722428
0.421	0.722783
0.422	0.723131
0.423	0.723473
0.424	0.723809
0.425	0.724139
0.426	0.724463
0.427	0.724782
0.428	0.725094
0.429	0.7254
0.43	0.7257
0.431	0.725995
0.432	0.726284
0.433	0.726568
0.434	0.726846
0.435	0.727118
0.436	0.727385
0.437	0.727646
0.438	0.727902
0.439	0.728153
0.44	0.728398
0.441	0.728638
0.442	0.728873
0.443	0.729103
0.444	0.729328
0.445	0.729548
0.446	0.729763
0.447	0.729973
0.448	0.730178
0.449	0.730378
0.45	0.730573
0.451	0.730764
0.452	0.73095
0.453	0.731132
0.454	0.731308
0.455	0.731481
0.456	0.731649
0.457	0.731812
0.458	0.731971
0.459	0.732126
0.46	0.732276
0.461	0.732422
0.462	0.732564
0.463	0.732701
0.464	0.732835
0.465	0.732964
0.466	0.733089
0.467	0.73321
0.468	0.733328
0.469	0.733441
0.47	0.73355
0.471	0.733655
0.472	0.733757
0.473	0.733854
0.474	0.733948
0.475	0.734038
0.476	0.734124
0.477	0.734207
0.478	0.734286
0.479	0.734361
0.48	0.734432
0.481	0.7345
0.482	0.734564
0.483	0.734625
0.484	0.734682
0.485	0.734735
0.486	0.734785
0.487	0.734832
0.488	0.734875
0.489	0.734914
0.49	0.73495
0.491	0.734983
0.492	0.735012
0.493	0.735037
0.494	0.73506
0.495	0.735078
0.496	0.735094
0.497	0.735106
0.498	0.735114
0.499	0.735119
0.5	0.735121
0.501	0.735119
0.502	0.735114
0.503	0.735106
0.504	0.735094
0.505	0.735078
0.506	0.73506
0.507	0.735037
0.508	0.735012
0.509	0.734983
0.51	0.73495
0.511	0.734914
0.512	0.734875
0.513	0.734832
0.514	0.734785
0.515	0.734735
0.516	0.734682
0.517	0.734625
0.518	0.734564
0.519	0.7345
0.52	0.734432
0.521	0.734361
0.522	0.734286
0.523	0.734207
0.524	0.734124
0.525	0.734038
0.526	0.733948
0.527	0.733854
0.528	0.733757
0.529	0.733655
0.53	0.73355
0.531	0.733441
0.532	0.733328
0.533	0.73321
0.534	0.733089
0.535	0.732964
0.536	0.732835
0.537	0.732701
0.538	0.732564
0.539	0.732422
0.54	0.732276
0.541	0.732126
0.542	0.731971
0.543	0.731812
0.544	0.731649
0.545	0.731481
0.546	0.731308
0.547	0.731132
0.548	0.73095
0.549	0.730764
0.55	0.730573
0.551	0.730378
0.552	0.730178
0.553	0.729973
0.554	0.729763
0.555	0.729548
0.556	0.729328
0.557	0.729103
0.558	0.728873
0.559	0.728638
0.56	0.728398
0.561	0.728153
0.562	0.727902
0.563	0.727646
0.564	0.727385
0.565	0.727118
0.566	0.726846
0.567	0.726568
0.568	0.726284
0.569	0.725995
0.57	0.7257
0.571	0.7254
0.572	0.725094
0.573	0.724782
0.574	0.724463
0.575	0.724139
0.576	0.723809
0.577	0.723473
0.578	0.723131
0.579	0.722783
0.58	0.722428
0.581	0.722067
0.582	0.7217
0.583	0.721326
0.584	0.720946
0.585	0.72056
0.586	0.720167
0.587	0.719767
0.588	0.719361
0.589	0.718948
0.59	0.718528
0.591	0.718102
0.592	0.717669
0.593	0.717229
0.594	0.716782
0.595	0.716328
0.596	0.715867
0.597	0.715399
0.598	0.714924
0.599	0.714442
0.6	0.713952
0.601	0.713456
0.602	0.712952
0.603	0.712441
0.604	0.711923
0.605	0.711397
0.606	0.710864
0.607	0.710324
0.608	0.709776
0.609	0.709221
0.61	0.708658
0.611	0.708087
0.612	0.70751
0.613	0.706924
0.614	0.706331
0.615	0.70573
0.616	0.705122
0.617	0.704506
0.618	0.703883
0.619	0.703251
0.62	0.702612
0.621	0.701966
0.622	0.701311
0.623	0.700649
0.624	0.699979
0.625	0.699302
0.626	0.698616
0.627	0.697923
0.628	0.697223
0.629	0.696514
0.63	0.695798
0.631	0.695074
0.632	0.694343
0.633	0.693603
0.634	0.692856
0.635	0.692102
0.636	0.691339
0.637	0.69057
0.638	0.689792
0.639	0.689007
0.64	0.688214
0.641	0.687414
0.642	0.686607
0.643	0.685792
0.644	0.684969
0.645	0.68414
0.646	0.683303
0.647	0.682458
0.648	0.681607
0.649	0.680748
0.65	0.679882
0.651	0.679009
0.652	0.678129
0.653	0.677243
0.654	0.676349
0.655	0.675448
0.656	0.674541
0.657	0.673627
0.658	0.672707
0.659	0.67178
0.66	0.670847
0.661	0.669907
0.662	0.668961
0.663	0.668009
0.664	0.667051
0.665	0.666086
0.666	0.665116
0.667	0.664141
0.668	0.663159
0.669	0.662172
0.67	0.66118
0.671	0.660182
0.672	0.659179
0.673	0.658172
0.674	0.657159
0.675	0.656141
0.676	0.655119
0.677	0.654092
0.678	0.65306
0.679	0.652025
0.68	0.650985
0.681	0.649942
0.682	0.648894
0.683	0.647843
0.684	0.646788
0.685	0.645731
0.686	0.644669
0.687	0.643605
0.688	0.642538
0.689	0.641469
0.69	0.640397
0.691	0.639322
0.692	0.638246
0.693	0.637168
0.694	0.636088
0.695	0.635006
0.696	0.633923
0.697	0.632839
0.698	0.631754
0.699	0.630669
0.7	0.629582
0.701	0.628496
0.702	0.627409
0.703	0.626323
0.704	0.625237
0.705	0.624152
0.706	0.623067
0.707	0.621984
0.708	0.620902
0.709	0.619822
0.71	0.618743
0.711	0.617666
0.712	0.616592
0.713	0.61552
0.714	0.614451
0.715	0.613386
0.716	0.612323
0.717	0.611264
0.718	0.610209
0.719	0.609159
0.72	0.608112
0.721	0.607071
0.722	0.606034
0.723	0.605002
0.724	0.603977
0.725	0.602957
0.726	0.601943
0.727	0.600935
0.728	0.599935
0.729	0.598941
0.73	0.597955
0.731	0.596976
0.732	0.596005
0.733	0.595042
0.734	0.594088
0.735	0.593143
0.736	0.592207
0.737	0.591281
0.738	0.590364
0.739	0.589458
0.74	0.588562
0.741	0.587676
0.742	0.586802
0.743	0.585939
0.744	0.585088
0.745	0.584249
0.746	0.583423
0.747	0.582609
0.748	0.581808
0.749	0.581021
0.75	0.580248
0.751	0.579488
0.752	0.578743
0.753	0.578013
0.754	0.577298
0.755	0.576598
0.756	0.575914
0.757	0.575246
0.758	0.574594
0.759	0.57396
0.76	0.573342
0.761	0.572742
0.762	0.57216
0.763	0.571596
0.764	0.57105
0.765	0.570523
0.766	0.570015
0.767	0.569527
0.768	0.569058
0.769	0.56861
0.77	0.568182
0.771	0.567775
0.772	0.567389
0.773	0.567025
0.774	0.566682
0.775	0.566361
0.776	0.566063
0.777	0.565788
0.778	0.565535
0.779	0.565306
0.78	0.565101
0.781	0.564919
0.782	0.564762
0.783	0.564629
0.784	0.564522
0.785	0.564439
0.786	0.564382
0.787	0.56435
0.788	0.564345
0.789	0.564366
0.79	0.564413
0.791	0.564487
0.792	0.564589
0.793	0.564717
0.794	0.564873
0.795	0.565057
0.796	0.565269
0.797	0.56551
0.798	0.565779
0.799	0.566076
0.8	0.566403
0.801	0.566758
0.802	0.567143
0.803	0.567558
0.804	0.568002
0.805	0.568476
0.806	0.56898
0.807	0.569515
0.808	0.570079
0.809	0.570674
0.81	0.5713
0.811	0.571957
0.812	0.572644
0.813	0.573362
0.814	0.574112
0.815	0.574892
0.816	0.575704
0.817	0.576547
0.818	0.577421
0.819	0.578326
0.82	0.579263
0.821	0.580231
0.822	0.58123
0.823	0.582261
0.824	0.583323
0.825	0.584417
0.826	0.585541
0.827	0.586697
0.828	0.587883
0.829	0.589101
0.83	0.590349
0.831	0.591628
0.832	0.592938
0.833	0.594278
0.834	0.595648
0.835	0.597048
0.836	0.598478
0.837	0.599937
0.838	0.601426
0.839	0.602943
0.84	0.60449
0.841	0.606065
0.842	0.607667
0.843	0.609298
0.844	0.610956
0.845	0.612641
0.846	0.614352
0.847	0.61609
0.848	0.617853
0.849	0.619641
0.85	0.621454
0.851	0.623292
0.852	0.625153
0.853	0.627036
0.854	0.628943
0.855	0.630871
0.856	0.63282
0.857	0.63479
0.858	0.63678
0.859	0.638788
0.86	0.640816
0.861	0.64286
0.862	0.644921
0.863	0.646998
0.864	0.649091
0.865	0.651197
0.866	0.653316
0.867	0.655448
0.868	0.657591
0.869	0.659744
0.87	0.661906
0.871	0.664077
0.872	0.666254
0.873	0.668437
0.874	0.670625
0.875	0.672815
0.876	0.675009
0.877	0.677202
0.878	0.679396
0.879	0.681587
0.88	0.683775
0.881	0.685958
0.882	0.688135
0.883	0.690304
0.884	0.692464
0.885	0.694613
0.886	0.696749
0.887	0.698871
0.888	0.700977
0.889	0.703065
0.89	0.705133
0.891	0.70718
0.892	0.709203
0.893	0.711201
0.894	0.713171
0.895	0.715112
0.896	0.717021
0.897	0.718897
0.898	0.720736
0.899	0.722538
0.9	0.724299
0.901	0.726017
0.902	0.727689
0.903	0.729314
0.904	0.730889
0.905	0.732411
0.906	0.733878
0.907	0.735286
0.908	0.736634
0.909	0.737917
0.91	0.739135
0.911	0.740283
0.912	0.741358
0.913	0.742358
0.914	0.74328
0.915	0.74412
0.916	0.744875
0.917	0.745542
0.918	0.746117
0.919	0.746598
0.92	0.74698
0.921	0.74726
0.922	0.747434
0.923	0.7475
0.924	0.747452
0.925	0.747287
0.926	0.747002
0.927	0.746592
0.928	0.746053
0.929	0.745382
0.93	0.744573
0.931	0.743624
0.932	0.742528
0.933	0.741283
0.934	0.739883
0.935	0.738324
0.936	0.736601
0.937	0.734709
0.938	0.732645
0.939	0.730402
0.94	0.727975
0.941	0.725361
0.942	0.722553
0.943	0.719546
0.944	0.716335
0.945	0.712915
0.946	0.70928
0.947	0.705424
0.948	0.701342
0.949	0.697028
0.95	0.692476
0.951	0.68768
0.952	0.682633
0.953	0.677331
0.954	0.671766
0.955	0.665932
0.956	0.659823
0.957	0.653432
0.958	0.646752
0.959	0.639777
0.96	0.6325
0.961	0.624913
0.962	0.61701
0.963	0.608783
0.964	0.600225
0.965	0.591329
0.966	0.582087
0.967	0.572491
0.968	0.562534
0.969	0.552207
0.97	0.541503
0.971	0.530414
0.972	0.518931
0.973	0.507046
0.974	0.49475
0.975	0.482035
0.976	0.468892
0.977	0.455312
0.978	0.441287
0.979	0.426806
0.98	0.411861
0.981	0.396443
0.982	0.380541
0.983	0.364147
0.984	0.34725
0.985	0.32984
0.986	0.311908
0.987	0.293443
0.988	0.274435
0.989	0.254873
0.99	0.234746
0.991	0.214045
0.992	0.192758
0.993	0.170873
0.994	0.14838
0.995	0.125268
0.996	0.101524
0.997	0.0771373
0.998	0.0520957
0.999	0.0263873
1	0
