0.001	0.0768162
0.002	0.147651
0.003	0.212849
0.004	0.272739
0.005	0.327632
0.006	0.377827
0.007	0.42361
0.008	0.465251
0.009	0.503007
0.01	0.537125
0.011	0.567839
0.012	0.595369
0.013	0.619929
0.014	0.641718
0.015	0.660926
0.016	0.677735
0.017	0.692316
0.018	0.704831
0.019	0.715435
0.02	0.724272
0.021	0.731481
0.022	0.737193
0.023	0.741529
0.024	0.744607
0.025	0.746535
0.026	0.747418
0.027	0.747352
0.028	0.746428
0.029	0.744734
0.03	0.74235
0.031	0.739351
0.032	0.735808
0.033	0.731788
0.034	0.727353
0.035	0.722561
0.036	0.717465
0.037	0.712117
0.038	0.706563
0.039	0.700846
0.04	0.695007
0.041	0.689082
0.042	0.683107
0.043	0.677111
0.044	0.671125
0.045	0.665175
0.046	0.659284
0.047	0.653476
0.048	0.647769
0.049	0.642181
0.05	0.63673
0.051	0.631428
0.052	0.626289
0.053	0.621325
0.054	0.616544
0.055	0.611955
0.056	0.607565
0.057	0.60338
0.058	0.599406
0.059	0.595645
0.06	0.592101
0.061	0.588776
0.062	0.585671
0.063	0.582785
0.064	0.58012
0.065	0.577674
0.066	0.575444
0.067	0.57343
0.068	0.571628
0.069	0.570036
0.07	0.56865
0.071	0.567465
0.072	0.566478
0.073	0.565685
0.074	0.56508
0.075	0.564658
0.076	0.564415
0.077	0.564344
0.078	0.564441
0.079	0.564699
0.08	0.565113
0.081	0.565677
0.082	0.566385
0.083	0.56723
0.084	0.568208
0.085	0.569312
0.086	0.570536
0.087	0.571875
0.088	0.573321
0.089	0.57487
0.09	0.576516
0.091	0.578252
0.092	0.580074
0.093	0.581975
0.094	0.583951
0.095	0.585995
0.096	0.588104
0.097	0.59027
0.098	0.592491
0.099	0.59476
0.1	0.597073
0.101	0.599426
0.102	0.601813
0.103	0.604232
0.104	0.606676
0.105	0.609143
0.106	0.611629
0.107	0.614129
0.108	0.61664
0.109	0.619159
0.11	0.621682
0.111	0.624206
0.112	0.626729
0.113	0.629246
0.114	0.631756
0.115	0.634256
0.116	0.636743
0.117	0.639215
0.118	0.641669
0.119	0.644104
0.12	0.646518
0.121	0.648908
0.122	0.651273
0.123	0.653612
0.124	0.655922
0.125	0.658203
0.126	0.660453
0.127	0.662671
0.128	0.664855
0.129	0.667006
0.13	0.669121
0.131	0.671201
0.132	0.673244
0.133	0.675249
0.134	0.677217
0.135	0.679147
0.136	0.681038
0.137	0.68289
0.138	0.684703
0.139	0.686477
0.14	0.688211
0.141	0.689906
0.142	0.691561
0.143	0.693177
0.144	0.694753
0.145	0.69629
0.146	0.697788
0.147	0.699247
0.148	0.700667
0.149	0.70205
0.15	0.703394
0.151	0.704701
0.152	0.705971
0.153	0.707204
0.154	0.708402
0.155	0.709563
0.156	0.71069
0.157	0.711781
0.158	0.712839
0.159	0.713863
0.16	0.714855
0.161	0.715814
0.162	0.716741
0.163	0.717638
0.164	0.718503
0.165	0.719339
0.166	0.720146
0.167	0.720924
0.168	0.721674
0.169	0.722397
0.17	0.723093
0.171	0.723762
0.172	0.724407
0.173	0.725026
0.174	0.725621
0.175	0.726193
0.176	0.726741
0.177	0.727267
0.178	0.727771
0.179	0.728253
0.18	0.728715
0.181	0.729156
0.182	0.729578
0.183	0.72998
0.184	0.730364
0.185	0.73073
0.186	0.731077
0.187	0.731408
0.188	0.731721
0.189	0.732018
0.19	0.7323
0.191	0.732565
0.192	0.732816
0.193	0.733052
0.194	0.733273
0.195	0.73348
0.196	0.733673
0.197	0.733853
0.198	0.73402
0.199	0.734175
0.2	0.734316
0.201	0.734445
0.202	0.734563
0.203	0.734668
0.204	0.734762
0.205	0.734845
0.206	0.734916
0.207	0.734977
0.208	0.735027
0.209	0.735066
0.21	0.735094
0.211	0.735113
0.212	0.735121
0.213	0.735119
0.214	0.735106
0.215	0.735084
0.216	0.735053
0.217	0.735011
0.218	0.73496
0.219	0.734899
0.22	0.734828
0.221	0.734748
0.222	0.734658
0.223	0.734559
0.224	0.734451
0.225	0.734333
0.226	0.734205
0.227	0.734068
0.228	0.733922
0.229	0.733766
0.23	0.7336
0.231	0.733425
0.232	0.73324
0.233	0.733046
0.234	0.732843
0.235	0.732629
0.236	0.732406
0.237	0.732173
0.238	0.731931
0.239	0.731679
0.24	0.731417
0.241	0.731145
0.242	0.730863
0.243	0.730571
0.244	0.730269
0.245	0.729957
0.246	0.729635
0.247	0.729303
0.248	0.728961
0.249	0.728608
0.25	0.728245
0.251	0.727872
0.252	0.727489
0.253	0.727095
0.254	0.726691
0.255	0.726277
0.256	0.725852
0.257	0.725417
0.258	0.724972
0.259	0.724515
0.26	0.724049
0.261	0.723572
0.262	0.723085
0.263	0.722587
0.264	0.722078
0.265	0.72156
0.266	0.721031
0.267	0.720491
0.268	0.719941
0.269	0.719381
0.27	0.718811
0.271	0.71823
0.272	0.717639
0.273	0.717038
0.274	0.716427
0.275	0.715806
0.276	0.715175
0.277	0.714534
0.278	0.713883
0.279	0.713222
0.28	0.712552
0.281	0.711872
0.282	0.711183
0.283	0.710485
0.284	0.709777
0.285	0.70906
0.286	0.708334
0.287	0.707599
0.288	0.706855
0.289	0.706102
0.29	0.705341
0.291	0.704572
0.292	0.703794
0.293	0.703008
0.294	0.702215
0.295	0.701413
0.296	0.700604
0.297	0.699787
0.298	0.698963
0.299	0.698131
0.3	0.697293
0.301	0.696448
0.302	0.695596
0.303	0.694738
0.304	0.693873
0.305	0.693002
0.306	0.692126
0.307	0.691243
0.308	0.690355
0.309	0.689462
0.31	0.688563
0.311	0.68766
0.312	0.686752
0.313	0.685839
0.314	0.684922
0.315	0.684
0.316	0.683075
0.317	0.682146
0.318	0.681213
0.319	0.680277
0.32	0.679338
0.321	0.678396
0.322	0.677452
0.323	0.676505
0.324	0.675555
0.325	0.674604
0.326	0.67365
0.327	0.672696
0.328	0.671739
0.329	0.670781
0.33	0.669823
0.331	0.668863
0.332	0.667903
0.333	0.666943
0.334	0.665982
0.335	0.665022
0.336	0.664061
0.337	0.663101
0.338	0.662142
0.339	0.661184
0.34	0.660226
0.341	0.65927
0.342	0.658315
0.343	0.657362
0.344	0.656411
0.345	0.655461
0.346	0.654514
0.347	0.653569
0.348	0.652627
0.349	0.651687
0.35	0.650751
0.351	0.649817
0.352	0.648887
0.353	0.64796
0.354	0.647036
0.355	0.646117
0.356	0.645201
0.357	0.644289
0.358	0.643382
0.359	0.642479
0.36	0.64158
0.361	0.640686
0.362	0.639797
0.363	0.638913
0.364	0.638034
0.365	0.63716
0.366	0.636291
0.367	0.635428
0.368	0.634571
0.369	0.633719
0.37	0.632873
0.371	0.632033
0.372	0.631199
0.373	0.630371
0.374	0.629549
0.375	0.628734
0.376	0.627925
0.377	0.627122
0.378	0.626327
0.379	0.625538
0.38	0.624755
0.381	0.62398
0.382	0.623211
0.383	0.62245
0.384	0.621696
0.385	0.620948
0.386	0.620208
0.387	0.619475
0.388	0.61875
0.389	0.618032
0.39	0.617321
0.391	0.616618
0.392	0.615922
0.393	0.615234
0.394	0.614554
0.395	0.613881
0.396	0.613215
0.397	0.612558
0.398	0.611908
0.399	0.611265
0.4	0.610631
0.401	0.610004
0.402	0.609385
0.403	0.608774
0.404	0.608171
0.405	0.607575
0.406	0.606987
0.407	0.606407
0.408	0.605835
0.409	0.60527
0.41	0.604714
0.411	0.604165
0.412	0.603624
0.413	0.60309
0.414	0.602565
0.415	0.602047
0.416	0.601536
0.417	0.601034
0.418	0.600539
0.419	0.600052
0.42	0.599572
0.421	0.5991
0.422	0.598635
0.423	0.598178
0.424	0.597729
0.425	0.597287
0.426	0.596852
0.427	0.596425
0.428	0.596005
0.429	0.595593
0.43	0.595187
0.431	0.594789
0.432	0.594398
0.433	0.594015
0.434	0.593638
0.435	0.593268
0.436	0.592906
0.437	0.59255
0.438	0.592201
0.439	0.59186
0.44	0.591525
0.441	0.591196
0.442	0.590875
0.443	0.59056
0.444	0.590252
0.445	0.58995
0.446	0.589655
0.447	0.589367
0.448	0.589085
0.449	0.588809
0.45	0.588539
0.451	0.588276
0.452	0.588019
0.453	0.587769
0.454	0.587524
0.455	0.587286
0.456	0.587053
0.457	0.586827
0.458	0.586606
0.459	0.586392
0.46	0.586183
0.461	0.58598
0.462	0.585783
0.463	0.585592
0.464	0.585406
0.465	0.585226
0.466	0.585052
0.467	0.584883
0.468	0.584719
0.469	0.584561
0.47	0.584409
0.471	0.584262
0.472	0.58412
0.473	0.583983
0.474	0.583852
0.475	0.583726
0.476	0.583606
0.477	0.58349
0.478	0.58338
0.479	0.583274
0.48	0.583174
0.481	0.583079
0.482	0.582989
0.483	0.582904
0.484	0.582824
0.485	0.582749
0.486	0.582679
0.487	0.582613
0.488	0.582553
0.489	0.582498
0.49	0.582447
0.491	0.582401
0.492	0.582361
0.493	0.582325
0.494	0.582293
0.495	0.582267
0.496	0.582245
0.497	0.582229
0.498	0.582217
0.499	0.58221
0.5	0.582207
0.501	0.58221
0.502	0.582217
0.503	0.582229
0.504	0.582245
0.505	0.582267
0.506	0.582293
0.507	0.582325
0.508	0.582361
0.509	0.582401
0.51	0.582447
0.511	0.582498
0.512	0.582553
0.513	0.582613
0.514	0.582679
0.515	0.582749
0.516	0.582824
0.517	0.582904
0.518	0.582989
0.519	0.583079
0.52	0.583174
0.521	0.583274
0.522	0.58338
0.523	0.58349
0.524	0.583606
0.525	0.583726
0.526	0.583852
0.527	0.583983
0.528	0.58412
0.529	0.584262
0.53	0.584409
0.531	0.584561
0.532	0.584719
0.533	0.584883
0.534	0.585052
0.535	0.585226
0.536	0.585406
0.537	0.585592
0.538	0.585783
0.539	0.58598
0.54	0.586183
0.541	0.586392
0.542	0.586606
0.543	0.586827
0.544	0.587053
0.545	0.587286
0.546	0.587524
0.547	0.587769
0.548	0.588019
0.549	0.588276
0.55	0.588539
0.551	0.588809
0.552	0.589085
0.553	0.589367
0.554	0.589655
0.555	0.58995
0.556	0.590252
0.557	0.59056
0.558	0.590875
0.559	0.591196
0.56	0.591525
0.561	0.59186
0.562	0.592201
0.563	0.59255
0.564	0.592906
0.565	0.593268
0.566	0.593638
0.567	0.594015
0.568	0.594398
0.569	0.594789
0.57	0.595187
0.571	0.595593
0.572	0.596005
0.573	0.596425
0.574	0.596852
0.575	0.597287
0.576	0.597729
0.577	0.598178
0.578	0.598635
0.579	0.5991
0.58	0.599572
0.581	0.600052
0.582	0.600539
0.583	0.601034
0.584	0.601536
0.585	0.602047
0.586	0.602565
0.587	0.60309
0.588	0.603624
0.589	0.604165
0.59	0.604714
0.591	0.60527
0.592	0.605835
0.593	0.606407
0.594	0.606987
0.595	0.607575
0.596	0.608171
0.597	0.608774
0.598	0.609385
0.599	0.610004
0.6	0.610631
0.601	0.611265
0.602	0.611908
0.603	0.612558
0.604	0.613215
0.605	0.613881
0.606	0.614554
0.607	0.615234
0.608	0.615922
0.609	0.616618
0.61	0.617321
0.611	0.618032
0.612	0.61875
0.613	0.619475
0.614	0.620208
0.615	0.620948
0.616	0.621696
0.617	0.62245
0.618	0.623211
0.619	0.62398
0.62	0.624755
0.621	0.625538
0.622	0.626327
0.623	0.627122
0.624	0.627925
0.625	0.628734
0.626	0.629549
0.627	0.630371
0.628	0.631199
0.629	0.632033
0.63	0.632873
0.631	0.633719
0.632	0.634571
0.633	0.635428
0.634	0.636291
0.635	0.63716
0.636	0.638034
0.637	0.638913
0.638	0.639797
0.639	0.640686
0.64	0.64158
0.641	0.642479
0.642	0.643382
0.643	0.644289
0.644	0.645201
0.645	0.646117
0.646	0.647036
0.647	0.64796
0.648	0.648887
0.649	0.649817
0.65	0.650751
0.651	0.651687
0.652	0.652627
0.653	0.653569
0.654	0.654514
0.655	0.655461
0.656	0.656411
0.657	0.657362
0.658	0.658315
0.659	0.65927
0.66	0.660226
0.661	0.661184
0.662	0.662142
0.663	0.663101
0.664	0.664061
0.665	0.665022
0.666	0.665982
0.667	0.666943
0.668	0.667903
0.669	0.668863
0.67	0.669823
0.671	0.670781
0.672	0.671739
0.673	0.672696
0.674	0.67365
0.675	0.674604
0.676	0.675555
0.677	0.676505
0.678	0.677452
0.679	0.678396
0.68	0.679338
0.681	0.680277
0.682	0.681213
0.683	0.682146
0.684	0.683075
0.685	0.684
0.686	0.684922
0.687	0.685839
0.688	0.686752
0.689	0.68766
0.69	0.688563
0.691	0.689462
0.692	0.690355
0.693	0.691243
0.694	0.692126
0.695	0.693002
0.696	0.693873
0.697	0.694738
0.698	0.695596
0.699	0.696448
0.7	0.697293
0.701	0.698131
0.702	0.698963
0.703	0.699787
0.704	0.700604
0.705	0.701413
0.706	0.702215
0.707	0.703008
0.708	0.703794
0.709	0.704572
0.71	0.705341
0.711	0.706102
0.712	0.706855
0.713	0.707599
0.714	0.708334
0.715	0.70906
0.716	0.709777
0.717	0.710485
0.718	0.711183
0.719	0.711872
0.72	0.712552
0.721	0.713222
0.722	0.713883
0.723	0.714534
0.724	0.715175
0.725	0.715806
0.726	0.716427
0.727	0.717038
0.728	0.717639
0.729	0.71823
0.73	0.718811
0.731	0.719381
0.732	0.719941
0.733	0.720491
0.734	0.721031
0.735	0.72156
0.736	0.722078
0.737	0.722587
0.738	0.723085
0.739	0.723572
0.74	0.724049
0.741	0.724515
0.742	0.724972
0.743	0.725417
0.744	0.725852
0.745	0.726277
0.746	0.726691
0.747	0.727095
0.748	0.727489
0.749	0.727872
0.75	0.728245
0.751	0.728608
0.752	0.728961
0.753	0.729303
0.754	0.729635
0.755	0.729957
0.756	0.730269
0.757	0.730571
0.758	0.730863
0.759	0.731145
0.76	0.731417
0.761	0.731679
0.762	0.731931
0.763	0.732173
0.764	0.732406
0.765	0.732629
0.766	0.732843
0.767	0.733046
0.768	0.73324
0.769	0.733425
0.77	0.7336
0.771	0.733766
0.772	0.733922
0.773	0.734068
0.774	0.734205
0.775	0.734333
0.776	0.734451
0.777	0.734559
0.778	0.734658
0.779	0.734748
0.78	0.734828
0.781	0.734899
0.782	0.73496
0.783	0.735011
0.784	0.735053
0.785	0.735084
0.786	0.735106
0.787	0.735119
0.788	0.735121
0.789	0.735113
0.79	0.735094
0.791	0.735066
0.792	0.735027
0.793	0.734977
0.794	0.734916
0.795	0.734845
0.796	0.734762
0.797	0.734668
0.798	0.734563
0.799	0.734445
0.8	0.734316
0.801	0.734175
0.802	0.73402
0.803	0.733853
0.804	0.733673
0.805	0.73348
0.806	0.733273
0.807	0.733052
0.808	0.732816
0.809	0.732565
0.81	0.7323
0.811	0.732018
0.812	0.731721
0.813	0.731408
0.814	0.731077
0.815	0.73073
0.816	0.730364
0.817	0.72998
0.818	0.729578
0.819	0.729156
0.82	0.728715
0.821	0.728253
0.822	0.727771
0.823	0.727267
0.824	0.726741
0.825	0.726193
0.826	0.725621
0.827	0.725026
0.828	0.724407
0.829	0.723762
0.83	0.723093
0.831	0.722397
0.832	0.721674
0.833	0.720924
0.834	0.720146
0.835	0.719339
0.836	0.718503
0.837	0.717638
0.838	0.716741
0.839	0.715814
0.84	0.714855
0.841	0.713863
0.842	0.712839
0.843	0.711781
0.844	0.71069
0.845	0.709563
0.846	0.708402
0.847	0.707204
0.848	0.705971
0.849	0.704701
0.85	0.703394
0.851	0.70205
0.852	0.700667
0.853	0.699247
0.854	0.697788
0.855	0.69629
0.856	0.694753
0.857	0.693177
0.858	0.691561
0.859	0.689906
0.86	0.688211
0.861	0.686477
0.862	0.684703
0.863	0.68289
0.864	0.681038
0.865	0.679147
0.866	0.677217
0.867	0.675249
0.868	0.673244
0.869	0.671201
0.87	0.669121
0.871	0.667006
0.872	0.664855
0.873	0.662671
0.874	0.660453
0.875	0.658203
0.876	0.655922
0.877	0.653612
0.878	0.651273
0.879	0.648908
0.88	0.646518
0.881	0.644104
0.882	0.641669
0.883	0.639215
0.884	0.636743
0.885	0.634256
0.886	0.631756
0.887	0.629246
0.888	0.626729
0.889	0.624206
0.89	0.621682
0.891	0.619159
0.892	0.61664
0.893	0.614129
0.894	0.611629
0.895	0.609143
0.896	0.606676
0.897	0.604232
0.898	0.601813
0.899	0.599426
0.9	0.597073
0.901	0.59476
0.902	0.592491
0.903	0.59027
0.904	0.588104
0.905	0.585995
0.906	0.583951
0.907	0.581975
0.908	0.580074
0.909	0.578252
0.91	0.576516
0.911	0.57487
0.912	0.573321
0.913	0.571875
0.914	0.570536
0.915	0.569312
0.916	0.568208
0.917	0.56723
0.918	0.566385
0.919	0.565677
0.92	0.565113
0.921	0.564699
0.922	0.564441
0.923	0.564344
0.924	0.564415
0.925	0.564658
0.926	0.56508
0.927	0.565685
0.928	0.566478
0.929	0.567465
0.93	0.56865
0.931	0.570036
0.932	0.571628
0.933	0.57343
0.934	0.575444
0.935	0.577674
0.936	0.58012
0.937	0.582785
0.938	0.585671
0.939	0.588776
0.94	0.592101
0.941	0.595645
0.942	0.599406
0.943	0.60338
0.944	0.607565
0.945	0.611955
0.946	0.616544
0.947	0.621325
0.948	0.626289
0.949	0.631428
0.95	0.63673
0.951	0.642181
0.952	0.647769
0.953	0.653476
0.954	0.659284
0.955	0.665175
0.956	0.671125
0.957	0.677111
0.958	0.683107
0.959	0.689082
0.96	0.695007
0.961	0.700846
0.962	0.706563
0.963	0.712117
0.964	0.717465
0.965	0.722561
0.966	0.727353
0.967	0.731788
0.968	0.735808
0.969	0.739351
0.97	0.74235
0.971	0.744734
0.972	0.746428
0.973	0.747352
0.974	0.747418
0.975	0.746535
0.976	0.744607
0.977	0.741529
0.978	0.737193
0.979	0.731481
0.98	0.724272
0.981	0.715435
0.982	0.704831
0.983	0.692316
0.984	0.677735
0.985	0.660926
0.986	0.641718
0.987	0.619929
0.988	0.595369
0.989	0.567839
0.99	0.537125
0.991	0.503007
0.992	0.465251
0.993	0.42361
0.994	0.377827
0.995	0.327632
0.996	0.272739
0.997	0.212849
0.998	0.147651
0.999	0.0768162
1	0
