10	1.9879e-05
20	5.06315e-06
30	2.26247e-06
40	1.27374e-06
50	8.1383e-07
60	5.6319e-07
70	4.1171e-07
80	3.13222e-07
90	2.45606e-07
100	1.97187e-07
110	1.61329e-07
120	1.34036e-07
130	1.12781e-07
140	9.59068e-08
150	8.22867e-08
160	7.11347e-08
170	6.18886e-08
180	5.41376e-08
190	4.75759e-08
200	4.1972e-08
210	3.71483e-08
220	3.29662e-08
230	2.93169e-08
240	2.61136e-08
250	2.32864e-08
260	2.07786e-08
270	1.8544e-08
280	1.65441e-08
290	1.47474e-08
300	1.3127e-08
310	1.16608e-08
320	1.03297e-08
330	9.11764e-09
340	8.01083e-09
350	6.99743e-09
360	6.06722e-09
370	5.21134e-09
380	4.42206e-09
390	3.69266e-09
400	3.01723e-09
410	2.39057e-09
420	1.80809e-09
430	1.26575e-09
440	7.59926e-10
450	2.87422e-10
460	1.54628e-10
470	5.68786e-10
480	9.57349e-10
490	1.32239e-09
500	1.66576e-09
510	1.98914e-09
520	2.29407e-09
530	2.5819e-09
540	2.85391e-09
550	3.11123e-09
560	3.35489e-09
570	3.58586e-09
580	3.80498e-09
590	4.01307e-09
600	4.21085e-09
610	4.39898e-09
620	4.57809e-09
630	4.74875e-09
640	4.91147e-09
650	5.06675e-09
660	5.21502e-09
670	5.35671e-09
680	5.4922e-09
690	5.62185e-09
700	5.74598e-09
710	5.8649e-09
720	5.97891e-09
730	6.08827e-09
740	6.19322e-09
750	6.29401e-09
760	6.39085e-09
770	6.48394e-09
780	6.57348e-09
790	6.65963e-09
800	6.74258e-09
810	6.82248e-09
820	6.89948e-09
830	6.97371e-09
840	7.0453e-09
850	7.11439e-09
860	7.18108e-09
870	7.24548e-09
880	7.3077e-09
890	7.36784e-09
900	7.42599e-09
910	7.48223e-09
920	7.53664e-09
930	7.58931e-09
940	7.64031e-09
950	7.68971e-09
960	7.73758e-09
970	7.78397e-09
980	7.82895e-09
990	7.87257e-09
1000	7.91489e-09
1010	7.95597e-09
1020	7.99584e-09
1030	8.03455e-09
1040	8.07215e-09
1050	8.10869e-09
1060	8.1442e-09
1070	8.17871e-09
1080	8.21227e-09
1090	8.24492e-09
1100	8.27667e-09
1110	8.30757e-09
1120	8.33765e-09
1130	8.36694e-09
1140	8.39546e-09
1150	8.42323e-09
1160	8.45029e-09
1170	8.47667e-09
1180	8.50237e-09
1190	8.52743e-09
1200	8.55186e-09
1210	8.57569e-09
1220	8.59894e-09
1230	8.62163e-09
1240	8.64376e-09
1250	8.66537e-09
1260	8.68647e-09
1270	8.70707e-09
1280	8.72719e-09
1290	8.74684e-09
1300	8.76604e-09
1310	8.78481e-09
1320	8.80314e-09
1330	8.82107e-09
1340	8.8386e-09
1350	8.85574e-09
1360	8.8725e-09
1370	8.8889e-09
1380	8.90494e-09
1390	8.92064e-09
1400	8.936e-09
1410	8.95104e-09
1420	8.96576e-09
1430	8.98017e-09
1440	8.99428e-09
1450	9.0081e-09
1460	9.02164e-09
1470	9.03491e-09
1480	9.0479e-09
1490	9.06064e-09
1500	9.07312e-09
1510	9.08535e-09
1520	9.09735e-09
1530	9.10911e-09
1540	9.12064e-09
1550	9.13195e-09
1560	9.14304e-09
1570	9.15392e-09
1580	9.1646e-09
1590	9.17507e-09
1600	9.18535e-09
1610	9.19544e-09
1620	9.20534e-09
1630	9.21506e-09
1640	9.2246e-09
1650	9.23397e-09
1660	9.24317e-09
1670	9.25221e-09
1680	9.26108e-09
1690	9.2698e-09
1700	9.27836e-09
1710	9.28678e-09
1720	9.29505e-09
1730	9.30317e-09
1740	9.31116e-09
1750	9.31901e-09
1760	9.32673e-09
1770	9.33431e-09
1780	9.34177e-09
1790	9.3491e-09
1800	9.35632e-09
1810	9.36341e-09
1820	9.37038e-09
1830	9.37725e-09
1840	9.384e-09
1850	9.39064e-09
1860	9.39717e-09
1870	9.4036e-09
1880	9.40993e-09
1890	9.41616e-09
1900	9.42229e-09
1910	9.42832e-09
1920	9.43426e-09
1930	9.44011e-09
1940	9.44587e-09
1950	9.45153e-09
1960	9.45712e-09
1970	9.46261e-09
1980	9.46803e-09
1990	9.47336e-09
2000	9.47862e-09
2010	9.48379e-09
2020	9.48889e-09
2030	9.49391e-09
2040	9.49886e-09
2050	9.50374e-09
2060	9.50855e-09
2070	9.51328e-09
2080	9.51795e-09
2090	9.52255e-09
2100	9.52709e-09
2110	9.53156e-09
2120	9.53597e-09
2130	9.54032e-09
2140	9.54461e-09
2150	9.54883e-09
2160	9.553e-09
2170	9.55711e-09
2180	9.56116e-09
2190	9.56516e-09
2200	9.56911e-09
2210	9.573e-09
2220	9.57684e-09
2230	9.58062e-09
2240	9.58436e-09
2250	9.58805e-09
2260	9.59168e-09
2270	9.59528e-09
2280	9.59882e-09
2290	9.60231e-09
2300	9.60577e-09
2310	9.60917e-09
2320	9.61253e-09
2330	9.61585e-09
2340	9.61913e-09
2350	9.62236e-09
2360	9.62556e-09
2370	9.62871e-09
2380	9.63183e-09
2390	9.6349e-09
2400	9.63794e-09
2410	9.64094e-09
2420	9.6439e-09
2430	9.64682e-09
2440	9.64971e-09
2450	9.65257e-09
2460	9.65539e-09
2470	9.65817e-09
2480	9.66092e-09
2490	9.66364e-09
2500	9.66633e-09
2510	9.66898e-09
2520	9.6716e-09
2530	9.67419e-09
2540	9.67676e-09
2550	9.67929e-09
2560	9.68179e-09
2570	9.68426e-09
2580	9.6867e-09
2590	9.68912e-09
2600	9.6915e-09
2610	9.69386e-09
2620	9.6962e-09
2630	9.6985e-09
2640	9.70078e-09
2650	9.70304e-09
2660	9.70527e-09
2670	9.70747e-09
2680	9.70965e-09
2690	9.7118e-09
2700	9.71394e-09
2710	9.71604e-09
2720	9.71813e-09
2730	9.72019e-09
2740	9.72223e-09
2750	9.72424e-09
2760	9.72624e-09
2770	9.72821e-09
2780	9.73017e-09
2790	9.7321e-09
2800	9.73401e-09
2810	9.7359e-09
2820	9.73777e-09
2830	9.73962e-09
2840	9.74145e-09
2850	9.74326e-09
2860	9.74505e-09
2870	9.74683e-09
2880	9.74858e-09
2890	9.75032e-09
2900	9.75204e-09
2910	9.75374e-09
2920	9.75542e-09
2930	9.75709e-09
2940	9.75874e-09
2950	9.76037e-09
2960	9.76199e-09
2970	9.76359e-09
2980	9.76518e-09
2990	9.76674e-09
3000	9.7683e-09
3010	9.76984e-09
3020	9.77136e-09
3030	9.77286e-09
3040	9.77436e-09
3050	9.77583e-09
3060	9.7773e-09
3070	9.77875e-09
3080	9.78018e-09
3090	9.7816e-09
3100	9.78301e-09
3110	9.7844e-09
3120	9.78578e-09
3130	9.78715e-09
3140	9.7885e-09
3150	9.78985e-09
3160	9.79117e-09
3170	9.79249e-09
3180	9.79379e-09
3190	9.79508e-09
3200	9.79636e-09
3210	9.79763e-09
3220	9.79889e-09
3230	9.80013e-09
3240	9.80136e-09
3250	9.80258e-09
3260	9.80379e-09
3270	9.80499e-09
3280	9.80618e-09
3290	9.80735e-09
3300	9.80852e-09
3310	9.80968e-09
3320	9.81082e-09
3330	9.81196e-09
3340	9.81308e-09
3350	9.8142e-09
3360	9.8153e-09
3370	9.81639e-09
3380	9.81748e-09
3390	9.81856e-09
3400	9.81962e-09
3410	9.82068e-09
3420	9.82173e-09
3430	9.82276e-09
3440	9.82379e-09
3450	9.82481e-09
3460	9.82583e-09
3470	9.82683e-09
3480	9.82782e-09
3490	9.82881e-09
3500	9.82978e-09
3510	9.83075e-09
3520	9.83171e-09
3530	9.83267e-09
3540	9.83361e-09
3550	9.83455e-09
3560	9.83548e-09
3570	9.8364e-09
3580	9.83731e-09
3590	9.83821e-09
3600	9.83911e-09
3610	9.84e-09
3620	9.84089e-09
3630	9.84176e-09
3640	9.84263e-09
3650	9.84349e-09
3660	9.84435e-09
3670	9.84519e-09
3680	9.84603e-09
3690	9.84687e-09
3700	9.8477e-09
3710	9.84852e-09
3720	9.84933e-09
3730	9.85014e-09
3740	9.85094e-09
3750	9.85173e-09
3760	9.85252e-09
3770	9.8533e-09
3780	9.85408e-09
3790	9.85485e-09
3800	9.85561e-09
3810	9.85637e-09
3820	9.85712e-09
3830	9.85786e-09
3840	9.8586e-09
3850	9.85934e-09
3860	9.86006e-09
3870	9.86079e-09
3880	9.8615e-09
3890	9.86222e-09
3900	9.86292e-09
3910	9.86362e-09
3920	9.86432e-09
3930	9.86501e-09
3940	9.86569e-09
3950	9.86637e-09
3960	9.86705e-09
3970	9.86771e-09
3980	9.86838e-09
3990	9.86904e-09
4000	9.86969e-09
4010	9.87034e-09
4020	9.87099e-09
4030	9.87163e-09
4040	9.87226e-09
4050	9.87289e-09
4060	9.87352e-09
4070	9.87414e-09
4080	9.87475e-09
4090	9.87537e-09
4100	9.87597e-09
4110	9.87658e-09
4120	9.87718e-09
4130	9.87777e-09
4140	9.87836e-09
4150	9.87895e-09
4160	9.87953e-09
4170	9.8801e-09
4180	9.88068e-09
4190	9.88125e-09
4200	9.88181e-09
4210	9.88237e-09
4220	9.88293e-09
4230	9.88348e-09
4240	9.88403e-09
4250	9.88458e-09
4260	9.88512e-09
4270	9.88566e-09
4280	9.88619e-09
4290	9.88672e-09
4300	9.88725e-09
4310	9.88777e-09
4320	9.88829e-09
4330	9.88881e-09
4340	9.88932e-09
4350	9.88983e-09
4360	9.89033e-09
4370	9.89083e-09
4380	9.89133e-09
4390	9.89182e-09
4400	9.89232e-09
4410	9.89281e-09
4420	9.89329e-09
4430	9.89377e-09
4440	9.89425e-09
4450	9.89472e-09
4460	9.89519e-09
4470	9.89566e-09
4480	9.89613e-09
4490	9.89659e-09
4500	9.89705e-09
4510	9.89751e-09
4520	9.89796e-09
4530	9.89841e-09
4540	9.89886e-09
4550	9.8993e-09
4560	9.89975e-09
4570	9.90018e-09
4580	9.90062e-09
4590	9.90105e-09
4600	9.90148e-09
4610	9.90191e-09
4620	9.90233e-09
4630	9.90276e-09
4640	9.90317e-09
4650	9.90359e-09
4660	9.904e-09
4670	9.90441e-09
4680	9.90482e-09
4690	9.90523e-09
4700	9.90563e-09
4710	9.90603e-09
4720	9.90643e-09
4730	9.90682e-09
4740	9.90722e-09
4750	9.90761e-09
4760	9.908e-09
4770	9.90838e-09
4780	9.90877e-09
4790	9.90915e-09
4800	9.90952e-09
4810	9.9099e-09
4820	9.91027e-09
4830	9.91065e-09
4840	9.91102e-09
4850	9.91138e-09
4860	9.91175e-09
4870	9.91211e-09
4880	9.91247e-09
4890	9.91282e-09
4900	9.91318e-09
4910	9.91353e-09
4920	9.91389e-09
4930	9.91424e-09
4940	9.91458e-09
4950	9.91493e-09
4960	9.91527e-09
4970	9.91561e-09
4980	9.91595e-09
4990	9.91629e-09
