5	0.000251191
10	6.59399e-05
15	2.98941e-05
20	1.70016e-05
25	1.09575e-05
30	7.64591e-06
35	5.63667e-06
40	4.32637e-06
45	3.42464e-06
50	2.77766e-06
55	2.29774e-06
60	1.93193e-06
65	1.64672e-06
70	1.42005e-06
75	1.23692e-06
80	1.08686e-06
85	9.62351e-07
90	8.57907e-07
95	7.69436e-07
100	6.93838e-07
105	6.28731e-07
110	5.72261e-07
115	5.22963e-07
120	4.79673e-07
125	4.41452e-07
130	4.07538e-07
135	3.77308e-07
140	3.50247e-07
145	3.25927e-07
150	3.0399e-07
155	2.84133e-07
160	2.66103e-07
165	2.49682e-07
170	2.34683e-07
175	2.20948e-07
180	2.08338e-07
185	1.96733e-07
190	1.86029e-07
195	1.76136e-07
200	1.66974e-07
205	1.58472e-07
210	1.50568e-07
215	1.43208e-07
220	1.36342e-07
225	1.29928e-07
230	1.23927e-07
235	1.18304e-07
240	1.13027e-07
245	1.0807e-07
250	1.03406e-07
255	9.90137e-08
260	9.48714e-08
265	9.09608e-08
270	8.7265e-08
275	8.37685e-08
280	8.04572e-08
285	7.73183e-08
290	7.434e-08
295	7.15116e-08
300	6.88231e-08
305	6.62654e-08
310	6.38303e-08
315	6.151e-08
320	5.92973e-08
325	5.71859e-08
330	5.51694e-08
335	5.32424e-08
340	5.13997e-08
345	4.96363e-08
350	4.79479e-08
355	4.63301e-08
360	4.47792e-08
365	4.32914e-08
370	4.18635e-08
375	4.04922e-08
380	3.91745e-08
385	3.79078e-08
390	3.66894e-08
395	3.55169e-08
400	3.43881e-08
405	3.33007e-08
410	3.22528e-08
415	3.12425e-08
420	3.02679e-08
425	2.93276e-08
430	2.84198e-08
435	2.7543e-08
440	2.6696e-08
445	2.58773e-08
450	2.50857e-08
455	2.432e-08
460	2.35791e-08
465	2.28619e-08
470	2.21675e-08
475	2.14948e-08
480	2.08431e-08
485	2.02113e-08
490	1.95988e-08
495	1.90047e-08
500	1.84283e-08
505	1.7869e-08
510	1.73259e-08
515	1.67986e-08
520	1.62865e-08
525	1.57888e-08
530	1.53052e-08
535	1.4835e-08
540	1.43779e-08
545	1.39332e-08
550	1.35006e-08
555	1.30796e-08
560	1.26698e-08
565	1.22709e-08
570	1.18824e-08
575	1.15039e-08
580	1.11352e-08
585	1.07759e-08
590	1.04257e-08
595	1.00843e-08
600	9.75135e-09
605	9.42662e-09
610	9.10984e-09
615	8.80073e-09
620	8.49907e-09
625	8.20461e-09
630	7.91713e-09
635	7.6364e-09
640	7.36222e-09
645	7.09438e-09
650	6.8327e-09
655	6.57698e-09
660	6.32704e-09
665	6.08271e-09
670	5.84382e-09
675	5.61022e-09
680	5.38175e-09
685	5.15826e-09
690	4.9396e-09
695	4.72564e-09
700	4.51624e-09
705	4.31128e-09
710	4.11063e-09
715	3.91418e-09
720	3.72179e-09
725	3.53337e-09
730	3.3488e-09
735	3.16798e-09
740	2.99081e-09
745	2.81719e-09
750	2.64704e-09
755	2.48024e-09
760	2.31673e-09
765	2.1564e-09
770	1.99919e-09
775	1.84501e-09
780	1.69378e-09
785	1.54543e-09
790	1.39988e-09
795	1.25707e-09
800	1.11693e-09
805	9.79382e-10
810	8.44376e-10
815	7.11844e-10
820	5.81728e-10
825	4.53967e-10
830	3.28506e-10
835	2.05291e-10
840	8.42673e-11
845	3.46156e-11
850	1.5141e-10
855	2.66162e-10
860	3.7892e-10
865	4.8973e-10
870	5.98638e-10
875	7.05684e-10
880	8.10913e-10
885	9.14364e-10
890	1.01608e-09
895	1.1161e-09
900	1.21445e-09
905	1.31118e-09
910	1.40632e-09
915	1.49991e-09
920	1.59198e-09
925	1.68256e-09
930	1.77168e-09
935	1.85938e-09
940	1.94568e-09
945	2.03062e-09
950	2.11422e-09
955	2.19652e-09
960	2.27753e-09
965	2.35729e-09
970	2.43582e-09
975	2.51314e-09
980	2.58928e-09
985	2.66427e-09
990	2.73813e-09
995	2.81088e-09
1000	2.88253e-09
1005	2.95313e-09
1010	3.02267e-09
1015	3.0912e-09
1020	3.15872e-09
1025	3.22525e-09
1030	3.29082e-09
1035	3.35544e-09
1040	3.41913e-09
1045	3.48191e-09
1050	3.5438e-09
1055	3.6048e-09
1060	3.66495e-09
1065	3.72425e-09
1070	3.78273e-09
1075	3.84039e-09
1080	3.89725e-09
1085	3.95333e-09
1090	4.00864e-09
1095	4.0632e-09
1100	4.11701e-09
1105	4.17009e-09
1110	4.22246e-09
1115	4.27413e-09
1120	4.3251e-09
1125	4.3754e-09
1130	4.42504e-09
1135	4.47402e-09
1140	4.52235e-09
1145	4.57006e-09
1150	4.61714e-09
1155	4.66361e-09
1160	4.70949e-09
1165	4.75478e-09
1170	4.79948e-09
1175	4.84362e-09
1180	4.8872e-09
1185	4.93023e-09
1190	4.97272e-09
1195	5.01467e-09
1200	5.0561e-09
1205	5.09702e-09
1210	5.13744e-09
1215	5.17735e-09
1220	5.21678e-09
1225	5.25572e-09
1230	5.29419e-09
1235	5.3322e-09
1240	5.36974e-09
1245	5.40684e-09
1250	5.44349e-09
1255	5.4797e-09
1260	5.51548e-09
1265	5.55084e-09
1270	5.58579e-09
1275	5.62032e-09
1280	5.65445e-09
1285	5.68819e-09
1290	5.72153e-09
1295	5.75448e-09
1300	5.78706e-09
1305	5.81926e-09
1310	5.8511e-09
1315	5.88257e-09
1320	5.91369e-09
1325	5.94445e-09
1330	5.97487e-09
1335	6.00495e-09
1340	6.03469e-09
1345	6.06411e-09
1350	6.09319e-09
1355	6.12196e-09
1360	6.1504e-09
1365	6.17854e-09
1370	6.20637e-09
1375	6.23389e-09
1380	6.26112e-09
1385	6.28805e-09
1390	6.3147e-09
1395	6.34105e-09
1400	6.36713e-09
1405	6.39293e-09
1410	6.41845e-09
1415	6.4437e-09
1420	6.46869e-09
1425	6.49342e-09
1430	6.51788e-09
1435	6.5421e-09
1440	6.56606e-09
1445	6.58977e-09
1450	6.61323e-09
1455	6.63646e-09
1460	6.65945e-09
1465	6.6822e-09
1470	6.70472e-09
1475	6.72701e-09
1480	6.74908e-09
1485	6.77093e-09
1490	6.79255e-09
1495	6.81396e-09
1500	6.83515e-09
1505	6.85614e-09
1510	6.87691e-09
1515	6.89749e-09
1520	6.91785e-09
1525	6.93802e-09
1530	6.95799e-09
1535	6.97777e-09
1540	6.99735e-09
1545	7.01675e-09
1550	7.03596e-09
1555	7.05498e-09
1560	7.07382e-09
1565	7.09248e-09
1570	7.11096e-09
1575	7.12927e-09
1580	7.1474e-09
1585	7.16536e-09
1590	7.18315e-09
1595	7.20078e-09
1600	7.21824e-09
1605	7.23553e-09
1610	7.25267e-09
1615	7.26965e-09
1620	7.28647e-09
1625	7.30314e-09
1630	7.31965e-09
1635	7.33601e-09
1640	7.35222e-09
1645	7.36829e-09
1650	7.38421e-09
1655	7.39998e-09
1660	7.41562e-09
1665	7.43111e-09
1670	7.44646e-09
1675	7.46168e-09
1680	7.47676e-09
1685	7.49171e-09
1690	7.50652e-09
1695	7.5212e-09
1700	7.53576e-09
1705	7.55018e-09
1710	7.56448e-09
1715	7.57866e-09
1720	7.59271e-09
1725	7.60664e-09
1730	7.62045e-09
1735	7.63414e-09
1740	7.64771e-09
1745	7.66117e-09
1750	7.67451e-09
1755	7.68773e-09
1760	7.70085e-09
1765	7.71385e-09
1770	7.72675e-09
1775	7.73953e-09
1780	7.75221e-09
1785	7.76478e-09
1790	7.77724e-09
1795	7.7896e-09
1800	7.80186e-09
1805	7.81402e-09
1810	7.82608e-09
1815	7.83803e-09
1820	7.84989e-09
1825	7.86165e-09
1830	7.87332e-09
1835	7.88489e-09
1840	7.89636e-09
1845	7.90774e-09
1850	7.91904e-09
1855	7.93023e-09
1860	7.94134e-09
1865	7.95236e-09
1870	7.96329e-09
1875	7.97414e-09
1880	7.9849e-09
1885	7.99557e-09
1890	8.00616e-09
1895	8.01666e-09
1900	8.02708e-09
1905	8.03742e-09
1910	8.04768e-09
1915	8.05786e-09
1920	8.06796e-09
1925	8.07798e-09
1930	8.08792e-09
1935	8.09779e-09
1940	8.10758e-09
1945	8.11729e-09
1950	8.12693e-09
1955	8.1365e-09
1960	8.14599e-09
1965	8.15541e-09
1970	8.16476e-09
1975	8.17403e-09
1980	8.18324e-09
1985	8.19238e-09
1990	8.20145e-09
1995	8.21045e-09
2000	8.21939e-09
2005	8.22825e-09
2010	8.23706e-09
2015	8.24579e-09
2020	8.25446e-09
2025	8.26307e-09
2030	8.27161e-09
2035	8.28009e-09
2040	8.28851e-09
2045	8.29687e-09
2050	8.30516e-09
2055	8.3134e-09
2060	8.32157e-09
2065	8.32969e-09
2070	8.33774e-09
2075	8.34574e-09
2080	8.35368e-09
2085	8.36157e-09
2090	8.3694e-09
2095	8.37717e-09
2100	8.38488e-09
2105	8.39255e-09
2110	8.40015e-09
2115	8.40771e-09
2120	8.41521e-09
2125	8.42265e-09
2130	8.43005e-09
2135	8.43739e-09
2140	8.44468e-09
2145	8.45192e-09
2150	8.45911e-09
2155	8.46625e-09
2160	8.47334e-09
2165	8.48039e-09
2170	8.48738e-09
2175	8.49432e-09
2180	8.50122e-09
2185	8.50807e-09
2190	8.51487e-09
2195	8.52163e-09
2200	8.52834e-09
2205	8.53501e-09
2210	8.54162e-09
2215	8.5482e-09
2220	8.55473e-09
2225	8.56122e-09
2230	8.56766e-09
2235	8.57406e-09
2240	8.58042e-09
2245	8.58673e-09
2250	8.59301e-09
2255	8.59924e-09
2260	8.60543e-09
2265	8.61158e-09
2270	8.61768e-09
2275	8.62375e-09
2280	8.62978e-09
2285	8.63577e-09
2290	8.64172e-09
2295	8.64763e-09
2300	8.6535e-09
2305	8.65933e-09
2310	8.66513e-09
2315	8.67089e-09
2320	8.67661e-09
2325	8.6823e-09
2330	8.68794e-09
2335	8.69356e-09
2340	8.69913e-09
2345	8.70467e-09
2350	8.71018e-09
2355	8.71565e-09
2360	8.72108e-09
2365	8.72648e-09
2370	8.73185e-09
2375	8.73718e-09
2380	8.74248e-09
2385	8.74775e-09
2390	8.75298e-09
2395	8.75818e-09
2400	8.76335e-09
2405	8.76848e-09
2410	8.77359e-09
2415	8.77866e-09
2420	8.7837e-09
2425	8.78871e-09
2430	8.79369e-09
2435	8.79864e-09
2440	8.80355e-09
2445	8.80844e-09
2450	8.8133e-09
2455	8.81813e-09
2460	8.82293e-09
2465	8.8277e-09
2470	8.83244e-09
2475	8.83715e-09
2480	8.84183e-09
2485	8.84649e-09
2490	8.85111e-09
2495	8.85571e-09
