20	1.39208e-06
40	3.43087e-07
60	1.47357e-07
80	7.86418e-08
100	4.67823e-08
120	2.94568e-08
140	1.90019e-08
160	1.22123e-08
180	7.55523e-09
200	4.22287e-09
220	1.75657e-09
240	1.1972e-10
260	1.58022e-09
280	2.73929e-09
300	3.67452e-09
320	4.44003e-09
340	5.07455e-09
360	5.60634e-09
380	6.05644e-09
400	6.44076e-09
420	6.77152e-09
440	7.05823e-09
460	7.30838e-09
480	7.52793e-09
500	7.72167e-09
520	7.8935e-09
540	8.0466e-09
560	8.1836e-09
580	8.30668e-09
600	8.41766e-09
620	8.51807e-09
640	8.60923e-09
660	8.69222e-09
680	8.768e-09
700	8.83739e-09
720	8.90107e-09
740	8.95966e-09
760	9.01369e-09
780	9.06361e-09
800	9.10984e-09
820	9.15273e-09
840	9.19259e-09
860	9.22971e-09
880	9.26432e-09
900	9.29665e-09
920	9.3269e-09
940	9.35524e-09
960	9.38182e-09
980	9.40679e-09
1000	9.43029e-09
1020	9.45241e-09
1040	9.47327e-09
1060	9.49296e-09
1080	9.51156e-09
1100	9.52916e-09
1120	9.54583e-09
1140	9.56163e-09
1160	9.57661e-09
1180	9.59085e-09
1200	9.60437e-09
1220	9.61724e-09
1240	9.62949e-09
1260	9.64116e-09
1280	9.65228e-09
1300	9.6629e-09
1320	9.67304e-09
1340	9.68273e-09
1360	9.69199e-09
1380	9.70086e-09
1400	9.70935e-09
1420	9.71748e-09
1440	9.72527e-09
1460	9.73275e-09
1480	9.73993e-09
1500	9.74682e-09
1520	9.75344e-09
1540	9.7598e-09
1560	9.76592e-09
1580	9.77181e-09
1600	9.77748e-09
1620	9.78294e-09
1640	9.78821e-09
1660	9.79328e-09
1680	9.79817e-09
1700	9.8029e-09
1720	9.80745e-09
1740	9.81186e-09
1760	9.81611e-09
1780	9.82022e-09
1800	9.82419e-09
1820	9.82804e-09
1840	9.83176e-09
1860	9.83536e-09
1880	9.83884e-09
1900	9.84222e-09
1920	9.84549e-09
1940	9.84866e-09
1960	9.85174e-09
1980	9.85472e-09
2000	9.85761e-09
2020	9.86042e-09
2040	9.86314e-09
2060	9.86579e-09
2080	9.86836e-09
2100	9.87085e-09
2120	9.87328e-09
2140	9.87564e-09
2160	9.87793e-09
2180	9.88016e-09
2200	9.88233e-09
2220	9.88444e-09
2240	9.8865e-09
2260	9.8885e-09
2280	9.89045e-09
2300	9.89234e-09
2320	9.89419e-09
2340	9.896e-09
2360	9.89775e-09
2380	9.89946e-09
2400	9.90113e-09
2420	9.90276e-09
2440	9.90435e-09
2460	9.9059e-09
2480	9.90741e-09
2500	9.90889e-09
2520	9.91033e-09
2540	9.91174e-09
2560	9.91311e-09
2580	9.91445e-09
2600	9.91577e-09
2620	9.91705e-09
2640	9.9183e-09
2660	9.91953e-09
2680	9.92072e-09
2700	9.92189e-09
2720	9.92304e-09
2740	9.92416e-09
2760	9.92526e-09
2780	9.92633e-09
2800	9.92738e-09
2820	9.9284e-09
2840	9.92941e-09
2860	9.93039e-09
2880	9.93136e-09
2900	9.9323e-09
2920	9.93323e-09
2940	9.93413e-09
2960	9.93502e-09
2980	9.93589e-09
3000	9.93674e-09
3020	9.93758e-09
3040	9.9384e-09
3060	9.9392e-09
3080	9.93999e-09
3100	9.94076e-09
3120	9.94152e-09
3140	9.94226e-09
3160	9.94299e-09
3180	9.94371e-09
3200	9.94441e-09
3220	9.9451e-09
3240	9.94577e-09
3260	9.94644e-09
3280	9.94709e-09
3300	9.94773e-09
3320	9.94836e-09
3340	9.94897e-09
3360	9.94958e-09
3380	9.95018e-09
3400	9.95076e-09
3420	9.95134e-09
3440	9.9519e-09
3460	9.95245e-09
3480	9.953e-09
3500	9.95354e-09
3520	9.95406e-09
3540	9.95458e-09
3560	9.95509e-09
3580	9.95559e-09
3600	9.95608e-09
3620	9.95657e-09
3640	9.95704e-09
3660	9.95751e-09
3680	9.95798e-09
3700	9.95843e-09
3720	9.95887e-09
3740	9.95931e-09
3760	9.95975e-09
3780	9.96017e-09
3800	9.96059e-09
3820	9.961e-09
3840	9.96141e-09
3860	9.96181e-09
3880	9.9622e-09
3900	9.96259e-09
3920	9.96297e-09
3940	9.96334e-09
3960	9.96371e-09
3980	9.96408e-09
4000	9.96443e-09
4020	9.96479e-09
4040	9.96514e-09
4060	9.96548e-09
4080	9.96582e-09
4100	9.96615e-09
4120	9.96648e-09
4140	9.9668e-09
4160	9.96712e-09
4180	9.96743e-09
4200	9.96774e-09
4220	9.96805e-09
4240	9.96835e-09
4260	9.96865e-09
4280	9.96894e-09
4300	9.96923e-09
4320	9.96951e-09
4340	9.9698e-09
4360	9.97007e-09
4380	9.97034e-09
4400	9.97061e-09
4420	9.97088e-09
4440	9.97114e-09
4460	9.9714e-09
4480	9.97165e-09
4500	9.97191e-09
4520	9.97215e-09
4540	9.9724e-09
4560	9.97264e-09
4580	9.97288e-09
4600	9.97312e-09
4620	9.97335e-09
4640	9.97358e-09
4660	9.9738e-09
4680	9.97403e-09
4700	9.97425e-09
4720	9.97447e-09
4740	9.97468e-09
4760	9.9749e-09
4780	9.97511e-09
4800	9.97531e-09
4820	9.97552e-09
4840	9.97572e-09
4860	9.97592e-09
4880	9.97612e-09
4900	9.97631e-09
4920	9.9765e-09
4940	9.97669e-09
4960	9.97688e-09
4980	9.97707e-09
5000	9.97725e-09
5020	9.97743e-09
5040	9.97761e-09
5060	9.97779e-09
5080	9.97796e-09
5100	9.97814e-09
5120	9.97831e-09
5140	9.97847e-09
5160	9.97864e-09
5180	9.97881e-09
5200	9.97897e-09
5220	9.97913e-09
5240	9.97929e-09
5260	9.97945e-09
5280	9.9796e-09
5300	9.97976e-09
5320	9.97991e-09
5340	9.98006e-09
5360	9.98021e-09
5380	9.98035e-09
5400	9.9805e-09
5420	9.98064e-09
5440	9.98079e-09
5460	9.98093e-09
5480	9.98107e-09
5500	9.9812e-09
5520	9.98134e-09
5540	9.98147e-09
5560	9.98161e-09
5580	9.98174e-09
5600	9.98187e-09
5620	9.982e-09
5640	9.98213e-09
5660	9.98225e-09
5680	9.98238e-09
5700	9.9825e-09
5720	9.98262e-09
5740	9.98274e-09
5760	9.98286e-09
5780	9.98298e-09
5800	9.9831e-09
5820	9.98322e-09
5840	9.98333e-09
5860	9.98344e-09
5880	9.98356e-09
5900	9.98367e-09
5920	9.98378e-09
5940	9.98389e-09
5960	9.984e-09
5980	9.9841e-09
6000	9.98421e-09
6020	9.98431e-09
6040	9.98442e-09
6060	9.98452e-09
6080	9.98462e-09
6100	9.98472e-09
6120	9.98482e-09
6140	9.98492e-09
6160	9.98502e-09
6180	9.98512e-09
6200	9.98521e-09
6220	9.98531e-09
6240	9.9854e-09
6260	9.9855e-09
6280	9.98559e-09
6300	9.98568e-09
6320	9.98577e-09
6340	9.98586e-09
6360	9.98595e-09
6380	9.98604e-09
6400	9.98612e-09
6420	9.98621e-09
6440	9.9863e-09
6460	9.98638e-09
6480	9.98647e-09
6500	9.98655e-09
6520	9.98663e-09
6540	9.98671e-09
6560	9.98679e-09
6580	9.98687e-09
6600	9.98696e-09
6620	9.98703e-09
6640	9.98711e-09
6660	9.98719e-09
6680	9.98727e-09
6700	9.98734e-09
6720	9.98742e-09
6740	9.98749e-09
6760	9.98757e-09
6780	9.98764e-09
6800	9.98771e-09
6820	9.98778e-09
6840	9.98786e-09
6860	9.98793e-09
6880	9.988e-09
6900	9.98807e-09
6920	9.98814e-09
6940	9.9882e-09
6960	9.98827e-09
6980	9.98834e-09
7000	9.98841e-09
7020	9.98847e-09
7040	9.98854e-09
7060	9.9886e-09
7080	9.98867e-09
7100	9.98873e-09
7120	9.98879e-09
7140	9.98886e-09
7160	9.98892e-09
7180	9.98898e-09
7200	9.98904e-09
7220	9.9891e-09
7240	9.98916e-09
7260	9.98922e-09
7280	9.98928e-09
7300	9.98934e-09
7320	9.9894e-09
7340	9.98946e-09
7360	9.98951e-09
7380	9.98957e-09
7400	9.98963e-09
7420	9.98968e-09
7440	9.98974e-09
7460	9.98979e-09
7480	9.98985e-09
7500	9.9899e-09
7520	9.98995e-09
7540	9.99001e-09
7560	9.99006e-09
7580	9.99012e-09
7600	9.99017e-09
7620	9.99022e-09
7640	9.99027e-09
7660	9.99032e-09
7680	9.99037e-09
7700	9.99042e-09
7720	9.99047e-09
7740	9.99052e-09
7760	9.99057e-09
7780	9.99062e-09
7800	9.99067e-09
7820	9.99071e-09
7840	9.99076e-09
7860	9.99081e-09
7880	9.99085e-09
7900	9.9909e-09
7920	9.99095e-09
7940	9.99099e-09
7960	9.99104e-09
7980	9.99108e-09
8000	9.99113e-09
8020	9.99117e-09
8040	9.99122e-09
8060	9.99126e-09
8080	9.9913e-09
8100	9.99135e-09
8120	9.99139e-09
8140	9.99143e-09
8160	9.99147e-09
8180	9.99151e-09
8200	9.99156e-09
8220	9.9916e-09
8240	9.99164e-09
8260	9.99168e-09
8280	9.99172e-09
8300	9.99176e-09
8320	9.9918e-09
8340	9.99184e-09
8360	9.99188e-09
8380	9.99191e-09
8400	9.99195e-09
8420	9.99199e-09
8440	9.99203e-09
8460	9.99207e-09
8480	9.9921e-09
8500	9.99214e-09
8520	9.99218e-09
8540	9.99222e-09
8560	9.99225e-09
8580	9.99229e-09
8600	9.99232e-09
8620	9.99236e-09
8640	9.99239e-09
8660	9.99243e-09
8680	9.99247e-09
8700	9.9925e-09
8720	9.99253e-09
8740	9.99257e-09
8760	9.9926e-09
8780	9.99264e-09
8800	9.99267e-09
8820	9.9927e-09
8840	9.99274e-09
8860	9.99277e-09
8880	9.9928e-09
8900	9.99283e-09
8920	9.99287e-09
8940	9.9929e-09
8960	9.99293e-09
8980	9.99296e-09
9000	9.99299e-09
9020	9.99302e-09
9040	9.99306e-09
9060	9.99309e-09
9080	9.99312e-09
9100	9.99315e-09
9120	9.99318e-09
9140	9.99321e-09
9160	9.99324e-09
9180	9.99327e-09
9200	9.99329e-09
9220	9.99332e-09
9240	9.99335e-09
9260	9.99338e-09
9280	9.99341e-09
9300	9.99344e-09
9320	9.99347e-09
9340	9.9935e-09
9360	9.99352e-09
9380	9.99355e-09
9400	9.99358e-09
9420	9.99361e-09
9440	9.99363e-09
9460	9.99366e-09
9480	9.99369e-09
9500	9.99371e-09
9520	9.99374e-09
9540	9.99377e-09
9560	9.99379e-09
9580	9.99382e-09
9600	9.99384e-09
9620	9.99387e-09
9640	9.9939e-09
9660	9.99392e-09
9680	9.99395e-09
9700	9.99397e-09
9720	9.994e-09
9740	9.99402e-09
9760	9.99404e-09
9780	9.99407e-09
9800	9.99409e-09
9820	9.99412e-09
9840	9.99414e-09
9860	9.99417e-09
9880	9.99419e-09
9900	9.99421e-09
9920	9.99423e-09
9940	9.99426e-09
9960	9.99428e-09
9980	9.9943e-09
