5	0.00696369
6	0.00500995
7	0.00379106
8	0.00297681
9	0.00240447
10	0.001986
11	0.00167026
12	0.00142586
13	0.00123258
14	0.00107696
15	0.000949698
16	0.000844235
17	0.000755804
18	0.000680886
19	0.00061683
20	0.000561611
21	0.000513656
22	0.00047173
23	0.000434852
24	0.000402234
25	0.000373236
26	0.000347336
27	0.000324103
28	0.000303178
29	0.000284262
30	0.000267103
31	0.000251488
32	0.000237233
33	0.000224185
34	0.000212209
35	0.000201189
36	0.000191025
37	0.00018163
38	0.000172927
39	0.000164849
40	0.000157337
41	0.000150338
42	0.000143807
43	0.000137701
44	0.000131985
45	0.000126626
46	0.000121594
47	0.000116863
48	0.000112409
49	0.00010821
50	0.000104247
51	0.000100503
52	9.6962e-05
53	9.36087e-05
54	9.04303e-05
55	8.74145e-05
56	8.45505e-05
57	8.18281e-05
58	7.9238e-05
59	7.67716e-05
60	7.44212e-05
61	7.21794e-05
62	7.00396e-05
63	6.79957e-05
64	6.60418e-05
65	6.41729e-05
66	6.23839e-05
67	6.06703e-05
68	5.90279e-05
69	5.74527e-05
70	5.59411e-05
71	5.44897e-05
72	5.30952e-05
73	5.17548e-05
74	5.04656e-05
75	4.9225e-05
76	4.80305e-05
77	4.688e-05
78	4.57712e-05
79	4.47021e-05
80	4.36708e-05
81	4.26756e-05
82	4.17147e-05
83	4.07866e-05
84	3.98898e-05
85	3.90229e-05
86	3.81846e-05
87	3.73735e-05
88	3.65886e-05
89	3.58286e-05
90	3.50926e-05
91	3.43795e-05
92	3.36884e-05
93	3.30183e-05
94	3.23685e-05
95	3.17381e-05
96	3.11263e-05
97	3.05323e-05
98	2.99556e-05
99	2.93954e-05
100	2.88511e-05
101	2.83221e-05
102	2.78078e-05
103	2.73077e-05
104	2.68212e-05
105	2.63479e-05
106	2.58873e-05
107	2.54389e-05
108	2.50023e-05
109	2.4577e-05
110	2.41628e-05
111	2.37591e-05
112	2.33657e-05
113	2.29821e-05
114	2.26082e-05
115	2.22434e-05
116	2.18877e-05
117	2.15405e-05
118	2.12017e-05
119	2.0871e-05
120	2.05482e-05
121	2.02329e-05
122	1.9925e-05
123	1.96241e-05
124	1.93302e-05
125	1.9043e-05
126	1.87623e-05
127	1.84878e-05
128	1.82195e-05
129	1.7957e-05
130	1.77004e-05
131	1.74492e-05
132	1.72035e-05
133	1.69631e-05
134	1.67278e-05
135	1.64974e-05
136	1.62718e-05
137	1.6051e-05
138	1.58347e-05
139	1.56228e-05
140	1.54152e-05
141	1.52118e-05
142	1.50125e-05
143	1.48172e-05
144	1.46257e-05
145	1.4438e-05
146	1.4254e-05
147	1.40735e-05
148	1.38965e-05
149	1.37229e-05
150	1.35525e-05
151	1.33854e-05
152	1.32214e-05
153	1.30605e-05
154	1.29026e-05
155	1.27475e-05
156	1.25953e-05
157	1.24459e-05
158	1.22991e-05
159	1.2155e-05
160	1.20134e-05
161	1.18744e-05
162	1.17378e-05
163	1.16036e-05
164	1.14717e-05
165	1.13421e-05
166	1.12147e-05
167	1.10895e-05
168	1.09665e-05
169	1.08455e-05
170	1.07265e-05
171	1.06095e-05
172	1.04945e-05
173	1.03813e-05
174	1.027e-05
175	1.01606e-05
176	1.00529e-05
177	9.94691e-06
178	9.84264e-06
179	9.74004e-06
180	9.63906e-06
181	9.53968e-06
182	9.44185e-06
183	9.34555e-06
184	9.25074e-06
185	9.1574e-06
186	9.06548e-06
187	8.97497e-06
188	8.88584e-06
189	8.79805e-06
190	8.71158e-06
191	8.6264e-06
192	8.54249e-06
193	8.45982e-06
194	8.37837e-06
195	8.2981e-06
196	8.21901e-06
197	8.14107e-06
198	8.06425e-06
199	7.98853e-06
200	7.91389e-06
201	7.84032e-06
202	7.76778e-06
203	7.69626e-06
204	7.62575e-06
205	7.55622e-06
206	7.48765e-06
207	7.42003e-06
208	7.35334e-06
209	7.28756e-06
210	7.22267e-06
211	7.15866e-06
212	7.09552e-06
213	7.03322e-06
214	6.97176e-06
215	6.91111e-06
216	6.85126e-06
217	6.7922e-06
218	6.73392e-06
219	6.6764e-06
220	6.61962e-06
221	6.56358e-06
222	6.50826e-06
223	6.45365e-06
224	6.39973e-06
225	6.3465e-06
226	6.29395e-06
227	6.24205e-06
228	6.19081e-06
229	6.14021e-06
230	6.09023e-06
231	6.04087e-06
232	5.99213e-06
233	5.94398e-06
234	5.89642e-06
235	5.84943e-06
236	5.80302e-06
237	5.75717e-06
238	5.71186e-06
239	5.6671e-06
240	5.62288e-06
241	5.57918e-06
242	5.53599e-06
243	5.49331e-06
244	5.45114e-06
245	5.40945e-06
246	5.36825e-06
247	5.32753e-06
248	5.28728e-06
249	5.24749e-06
250	5.20815e-06
251	5.16927e-06
252	5.13082e-06
253	5.09281e-06
254	5.05523e-06
255	5.01807e-06
256	4.98132e-06
257	4.94499e-06
258	4.90905e-06
259	4.87352e-06
260	4.83837e-06
261	4.80361e-06
262	4.76923e-06
263	4.73523e-06
264	4.70159e-06
265	4.66832e-06
266	4.6354e-06
267	4.60284e-06
268	4.57062e-06
269	4.53875e-06
270	4.50721e-06
271	4.47601e-06
272	4.44514e-06
273	4.41459e-06
274	4.38436e-06
275	4.35444e-06
276	4.32484e-06
277	4.29554e-06
278	4.26654e-06
279	4.23784e-06
280	4.20944e-06
281	4.18132e-06
282	4.15349e-06
283	4.12594e-06
284	4.09867e-06
285	4.07167e-06
286	4.04494e-06
287	4.01848e-06
288	3.99228e-06
289	3.96634e-06
290	3.94066e-06
291	3.91523e-06
292	3.89005e-06
293	3.86512e-06
294	3.84043e-06
295	3.81598e-06
296	3.79176e-06
297	3.76778e-06
298	3.74403e-06
299	3.72051e-06
300	3.69721e-06
301	3.67413e-06
302	3.65127e-06
303	3.62863e-06
304	3.6062e-06
305	3.58399e-06
306	3.56198e-06
307	3.54017e-06
308	3.51857e-06
309	3.49717e-06
310	3.47597e-06
311	3.45496e-06
312	3.43414e-06
313	3.41352e-06
314	3.39308e-06
315	3.37283e-06
316	3.35277e-06
317	3.33288e-06
318	3.31317e-06
319	3.29365e-06
320	3.27429e-06
321	3.25511e-06
322	3.2361e-06
323	3.21726e-06
324	3.19858e-06
325	3.18007e-06
326	3.16172e-06
327	3.14354e-06
328	3.12551e-06
329	3.10764e-06
330	3.08992e-06
331	3.07236e-06
332	3.05495e-06
333	3.03769e-06
334	3.02058e-06
335	3.00361e-06
336	2.98679e-06
337	2.97011e-06
338	2.95357e-06
339	2.93718e-06
340	2.92092e-06
341	2.90479e-06
342	2.88881e-06
343	2.87295e-06
344	2.85723e-06
345	2.84164e-06
346	2.82618e-06
347	2.81085e-06
348	2.79564e-06
349	2.78056e-06
350	2.7656e-06
351	2.75076e-06
352	2.73605e-06
353	2.72145e-06
354	2.70697e-06
355	2.69261e-06
356	2.67837e-06
357	2.66424e-06
358	2.65022e-06
359	2.63631e-06
360	2.62252e-06
361	2.60883e-06
362	2.59526e-06
363	2.58179e-06
364	2.56842e-06
365	2.55517e-06
366	2.54201e-06
367	2.52896e-06
368	2.51601e-06
369	2.50316e-06
370	2.49041e-06
371	2.47776e-06
372	2.46521e-06
373	2.45275e-06
374	2.44039e-06
375	2.42812e-06
376	2.41595e-06
377	2.40387e-06
378	2.39188e-06
379	2.37998e-06
380	2.36817e-06
381	2.35645e-06
382	2.34482e-06
383	2.33328e-06
384	2.32182e-06
385	2.31045e-06
386	2.29916e-06
387	2.28795e-06
388	2.27683e-06
389	2.26579e-06
390	2.25484e-06
391	2.24396e-06
392	2.23316e-06
393	2.22244e-06
394	2.2118e-06
395	2.20123e-06
396	2.19075e-06
397	2.18034e-06
398	2.17e-06
399	2.15974e-06
400	2.14955e-06
401	2.13943e-06
402	2.12939e-06
403	2.11942e-06
404	2.10952e-06
405	2.09969e-06
406	2.08993e-06
407	2.08023e-06
408	2.07061e-06
409	2.06105e-06
410	2.05156e-06
411	2.04214e-06
412	2.03278e-06
413	2.02349e-06
414	2.01426e-06
415	2.00509e-06
416	1.99599e-06
417	1.98695e-06
418	1.97798e-06
419	1.96906e-06
420	1.96021e-06
421	1.95142e-06
422	1.94268e-06
423	1.93401e-06
424	1.92539e-06
425	1.91683e-06
426	1.90833e-06
427	1.89989e-06
428	1.8915e-06
429	1.88317e-06
430	1.8749e-06
431	1.86668e-06
432	1.85852e-06
433	1.8504e-06
434	1.84235e-06
435	1.83434e-06
436	1.82639e-06
437	1.81849e-06
438	1.81065e-06
439	1.80285e-06
440	1.79511e-06
441	1.78741e-06
442	1.77977e-06
443	1.77217e-06
444	1.76463e-06
445	1.75713e-06
446	1.74968e-06
447	1.74228e-06
448	1.73493e-06
449	1.72762e-06
450	1.72036e-06
451	1.71315e-06
452	1.70598e-06
453	1.69886e-06
454	1.69178e-06
455	1.68475e-06
456	1.67776e-06
457	1.67082e-06
458	1.66392e-06
459	1.65706e-06
460	1.65024e-06
461	1.64347e-06
462	1.63674e-06
463	1.63005e-06
464	1.62341e-06
465	1.6168e-06
466	1.61023e-06
467	1.60371e-06
468	1.59722e-06
469	1.59078e-06
470	1.58437e-06
471	1.57801e-06
472	1.57168e-06
473	1.56539e-06
474	1.55914e-06
475	1.55293e-06
476	1.54675e-06
477	1.54061e-06
478	1.53451e-06
479	1.52844e-06
480	1.52241e-06
481	1.51642e-06
482	1.51046e-06
483	1.50454e-06
484	1.49866e-06
485	1.4928e-06
486	1.48699e-06
487	1.4812e-06
488	1.47546e-06
489	1.46974e-06
490	1.46406e-06
491	1.45841e-06
492	1.4528e-06
493	1.44721e-06
494	1.44166e-06
495	1.43615e-06
496	1.43066e-06
497	1.42521e-06
498	1.41978e-06
499	1.41439e-06
