5	0.0159809
6	0.0114653
7	0.00865504
8	0.00678184
9	0.00546773
10	0.00450861
11	0.00378612
12	0.00322767
13	0.00278665
14	0.00243199
15	0.00214232
16	0.00190251
17	0.00170164
18	0.00153163
19	0.0013864
20	0.00126131
21	0.00115276
22	0.00105793
23	0.00097458
24	0.000900909
25	0.000835458
26	0.000777037
27	0.000724662
28	0.000677519
29	0.000634927
30	0.000596311
31	0.000561186
32	0.00052914
33	0.000499819
34	0.00047292
35	0.00044818
36	0.000425372
37	0.000404297
38	0.000384783
39	0.000366678
40	0.000349847
41	0.000334173
42	0.000319551
43	0.000305887
44	0.0002931
45	0.000281114
46	0.000269864
47	0.000259289
48	0.000249337
49	0.000239959
50	0.000231111
51	0.000222753
52	0.00021485
53	0.000207369
54	0.00020028
55	0.000193555
56	0.000187171
57	0.000181103
58	0.000175332
59	0.000169838
60	0.000164604
61	0.000159612
62	0.000154849
63	0.0001503
64	0.000145953
65	0.000141796
66	0.000137817
67	0.000134007
68	0.000130355
69	0.000126854
70	0.000123495
71	0.000120271
72	0.000117173
73	0.000114196
74	0.000111334
75	0.000108579
76	0.000105928
77	0.000103375
78	0.000100914
79	9.85427e-05
80	9.62552e-05
81	9.40481e-05
82	9.19175e-05
83	8.98599e-05
84	8.7872e-05
85	8.59507e-05
86	8.40929e-05
87	8.2296e-05
88	8.05571e-05
89	7.88739e-05
90	7.72439e-05
91	7.56649e-05
92	7.41349e-05
93	7.26516e-05
94	7.12133e-05
95	6.98182e-05
96	6.84644e-05
97	6.71504e-05
98	6.58747e-05
99	6.46356e-05
100	6.34319e-05
101	6.22621e-05
102	6.11251e-05
103	6.00195e-05
104	5.89442e-05
105	5.78981e-05
106	5.68802e-05
107	5.58894e-05
108	5.49248e-05
109	5.39854e-05
110	5.30704e-05
111	5.21789e-05
112	5.13101e-05
113	5.04633e-05
114	4.96376e-05
115	4.88325e-05
116	4.80471e-05
117	4.7281e-05
118	4.65333e-05
119	4.58036e-05
120	4.50913e-05
121	4.43957e-05
122	4.37165e-05
123	4.3053e-05
124	4.24048e-05
125	4.17714e-05
126	4.11524e-05
127	4.05473e-05
128	3.99557e-05
129	3.93772e-05
130	3.88114e-05
131	3.8258e-05
132	3.77166e-05
133	3.71867e-05
134	3.66682e-05
135	3.61607e-05
136	3.56638e-05
137	3.51773e-05
138	3.47009e-05
139	3.42343e-05
140	3.37772e-05
141	3.33293e-05
142	3.28905e-05
143	3.24605e-05
144	3.2039e-05
145	3.16258e-05
146	3.12207e-05
147	3.08235e-05
148	3.0434e-05
149	3.00519e-05
150	2.96772e-05
151	2.93095e-05
152	2.89488e-05
153	2.85948e-05
154	2.82474e-05
155	2.79064e-05
156	2.75716e-05
157	2.7243e-05
158	2.69203e-05
159	2.66034e-05
160	2.62922e-05
161	2.59865e-05
162	2.56862e-05
163	2.53912e-05
164	2.51014e-05
165	2.48165e-05
166	2.45366e-05
167	2.42615e-05
168	2.39911e-05
169	2.37253e-05
170	2.34639e-05
171	2.32069e-05
172	2.29542e-05
173	2.27057e-05
174	2.24612e-05
175	2.22208e-05
176	2.19843e-05
177	2.17516e-05
178	2.15226e-05
179	2.12974e-05
180	2.10757e-05
181	2.08575e-05
182	2.06427e-05
183	2.04313e-05
184	2.02232e-05
185	2.00184e-05
186	1.98166e-05
187	1.9618e-05
188	1.94224e-05
189	1.92298e-05
190	1.90401e-05
191	1.88532e-05
192	1.86691e-05
193	1.84877e-05
194	1.8309e-05
195	1.8133e-05
196	1.79595e-05
197	1.77886e-05
198	1.76201e-05
199	1.74541e-05
200	1.72904e-05
201	1.71291e-05
202	1.697e-05
203	1.68132e-05
204	1.66586e-05
205	1.65062e-05
206	1.63559e-05
207	1.62077e-05
208	1.60615e-05
209	1.59173e-05
210	1.57751e-05
211	1.56348e-05
212	1.54965e-05
213	1.53599e-05
214	1.52253e-05
215	1.50924e-05
216	1.49613e-05
217	1.48319e-05
218	1.47042e-05
219	1.45782e-05
220	1.44538e-05
221	1.43311e-05
222	1.42099e-05
223	1.40903e-05
224	1.39722e-05
225	1.38556e-05
226	1.37406e-05
227	1.36269e-05
228	1.35147e-05
229	1.34039e-05
230	1.32945e-05
231	1.31865e-05
232	1.30797e-05
233	1.29743e-05
234	1.28702e-05
235	1.27674e-05
236	1.26658e-05
237	1.25654e-05
238	1.24663e-05
239	1.23683e-05
240	1.22716e-05
241	1.21759e-05
242	1.20814e-05
243	1.1988e-05
244	1.18958e-05
245	1.18046e-05
246	1.17144e-05
247	1.16253e-05
248	1.15373e-05
249	1.14502e-05
250	1.13642e-05
251	1.12791e-05
252	1.11951e-05
253	1.11119e-05
254	1.10297e-05
255	1.09485e-05
256	1.08681e-05
257	1.07887e-05
258	1.07101e-05
259	1.06324e-05
260	1.05555e-05
261	1.04795e-05
262	1.04044e-05
263	1.033e-05
264	1.02565e-05
265	1.01838e-05
266	1.01118e-05
267	1.00406e-05
268	9.97023e-06
269	9.90057e-06
270	9.83164e-06
271	9.76346e-06
272	9.69599e-06
273	9.62923e-06
274	9.56317e-06
275	9.4978e-06
276	9.43311e-06
277	9.36909e-06
278	9.30574e-06
279	9.24303e-06
280	9.18097e-06
281	9.11955e-06
282	9.05875e-06
283	8.99857e-06
284	8.939e-06
285	8.88002e-06
286	8.82165e-06
287	8.76385e-06
288	8.70663e-06
289	8.64999e-06
290	8.5939e-06
291	8.53837e-06
292	8.48338e-06
293	8.42893e-06
294	8.37502e-06
295	8.32163e-06
296	8.26876e-06
297	8.2164e-06
298	8.16455e-06
299	8.11319e-06
300	8.06233e-06
301	8.01195e-06
302	7.96205e-06
303	7.91263e-06
304	7.86367e-06
305	7.81518e-06
306	7.76714e-06
307	7.71955e-06
308	7.6724e-06
309	7.6257e-06
310	7.57942e-06
311	7.53358e-06
312	7.48816e-06
313	7.44315e-06
314	7.39856e-06
315	7.35437e-06
316	7.31059e-06
317	7.2672e-06
318	7.22421e-06
319	7.1816e-06
320	7.13938e-06
321	7.09753e-06
322	7.05606e-06
323	7.01496e-06
324	6.97422e-06
325	6.93384e-06
326	6.89382e-06
327	6.85415e-06
328	6.81483e-06
329	6.77586e-06
330	6.73722e-06
331	6.69892e-06
332	6.66095e-06
333	6.62331e-06
334	6.58599e-06
335	6.54899e-06
336	6.51231e-06
337	6.47595e-06
338	6.43989e-06
339	6.40414e-06
340	6.36869e-06
341	6.33354e-06
342	6.29869e-06
343	6.26413e-06
344	6.22985e-06
345	6.19587e-06
346	6.16216e-06
347	6.12874e-06
348	6.09559e-06
349	6.06272e-06
350	6.03011e-06
351	5.99778e-06
352	5.9657e-06
353	5.93389e-06
354	5.90234e-06
355	5.87104e-06
356	5.84e-06
357	5.80921e-06
358	5.77866e-06
359	5.74836e-06
360	5.7183e-06
361	5.68848e-06
362	5.6589e-06
363	5.62955e-06
364	5.60044e-06
365	5.57155e-06
366	5.54289e-06
367	5.51446e-06
368	5.48625e-06
369	5.45825e-06
370	5.43048e-06
371	5.40292e-06
372	5.37558e-06
373	5.34844e-06
374	5.32152e-06
375	5.2948e-06
376	5.26829e-06
377	5.24198e-06
378	5.21587e-06
379	5.18995e-06
380	5.16424e-06
381	5.13872e-06
382	5.11339e-06
383	5.08825e-06
384	5.0633e-06
385	5.03853e-06
386	5.01395e-06
387	4.98956e-06
388	4.96534e-06
389	4.94131e-06
390	4.91745e-06
391	4.89376e-06
392	4.87026e-06
393	4.84692e-06
394	4.82375e-06
395	4.80076e-06
396	4.77793e-06
397	4.75526e-06
398	4.73276e-06
399	4.71042e-06
400	4.68825e-06
401	4.66623e-06
402	4.64437e-06
403	4.62266e-06
404	4.60111e-06
405	4.57972e-06
406	4.55847e-06
407	4.53738e-06
408	4.51644e-06
409	4.49564e-06
410	4.47499e-06
411	4.45448e-06
412	4.43412e-06
413	4.4139e-06
414	4.39382e-06
415	4.37387e-06
416	4.35407e-06
417	4.33441e-06
418	4.31487e-06
419	4.29548e-06
420	4.27622e-06
421	4.25708e-06
422	4.23808e-06
423	4.21921e-06
424	4.20047e-06
425	4.18185e-06
426	4.16336e-06
427	4.145e-06
428	4.12675e-06
429	4.10863e-06
430	4.09064e-06
431	4.07276e-06
432	4.055e-06
433	4.03736e-06
434	4.01984e-06
435	4.00243e-06
436	3.98514e-06
437	3.96796e-06
438	3.95089e-06
439	3.93394e-06
440	3.9171e-06
441	3.90036e-06
442	3.88374e-06
443	3.86723e-06
444	3.85082e-06
445	3.83452e-06
446	3.81832e-06
447	3.80223e-06
448	3.78624e-06
449	3.77036e-06
450	3.75457e-06
451	3.73889e-06
452	3.72331e-06
453	3.70782e-06
454	3.69244e-06
455	3.67715e-06
456	3.66196e-06
457	3.64686e-06
458	3.63186e-06
459	3.61695e-06
460	3.60214e-06
461	3.58742e-06
462	3.57279e-06
463	3.55825e-06
464	3.54381e-06
465	3.52945e-06
466	3.51518e-06
467	3.501e-06
468	3.4869e-06
469	3.4729e-06
470	3.45898e-06
471	3.44514e-06
472	3.43139e-06
473	3.41772e-06
474	3.40414e-06
475	3.39064e-06
476	3.37722e-06
477	3.36388e-06
478	3.35062e-06
479	3.33744e-06
480	3.32434e-06
481	3.31132e-06
482	3.29837e-06
483	3.28551e-06
484	3.27272e-06
485	3.26e-06
486	3.24737e-06
487	3.2348e-06
488	3.22231e-06
489	3.2099e-06
490	3.19756e-06
491	3.18529e-06
492	3.17309e-06
493	3.16096e-06
494	3.14891e-06
495	3.13692e-06
496	3.125e-06
497	3.11316e-06
498	3.10138e-06
499	3.08967e-06
