5	0.0159809
6	0.0114653
7	0.00865507
8	0.00678186
9	0.00546775
10	0.00450862
11	0.00378614
12	0.00322769
13	0.00278667
14	0.00243201
15	0.00214233
16	0.00190253
17	0.00170165
18	0.00153164
19	0.00138641
20	0.00126131
21	0.00115277
22	0.00105794
23	0.000974588
24	0.000900916
25	0.000835466
26	0.000777044
27	0.000724669
28	0.000677526
29	0.000634933
30	0.000596317
31	0.000561192
32	0.000529146
33	0.000499825
34	0.000472925
35	0.000448185
36	0.000425377
37	0.000404302
38	0.000384788
39	0.000366683
40	0.000349852
41	0.000334177
42	0.000319555
43	0.000305891
44	0.000293104
45	0.000281118
46	0.000269868
47	0.000259293
48	0.000249341
49	0.000239963
50	0.000231115
51	0.000222757
52	0.000214854
53	0.000207373
54	0.000200283
55	0.000193559
56	0.000187174
57	0.000181107
58	0.000175335
59	0.000169841
60	0.000164607
61	0.000159615
62	0.000154852
63	0.000150303
64	0.000145956
65	0.000141799
66	0.00013782
67	0.000134009
68	0.000130358
69	0.000126857
70	0.000123498
71	0.000120273
72	0.000117176
73	0.000114199
74	0.000111336
75	0.000108582
76	0.000105931
77	0.000103377
78	0.000100917
79	9.8545e-05
80	9.62575e-05
81	9.40503e-05
82	9.19197e-05
83	8.98621e-05
84	8.78742e-05
85	8.59529e-05
86	8.40951e-05
87	8.22981e-05
88	8.05592e-05
89	7.8876e-05
90	7.7246e-05
91	7.5667e-05
92	7.41369e-05
93	7.26536e-05
94	7.12153e-05
95	6.98201e-05
96	6.84663e-05
97	6.71523e-05
98	6.58765e-05
99	6.46375e-05
100	6.34337e-05
101	6.22639e-05
102	6.11269e-05
103	6.00213e-05
104	5.8946e-05
105	5.78999e-05
106	5.68819e-05
107	5.58911e-05
108	5.49265e-05
109	5.39871e-05
110	5.30721e-05
111	5.21805e-05
112	5.13117e-05
113	5.04649e-05
114	4.96392e-05
115	4.88341e-05
116	4.80487e-05
117	4.72825e-05
118	4.65349e-05
119	4.58052e-05
120	4.50928e-05
121	4.43973e-05
122	4.3718e-05
123	4.30545e-05
124	4.24063e-05
125	4.17729e-05
126	4.11539e-05
127	4.05488e-05
128	3.99572e-05
129	3.93786e-05
130	3.88129e-05
131	3.82594e-05
132	3.7718e-05
133	3.71881e-05
134	3.66696e-05
135	3.6162e-05
136	3.56652e-05
137	3.51786e-05
138	3.47022e-05
139	3.42356e-05
140	3.37785e-05
141	3.33306e-05
142	3.28918e-05
143	3.24618e-05
144	3.20403e-05
145	3.16271e-05
146	3.1222e-05
147	3.08248e-05
148	3.04352e-05
149	3.00532e-05
150	2.96784e-05
151	2.93107e-05
152	2.895e-05
153	2.8596e-05
154	2.82486e-05
155	2.79076e-05
156	2.75728e-05
157	2.72442e-05
158	2.69215e-05
159	2.66046e-05
160	2.62933e-05
161	2.59877e-05
162	2.56874e-05
163	2.53924e-05
164	2.51025e-05
165	2.48177e-05
166	2.45377e-05
167	2.42626e-05
168	2.39922e-05
169	2.37263e-05
170	2.3465e-05
171	2.3208e-05
172	2.29553e-05
173	2.27067e-05
174	2.24623e-05
175	2.22219e-05
176	2.19853e-05
177	2.17526e-05
178	2.15237e-05
179	2.12984e-05
180	2.10767e-05
181	2.08585e-05
182	2.06437e-05
183	2.04323e-05
184	2.02242e-05
185	2.00194e-05
186	1.98176e-05
187	1.9619e-05
188	1.94234e-05
189	1.92308e-05
190	1.9041e-05
191	1.88541e-05
192	1.867e-05
193	1.84887e-05
194	1.831e-05
195	1.81339e-05
196	1.79605e-05
197	1.77895e-05
198	1.7621e-05
199	1.7455e-05
200	1.72913e-05
201	1.713e-05
202	1.69709e-05
203	1.68141e-05
204	1.66595e-05
205	1.65071e-05
206	1.63568e-05
207	1.62086e-05
208	1.60624e-05
209	1.59182e-05
210	1.5776e-05
211	1.56357e-05
212	1.54973e-05
213	1.53608e-05
214	1.52261e-05
215	1.50932e-05
216	1.49621e-05
217	1.48327e-05
218	1.4705e-05
219	1.4579e-05
220	1.44547e-05
221	1.43319e-05
222	1.42107e-05
223	1.40911e-05
224	1.3973e-05
225	1.38565e-05
226	1.37414e-05
227	1.36277e-05
228	1.35155e-05
229	1.34047e-05
230	1.32953e-05
231	1.31873e-05
232	1.30805e-05
233	1.29751e-05
234	1.2871e-05
235	1.27682e-05
236	1.26666e-05
237	1.25662e-05
238	1.24671e-05
239	1.23691e-05
240	1.22723e-05
241	1.21767e-05
242	1.20822e-05
243	1.19888e-05
244	1.18965e-05
245	1.18053e-05
246	1.17152e-05
247	1.16261e-05
248	1.1538e-05
249	1.1451e-05
250	1.13649e-05
251	1.12799e-05
252	1.11958e-05
253	1.11127e-05
254	1.10305e-05
255	1.09492e-05
256	1.08688e-05
257	1.07894e-05
258	1.07108e-05
259	1.06331e-05
260	1.05563e-05
261	1.04803e-05
262	1.04051e-05
263	1.03307e-05
264	1.02572e-05
265	1.01845e-05
266	1.01125e-05
267	1.00413e-05
268	9.97091e-06
269	9.90125e-06
270	9.83233e-06
271	9.76413e-06
272	9.69666e-06
273	9.6299e-06
274	9.56384e-06
275	9.49847e-06
276	9.43378e-06
277	9.36976e-06
278	9.3064e-06
279	9.24369e-06
280	9.18163e-06
281	9.1202e-06
282	9.0594e-06
283	8.99922e-06
284	8.93964e-06
285	8.88067e-06
286	8.82229e-06
287	8.76449e-06
288	8.70727e-06
289	8.65062e-06
290	8.59453e-06
291	8.539e-06
292	8.48401e-06
293	8.42956e-06
294	8.37564e-06
295	8.32225e-06
296	8.26938e-06
297	8.21702e-06
298	8.16516e-06
299	8.11381e-06
300	8.06294e-06
301	8.01256e-06
302	7.96266e-06
303	7.91324e-06
304	7.86428e-06
305	7.81578e-06
306	7.76774e-06
307	7.72015e-06
308	7.673e-06
309	7.62629e-06
310	7.58002e-06
311	7.53417e-06
312	7.48875e-06
313	7.44374e-06
314	7.39914e-06
315	7.35496e-06
316	7.31117e-06
317	7.26778e-06
318	7.22479e-06
319	7.18218e-06
320	7.13995e-06
321	7.09811e-06
322	7.05663e-06
323	7.01553e-06
324	6.97479e-06
325	6.93441e-06
326	6.89439e-06
327	6.85472e-06
328	6.8154e-06
329	6.77642e-06
330	6.73778e-06
331	6.69948e-06
332	6.6615e-06
333	6.62386e-06
334	6.58654e-06
335	6.54954e-06
336	6.51286e-06
337	6.47649e-06
338	6.44044e-06
339	6.40468e-06
340	6.36923e-06
341	6.33408e-06
342	6.29923e-06
343	6.26466e-06
344	6.23039e-06
345	6.1964e-06
346	6.1627e-06
347	6.12927e-06
348	6.09612e-06
349	6.06324e-06
350	6.03064e-06
351	5.9983e-06
352	5.96623e-06
353	5.93441e-06
354	5.90286e-06
355	5.87156e-06
356	5.84052e-06
357	5.80972e-06
358	5.77917e-06
359	5.74887e-06
360	5.71881e-06
361	5.68899e-06
362	5.65941e-06
363	5.63006e-06
364	5.60094e-06
365	5.57205e-06
366	5.54339e-06
367	5.51496e-06
368	5.48675e-06
369	5.45875e-06
370	5.43098e-06
371	5.40342e-06
372	5.37607e-06
373	5.34894e-06
374	5.32201e-06
375	5.29529e-06
376	5.26878e-06
377	5.24247e-06
378	5.21635e-06
379	5.19044e-06
380	5.16472e-06
381	5.1392e-06
382	5.11387e-06
383	5.08873e-06
384	5.06378e-06
385	5.03901e-06
386	5.01443e-06
387	4.99003e-06
388	4.96582e-06
389	4.94178e-06
390	4.91792e-06
391	4.89424e-06
392	4.87073e-06
393	4.84739e-06
394	4.82422e-06
395	4.80122e-06
396	4.77839e-06
397	4.75573e-06
398	4.73322e-06
399	4.71088e-06
400	4.68871e-06
401	4.66669e-06
402	4.64483e-06
403	4.62312e-06
404	4.60157e-06
405	4.58017e-06
406	4.55893e-06
407	4.53783e-06
408	4.51689e-06
409	4.49609e-06
410	4.47544e-06
411	4.45493e-06
412	4.43456e-06
413	4.41434e-06
414	4.39426e-06
415	4.37432e-06
416	4.35451e-06
417	4.33485e-06
418	4.31532e-06
419	4.29592e-06
420	4.27665e-06
421	4.25752e-06
422	4.23852e-06
423	4.21965e-06
424	4.2009e-06
425	4.18228e-06
426	4.16379e-06
427	4.14543e-06
428	4.12718e-06
429	4.10906e-06
430	4.09106e-06
431	4.07319e-06
432	4.05543e-06
433	4.03778e-06
434	4.02026e-06
435	4.00285e-06
436	3.98556e-06
437	3.96838e-06
438	3.95131e-06
439	3.93436e-06
440	3.91752e-06
441	3.90078e-06
442	3.88416e-06
443	3.86764e-06
444	3.85123e-06
445	3.83493e-06
446	3.81873e-06
447	3.80264e-06
448	3.78665e-06
449	3.77077e-06
450	3.75498e-06
451	3.7393e-06
452	3.72371e-06
453	3.70823e-06
454	3.69284e-06
455	3.67755e-06
456	3.66236e-06
457	3.64726e-06
458	3.63226e-06
459	3.61735e-06
460	3.60254e-06
461	3.58782e-06
462	3.57319e-06
463	3.55865e-06
464	3.5442e-06
465	3.52984e-06
466	3.51557e-06
467	3.50139e-06
468	3.4873e-06
469	3.47329e-06
470	3.45937e-06
471	3.44553e-06
472	3.43178e-06
473	3.41811e-06
474	3.40453e-06
475	3.39102e-06
476	3.3776e-06
477	3.36426e-06
478	3.351e-06
479	3.33782e-06
480	3.32472e-06
481	3.3117e-06
482	3.29876e-06
483	3.28589e-06
484	3.2731e-06
485	3.26038e-06
486	3.24775e-06
487	3.23518e-06
488	3.22269e-06
489	3.21028e-06
490	3.19793e-06
491	3.18566e-06
492	3.17346e-06
493	3.16134e-06
494	3.14928e-06
495	3.13729e-06
496	3.12538e-06
497	3.11353e-06
498	3.10175e-06
499	3.09004e-06
