6	0.00391039
9	0.00181622
12	0.00104994
15	0.000684515
18	0.000481805
21	0.000357649
24	0.000276078
27	0.000219601
30	0.000178874
33	0.000148535
36	0.000125323
39	0.000107167
42	9.26968e-05
45	8.09765e-05
48	7.13503e-05
51	6.33471e-05
54	5.66209e-05
57	5.09137e-05
60	4.60293e-05
63	4.18166e-05
66	3.81578e-05
69	3.49598e-05
72	3.21482e-05
75	2.96632e-05
78	2.7456e-05
81	2.54867e-05
84	2.37223e-05
87	2.21352e-05
90	2.07024e-05
93	1.94046e-05
96	1.82253e-05
99	1.71505e-05
102	1.61682e-05
105	1.52681e-05
108	1.44412e-05
111	1.36798e-05
114	1.29772e-05
117	1.23274e-05
120	1.17254e-05
123	1.11664e-05
126	1.06466e-05
129	1.01623e-05
132	9.71032e-06
135	9.28792e-06
138	8.89255e-06
141	8.52194e-06
144	8.17407e-06
147	7.84711e-06
150	7.53942e-06
153	7.24952e-06
156	6.97605e-06
159	6.71781e-06
162	6.47367e-06
165	6.24263e-06
168	6.02377e-06
171	5.81624e-06
174	5.61928e-06
177	5.43219e-06
180	5.2543e-06
183	5.08504e-06
186	4.92384e-06
189	4.77021e-06
192	4.62367e-06
195	4.48381e-06
198	4.35021e-06
201	4.22251e-06
204	4.10037e-06
207	3.98347e-06
210	3.87151e-06
213	3.76422e-06
216	3.66134e-06
219	3.56264e-06
222	3.46789e-06
225	3.37688e-06
228	3.28941e-06
231	3.20532e-06
234	3.12442e-06
237	3.04655e-06
240	2.97157e-06
243	2.89934e-06
246	2.82972e-06
249	2.76258e-06
252	2.69782e-06
255	2.63531e-06
258	2.57496e-06
261	2.51667e-06
264	2.46035e-06
267	2.4059e-06
270	2.35325e-06
273	2.30232e-06
276	2.25303e-06
279	2.20531e-06
282	2.1591e-06
285	2.11434e-06
288	2.07096e-06
291	2.0289e-06
294	1.98813e-06
297	1.94857e-06
300	1.91019e-06
303	1.87294e-06
306	1.83678e-06
309	1.80166e-06
312	1.76754e-06
315	1.73439e-06
318	1.70216e-06
321	1.67084e-06
324	1.64037e-06
327	1.61074e-06
330	1.5819e-06
333	1.55384e-06
336	1.52653e-06
339	1.49993e-06
342	1.47403e-06
345	1.44879e-06
348	1.42421e-06
351	1.40025e-06
354	1.37689e-06
357	1.35412e-06
360	1.33191e-06
363	1.31024e-06
366	1.28911e-06
369	1.26849e-06
372	1.24836e-06
375	1.22871e-06
378	1.20952e-06
381	1.19079e-06
384	1.17249e-06
387	1.15461e-06
390	1.13714e-06
393	1.12007e-06
396	1.10339e-06
399	1.08708e-06
402	1.07113e-06
405	1.05553e-06
408	1.04027e-06
411	1.02535e-06
414	1.01074e-06
417	9.96452e-07
420	9.82466e-07
423	9.68776e-07
426	9.55372e-07
429	9.42248e-07
432	9.29395e-07
435	9.16806e-07
438	9.04474e-07
441	8.92392e-07
444	8.80553e-07
447	8.68951e-07
450	8.57579e-07
453	8.46432e-07
456	8.35503e-07
459	8.24787e-07
462	8.14279e-07
465	8.03972e-07
468	7.93863e-07
471	7.83945e-07
474	7.74215e-07
477	7.64666e-07
480	7.55296e-07
483	7.46099e-07
486	7.37072e-07
489	7.28209e-07
492	7.19508e-07
495	7.10963e-07
498	7.02573e-07
501	6.94332e-07
504	6.86237e-07
507	6.78285e-07
510	6.70473e-07
513	6.62796e-07
516	6.55253e-07
519	6.4784e-07
522	6.40554e-07
525	6.33392e-07
528	6.26352e-07
531	6.1943e-07
534	6.12624e-07
537	6.05931e-07
540	5.9935e-07
543	5.92876e-07
546	5.86509e-07
549	5.80246e-07
552	5.74084e-07
555	5.68022e-07
558	5.62056e-07
561	5.56186e-07
564	5.50409e-07
567	5.44724e-07
570	5.39127e-07
573	5.33618e-07
576	5.28195e-07
579	5.22855e-07
582	5.17598e-07
585	5.12421e-07
588	5.07322e-07
591	5.02301e-07
594	4.97356e-07
597	4.92485e-07
600	4.87686e-07
603	4.82959e-07
606	4.78302e-07
609	4.73713e-07
612	4.69191e-07
615	4.64735e-07
618	4.60344e-07
621	4.56016e-07
624	4.5175e-07
627	4.47544e-07
630	4.43399e-07
633	4.39312e-07
636	4.35283e-07
639	4.31311e-07
642	4.27393e-07
645	4.23531e-07
648	4.19721e-07
651	4.15964e-07
654	4.12258e-07
657	4.08603e-07
660	4.04998e-07
663	4.01441e-07
666	3.97932e-07
669	3.9447e-07
672	3.91054e-07
675	3.87684e-07
678	3.84358e-07
681	3.81075e-07
684	3.77836e-07
687	3.74639e-07
690	3.71484e-07
693	3.68369e-07
696	3.65294e-07
699	3.62259e-07
702	3.59262e-07
705	3.56304e-07
708	3.53383e-07
711	3.50499e-07
714	3.47651e-07
717	3.44838e-07
720	3.42061e-07
723	3.39318e-07
726	3.36609e-07
729	3.33933e-07
732	3.3129e-07
735	3.28679e-07
738	3.261e-07
741	3.23552e-07
744	3.21035e-07
747	3.18547e-07
750	3.1609e-07
753	3.13662e-07
756	3.11263e-07
759	3.08892e-07
762	3.06548e-07
765	3.04233e-07
768	3.01944e-07
771	2.99682e-07
774	2.97446e-07
777	2.95236e-07
780	2.93051e-07
783	2.90892e-07
786	2.88757e-07
789	2.86646e-07
792	2.84559e-07
795	2.82495e-07
798	2.80455e-07
801	2.78438e-07
804	2.76443e-07
807	2.7447e-07
810	2.72519e-07
813	2.7059e-07
816	2.68682e-07
819	2.66794e-07
822	2.64928e-07
825	2.63081e-07
828	2.61255e-07
831	2.59448e-07
834	2.57661e-07
837	2.55892e-07
840	2.54143e-07
843	2.52412e-07
846	2.507e-07
849	2.49006e-07
852	2.47329e-07
855	2.4567e-07
858	2.44029e-07
861	2.42404e-07
864	2.40797e-07
867	2.39206e-07
870	2.37631e-07
873	2.36073e-07
876	2.3453e-07
879	2.33003e-07
882	2.31492e-07
885	2.29996e-07
888	2.28515e-07
891	2.27049e-07
894	2.25598e-07
897	2.24162e-07
900	2.22739e-07
903	2.21331e-07
906	2.19937e-07
909	2.18556e-07
912	2.17189e-07
915	2.15835e-07
918	2.14495e-07
921	2.13168e-07
924	2.11853e-07
927	2.10552e-07
930	2.09262e-07
933	2.07986e-07
936	2.06721e-07
939	2.05469e-07
942	2.04228e-07
945	2.02999e-07
948	2.01782e-07
951	2.00577e-07
954	1.99382e-07
957	1.98199e-07
960	1.97027e-07
963	1.95866e-07
966	1.94715e-07
969	1.93576e-07
972	1.92446e-07
975	1.91328e-07
978	1.90219e-07
981	1.89121e-07
984	1.88032e-07
987	1.86954e-07
990	1.85885e-07
993	1.84826e-07
996	1.83776e-07
999	1.82736e-07
1002	1.81705e-07
1005	1.80684e-07
1008	1.79671e-07
1011	1.78667e-07
1014	1.77673e-07
1017	1.76687e-07
1020	1.7571e-07
1023	1.74741e-07
1026	1.73781e-07
1029	1.72829e-07
1032	1.71885e-07
1035	1.7095e-07
1038	1.70023e-07
1041	1.69103e-07
1044	1.68192e-07
1047	1.67288e-07
1050	1.66393e-07
1053	1.65504e-07
1056	1.64624e-07
1059	1.6375e-07
1062	1.62884e-07
1065	1.62026e-07
1068	1.61175e-07
1071	1.6033e-07
1074	1.59493e-07
1077	1.58663e-07
1080	1.5784e-07
1083	1.57023e-07
1086	1.56213e-07
1089	1.5541e-07
1092	1.54614e-07
1095	1.53824e-07
1098	1.53041e-07
1101	1.52263e-07
1104	1.51493e-07
1107	1.50728e-07
1110	1.4997e-07
1113	1.49218e-07
1116	1.48471e-07
1119	1.47731e-07
1122	1.46997e-07
1125	1.46268e-07
1128	1.45546e-07
1131	1.44829e-07
1134	1.44118e-07
1137	1.43412e-07
1140	1.42712e-07
1143	1.42017e-07
1146	1.41328e-07
1149	1.40645e-07
1152	1.39966e-07
1155	1.39293e-07
1158	1.38625e-07
1161	1.37962e-07
1164	1.37305e-07
1167	1.36652e-07
1170	1.36004e-07
1173	1.35362e-07
1176	1.34724e-07
1179	1.34091e-07
1182	1.33463e-07
1185	1.3284e-07
1188	1.32221e-07
1191	1.31607e-07
1194	1.30998e-07
1197	1.30393e-07
1200	1.29793e-07
1203	1.29197e-07
1206	1.28606e-07
1209	1.28019e-07
1212	1.27436e-07
1215	1.26858e-07
1218	1.26284e-07
1221	1.25714e-07
1224	1.25148e-07
1227	1.24587e-07
1230	1.24029e-07
1233	1.23476e-07
1236	1.22927e-07
1239	1.22381e-07
1242	1.2184e-07
1245	1.21302e-07
1248	1.20769e-07
1251	1.20239e-07
1254	1.19713e-07
1257	1.19191e-07
1260	1.18672e-07
1263	1.18157e-07
1266	1.17646e-07
1269	1.17138e-07
1272	1.16634e-07
1275	1.16134e-07
1278	1.15637e-07
1281	1.15144e-07
1284	1.14654e-07
1287	1.14167e-07
1290	1.13684e-07
1293	1.13204e-07
1296	1.12727e-07
1299	1.12254e-07
1302	1.11784e-07
1305	1.11317e-07
1308	1.10854e-07
1311	1.10393e-07
1314	1.09936e-07
1317	1.09482e-07
1320	1.09031e-07
1323	1.08583e-07
1326	1.08138e-07
1329	1.07696e-07
1332	1.07257e-07
1335	1.06821e-07
1338	1.06388e-07
1341	1.05958e-07
1344	1.05531e-07
1347	1.05106e-07
1350	1.04685e-07
1353	1.04266e-07
1356	1.0385e-07
1359	1.03437e-07
1362	1.03026e-07
1365	1.02618e-07
1368	1.02213e-07
1371	1.0181e-07
1374	1.0141e-07
1377	1.01013e-07
1380	1.00618e-07
1383	1.00226e-07
1386	9.98366e-08
1389	9.94495e-08
1392	9.90649e-08
1395	9.86827e-08
1398	9.8303e-08
1401	9.79258e-08
1404	9.7551e-08
1407	9.71785e-08
1410	9.68084e-08
1413	9.64407e-08
1416	9.60753e-08
1419	9.57122e-08
1422	9.53515e-08
1425	9.49929e-08
1428	9.46367e-08
1431	9.42827e-08
1434	9.39308e-08
1437	9.35812e-08
1440	9.32338e-08
1443	9.28885e-08
1446	9.25454e-08
1449	9.22044e-08
1452	9.18655e-08
1455	9.15287e-08
1458	9.1194e-08
1461	9.08613e-08
1464	9.05307e-08
1467	9.02021e-08
1470	8.98755e-08
1473	8.95509e-08
1476	8.92283e-08
1479	8.89076e-08
1482	8.85889e-08
1485	8.82721e-08
1488	8.79572e-08
1491	8.76442e-08
1494	8.73331e-08
1497	8.70238e-08
