10	0.0159809
12	0.0114653
14	0.00865506
16	0.00678185
18	0.00546774
20	0.00450862
22	0.00378613
24	0.00322768
26	0.00278666
28	0.002432
30	0.00214233
32	0.00190252
34	0.00170165
36	0.00153163
38	0.0013864
40	0.00126131
42	0.00115276
44	0.00105793
46	0.000974584
48	0.000900913
50	0.000835462
52	0.00077704
54	0.000724666
56	0.000677523
58	0.00063493
60	0.000596314
62	0.000561189
64	0.000529143
66	0.000499822
68	0.000472923
70	0.000448183
72	0.000425374
74	0.0004043
76	0.000384786
78	0.00036668
80	0.000349849
82	0.000334175
84	0.000319553
86	0.000305889
88	0.000293102
90	0.000281116
92	0.000269866
94	0.000259291
96	0.000249339
98	0.000239961
100	0.000231113
102	0.000222755
104	0.000214852
106	0.000207371
108	0.000200282
110	0.000193557
112	0.000187172
114	0.000181105
116	0.000175334
118	0.00016984
120	0.000164605
122	0.000159614
124	0.000154851
126	0.000150302
128	0.000145955
130	0.000141797
132	0.000137818
134	0.000134008
136	0.000130357
138	0.000126856
140	0.000123497
142	0.000120272
144	0.000117174
146	0.000114198
148	0.000111335
150	0.000108581
152	0.000105929
154	0.000103376
156	0.000100916
158	9.85438e-05
160	9.62564e-05
162	9.40492e-05
164	9.19186e-05
166	8.9861e-05
168	8.78731e-05
170	8.59518e-05
172	8.4094e-05
174	8.2297e-05
176	8.05582e-05
178	7.88749e-05
180	7.72449e-05
182	7.5666e-05
184	7.41359e-05
186	7.26526e-05
188	7.12143e-05
190	6.98191e-05
192	6.84654e-05
194	6.71514e-05
196	6.58756e-05
198	6.46365e-05
200	6.34328e-05
202	6.2263e-05
204	6.1126e-05
206	6.00204e-05
208	5.89451e-05
210	5.7899e-05
212	5.68811e-05
214	5.58903e-05
216	5.49256e-05
218	5.39862e-05
220	5.30712e-05
222	5.21797e-05
224	5.13109e-05
226	5.04641e-05
228	4.96384e-05
230	4.88333e-05
232	4.80479e-05
234	4.72817e-05
236	4.65341e-05
238	4.58044e-05
240	4.5092e-05
242	4.43965e-05
244	4.37172e-05
246	4.30538e-05
248	4.24056e-05
250	4.17722e-05
252	4.11531e-05
254	4.0548e-05
256	3.99564e-05
258	3.93779e-05
260	3.88122e-05
262	3.82587e-05
264	3.77173e-05
266	3.71874e-05
268	3.66689e-05
270	3.61614e-05
272	3.56645e-05
274	3.5178e-05
276	3.47015e-05
278	3.42349e-05
280	3.37778e-05
282	3.333e-05
284	3.28912e-05
286	3.24611e-05
288	3.20396e-05
290	3.16264e-05
292	3.12214e-05
294	3.08241e-05
296	3.04346e-05
298	3.00526e-05
300	2.96778e-05
302	2.93101e-05
304	2.89494e-05
306	2.85954e-05
308	2.8248e-05
310	2.7907e-05
312	2.75722e-05
314	2.72436e-05
316	2.69209e-05
318	2.6604e-05
320	2.62928e-05
322	2.59871e-05
324	2.56868e-05
326	2.53918e-05
328	2.51019e-05
330	2.48171e-05
332	2.45372e-05
334	2.42621e-05
336	2.39916e-05
338	2.37258e-05
340	2.34644e-05
342	2.32074e-05
344	2.29547e-05
346	2.27062e-05
348	2.24618e-05
350	2.22213e-05
352	2.19848e-05
354	2.17521e-05
356	2.15232e-05
358	2.12979e-05
360	2.10762e-05
362	2.0858e-05
364	2.06432e-05
366	2.04318e-05
368	2.02237e-05
370	2.00189e-05
372	1.98171e-05
374	1.96185e-05
376	1.94229e-05
378	1.92303e-05
380	1.90405e-05
382	1.88537e-05
384	1.86696e-05
386	1.84882e-05
388	1.83095e-05
390	1.81335e-05
392	1.796e-05
394	1.7789e-05
396	1.76206e-05
398	1.74545e-05
400	1.72908e-05
402	1.71295e-05
404	1.69705e-05
406	1.68137e-05
408	1.66591e-05
410	1.65066e-05
412	1.63563e-05
414	1.62081e-05
416	1.60619e-05
418	1.59177e-05
420	1.57755e-05
422	1.56353e-05
424	1.54969e-05
426	1.53604e-05
428	1.52257e-05
430	1.50928e-05
432	1.49617e-05
434	1.48323e-05
436	1.47046e-05
438	1.45786e-05
440	1.44542e-05
442	1.43315e-05
444	1.42103e-05
446	1.40907e-05
448	1.39726e-05
450	1.38561e-05
452	1.3741e-05
454	1.36273e-05
456	1.35151e-05
458	1.34043e-05
460	1.32949e-05
462	1.31869e-05
464	1.30801e-05
466	1.29747e-05
468	1.28706e-05
470	1.27678e-05
472	1.26662e-05
474	1.25658e-05
476	1.24667e-05
478	1.23687e-05
480	1.22719e-05
482	1.21763e-05
484	1.20818e-05
486	1.19884e-05
488	1.18961e-05
490	1.18049e-05
492	1.17148e-05
494	1.16257e-05
496	1.15377e-05
498	1.14506e-05
500	1.13646e-05
502	1.12795e-05
504	1.11954e-05
506	1.11123e-05
508	1.10301e-05
510	1.09488e-05
512	1.08685e-05
514	1.0789e-05
516	1.07104e-05
518	1.06327e-05
520	1.05559e-05
522	1.04799e-05
524	1.04047e-05
526	1.03304e-05
528	1.02569e-05
530	1.01841e-05
532	1.01122e-05
534	1.0041e-05
536	9.97057e-06
538	9.90091e-06
540	9.83199e-06
542	9.76379e-06
544	9.69632e-06
546	9.62956e-06
548	9.5635e-06
550	9.49813e-06
552	9.43344e-06
554	9.36942e-06
556	9.30607e-06
558	9.24336e-06
560	9.1813e-06
562	9.11988e-06
564	9.05908e-06
566	8.99889e-06
568	8.93932e-06
570	8.88035e-06
572	8.82197e-06
574	8.76417e-06
576	8.70695e-06
578	8.6503e-06
580	8.59422e-06
582	8.53868e-06
584	8.48369e-06
586	8.42925e-06
588	8.37533e-06
590	8.32194e-06
592	8.26907e-06
594	8.21671e-06
596	8.16485e-06
598	8.1135e-06
600	8.06263e-06
602	8.01226e-06
604	7.96236e-06
606	7.91293e-06
608	7.86398e-06
610	7.81548e-06
612	7.76744e-06
614	7.71985e-06
616	7.6727e-06
618	7.626e-06
620	7.57972e-06
622	7.53388e-06
624	7.48845e-06
626	7.44345e-06
628	7.39885e-06
630	7.35466e-06
632	7.31088e-06
634	7.26749e-06
636	7.2245e-06
638	7.18189e-06
640	7.13966e-06
642	7.09782e-06
644	7.05635e-06
646	7.01524e-06
648	6.9745e-06
650	6.93413e-06
652	6.89411e-06
654	6.85444e-06
656	6.81511e-06
658	6.77614e-06
660	6.7375e-06
662	6.6992e-06
664	6.66123e-06
666	6.62358e-06
668	6.58627e-06
670	6.54927e-06
672	6.51259e-06
674	6.47622e-06
676	6.44016e-06
678	6.40441e-06
680	6.36896e-06
682	6.33381e-06
684	6.29896e-06
686	6.26439e-06
688	6.23012e-06
690	6.19613e-06
692	6.16243e-06
694	6.129e-06
696	6.09586e-06
698	6.06298e-06
700	6.03038e-06
702	5.99804e-06
704	5.96596e-06
706	5.93415e-06
708	5.9026e-06
710	5.8713e-06
712	5.84026e-06
714	5.80946e-06
716	5.77892e-06
718	5.74861e-06
720	5.71856e-06
722	5.68874e-06
724	5.65915e-06
726	5.6298e-06
728	5.60069e-06
730	5.5718e-06
732	5.54314e-06
734	5.51471e-06
736	5.4865e-06
738	5.4585e-06
740	5.43073e-06
742	5.40317e-06
744	5.37583e-06
746	5.34869e-06
748	5.32177e-06
750	5.29505e-06
752	5.26853e-06
754	5.24222e-06
756	5.21611e-06
758	5.1902e-06
760	5.16448e-06
762	5.13896e-06
764	5.11363e-06
766	5.08849e-06
768	5.06354e-06
770	5.03877e-06
772	5.01419e-06
774	4.98979e-06
776	4.96558e-06
778	4.94154e-06
780	4.91768e-06
782	4.894e-06
784	4.87049e-06
786	4.84715e-06
788	4.82399e-06
790	4.80099e-06
792	4.77816e-06
794	4.75549e-06
796	4.73299e-06
798	4.71065e-06
800	4.68848e-06
802	4.66646e-06
804	4.6446e-06
806	4.62289e-06
808	4.60134e-06
810	4.57995e-06
812	4.5587e-06
814	4.53761e-06
816	4.51666e-06
818	4.49586e-06
820	4.47521e-06
822	4.4547e-06
824	4.43434e-06
826	4.41412e-06
828	4.39404e-06
830	4.3741e-06
832	4.35429e-06
834	4.33463e-06
836	4.3151e-06
838	4.2957e-06
840	4.27643e-06
842	4.2573e-06
844	4.2383e-06
846	4.21943e-06
848	4.20068e-06
850	4.18207e-06
852	4.16358e-06
854	4.14521e-06
856	4.12697e-06
858	4.10885e-06
860	4.09085e-06
862	4.07297e-06
864	4.05521e-06
866	4.03757e-06
868	4.02005e-06
870	4.00264e-06
872	3.98535e-06
874	3.96817e-06
876	3.9511e-06
878	3.93415e-06
880	3.91731e-06
882	3.90057e-06
884	3.88395e-06
886	3.86743e-06
888	3.85103e-06
890	3.83472e-06
892	3.81853e-06
894	3.80244e-06
896	3.78645e-06
898	3.77056e-06
900	3.75478e-06
902	3.73909e-06
904	3.72351e-06
906	3.70803e-06
908	3.69264e-06
910	3.67735e-06
912	3.66216e-06
914	3.64706e-06
916	3.63206e-06
918	3.61715e-06
920	3.60234e-06
922	3.58762e-06
924	3.57299e-06
926	3.55845e-06
928	3.544e-06
930	3.52965e-06
932	3.51538e-06
934	3.5012e-06
936	3.4871e-06
938	3.47309e-06
940	3.45917e-06
942	3.44534e-06
944	3.43158e-06
946	3.41792e-06
948	3.40433e-06
950	3.39083e-06
952	3.37741e-06
954	3.36407e-06
956	3.35081e-06
958	3.33763e-06
960	3.32453e-06
962	3.31151e-06
964	3.29856e-06
966	3.2857e-06
968	3.27291e-06
970	3.26019e-06
972	3.24756e-06
974	3.23499e-06
976	3.2225e-06
978	3.21009e-06
980	3.19774e-06
982	3.18547e-06
984	3.17328e-06
986	3.16115e-06
988	3.14909e-06
990	3.13711e-06
992	3.12519e-06
994	3.11334e-06
996	3.10156e-06
998	3.08985e-06
