#Nstep		#H_istantaneo
0	-0.9833	
1	-0.986982	
2	-0.959397	
3	-0.931273	
4	-0.947417	
5	-0.953711	
6	-0.967823	
7	-0.942138	
8	-0.933914	
9	-0.946906	
10	-0.898368	
11	-0.911891	
12	-0.897143	
13	-0.910474	
14	-0.896805	
15	-0.895728	
16	-0.863134	
17	-0.863643	
18	-0.877239	
19	-0.889741	
20	-0.92415	
21	-0.941973	
22	-0.906416	
23	-0.901218	
24	-0.935122	
25	-0.901808	
26	-0.889683	
27	-0.87553	
28	-0.921819	
29	-0.926037	
30	-0.973134	
31	-1.00017	
32	-0.974602	
33	-0.993209	
34	-0.911922	
35	-0.955568	
36	-0.939091	
37	-0.981955	
38	-0.968095	
39	-0.983798	
40	-0.96004	
41	-0.916111	
42	-0.887867	
43	-0.930276	
44	-0.846902	
45	-0.888002	
46	-0.882025	
47	-0.870834	
48	-0.87748	
49	-0.864802	
50	-0.88944	
51	-0.918843	
52	-0.899264	
53	-0.895394	
54	-0.925941	
55	-0.925959	
56	-0.930808	
57	-0.94131	
58	-0.935363	
59	-0.889151	
60	-0.940265	
61	-0.937109	
62	-0.933673	
63	-0.928834	
64	-0.937738	
65	-0.927496	
66	-0.922052	
67	-0.925771	
68	-0.934134	
69	-0.944916	
70	-0.916722	
71	-0.918826	
72	-0.90537	
73	-0.87932	
74	-0.920358	
75	-0.905981	
76	-0.905542	
77	-0.895015	
78	-0.881693	
79	-0.89704	
80	-0.860742	
81	-0.856697	
82	-0.912888	
83	-0.867975	
84	-0.920503	
85	-0.93859	
86	-0.907169	
87	-0.922551	
88	-0.937873	
89	-0.952083	
90	-0.928994	
91	-0.956289	
92	-0.967033	
93	-0.964116	
94	-0.960953	
95	-0.927245	
96	-0.905344	
97	-0.915361	
98	-0.911218	
99	-0.926951	
100	-0.916985	
101	-0.930895	
102	-0.920862	
103	-0.904886	
104	-0.910039	
105	-0.910776	
106	-0.975075	
107	-0.925898	
108	-0.952446	
109	-0.966323	
110	-0.959226	
111	-0.92245	
112	-0.922608	
113	-0.894043	
114	-0.905441	
115	-0.909668	
116	-0.85259	
117	-0.894311	
118	-0.921143	
119	-0.94501	
120	-0.920463	
121	-0.88507	
122	-0.921402	
123	-0.904289	
124	-0.93166	
125	-0.933318	
126	-0.895024	
127	-0.902888	
128	-0.941707	
129	-0.910733	
130	-0.864481	
131	-0.873732	
132	-0.886342	
133	-0.86033	
134	-0.906779	
135	-0.92679	
136	-0.915058	
137	-0.942675	
138	-0.958295	
139	-0.919318	
140	-0.938662	
141	-0.921974	
142	-0.945928	
143	-0.957973	
144	-0.922505	
145	-0.900872	
146	-0.889153	
147	-0.932551	
148	-0.927057	
149	-0.951513	
150	-0.907599	
151	-0.902143	
152	-0.911534	
153	-0.92045	
154	-0.923893	
155	-0.855465	
156	-0.891064	
157	-0.897427	
158	-0.831157	
159	-0.869156	
160	-0.842975	
161	-0.829866	
162	-0.878157	
163	-0.852666	
164	-0.862793	
165	-0.842696	
166	-0.838621	
167	-0.871982	
168	-0.88482	
169	-0.887265	
170	-0.891776	
171	-0.894094	
172	-0.919299	
173	-0.934564	
174	-0.920916	
175	-0.931329	
176	-0.983816	
177	-0.971365	
178	-0.950292	
179	-0.973612	
180	-0.965478	
181	-0.97595	
182	-1.00822	
183	-1.0176	
184	-0.973262	
185	-0.990923	
186	-0.997627	
187	-0.997328	
188	-0.960457	
189	-0.928984	
190	-0.920355	
191	-0.917213	
192	-0.877963	
193	-0.914805	
194	-0.889483	
195	-0.940705	
196	-0.970693	
197	-0.977851	
198	-0.962936	
199	-0.968293	
200	-0.993006	
201	-1.00087	
202	-0.939305	
203	-0.992346	
204	-0.977093	
205	-0.937695	
206	-0.958455	
207	-0.87842	
208	-0.873738	
209	-0.800876	
210	-0.81619	
211	-0.78646	
212	-0.833131	
213	-0.802524	
214	-0.804745	
215	-0.844159	
216	-0.834872	
217	-0.859567	
218	-0.853361	
219	-0.860121	
220	-0.921227	
221	-0.904811	
222	-0.880623	
223	-0.929506	
224	-0.897209	
225	-0.911985	
226	-0.926308	
227	-0.900031	
228	-0.888183	
229	-0.928412	
230	-0.885473	
231	-0.906668	
232	-0.940678	
233	-0.891742	
234	-0.950001	
235	-0.912722	
236	-0.928488	
237	-0.934294	
238	-0.945309	
239	-0.96305	
240	-0.917505	
241	-0.85813	
242	-0.940089	
243	-0.937153	
244	-0.89322	
245	-0.91708	
246	-0.938112	
247	-0.919912	
248	-0.945505	
249	-0.960538	
250	-0.920018	
251	-0.914257	
252	-0.928977	
253	-0.954968	
254	-0.945095	
255	-1.01792	
256	-0.989476	
257	-1.03675	
258	-0.992443	
259	-0.978414	
260	-1.01717	
261	-1.00841	
262	-1.01635	
263	-1.00668	
264	-0.981361	
265	-0.985596	
266	-0.943686	
267	-0.986406	
268	-0.960939	
269	-0.936813	
270	-0.97333	
271	-0.897712	
272	-0.958781	
273	-0.986432	
274	-0.930467	
275	-0.901721	
276	-0.95457	
277	-0.973422	
278	-0.971085	
279	-0.970648	
280	-0.946936	
281	-0.915718	
282	-0.874742	
283	-0.839534	
284	-0.912886	
285	-0.933074	
286	-0.92702	
287	-0.916064	
288	-0.928994	
289	-0.938887	
290	-0.91177	
291	-0.943946	
292	-0.919153	
293	-0.869729	
294	-0.934964	
295	-0.971606	
296	-0.961273	
297	-0.96019	
298	-0.975947	
299	-0.955333	
300	-0.899233	
301	-0.902496	
302	-0.916529	
303	-0.871041	
304	-0.89983	
305	-0.884846	
306	-0.89984	
307	-0.882536	
308	-0.922401	
309	-0.879122	
310	-0.921092	
311	-0.896509	
312	-0.877278	
313	-0.916365	
314	-0.878248	
315	-0.903449	
316	-0.907697	
317	-0.920551	
318	-0.944374	
319	-0.960266	
320	-1.00432	
321	-0.996439	
322	-0.987328	
323	-0.973409	
324	-0.940802	
325	-0.947845	
326	-0.974076	
327	-0.959924	
328	-0.959511	
329	-0.925046	
330	-0.90775	
331	-0.90725	
332	-0.982845	
333	-0.906559	
334	-0.905679	
335	-0.920043	
336	-0.945803	
337	-0.950584	
338	-0.928987	
339	-0.933267	
340	-0.944883	
341	-0.865501	
342	-0.897685	
343	-0.814786	
344	-0.802046	
345	-0.80543	
346	-0.825025	
347	-0.8442	
348	-0.822856	
349	-0.840736	
350	-0.845004	
351	-0.878981	
352	-0.878937	
353	-0.859857	
354	-0.890066	
355	-0.886537	
356	-0.938404	
357	-0.915229	
358	-0.888687	
359	-0.936176	
360	-0.899706	
361	-0.865769	
362	-0.870569	
363	-0.90704	
364	-0.920995	
365	-0.960099	
366	-0.965259	
367	-0.935449	
368	-0.922221	
369	-0.914613	
370	-0.971992	
371	-0.94381	
372	-0.911341	
373	-0.913939	
374	-0.90191	
375	-0.920454	
376	-0.956408	
377	-0.909884	
378	-0.912295	
379	-0.919829	
380	-0.92095	
381	-0.94627	
382	-0.997183	
383	-0.980385	
384	-0.907998	
385	-0.870233	
386	-0.954949	
387	-0.884869	
388	-0.911821	
389	-0.916752	
390	-0.897625	
391	-0.894128	
392	-0.900598	
393	-0.901833	
394	-0.890315	
395	-0.855602	
396	-0.901509	
397	-0.928576	
398	-0.927595	
399	-0.954018	
400	-0.917654	
401	-0.967696	
402	-0.899232	
403	-0.921361	
404	-0.914995	
405	-0.919367	
406	-0.911112	
407	-0.920214	
408	-0.96056	
409	-0.931882	
410	-0.946822	
411	-0.918184	
412	-0.949333	
413	-0.916643	
414	-0.951331	
415	-0.945311	
416	-0.907132	
417	-0.914605	
418	-0.91678	
419	-0.915809	
420	-0.908292	
421	-0.924535	
422	-0.911873	
423	-0.935929	
424	-0.942924	
425	-0.87387	
426	-0.925196	
427	-0.940611	
428	-0.977261	
429	-0.96244	
430	-0.967113	
431	-0.949961	
432	-0.936476	
433	-0.956499	
434	-0.925822	
435	-0.949026	
436	-0.960334	
437	-0.929305	
438	-0.971466	
439	-0.970018	
440	-0.966614	
441	-0.966162	
442	-0.936315	
443	-0.92077	
444	-0.897297	
445	-0.906761	
446	-0.910535	
447	-0.904186	
448	-0.945428	
449	-0.917519	
450	-0.9482	
451	-0.98542	
452	-0.992784	
453	-0.965417	
454	-0.966768	
455	-0.982335	
456	-0.982157	
457	-1.00389	
458	-1.03259	
459	-1.01737	
460	-0.990479	
461	-0.958529	
462	-0.94988	
463	-0.957021	
464	-0.968732	
465	-0.972147	
466	-0.986009	
467	-0.971769	
468	-0.969076	
469	-0.967379	
470	-0.967132	
471	-0.956528	
472	-0.9728	
473	-0.983122	
474	-0.960161	
475	-0.893353	
476	-0.972589	
477	-0.933428	
478	-0.91128	
479	-0.869894	
480	-0.93498	
481	-0.913383	
482	-0.845956	
483	-0.940148	
484	-0.937723	
485	-0.927366	
486	-0.938308	
487	-0.929429	
488	-0.932204	
489	-0.908685	
490	-0.908714	
491	-0.94562	
492	-0.927332	
493	-0.95435	
494	-0.916737	
495	-0.844512	
496	-0.872857	
497	-0.858297	
498	-0.847851	
499	-0.817921	
500	-0.902008	
501	-0.902068	
502	-0.92453	
503	-0.917818	
504	-0.929535	
505	-0.994817	
506	-0.944872	
507	-0.964222	
508	-0.955146	
509	-0.9683	
510	-0.954881	
511	-0.917866	
512	-0.92165	
513	-0.979455	
514	-0.960645	
515	-0.974818	
516	-0.917332	
517	-0.956434	
518	-0.94584	
519	-0.914598	
520	-0.889446	
521	-0.858987	
522	-0.883823	
523	-0.929458	
524	-0.886435	
525	-0.891184	
526	-0.92369	
527	-0.912364	
528	-0.9201	
529	-0.903459	
530	-0.903997	
531	-0.857763	
532	-0.861565	
533	-0.916963	
534	-0.929537	
535	-0.933126	
536	-0.957747	
537	-0.94644	
538	-1.00872	
539	-0.980124	
540	-0.945244	
541	-1.01407	
542	-0.977357	
543	-0.949234	
544	-0.944022	
545	-0.931917	
546	-0.972983	
547	-0.962361	
548	-0.979271	
549	-0.94616	
550	-1.00898	
551	-0.992971	
552	-0.933515	
553	-0.93557	
554	-0.911592	
555	-0.913769	
556	-0.923769	
557	-0.886566	
558	-0.914643	
559	-0.937906	
560	-0.883563	
561	-0.933057	
562	-0.937373	
563	-0.960489	
564	-0.964921	
565	-0.950899	
566	-0.944438	
567	-0.945494	
568	-0.946457	
569	-0.898985	
570	-0.916317	
571	-0.878067	
572	-0.924573	
573	-0.906077	
574	-0.849007	
575	-0.873833	
576	-0.882484	
577	-0.837808	
578	-0.823052	
579	-0.90876	
580	-0.907424	
581	-0.951258	
582	-0.890156	
583	-0.957558	
584	-0.890304	
585	-0.913847	
586	-0.947423	
587	-0.950176	
588	-0.916024	
589	-0.916799	
590	-0.933693	
591	-0.975502	
592	-0.973347	
593	-0.938965	
594	-0.972218	
595	-0.95672	
596	-0.948895	
597	-0.951189	
598	-0.95772	
599	-0.975628	
600	-0.945967	
601	-0.979269	
602	-0.977683	
603	-1.00677	
604	-1.00105	
605	-0.981211	
606	-0.941566	
607	-0.973766	
608	-0.93354	
609	-0.933341	
610	-0.961835	
611	-0.966263	
612	-1.00984	
613	-0.966311	
614	-0.987022	
615	-1.00402	
616	-0.980977	
617	-0.961911	
618	-0.953843	
619	-0.931383	
620	-0.943836	
621	-0.938625	
622	-0.948107	
623	-0.945214	
624	-0.956824	
625	-0.939091	
626	-0.899465	
627	-0.951019	
628	-0.922042	
629	-0.944219	
630	-0.918495	
631	-0.951848	
632	-0.983089	
633	-0.953607	
634	-0.959926	
635	-0.938984	
636	-0.962869	
637	-0.919613	
638	-0.838296	
639	-0.904253	
640	-0.871537	
641	-0.916889	
642	-0.939811	
643	-0.90862	
644	-0.912883	
645	-0.920589	
646	-0.854628	
647	-0.89649	
648	-0.857593	
649	-0.859426	
650	-0.833855	
651	-0.862005	
652	-0.894552	
653	-0.890123	
654	-0.903263	
655	-0.933513	
656	-0.863136	
657	-0.869395	
658	-0.929736	
659	-0.939271	
660	-0.963031	
661	-0.922569	
662	-0.91558	
663	-0.934892	
664	-0.946659	
665	-0.94724	
666	-0.990228	
667	-0.939903	
668	-0.961264	
669	-0.999342	
670	-0.99424	
671	-0.971686	
672	-0.97528	
673	-0.982953	
674	-0.939638	
675	-0.972174	
676	-0.934213	
677	-0.944701	
678	-0.934206	
679	-0.930765	
680	-0.921279	
681	-0.921683	
682	-0.898842	
683	-0.928263	
684	-0.910009	
685	-0.925109	
686	-0.885151	
687	-0.852021	
688	-0.883971	
689	-0.945621	
690	-0.902557	
691	-0.935636	
692	-0.973922	
693	-0.933038	
694	-0.933837	
695	-0.964614	
696	-0.945719	
697	-0.947563	
698	-0.923906	
699	-0.884889	
700	-0.914792	
701	-0.874594	
702	-0.868152	
703	-0.884971	
704	-0.884815	
705	-0.870721	
706	-0.886632	
707	-0.892275	
708	-0.906721	
709	-0.894307	
710	-0.929969	
711	-0.910556	
712	-0.908232	
713	-0.901409	
714	-0.898192	
715	-0.939461	
716	-0.885941	
717	-0.887142	
718	-0.881432	
719	-0.878715	
720	-0.855095	
721	-0.917168	
722	-0.916308	
723	-0.916878	
724	-0.887519	
725	-0.896369	
726	-0.903692	
727	-0.914219	
728	-0.939376	
729	-0.914181	
730	-0.905863	
731	-0.88878	
732	-0.93362	
733	-0.880697	
734	-0.893568	
735	-0.914183	
736	-0.901602	
737	-0.891108	
738	-0.898996	
739	-0.861969	
740	-0.882503	
741	-0.900381	
742	-0.856959	
743	-0.894119	
744	-0.895507	
745	-0.913241	
746	-0.905903	
747	-0.838366	
748	-0.850623	
749	-0.87858	
750	-0.837371	
751	-0.815709	
752	-0.877217	
753	-0.852014	
754	-0.834453	
755	-0.839017	
756	-0.837797	
757	-0.872861	
758	-0.829262	
759	-0.866307	
760	-0.845626	
761	-0.869243	
762	-0.841549	
763	-0.846244	
764	-0.831996	
765	-0.791838	
766	-0.885326	
767	-0.84543	
768	-0.862893	
769	-0.858085	
770	-0.858651	
771	-0.878044	
772	-0.858826	
773	-0.876581	
774	-0.80106	
775	-0.802337	
776	-0.845623	
777	-0.802502	
778	-0.829636	
779	-0.823624	
780	-0.827441	
781	-0.809699	
782	-0.80478	
783	-0.805274	
784	-0.803418	
785	-0.796427	
786	-0.839551	
787	-0.777128	
788	-0.845967	
789	-0.89274	
790	-0.861154	
791	-0.871353	
792	-0.866892	
793	-0.874422	
794	-0.851816	
795	-0.883867	
796	-0.883673	
797	-0.881416	
798	-0.909278	
799	-0.858821	
800	-0.877832	
801	-0.910476	
802	-0.852988	
803	-0.839672	
804	-0.850353	
805	-0.865688	
806	-0.855383	
807	-0.821887	
808	-0.784879	
809	-0.837597	
810	-0.801243	
811	-0.813546	
812	-0.867436	
813	-0.864483	
814	-0.878191	
815	-0.911976	
816	-0.908492	
817	-0.878372	
818	-0.877146	
819	-0.909627	
820	-0.864036	
821	-0.895839	
822	-0.817746	
823	-0.868524	
824	-0.880995	
825	-0.810332	
826	-0.805658	
827	-0.842288	
828	-0.787938	
829	-0.785917	
830	-0.792986	
831	-0.832344	
832	-0.82206	
833	-0.839574	
834	-0.900657	
835	-0.900822	
836	-0.897956	
837	-0.875689	
838	-0.913763	
839	-0.907107	
840	-0.936532	
841	-0.902458	
842	-0.891477	
843	-0.90135	
844	-0.85582	
845	-0.911772	
846	-0.914513	
847	-0.919227	
848	-0.89424	
849	-0.85731	
850	-0.914132	
851	-0.868657	
852	-0.871783	
853	-0.877303	
854	-0.850383	
855	-0.871682	
856	-0.90468	
857	-0.872652	
858	-0.886515	
859	-0.903968	
860	-0.919902	
861	-0.923436	
862	-0.908408	
863	-0.935625	
864	-0.936957	
865	-0.919857	
866	-0.937158	
867	-0.902723	
868	-0.909383	
869	-0.934802	
870	-0.937208	
871	-0.946628	
872	-0.967062	
873	-0.94795	
874	-0.932711	
875	-0.964876	
876	-0.899335	
877	-0.956376	
878	-0.963551	
879	-0.960065	
880	-0.949968	
881	-0.934348	
882	-0.888009	
883	-0.880822	
884	-0.944904	
885	-0.879729	
886	-0.912398	
887	-0.899087	
888	-0.927243	
889	-0.94457	
890	-0.940371	
891	-0.949471	
892	-0.886588	
893	-0.884227	
894	-0.912801	
895	-0.90974	
896	-0.920788	
897	-0.903188	
898	-0.906228	
899	-0.937518	
900	-0.917844	
901	-0.891263	
902	-0.914296	
903	-0.880414	
904	-0.916144	
905	-0.919777	
906	-0.909922	
907	-0.898415	
908	-0.977912	
909	-0.936061	
910	-0.974478	
911	-0.925542	
912	-0.918653	
913	-0.890679	
914	-0.912921	
915	-0.912583	
916	-0.927655	
917	-0.946161	
918	-0.873815	
919	-0.932901	
920	-0.894503	
921	-0.910031	
922	-0.881944	
923	-0.900653	
924	-0.877681	
925	-0.89758	
926	-0.834028	
927	-0.81987	
928	-0.781895	
929	-0.810799	
930	-0.875763	
931	-0.873157	
932	-0.886378	
933	-0.887114	
934	-0.928448	
935	-0.93712	
936	-0.90242	
937	-0.897831	
938	-0.892882	
939	-0.88549	
940	-0.908803	
941	-0.889661	
942	-0.846583	
943	-0.832847	
944	-0.869307	
945	-0.877862	
946	-0.814898	
947	-0.784877	
948	-0.82031	
949	-0.809851	
950	-0.814038	
951	-0.834666	
952	-0.852054	
953	-0.878454	
954	-0.893753	
955	-0.907095	
956	-0.861561	
957	-0.872021	
958	-0.936666	
959	-0.906866	
960	-0.902865	
961	-0.89197	
962	-0.893075	
963	-0.847569	
964	-0.841036	
965	-0.825721	
966	-0.876553	
967	-0.867017	
968	-0.905556	
969	-0.908111	
970	-0.914377	
971	-0.909011	
972	-0.920322	
973	-0.922308	
974	-0.878287	
975	-0.912549	
976	-0.93	
977	-0.916632	
978	-0.915264	
979	-0.946837	
980	-0.934781	
981	-0.922377	
982	-0.896222	
983	-0.850698	
984	-0.872504	
985	-0.817379	
986	-0.856515	
987	-0.871987	
988	-0.84676	
989	-0.812325	
990	-0.857126	
991	-0.864565	
992	-0.904546	
993	-0.848314	
994	-0.863465	
995	-0.849156	
996	-0.853673	
997	-0.877106	
998	-0.863096	
999	-0.848722	
1000	-0.844296	
1001	-0.875261	
1002	-0.857697	
1003	-0.878109	
1004	-0.929954	
1005	-0.884692	
1006	-0.841853	
1007	-0.905703	
1008	-0.927016	
1009	-0.907725	
1010	-0.901591	
1011	-0.891127	
1012	-0.914948	
1013	-0.895343	
1014	-0.887486	
1015	-0.873757	
1016	-0.855962	
1017	-0.864039	
1018	-0.884842	
1019	-0.863456	
1020	-0.853746	
1021	-0.833044	
1022	-0.840625	
1023	-0.84887	
1024	-0.868721	
1025	-0.873451	
1026	-0.818992	
1027	-0.863638	
1028	-0.866136	
1029	-0.843986	
1030	-0.872047	
1031	-0.860146	
1032	-0.849724	
1033	-0.841662	
1034	-0.782842	
1035	-0.796696	
1036	-0.813112	
1037	-0.831239	
1038	-0.802496	
1039	-0.878096	
1040	-0.897391	
1041	-0.892352	
1042	-0.889477	
1043	-0.936384	
1044	-0.944558	
1045	-0.950095	
1046	-1.00198	
1047	-1.01731	
1048	-1.00943	
1049	-0.93199	
1050	-0.980001	
1051	-0.951787	
1052	-0.920919	
1053	-0.930177	
1054	-0.920654	
1055	-0.850667	
1056	-0.819172	
1057	-0.85095	
1058	-0.872452	
1059	-0.85697	
1060	-0.820955	
1061	-0.86043	
1062	-0.837589	
1063	-0.843923	
1064	-0.864745	
1065	-0.805808	
1066	-0.836619	
1067	-0.842513	
1068	-0.845332	
1069	-0.844121	
1070	-0.832079	
1071	-0.831364	
1072	-0.822031	
1073	-0.797934	
1074	-0.858512	
1075	-0.911358	
1076	-0.937302	
1077	-0.901056	
1078	-0.883	
1079	-0.903154	
1080	-0.899811	
1081	-0.902031	
1082	-0.90026	
1083	-0.874141	
1084	-0.873375	
1085	-0.881926	
1086	-0.872948	
1087	-0.901763	
1088	-0.850074	
1089	-0.899359	
1090	-0.931738	
1091	-0.956402	
1092	-0.980245	
1093	-0.977808	
1094	-0.985593	
1095	-1.01485	
1096	-0.955332	
1097	-0.947678	
1098	-0.961949	
1099	-0.929088	
1100	-0.933802	
1101	-0.926496	
1102	-0.884818	
1103	-0.88553	
1104	-0.934305	
1105	-0.914672	
1106	-0.889081	
1107	-0.876717	
1108	-0.89293	
1109	-0.88984	
1110	-0.925564	
1111	-0.902023	
1112	-0.937424	
1113	-0.909332	
1114	-0.903154	
1115	-0.854529	
1116	-0.930734	
1117	-0.947138	
1118	-0.91096	
1119	-0.851308	
1120	-0.888584	
1121	-0.899507	
1122	-0.883309	
1123	-0.914785	
1124	-0.926352	
1125	-0.96486	
1126	-0.944323	
1127	-0.955648	
1128	-0.921018	
1129	-0.957627	
1130	-0.961527	
1131	-0.936797	
1132	-0.937742	
1133	-0.894014	
1134	-0.949736	
1135	-0.86319	
1136	-0.92004	
1137	-0.925511	
1138	-0.941742	
1139	-0.972751	
1140	-0.94793	
1141	-0.980465	
1142	-0.981448	
1143	-0.99186	
1144	-0.922998	
1145	-1.00576	
1146	-0.947164	
1147	-0.968616	
1148	-0.96187	
1149	-0.940645	
1150	-0.943815	
1151	-0.952172	
1152	-0.902869	
1153	-0.900434	
1154	-0.921975	
1155	-0.883036	
1156	-0.858782	
1157	-0.890826	
1158	-0.896355	
1159	-0.937434	
1160	-0.97786	
1161	-0.965103	
1162	-0.971211	
1163	-0.945837	
1164	-0.94844	
1165	-0.932823	
1166	-0.941264	
1167	-0.927528	
1168	-0.886567	
1169	-0.887325	
1170	-0.922128	
1171	-0.944368	
1172	-0.90769	
1173	-0.912598	
1174	-0.961285	
1175	-0.975522	
1176	-0.98403	
1177	-0.959957	
1178	-0.932007	
1179	-0.929257	
1180	-0.910626	
1181	-0.945824	
1182	-0.8986	
1183	-0.914843	
1184	-0.934698	
1185	-0.945264	
1186	-0.95143	
1187	-0.945994	
1188	-0.905878	
1189	-0.93308	
1190	-0.936713	
1191	-0.908108	
1192	-0.936354	
1193	-0.916974	
1194	-0.919079	
1195	-0.891596	
1196	-0.935379	
1197	-0.923966	
1198	-0.924732	
1199	-0.934391	
1200	-0.907477	
1201	-0.917939	
1202	-0.90997	
1203	-0.967061	
1204	-0.892582	
1205	-0.884031	
1206	-0.845493	
1207	-0.806771	
1208	-0.87527	
1209	-0.878508	
1210	-0.881042	
1211	-0.857498	
1212	-0.823757	
1213	-0.809594	
1214	-0.793132	
1215	-0.852669	
1216	-0.864347	
1217	-0.856538	
1218	-0.905668	
1219	-0.866175	
1220	-0.888809	
1221	-0.878807	
1222	-0.89774	
1223	-0.927287	
1224	-0.881741	
1225	-0.940912	
1226	-0.921849	
1227	-0.934006	
1228	-0.934337	
1229	-0.964106	
1230	-0.924393	
1231	-0.904817	
1232	-0.91567	
1233	-0.920264	
1234	-0.902947	
1235	-0.924759	
1236	-0.905977	
1237	-0.900758	
1238	-0.873651	
1239	-0.840252	
1240	-0.886394	
1241	-0.858889	
1242	-0.906458	
1243	-0.891614	
1244	-0.91091	
1245	-0.868789	
1246	-0.878081	
1247	-0.897778	
1248	-0.877706	
1249	-0.860714	
1250	-0.863274	
1251	-0.847157	
1252	-0.847815	
1253	-0.847712	
1254	-0.842548	
1255	-0.865744	
1256	-0.897643	
1257	-0.877266	
1258	-0.876236	
1259	-0.878346	
1260	-0.87792	
1261	-0.871194	
1262	-0.831526	
1263	-0.84121	
1264	-0.870577	
1265	-0.852799	
1266	-0.896442	
1267	-0.880837	
1268	-0.880735	
1269	-0.87089	
1270	-0.894574	
1271	-0.893424	
1272	-0.890372	
1273	-0.880833	
1274	-0.872356	
1275	-0.894194	
1276	-0.8621	
1277	-0.859119	
1278	-0.903493	
1279	-0.884391	
1280	-0.895224	
1281	-0.932572	
1282	-0.929352	
1283	-0.927282	
1284	-0.934047	
1285	-0.937589	
1286	-0.928483	
1287	-0.953772	
1288	-0.947973	
1289	-0.933263	
1290	-0.934267	
1291	-0.898781	
1292	-0.916792	
1293	-0.910332	
1294	-0.862942	
1295	-0.838828	
1296	-0.896368	
1297	-0.869701	
1298	-0.851286	
1299	-0.885231	
1300	-0.888574	
1301	-0.877819	
1302	-0.865952	
1303	-0.839217	
1304	-0.854103	
1305	-0.855563	
1306	-0.863108	
1307	-0.904919	
1308	-0.887535	
1309	-0.916757	
1310	-0.905502	
1311	-0.923928	
1312	-0.932414	
1313	-0.930421	
1314	-0.932089	
1315	-0.929752	
1316	-0.958163	
1317	-0.962128	
1318	-0.965751	
1319	-0.991722	
1320	-0.976207	
1321	-0.936854	
1322	-0.927187	
1323	-0.946943	
1324	-0.97455	
1325	-0.971261	
1326	-0.94775	
1327	-0.939084	
1328	-0.922014	
1329	-0.87462	
1330	-0.872208	
1331	-0.917025	
1332	-0.892132	
1333	-0.906708	
1334	-0.812889	
1335	-0.929209	
1336	-0.884454	
1337	-0.885685	
1338	-0.907855	
1339	-0.881052	
1340	-0.865823	
1341	-0.911517	
1342	-0.905279	
1343	-0.880681	
1344	-0.878591	
1345	-0.929215	
1346	-0.93072	
1347	-0.932416	
1348	-0.905383	
1349	-0.930679	
1350	-0.939658	
1351	-0.947951	
1352	-0.935616	
1353	-0.949318	
1354	-0.90288	
1355	-0.864455	
1356	-0.854719	
1357	-0.864074	
1358	-0.843213	
1359	-0.839628	
1360	-0.886589	
1361	-0.867092	
1362	-0.873288	
1363	-0.850203	
1364	-0.848452	
1365	-0.848071	
1366	-0.797085	
1367	-0.844035	
1368	-0.842603	
1369	-0.819284	
1370	-0.84297	
1371	-0.838629	
1372	-0.823178	
1373	-0.827699	
1374	-0.84839	
1375	-0.837824	
1376	-0.853054	
1377	-0.864061	
1378	-0.916195	
1379	-0.85851	
1380	-0.85018	
1381	-0.875485	
1382	-0.920058	
1383	-0.900615	
1384	-0.872601	
1385	-0.892155	
1386	-0.856547	
1387	-0.882091	
1388	-0.889084	
1389	-0.894228	
1390	-0.877001	
1391	-0.878432	
1392	-0.851022	
1393	-0.826236	
1394	-0.892801	
1395	-0.900062	
1396	-0.890488	
1397	-0.876788	
1398	-0.815455	
1399	-0.83467	
1400	-0.857507	
1401	-0.839107	
1402	-0.882251	
1403	-0.85996	
1404	-0.899254	
1405	-0.882744	
1406	-0.850829	
1407	-0.899762	
1408	-0.886954	
1409	-0.863996	
1410	-0.885662	
1411	-0.84909	
1412	-0.883218	
1413	-0.870526	
1414	-0.894411	
1415	-0.936054	
1416	-0.906856	
1417	-0.908711	
1418	-0.950266	
1419	-0.946999	
1420	-0.918395	
1421	-0.918918	
1422	-0.88426	
1423	-0.872526	
1424	-0.913844	
1425	-0.875019	
1426	-0.876452	
1427	-0.899812	
1428	-0.918945	
1429	-0.930415	
1430	-0.923712	
1431	-0.915021	
1432	-0.948193	
1433	-0.981179	
1434	-0.932518	
1435	-0.881029	
1436	-0.904156	
1437	-0.903832	
1438	-0.874891	
1439	-0.875599	
1440	-0.848491	
1441	-0.884206	
1442	-0.869042	
1443	-0.894099	
1444	-0.878151	
1445	-0.87011	
1446	-0.871388	
1447	-0.842612	
1448	-0.885362	
1449	-0.878687	
1450	-0.843849	
1451	-0.831374	
1452	-0.834883	
1453	-0.823651	
1454	-0.844972	
1455	-0.842175	
1456	-0.870281	
1457	-0.831291	
1458	-0.826213	
1459	-0.858952	
1460	-0.830747	
1461	-0.88654	
1462	-0.874346	
1463	-0.867772	
1464	-0.888765	
1465	-0.915965	
1466	-0.905543	
1467	-0.953315	
1468	-0.964506	
1469	-0.921636	
1470	-0.87823	
1471	-0.939979	
1472	-0.938657	
1473	-0.932924	
1474	-0.952693	
1475	-0.9697	
1476	-0.929734	
1477	-0.951752	
1478	-0.89467	
1479	-0.920017	
1480	-0.892151	
1481	-0.856871	
1482	-0.853146	
1483	-0.852194	
1484	-0.8911	
1485	-0.851384	
1486	-0.902421	
1487	-0.91325	
1488	-0.929886	
1489	-0.982389	
1490	-0.984269	
1491	-0.942169	
1492	-0.963695	
1493	-0.924558	
1494	-0.959328	
1495	-0.952893	
1496	-0.970284	
1497	-0.964172	
1498	-0.954676	
1499	-0.904221	
1500	-0.92609	
1501	-0.924129	
1502	-0.885892	
1503	-0.859719	
1504	-0.894479	
1505	-0.898474	
1506	-0.897877	
1507	-0.847803	
1508	-0.866461	
1509	-0.918337	
1510	-0.880968	
1511	-0.893169	
1512	-0.932669	
1513	-0.903167	
1514	-0.919392	
1515	-0.903468	
1516	-0.937009	
1517	-0.89905	
1518	-0.890833	
1519	-0.920198	
1520	-0.907155	
1521	-0.860186	
1522	-0.916589	
1523	-0.884771	
1524	-0.905365	
1525	-0.869412	
1526	-0.82998	
1527	-0.83487	
1528	-0.805497	
1529	-0.852424	
1530	-0.874492	
1531	-0.886333	
1532	-0.908998	
1533	-0.873639	
1534	-0.899055	
1535	-0.881505	
1536	-0.877434	
1537	-0.895146	
1538	-0.966525	
1539	-0.931542	
1540	-0.904138	
1541	-0.930266	
1542	-0.940828	
1543	-0.958853	
1544	-0.910203	
1545	-0.926933	
1546	-0.913375	
1547	-0.925187	
1548	-0.932196	
1549	-0.929757	
1550	-0.924426	
1551	-0.893286	
1552	-0.877619	
1553	-0.911176	
1554	-0.907376	
1555	-0.89136	
1556	-0.890337	
1557	-0.898525	
1558	-0.90767	
1559	-0.901734	
1560	-0.94271	
1561	-0.949094	
1562	-0.942876	
1563	-0.900494	
1564	-0.893714	
1565	-0.886113	
1566	-0.855695	
1567	-0.845818	
1568	-0.775166	
1569	-0.809953	
1570	-0.83838	
1571	-0.83482	
1572	-0.86898	
1573	-0.850228	
1574	-0.863862	
1575	-0.830564	
1576	-0.889359	
1577	-0.864565	
1578	-0.842907	
1579	-0.875941	
1580	-0.866911	
1581	-0.926981	
1582	-0.909699	
1583	-0.877449	
1584	-0.861714	
1585	-0.862933	
1586	-0.875435	
1587	-0.903659	
1588	-0.906641	
1589	-0.887948	
1590	-0.894388	
1591	-0.927584	
1592	-0.962874	
1593	-0.937784	
1594	-0.934083	
1595	-0.998156	
1596	-0.911763	
1597	-0.873705	
1598	-0.857767	
1599	-0.84719	
1600	-0.867951	
1601	-0.873165	
1602	-0.89688	
1603	-0.87285	
1604	-0.877076	
1605	-0.864847	
1606	-0.910445	
1607	-0.849419	
1608	-0.874466	
1609	-0.883439	
1610	-0.909048	
1611	-0.873255	
1612	-0.886277	
1613	-0.862967	
1614	-0.908606	
1615	-0.918758	
1616	-0.919438	
1617	-0.912412	
1618	-0.911575	
1619	-0.885262	
1620	-0.891038	
1621	-0.931438	
1622	-0.894647	
1623	-0.88257	
1624	-0.928979	
1625	-0.925578	
1626	-0.939195	
1627	-0.932971	
1628	-0.90977	
1629	-0.899969	
1630	-0.915141	
1631	-0.930971	
1632	-0.920488	
1633	-0.91272	
1634	-0.903191	
1635	-0.922787	
1636	-0.914906	
1637	-0.905424	
1638	-0.888474	
1639	-0.876088	
1640	-0.851844	
1641	-0.852261	
1642	-0.86693	
1643	-0.924385	
1644	-0.89555	
1645	-0.888508	
1646	-0.901022	
1647	-0.879954	
1648	-0.903527	
1649	-0.875611	
1650	-0.908427	
1651	-0.884734	
1652	-0.906417	
1653	-0.878522	
1654	-0.888016	
1655	-0.877509	
1656	-0.8877	
1657	-0.886976	
1658	-0.887996	
1659	-0.881207	
1660	-0.888929	
1661	-0.874518	
1662	-0.879358	
1663	-0.833063	
1664	-0.854948	
1665	-0.810274	
1666	-0.790025	
1667	-0.848607	
1668	-0.846868	
1669	-0.856363	
1670	-0.862627	
1671	-0.847565	
1672	-0.834804	
1673	-0.81376	
1674	-0.817481	
1675	-0.836488	
1676	-0.849837	
1677	-0.850485	
1678	-0.800592	
1679	-0.888709	
1680	-0.887916	
1681	-0.866696	
1682	-0.870984	
1683	-0.913535	
1684	-0.852702	
1685	-0.898928	
1686	-0.861042	
1687	-0.85627	
1688	-0.807333	
1689	-0.893596	
1690	-0.883417	
1691	-0.863689	
1692	-0.867243	
1693	-0.849617	
1694	-0.814233	
1695	-0.8381	
1696	-0.855375	
1697	-0.847317	
1698	-0.868883	
1699	-0.865752	
1700	-0.861317	
1701	-0.797412	
1702	-0.842614	
1703	-0.822439	
1704	-0.853865	
1705	-0.85355	
1706	-0.871774	
1707	-0.909891	
1708	-0.913057	
1709	-0.937395	
1710	-0.933843	
1711	-0.986647	
1712	-0.973596	
1713	-0.966533	
1714	-0.939928	
1715	-0.960958	
1716	-0.872441	
1717	-0.89559	
1718	-0.894819	
1719	-0.876979	
1720	-0.841378	
1721	-0.895158	
1722	-0.880095	
1723	-0.872264	
1724	-0.861062	
1725	-0.870192	
1726	-0.853485	
1727	-0.867825	
1728	-0.895476	
1729	-0.905924	
1730	-0.862151	
1731	-0.874638	
1732	-0.901104	
1733	-0.889395	
1734	-0.91916	
1735	-0.921521	
1736	-0.917004	
1737	-0.890411	
1738	-0.898811	
1739	-0.875713	
1740	-0.871054	
1741	-0.887764	
1742	-0.898982	
1743	-0.936111	
1744	-0.901706	
1745	-0.892849	
1746	-0.866474	
1747	-0.8884	
1748	-0.94831	
1749	-0.928726	
1750	-0.920646	
1751	-0.924694	
1752	-0.875438	
1753	-0.885489	
1754	-0.887316	
1755	-0.889311	
1756	-0.877561	
1757	-0.897495	
1758	-0.9471	
1759	-0.914158	
1760	-0.920167	
1761	-0.921003	
1762	-0.947124	
1763	-0.977322	
1764	-0.971653	
1765	-0.963757	
1766	-0.926531	
1767	-0.885221	
1768	-0.919603	
1769	-0.875805	
1770	-0.882657	
1771	-0.909303	
1772	-0.918491	
1773	-0.895776	
1774	-0.937419	
1775	-0.906211	
1776	-0.898997	
1777	-0.903637	
1778	-0.891736	
1779	-0.84606	
1780	-0.842605	
1781	-0.866406	
1782	-0.843811	
1783	-0.85402	
1784	-0.840942	
1785	-0.886508	
1786	-0.880148	
1787	-0.880859	
1788	-0.886147	
1789	-0.920708	
1790	-0.904333	
1791	-0.898036	
1792	-0.911807	
1793	-0.932297	
1794	-0.892622	
1795	-0.882329	
1796	-0.863647	
1797	-0.879577	
1798	-0.900048	
1799	-0.836976	
1800	-0.901793	
1801	-0.828689	
1802	-0.870982	
1803	-0.857133	
1804	-0.840691	
1805	-0.865824	
1806	-0.876561	
1807	-0.844804	
1808	-0.896922	
1809	-0.894473	
1810	-0.938246	
1811	-0.903682	
1812	-0.894868	
1813	-0.896521	
1814	-0.843854	
1815	-0.935458	
1816	-0.918851	
1817	-0.941933	
1818	-0.946592	
1819	-0.880385	
1820	-0.932544	
1821	-0.911396	
1822	-0.912154	
1823	-0.912748	
1824	-0.95189	
1825	-0.94198	
1826	-0.940562	
1827	-0.933125	
1828	-0.958168	
1829	-0.966353	
1830	-0.965634	
1831	-0.925602	
1832	-0.901598	
1833	-0.891992	
1834	-0.847246	
1835	-0.846613	
1836	-0.832406	
1837	-0.849399	
1838	-0.856965	
1839	-0.881236	
1840	-0.830556	
1841	-0.893738	
1842	-0.907784	
1843	-0.857933	
1844	-0.869643	
1845	-0.898518	
1846	-0.904769	
1847	-0.917172	
1848	-0.923389	
1849	-0.961279	
1850	-0.998852	
1851	-0.960918	
1852	-0.933281	
1853	-0.937021	
1854	-0.922233	
1855	-0.949025	
1856	-0.96269	
1857	-0.950027	
1858	-0.943663	
1859	-0.92909	
1860	-0.889842	
1861	-0.894164	
1862	-0.923145	
1863	-0.896	
1864	-0.890393	
1865	-0.923319	
1866	-0.905384	
1867	-0.879567	
1868	-0.926324	
1869	-0.9073	
1870	-0.903809	
1871	-0.956501	
1872	-0.974611	
1873	-0.990688	
1874	-1.0177	
1875	-0.993008	
1876	-0.935292	
1877	-0.942837	
1878	-0.920996	
1879	-0.965455	
1880	-0.964307	
1881	-0.97925	
1882	-0.980223	
1883	-0.995645	
1884	-0.963801	
1885	-0.976057	
1886	-0.989805	
1887	-1.00214	
1888	-0.974151	
1889	-1.01038	
1890	-1.00859	
1891	-0.993644	
1892	-0.988409	
1893	-0.985095	
1894	-0.900332	
1895	-0.90324	
1896	-0.90437	
1897	-0.879239	
1898	-0.898133	
1899	-0.917177	
1900	-0.944711	
1901	-0.954153	
1902	-0.992994	
1903	-1.007	
1904	-0.981786	
1905	-0.982656	
1906	-0.981868	
1907	-0.979443	
1908	-1.00565	
1909	-0.997005	
1910	-0.980124	
1911	-0.941905	
1912	-0.895689	
1913	-0.954876	
1914	-0.978241	
1915	-0.937616	
1916	-0.891739	
1917	-0.903548	
1918	-0.910675	
1919	-0.951802	
1920	-0.922182	
1921	-0.926794	
1922	-0.952355	
1923	-0.957642	
1924	-0.972206	
1925	-0.911487	
1926	-0.942429	
1927	-0.979359	
1928	-0.957157	
1929	-0.95578	
1930	-0.943943	
1931	-1.02586	
1932	-0.982359	
1933	-0.998316	
1934	-1.01029	
1935	-0.983631	
1936	-0.969541	
1937	-0.939527	
1938	-0.94439	
1939	-0.9184	
1940	-0.961213	
1941	-0.989651	
1942	-0.983963	
1943	-0.934867	
1944	-0.986469	
1945	-0.962335	
1946	-0.977419	
1947	-0.991298	
1948	-0.956689	
1949	-0.911315	
1950	-0.876359	
1951	-0.946314	
1952	-0.966297	
1953	-0.932842	
1954	-0.968032	
1955	-0.938952	
1956	-0.952155	
1957	-0.928321	
1958	-0.871277	
1959	-0.885821	
1960	-0.893206	
1961	-0.927885	
1962	-0.907951	
1963	-0.879293	
1964	-0.874166	
1965	-0.939239	
1966	-0.924966	
1967	-0.94639	
1968	-0.962802	
1969	-0.978896	
1970	-0.971296	
1971	-0.937502	
1972	-0.943527	
1973	-0.926338	
1974	-0.897507	
1975	-0.894341	
1976	-0.952305	
1977	-0.917888	
1978	-0.913252	
1979	-0.917874	
1980	-0.884092	
1981	-0.875187	
1982	-0.891395	
1983	-0.909745	
1984	-0.861768	
1985	-0.867172	
1986	-0.894889	
1987	-0.877716	
1988	-0.898857	
1989	-0.888552	
1990	-0.938548	
1991	-0.930298	
1992	-0.865054	
1993	-0.902451	
1994	-0.921213	
1995	-0.956292	
1996	-0.916558	
1997	-0.90964	
1998	-0.878892	
1999	-0.879619	
2000	-0.843787	
2001	-0.868004	
2002	-0.903248	
2003	-0.875758	
2004	-0.898622	
2005	-0.91641	
2006	-0.903857	
2007	-0.932797	
2008	-0.908132	
2009	-0.907075	
2010	-0.927531	
2011	-0.905763	
2012	-0.881825	
2013	-0.901466	
2014	-0.889175	
2015	-0.933834	
2016	-0.911173	
2017	-0.935536	
2018	-0.885887	
2019	-0.935543	
2020	-0.933619	
2021	-0.955506	
2022	-0.94013	
2023	-0.935434	
2024	-0.913809	
2025	-0.947586	
2026	-0.924995	
2027	-0.915902	
2028	-0.948448	
2029	-0.920267	
2030	-0.954464	
2031	-0.926526	
2032	-0.938286	
2033	-0.924435	
2034	-0.929464	
2035	-0.960813	
2036	-0.949137	
2037	-0.88719	
2038	-0.911471	
2039	-0.878322	
2040	-0.897479	
2041	-0.888688	
2042	-0.888573	
2043	-0.872563	
2044	-0.857818	
2045	-0.928766	
2046	-0.908908	
2047	-0.87606	
2048	-0.882364	
2049	-0.847372	
2050	-0.843783	
2051	-0.84194	
2052	-0.855673	
2053	-0.875831	
2054	-0.876786	
2055	-0.859377	
2056	-0.876534	
2057	-0.922068	
2058	-0.894427	
2059	-0.863053	
2060	-0.884227	
2061	-0.890863	
2062	-0.909303	
2063	-0.900577	
2064	-0.886958	
2065	-0.910392	
2066	-0.93043	
2067	-0.882473	
2068	-0.913937	
2069	-0.891711	
2070	-0.917336	
2071	-0.936694	
2072	-0.904565	
2073	-0.893852	
2074	-0.932117	
2075	-0.892423	
2076	-0.897197	
2077	-0.888879	
2078	-0.938284	
2079	-0.883865	
2080	-0.887276	
2081	-0.93242	
2082	-0.904426	
2083	-0.911656	
2084	-0.921016	
2085	-0.901355	
2086	-0.824081	
2087	-0.827768	
2088	-0.8926	
2089	-0.903832	
2090	-0.861016	
2091	-0.901894	
2092	-0.910452	
2093	-0.917774	
2094	-0.931557	
2095	-0.907347	
2096	-0.941546	
2097	-0.918008	
2098	-0.919978	
2099	-0.90979	
2100	-0.899728	
2101	-0.920854	
2102	-0.925913	
2103	-0.916284	
2104	-0.909023	
2105	-0.861957	
2106	-0.899561	
2107	-0.892962	
2108	-0.86512	
2109	-0.911957	
2110	-0.913942	
2111	-0.892221	
2112	-0.855768	
2113	-0.842791	
2114	-0.847564	
2115	-0.777751	
2116	-0.859232	
2117	-0.867846	
2118	-0.866461	
2119	-0.884811	
2120	-0.837244	
2121	-0.84036	
2122	-0.843771	
2123	-0.882116	
2124	-0.92486	
2125	-0.916464	
2126	-0.955878	
2127	-0.934569	
2128	-0.945093	
2129	-0.967792	
2130	-0.949422	
2131	-0.904862	
2132	-0.90656	
2133	-0.911248	
2134	-0.937095	
2135	-0.935058	
2136	-0.903571	
2137	-0.926001	
2138	-0.932533	
2139	-0.929493	
2140	-0.899502	
2141	-0.896126	
2142	-0.927559	
2143	-0.922679	
2144	-0.902478	
2145	-0.861088	
2146	-0.903607	
2147	-0.890364	
2148	-0.851302	
2149	-0.900234	
2150	-0.889424	
2151	-0.883949	
2152	-0.863873	
2153	-0.892921	
2154	-0.870104	
2155	-0.871152	
2156	-0.888511	
2157	-0.879956	
2158	-0.8899	
2159	-0.874451	
2160	-0.942119	
2161	-0.939019	
2162	-0.916239	
2163	-0.923528	
2164	-0.945484	
2165	-0.926586	
2166	-0.904302	
2167	-0.958763	
2168	-0.936994	
2169	-0.896604	
2170	-0.915971	
2171	-0.926862	
2172	-0.912328	
2173	-0.883829	
2174	-0.916656	
2175	-0.896027	
2176	-0.911614	
2177	-0.892709	
2178	-0.905269	
2179	-0.943616	
2180	-0.939281	
2181	-0.920975	
2182	-0.905971	
2183	-0.917813	
2184	-0.936791	
2185	-0.93958	
2186	-0.938232	
2187	-0.937485	
2188	-0.993353	
2189	-0.961472	
2190	-0.943476	
2191	-0.915983	
2192	-0.948927	
2193	-0.965001	
2194	-0.924388	
2195	-0.971155	
2196	-0.987335	
2197	-0.98897	
2198	-0.950052	
2199	-0.966559	
2200	-0.917593	
2201	-0.873944	
2202	-0.94815	
2203	-0.91977	
2204	-0.872262	
2205	-0.829274	
2206	-0.860668	
2207	-0.912598	
2208	-0.892666	
2209	-0.890498	
2210	-0.882461	
2211	-0.913321	
2212	-0.917069	
2213	-0.925608	
2214	-0.946749	
2215	-0.920483	
2216	-0.955207	
2217	-1.00309	
2218	-0.922715	
2219	-0.983171	
2220	-0.982048	
2221	-1.02445	
2222	-1.0264	
2223	-1.00641	
2224	-1.04016	
2225	-1.02156	
2226	-0.998076	
2227	-0.986326	
2228	-0.960483	
2229	-0.944249	
2230	-0.932666	
2231	-0.908652	
2232	-0.929853	
2233	-0.942728	
2234	-0.920726	
2235	-0.923672	
2236	-0.946528	
2237	-0.933999	
2238	-0.921894	
2239	-0.936942	
2240	-0.898682	
2241	-0.861202	
2242	-0.87019	
2243	-0.809479	
2244	-0.84793	
2245	-0.946659	
2246	-0.96212	
2247	-0.905566	
2248	-0.965306	
2249	-0.961582	
2250	-0.901744	
2251	-0.928889	
2252	-0.921694	
2253	-0.868394	
2254	-0.893121	
2255	-0.891654	
2256	-0.904082	
2257	-0.870518	
2258	-0.860503	
2259	-0.848938	
2260	-0.87395	
2261	-0.86964	
2262	-0.891774	
2263	-0.88963	
2264	-0.859457	
2265	-0.875141	
2266	-0.881365	
2267	-0.883519	
2268	-0.822102	
2269	-0.883387	
2270	-0.901646	
2271	-0.887052	
2272	-0.869204	
2273	-0.914724	
2274	-0.907414	
2275	-0.969731	
2276	-0.921185	
2277	-0.911311	
2278	-0.882137	
2279	-0.919491	
2280	-0.973502	
2281	-0.956083	
2282	-0.973642	
2283	-0.95096	
2284	-0.933036	
2285	-0.923352	
2286	-0.954022	
2287	-0.901014	
2288	-0.904885	
2289	-0.943391	
2290	-0.902178	
2291	-0.92424	
2292	-0.963796	
2293	-0.956874	
2294	-0.949392	
2295	-0.928079	
2296	-0.964044	
2297	-0.935603	
2298	-0.902404	
2299	-0.926891	
2300	-0.919736	
2301	-0.89483	
2302	-0.915217	
2303	-0.928608	
2304	-0.892595	
2305	-0.885095	
2306	-0.901648	
2307	-0.95947	
2308	-0.96	
2309	-0.927394	
2310	-0.925128	
2311	-0.922071	
2312	-0.916944	
2313	-0.960208	
2314	-0.891944	
2315	-0.848169	
2316	-0.888167	
2317	-0.846954	
2318	-0.844973	
2319	-0.842979	
2320	-0.848042	
2321	-0.829572	
2322	-0.840517	
2323	-0.855381	
2324	-0.85819	
2325	-0.860054	
2326	-0.855317	
2327	-0.912005	
2328	-0.937355	
2329	-0.902208	
2330	-0.904352	
2331	-0.886508	
2332	-0.893922	
2333	-0.909521	
2334	-0.906077	
2335	-0.903926	
2336	-0.864251	
2337	-0.917924	
2338	-0.887062	
2339	-0.896954	
2340	-0.916476	
2341	-0.902957	
2342	-0.918582	
2343	-0.938919	
2344	-0.914011	
2345	-0.948275	
2346	-0.918766	
2347	-0.881679	
2348	-0.866875	
2349	-0.882153	
2350	-0.926657	
2351	-0.906949	
2352	-0.823797	
2353	-0.88746	
2354	-0.873951	
2355	-0.923103	
2356	-0.930366	
2357	-0.910411	
2358	-0.961974	
2359	-0.896072	
2360	-0.880366	
2361	-0.87419	
2362	-0.884025	
2363	-0.877431	
2364	-0.90813	
2365	-0.889328	
2366	-0.901101	
2367	-0.884058	
2368	-0.921344	
2369	-0.916097	
2370	-0.873784	
2371	-0.884518	
2372	-0.905723	
2373	-0.840974	
2374	-0.878753	
2375	-0.885832	
2376	-0.899142	
2377	-0.919815	
2378	-0.89691	
2379	-0.86282	
2380	-0.907253	
2381	-0.900552	
2382	-0.870632	
2383	-0.871466	
2384	-0.887861	
2385	-0.870803	
2386	-0.851482	
2387	-0.824453	
2388	-0.890762	
2389	-0.888064	
2390	-0.851716	
2391	-0.922375	
2392	-0.924382	
2393	-0.919628	
2394	-0.923503	
2395	-0.885883	
2396	-0.807189	
2397	-0.878773	
2398	-0.827175	
2399	-0.823199	
2400	-0.853691	
2401	-0.864428	
2402	-0.870676	
2403	-0.86167	
2404	-0.868441	
2405	-0.866599	
2406	-0.869033	
2407	-0.855939	
2408	-0.904278	
2409	-0.958703	
2410	-0.869919	
2411	-0.905852	
2412	-0.931225	
2413	-0.907822	
2414	-0.932996	
2415	-0.892614	
2416	-0.966145	
2417	-0.945701	
2418	-0.954701	
2419	-0.949902	
2420	-0.959097	
2421	-0.955744	
2422	-0.96159	
2423	-0.982527	
2424	-0.969391	
2425	-1.0035	
2426	-0.995595	
2427	-0.984951	
2428	-0.972501	
2429	-0.946627	
2430	-0.909795	
2431	-0.932964	
2432	-0.955919	
2433	-0.93871	
2434	-0.957149	
2435	-0.940018	
2436	-0.942184	
2437	-0.882435	
2438	-0.86042	
2439	-0.866346	
2440	-0.909643	
2441	-0.892818	
2442	-0.863736	
2443	-0.90402	
2444	-0.914623	
2445	-0.943813	
2446	-0.901299	
2447	-0.908708	
2448	-0.90654	
2449	-0.87314	
2450	-0.866965	
2451	-0.857808	
2452	-0.848063	
2453	-0.826358	
2454	-0.906313	
2455	-0.986186	
2456	-0.961997	
2457	-0.945348	
2458	-0.986711	
2459	-0.953028	
2460	-0.918013	
2461	-0.943296	
2462	-0.938351	
2463	-0.949783	
2464	-0.92175	
2465	-0.952765	
2466	-0.963507	
2467	-0.915266	
2468	-0.955733	
2469	-0.939445	
2470	-0.872532	
2471	-0.886021	
2472	-0.841175	
2473	-0.84689	
2474	-0.852197	
2475	-0.794344	
2476	-0.856054	
2477	-0.871134	
2478	-0.854395	
2479	-0.947559	
2480	-0.931526	
2481	-0.920571	
2482	-0.897503	
2483	-0.903746	
2484	-0.884671	
2485	-0.862935	
2486	-0.884373	
2487	-0.887066	
2488	-0.885112	
2489	-0.861671	
2490	-0.851345	
2491	-0.883875	
2492	-0.859992	
2493	-0.873556	
2494	-0.92374	
2495	-0.902836	
2496	-0.934329	
2497	-0.921947	
2498	-0.890557	
2499	-0.912867	
2500	-0.948045	
2501	-0.927543	
2502	-0.945042	
2503	-0.922334	
2504	-0.920082	
2505	-0.902988	
2506	-0.873499	
2507	-0.896571	
2508	-0.887951	
2509	-0.916474	
2510	-0.92756	
2511	-0.885623	
2512	-0.889249	
2513	-0.859524	
2514	-0.876196	
2515	-0.941414	
2516	-0.899207	
2517	-0.907342	
2518	-0.936027	
2519	-0.919296	
2520	-0.944014	
2521	-0.951345	
2522	-0.922555	
2523	-0.937337	
2524	-0.947212	
2525	-0.907751	
2526	-0.923583	
2527	-0.970553	
2528	-0.998147	
2529	-0.938081	
2530	-0.902807	
2531	-0.863498	
2532	-0.874671	
2533	-0.852531	
2534	-0.911908	
2535	-0.891776	
2536	-0.883839	
2537	-0.848071	
2538	-0.843557	
2539	-0.829361	
2540	-0.877125	
2541	-0.846008	
2542	-0.835255	
2543	-0.827842	
2544	-0.852577	
2545	-0.914103	
2546	-0.864672	
2547	-0.919866	
2548	-0.912541	
2549	-0.878602	
2550	-0.949011	
2551	-0.910469	
2552	-0.906454	
2553	-0.886373	
2554	-0.86834	
2555	-0.941316	
2556	-0.934545	
2557	-0.937279	
2558	-0.910598	
2559	-0.913635	
2560	-0.900864	
2561	-0.899411	
2562	-0.876116	
2563	-0.886423	
2564	-0.923686	
2565	-0.930126	
2566	-0.925968	
2567	-0.944408	
2568	-0.949849	
2569	-0.890137	
2570	-0.918208	
2571	-0.900819	
2572	-0.939015	
2573	-0.916381	
2574	-0.936002	
2575	-0.957463	
2576	-0.884564	
2577	-0.880722	
2578	-0.900495	
2579	-0.906528	
2580	-0.910985	
2581	-0.943495	
2582	-0.948255	
2583	-0.90715	
2584	-0.907673	
2585	-0.880331	
2586	-0.891075	
2587	-0.892988	
2588	-0.826268	
2589	-0.879036	
2590	-0.841078	
2591	-0.824132	
2592	-0.846879	
2593	-0.915395	
2594	-0.927804	
2595	-0.897044	
2596	-0.892584	
2597	-0.884442	
2598	-0.895044	
2599	-0.882229	
2600	-0.875059	
2601	-0.89214	
2602	-0.89556	
2603	-0.895533	
2604	-0.912922	
2605	-0.893243	
2606	-0.891521	
2607	-0.854878	
2608	-0.792941	
2609	-0.822717	
2610	-0.888556	
2611	-0.862908	
2612	-0.930608	
2613	-0.877457	
2614	-0.916729	
2615	-0.912947	
2616	-0.940744	
2617	-0.896522	
2618	-0.908146	
2619	-0.898477	
2620	-0.933534	
2621	-0.92565	
2622	-0.883971	
2623	-0.935754	
2624	-0.930376	
2625	-0.929567	
2626	-0.916185	
2627	-0.940764	
2628	-0.930629	
2629	-0.933647	
2630	-0.927714	
2631	-0.937347	
2632	-0.955335	
2633	-0.962032	
2634	-0.979348	
2635	-0.960482	
2636	-0.952865	
2637	-0.971062	
2638	-0.959036	
2639	-0.946685	
2640	-0.930493	
2641	-0.972585	
2642	-0.9739	
2643	-0.973607	
2644	-0.957088	
2645	-0.96446	
2646	-1.01358	
2647	-1.01058	
2648	-0.94991	
2649	-0.935466	
2650	-0.916088	
2651	-0.901942	
2652	-0.919722	
2653	-0.951566	
2654	-0.934322	
2655	-0.969635	
2656	-0.991424	
2657	-0.994441	
2658	-0.974511	
2659	-0.927167	
2660	-0.962712	
2661	-0.949563	
2662	-0.915675	
2663	-0.922955	
2664	-0.918428	
2665	-0.915803	
2666	-0.950949	
2667	-0.937484	
2668	-0.98663	
2669	-0.998412	
2670	-0.980551	
2671	-1.00214	
2672	-0.977301	
2673	-0.93149	
2674	-0.926755	
2675	-0.961744	
2676	-0.886982	
2677	-0.922125	
2678	-0.955253	
2679	-0.890761	
2680	-0.921842	
2681	-0.941622	
2682	-0.924752	
2683	-0.901607	
2684	-0.916495	
2685	-0.943327	
2686	-0.96124	
2687	-0.937598	
2688	-0.931744	
2689	-0.952199	
2690	-0.968545	
2691	-1.00035	
2692	-0.956344	
2693	-0.943777	
2694	-0.933092	
2695	-0.949496	
2696	-1.01644	
2697	-0.969789	
2698	-0.952485	
2699	-0.88001	
2700	-0.931846	
2701	-0.919444	
2702	-0.91114	
2703	-0.910859	
2704	-0.900798	
2705	-0.939124	
2706	-0.948205	
2707	-0.96994	
2708	-0.974661	
2709	-0.961708	
2710	-0.955836	
2711	-0.980248	
2712	-0.923441	
2713	-0.951012	
2714	-0.956659	
2715	-0.968461	
2716	-0.950786	
2717	-0.97218	
2718	-0.975467	
2719	-0.96024	
2720	-0.925312	
2721	-0.92259	
2722	-0.875092	
2723	-0.915643	
2724	-0.918532	
2725	-0.881994	
2726	-0.903338	
2727	-0.956632	
2728	-0.939605	
2729	-0.918558	
2730	-0.899513	
2731	-0.943336	
2732	-0.962661	
2733	-0.967705	
2734	-0.988745	
2735	-0.965328	
2736	-0.976221	
2737	-0.970038	
2738	-0.900249	
2739	-0.944923	
2740	-0.942916	
2741	-0.939192	
2742	-0.985309	
2743	-0.980265	
2744	-0.981025	
2745	-0.957689	
2746	-0.9616	
2747	-1.00232	
2748	-1.00354	
2749	-1.0203	
2750	-0.98288	
2751	-1.01574	
2752	-1.00581	
2753	-0.99422	
2754	-0.985531	
2755	-0.983468	
2756	-0.959751	
2757	-0.942847	
2758	-0.919772	
2759	-0.976104	
2760	-0.945043	
2761	-0.929664	
2762	-0.931249	
2763	-0.929314	
2764	-0.901672	
2765	-0.954478	
2766	-0.948433	
2767	-0.928454	
2768	-0.955611	
2769	-0.955997	
2770	-0.963123	
2771	-0.966661	
2772	-0.883625	
2773	-0.850845	
2774	-0.84818	
2775	-0.879559	
2776	-0.915934	
2777	-0.853467	
2778	-0.885698	
2779	-0.910898	
2780	-0.886288	
2781	-0.89004	
2782	-0.877051	
2783	-0.846488	
2784	-0.847103	
2785	-0.888155	
2786	-0.900034	
2787	-0.850576	
2788	-0.933157	
2789	-0.896809	
2790	-0.866802	
2791	-0.891099	
2792	-0.858831	
2793	-0.89732	
2794	-0.938368	
2795	-0.927035	
2796	-0.91441	
2797	-0.92862	
2798	-0.905118	
2799	-0.946076	
2800	-0.918237	
2801	-0.924415	
2802	-0.914761	
2803	-0.905112	
2804	-0.984129	
2805	-0.96845	
2806	-0.942905	
2807	-0.917964	
2808	-0.956094	
2809	-0.950302	
2810	-0.899924	
2811	-0.910104	
2812	-0.937501	
2813	-0.920729	
2814	-0.97986	
2815	-0.98739	
2816	-0.968674	
2817	-0.989875	
2818	-0.969268	
2819	-0.967065	
2820	-1.00303	
2821	-0.909065	
2822	-0.988662	
2823	-1.00625	
2824	-0.964278	
2825	-0.978355	
2826	-0.959151	
2827	-0.93193	
2828	-0.963942	
2829	-0.938683	
2830	-0.931127	
2831	-0.930418	
2832	-0.930006	
2833	-0.944984	
2834	-0.989335	
2835	-1.00278	
2836	-0.985771	
2837	-0.967163	
2838	-0.991371	
2839	-0.948674	
2840	-0.979627	
2841	-0.97795	
2842	-0.95239	
2843	-0.923344	
2844	-0.939773	
2845	-0.928502	
2846	-0.904339	
2847	-0.94398	
2848	-0.904315	
2849	-0.928539	
2850	-0.988781	
2851	-1.00575	
2852	-0.96216	
2853	-0.944572	
2854	-0.996332	
2855	-0.968711	
2856	-0.947327	
2857	-0.93424	
2858	-0.962853	
2859	-0.972545	
2860	-0.933765	
2861	-0.998252	
2862	-0.956434	
2863	-1.00958	
2864	-1.01328	
2865	-0.976766	
2866	-1.01678	
2867	-0.946438	
2868	-0.983268	
2869	-0.965808	
2870	-0.971518	
2871	-0.944773	
2872	-0.934144	
2873	-0.949383	
2874	-0.969721	
2875	-0.971357	
2876	-0.958096	
2877	-1.00443	
2878	-0.977738	
2879	-1.00401	
2880	-0.986728	
2881	-0.954108	
2882	-0.963421	
2883	-0.977775	
2884	-0.949556	
2885	-0.955619	
2886	-0.962239	
2887	-0.949144	
2888	-0.919921	
2889	-0.934314	
2890	-0.946483	
2891	-0.912613	
2892	-0.946507	
2893	-0.913455	
2894	-0.940992	
2895	-0.963303	
2896	-0.959055	
2897	-0.932875	
2898	-0.931266	
2899	-0.932667	
2900	-0.959326	
2901	-0.983838	
2902	-0.97522	
2903	-1.00292	
2904	-0.960489	
2905	-0.946228	
2906	-0.96467	
2907	-0.994885	
2908	-0.986199	
2909	-0.95901	
2910	-0.951321	
2911	-0.948662	
2912	-0.967198	
2913	-0.935188	
2914	-0.958415	
2915	-0.98639	
2916	-0.954224	
2917	-0.959817	
2918	-0.910146	
2919	-0.95869	
2920	-0.975027	
2921	-0.925334	
2922	-0.953433	
2923	-0.945066	
2924	-0.980437	
2925	-0.933348	
2926	-0.940799	
2927	-0.921851	
2928	-0.9207	
2929	-0.904766	
2930	-0.90686	
2931	-0.924211	
2932	-0.854371	
2933	-0.870347	
2934	-0.902888	
2935	-0.853368	
2936	-0.884913	
2937	-0.873994	
2938	-0.893342	
2939	-0.923715	
2940	-0.915808	
2941	-0.944413	
2942	-0.938085	
2943	-0.933714	
2944	-0.96737	
2945	-0.952412	
2946	-0.951314	
2947	-0.97278	
2948	-0.947943	
2949	-0.929767	
2950	-0.957151	
2951	-0.946884	
2952	-0.940563	
2953	-0.927177	
2954	-0.904632	
2955	-0.909359	
2956	-0.926551	
2957	-0.92031	
2958	-0.868846	
2959	-0.850133	
2960	-0.887345	
2961	-0.828462	
2962	-0.846072	
2963	-0.868354	
2964	-0.848672	
2965	-0.833651	
2966	-0.890251	
2967	-0.887557	
2968	-0.909205	
2969	-0.93078	
2970	-0.898825	
2971	-0.944609	
2972	-0.992688	
2973	-0.924152	
2974	-0.952305	
2975	-0.980976	
2976	-0.978377	
2977	-0.954234	
2978	-0.946586	
2979	-0.956449	
2980	-0.97991	
2981	-0.990059	
2982	-0.970707	
2983	-0.989155	
2984	-1.01416	
2985	-0.975551	
2986	-0.934679	
2987	-0.873369	
2988	-0.920806	
2989	-0.925271	
2990	-0.865438	
2991	-0.926189	
2992	-0.883926	
2993	-0.861589	
2994	-0.901677	
2995	-0.878713	
2996	-0.864715	
2997	-0.871988	
2998	-0.902605	
2999	-0.906727	
3000	-0.912532	
3001	-0.931551	
3002	-0.919766	
3003	-0.873401	
3004	-0.919468	
3005	-0.954514	
3006	-0.943732	
3007	-0.946366	
3008	-0.932078	
3009	-0.959524	
3010	-0.926267	
3011	-0.98781	
3012	-0.959882	
3013	-0.930342	
3014	-0.976551	
3015	-0.953248	
3016	-0.99566	
3017	-0.951571	
3018	-0.93072	
3019	-0.93411	
3020	-0.890211	
3021	-0.929705	
3022	-0.944148	
3023	-0.928747	
3024	-0.942683	
3025	-1.00188	
3026	-0.97906	
3027	-0.992326	
3028	-0.994879	
3029	-0.946694	
3030	-0.967289	
3031	-0.919349	
3032	-0.93777	
3033	-0.89477	
3034	-0.942924	
3035	-0.967196	
3036	-0.918433	
3037	-0.946285	
3038	-0.930583	
3039	-0.898887	
3040	-0.919483	
3041	-0.907502	
3042	-0.880913	
3043	-0.877288	
3044	-0.852881	
3045	-0.841309	
3046	-0.861987	
3047	-0.850404	
3048	-0.860853	
3049	-0.864771	
3050	-0.838745	
3051	-0.874838	
3052	-0.839798	
3053	-0.861211	
3054	-0.845849	
3055	-0.912752	
3056	-0.929367	
3057	-0.932126	
3058	-0.914579	
3059	-0.910899	
3060	-0.906015	
3061	-0.940134	
3062	-0.94662	
3063	-0.914628	
3064	-0.954395	
3065	-0.925997	
3066	-0.942764	
3067	-0.961943	
3068	-0.959048	
3069	-0.925455	
3070	-0.954497	
3071	-0.964348	
3072	-0.972293	
3073	-0.960902	
3074	-0.95539	
3075	-0.939017	
3076	-0.959183	
3077	-0.952003	
3078	-0.891372	
3079	-0.889702	
3080	-0.953919	
3081	-0.917346	
3082	-0.958023	
3083	-0.957572	
3084	-0.965774	
3085	-0.958873	
3086	-0.866567	
3087	-0.930943	
3088	-0.900648	
3089	-0.91773	
3090	-0.949951	
3091	-0.937212	
3092	-0.930875	
3093	-0.905546	
3094	-0.918191	
3095	-0.939408	
3096	-0.961764	
3097	-0.963429	
3098	-0.94398	
3099	-0.976139	
3100	-0.975441	
3101	-0.926893	
3102	-0.913409	
3103	-0.957331	
3104	-0.958271	
3105	-0.934813	
3106	-0.916385	
3107	-0.939126	
3108	-0.918227	
3109	-0.905437	
3110	-0.943903	
3111	-0.899155	
3112	-0.885403	
3113	-0.906444	
3114	-0.890357	
3115	-0.862448	
3116	-0.859406	
3117	-0.881264	
3118	-0.94417	
3119	-0.928962	
3120	-0.903619	
3121	-0.968278	
3122	-0.949945	
3123	-0.945641	
3124	-0.929641	
3125	-0.877756	
3126	-0.914134	
3127	-0.941866	
3128	-0.980377	
3129	-0.948002	
3130	-0.911429	
3131	-0.911005	
3132	-0.899242	
3133	-0.877887	
3134	-0.83276	
3135	-0.894155	
3136	-0.823296	
3137	-0.806924	
3138	-0.837937	
3139	-0.821887	
3140	-0.817732	
3141	-0.852619	
3142	-0.806513	
3143	-0.877704	
3144	-0.848559	
3145	-0.897307	
3146	-0.866405	
3147	-0.87625	
3148	-0.802614	
3149	-0.860729	
3150	-0.850912	
3151	-0.849189	
3152	-0.84658	
3153	-0.858203	
3154	-0.854062	
3155	-0.879109	
3156	-0.887232	
3157	-0.898358	
3158	-0.92484	
3159	-0.934186	
3160	-0.958504	
3161	-0.935956	
3162	-0.925204	
3163	-0.929443	
3164	-0.946978	
3165	-0.951914	
3166	-0.941965	
3167	-0.941208	
3168	-0.941562	
3169	-0.920574	
3170	-0.90154	
3171	-0.892023	
3172	-0.889077	
3173	-0.901745	
3174	-0.922875	
3175	-0.862783	
3176	-0.908915	
3177	-0.906349	
3178	-0.892035	
3179	-0.872932	
3180	-0.893716	
3181	-0.920728	
3182	-0.854475	
3183	-0.891295	
3184	-0.913174	
3185	-0.900714	
3186	-0.936265	
3187	-0.91058	
3188	-0.945069	
3189	-0.933874	
3190	-0.926491	
3191	-0.937154	
3192	-0.920924	
3193	-0.858842	
3194	-0.898674	
3195	-0.861327	
3196	-0.883365	
3197	-0.91473	
3198	-0.950614	
3199	-0.968179	
3200	-0.934454	
3201	-0.93674	
3202	-0.939129	
3203	-0.932607	
3204	-0.953511	
3205	-0.950138	
3206	-0.941516	
3207	-0.960728	
3208	-0.952255	
3209	-0.968064	
3210	-0.955105	
3211	-0.965423	
3212	-0.953256	
3213	-0.959868	
3214	-0.951937	
3215	-0.923124	
3216	-0.931439	
3217	-0.928273	
3218	-0.935287	
3219	-0.889712	
3220	-0.92758	
3221	-0.939138	
3222	-0.900184	
3223	-0.91239	
3224	-0.891946	
3225	-0.931381	
3226	-0.922383	
3227	-0.945514	
3228	-0.932281	
3229	-0.925507	
3230	-0.915167	
3231	-0.928757	
3232	-0.924521	
3233	-0.912668	
3234	-0.960902	
3235	-0.940945	
3236	-0.928627	
3237	-0.903349	
3238	-0.924905	
3239	-0.904128	
3240	-0.937104	
3241	-0.911733	
3242	-0.865781	
3243	-0.905127	
3244	-0.911132	
3245	-0.945465	
3246	-0.922172	
3247	-0.94773	
3248	-0.948723	
3249	-0.909008	
3250	-0.918639	
3251	-0.876523	
3252	-0.868535	
3253	-0.851921	
3254	-0.888778	
3255	-0.885196	
3256	-0.876869	
3257	-0.865308	
3258	-0.890819	
3259	-0.892863	
3260	-0.921832	
3261	-0.894549	
3262	-0.922551	
3263	-0.930808	
3264	-0.902055	
3265	-0.912798	
3266	-0.967661	
3267	-0.958073	
3268	-0.952201	
3269	-0.969485	
3270	-0.945558	
3271	-0.892816	
3272	-0.857794	
3273	-0.914667	
3274	-0.922267	
3275	-0.917185	
3276	-0.900773	
3277	-0.858207	
3278	-0.872818	
3279	-0.907368	
3280	-0.885322	
3281	-0.893714	
3282	-0.86978	
3283	-0.889923	
3284	-0.904965	
3285	-0.932154	
3286	-0.89628	
3287	-0.919768	
3288	-0.87419	
3289	-0.868313	
3290	-0.878559	
3291	-0.870475	
3292	-0.91511	
3293	-0.920595	
3294	-0.897384	
3295	-0.888677	
3296	-0.884168	
3297	-0.875455	
3298	-0.871374	
3299	-0.854954	
3300	-0.821118	
3301	-0.830856	
3302	-0.847814	
3303	-0.85912	
3304	-0.852531	
3305	-0.826494	
3306	-0.896056	
3307	-0.87128	
3308	-0.895775	
3309	-0.880884	
3310	-0.874487	
3311	-0.906796	
3312	-0.881092	
3313	-0.942918	
3314	-0.902543	
3315	-0.935584	
3316	-0.980685	
3317	-0.951916	
3318	-0.951935	
3319	-0.942302	
3320	-0.912414	
3321	-0.940125	
3322	-0.866509	
3323	-0.917056	
3324	-0.912617	
3325	-0.910893	
3326	-0.93395	
3327	-0.929793	
3328	-0.926736	
3329	-0.898696	
3330	-0.86583	
3331	-0.860944	
3332	-0.896815	
3333	-0.914755	
3334	-0.907876	
3335	-0.897163	
3336	-0.900547	
3337	-0.858528	
3338	-0.850501	
3339	-0.860533	
3340	-0.883378	
3341	-0.882832	
3342	-0.914171	
3343	-0.895924	
3344	-0.885337	
3345	-0.853984	
3346	-0.889584	
3347	-0.878681	
3348	-0.894026	
3349	-0.86552	
3350	-0.855874	
3351	-0.828378	
3352	-0.867938	
3353	-0.884915	
3354	-0.890718	
3355	-0.815221	
3356	-0.822426	
3357	-0.818286	
3358	-0.847785	
3359	-0.867755	
3360	-0.909188	
3361	-0.911945	
3362	-0.858917	
3363	-0.883468	
3364	-0.855715	
3365	-0.819938	
3366	-0.881317	
3367	-0.872292	
3368	-0.853605	
3369	-0.863945	
3370	-0.893893	
3371	-0.85534	
3372	-0.86843	
3373	-0.913739	
3374	-0.947359	
3375	-0.885713	
3376	-0.899559	
3377	-0.934375	
3378	-0.91224	
3379	-0.915228	
3380	-0.922982	
3381	-0.908684	
3382	-0.832583	
3383	-0.890584	
3384	-0.876186	
3385	-0.925757	
3386	-0.898612	
3387	-0.929803	
3388	-0.888877	
3389	-0.874015	
3390	-0.896933	
3391	-0.846476	
3392	-0.835533	
3393	-0.813431	
3394	-0.810342	
3395	-0.819184	
3396	-0.839847	
3397	-0.805688	
3398	-0.835567	
3399	-0.845251	
3400	-0.877149	
3401	-0.871418	
3402	-0.881567	
3403	-0.906719	
3404	-0.899327	
3405	-0.910855	
3406	-0.81957	
3407	-0.847662	
3408	-0.817435	
3409	-0.83212	
3410	-0.867476	
3411	-0.893416	
3412	-0.892499	
3413	-0.865204	
3414	-0.884291	
3415	-0.885163	
3416	-0.908705	
3417	-0.903628	
3418	-0.887871	
3419	-0.908067	
3420	-0.899389	
3421	-0.880672	
3422	-0.846501	
3423	-0.915033	
3424	-0.869446	
3425	-0.878141	
3426	-0.850398	
3427	-0.918906	
3428	-0.883806	
3429	-0.866368	
3430	-0.911719	
3431	-0.935319	
3432	-0.895496	
3433	-0.926978	
3434	-0.9166	
3435	-0.8877	
3436	-0.904025	
3437	-0.888094	
3438	-0.874988	
3439	-0.880173	
3440	-0.899253	
3441	-0.914486	
3442	-0.919749	
3443	-0.952823	
3444	-0.947575	
3445	-0.925947	
3446	-0.883413	
3447	-0.898744	
3448	-0.855606	
3449	-0.863243	
3450	-0.878618	
3451	-0.892632	
3452	-0.895522	
3453	-0.858517	
3454	-0.868524	
3455	-0.92509	
3456	-0.85487	
3457	-0.892155	
3458	-0.950464	
3459	-0.937807	
3460	-0.888107	
3461	-0.896664	
3462	-0.905552	
3463	-0.895205	
3464	-0.866388	
3465	-0.895844	
3466	-0.894712	
3467	-0.876912	
3468	-0.909294	
3469	-0.945932	
3470	-0.939987	
3471	-0.915396	
3472	-0.858112	
3473	-0.913534	
3474	-0.883751	
3475	-0.884781	
3476	-0.791846	
3477	-0.802113	
3478	-0.806427	
3479	-0.811927	
3480	-0.80836	
3481	-0.818729	
3482	-0.808939	
3483	-0.797605	
3484	-0.77001	
3485	-0.887158	
3486	-0.849597	
3487	-0.849124	
3488	-0.845136	
3489	-0.852473	
3490	-0.858713	
3491	-0.872425	
3492	-0.86967	
3493	-0.83143	
3494	-0.861563	
3495	-0.913286	
3496	-0.927344	
3497	-0.968117	
3498	-0.938304	
3499	-0.922033	
3500	-0.949725	
3501	-0.95322	
3502	-0.934096	
3503	-0.939156	
3504	-0.93297	
3505	-0.939137	
3506	-0.964873	
3507	-0.902974	
3508	-0.864114	
3509	-0.88266	
3510	-0.874513	
3511	-0.877067	
3512	-0.890283	
3513	-0.864763	
3514	-0.830061	
3515	-0.858351	
3516	-0.840392	
3517	-0.853401	
3518	-0.846677	
3519	-0.801045	
3520	-0.837555	
3521	-0.909631	
3522	-0.910413	
3523	-0.898233	
3524	-0.893291	
3525	-0.918144	
3526	-0.911031	
3527	-0.934808	
3528	-0.951818	
3529	-0.95528	
3530	-0.936023	
3531	-0.922317	
3532	-0.956047	
3533	-0.959149	
3534	-0.971417	
3535	-0.965321	
3536	-0.941774	
3537	-0.932081	
3538	-0.955545	
3539	-0.922242	
3540	-0.892982	
3541	-0.900743	
3542	-0.876269	
3543	-0.847621	
3544	-0.877302	
3545	-0.864089	
3546	-0.856816	
3547	-0.876352	
3548	-0.864879	
3549	-0.830751	
3550	-0.83384	
3551	-0.837711	
3552	-0.878587	
3553	-0.873737	
3554	-0.876643	
3555	-0.839131	
3556	-0.814873	
3557	-0.819006	
3558	-0.84246	
3559	-0.813104	
3560	-0.843206	
3561	-0.850525	
3562	-0.831653	
3563	-0.851353	
3564	-0.856268	
3565	-0.875472	
3566	-0.897742	
3567	-0.924315	
3568	-0.929335	
3569	-0.922278	
3570	-0.901515	
3571	-0.860457	
3572	-0.88944	
3573	-0.898594	
3574	-0.876185	
3575	-0.859296	
3576	-0.885418	
3577	-0.86512	
3578	-0.88089	
3579	-0.864564	
3580	-0.819884	
3581	-0.839084	
3582	-0.845297	
3583	-0.865781	
3584	-0.850446	
3585	-0.84528	
3586	-0.845508	
3587	-0.847178	
3588	-0.886266	
3589	-0.796605	
3590	-0.861862	
3591	-0.835744	
3592	-0.862931	
3593	-0.87045	
3594	-0.856622	
3595	-0.847598	
3596	-0.850776	
3597	-0.878161	
3598	-0.881973	
3599	-0.87374	
3600	-0.882707	
3601	-0.899085	
3602	-0.848698	
3603	-0.882624	
3604	-0.916681	
3605	-0.898541	
3606	-0.880541	
3607	-0.882924	
3608	-0.899256	
3609	-0.905671	
3610	-0.911319	
3611	-0.913305	
3612	-0.894975	
3613	-0.923822	
3614	-0.894603	
3615	-0.89716	
3616	-0.8613	
3617	-0.893338	
3618	-0.921863	
3619	-0.937077	
3620	-0.91261	
3621	-0.880804	
3622	-0.917372	
3623	-0.922106	
3624	-0.897119	
3625	-0.925436	
3626	-0.91426	
3627	-0.86266	
3628	-0.897624	
3629	-0.954952	
3630	-0.966126	
3631	-0.948634	
3632	-0.933629	
3633	-0.977419	
3634	-0.953093	
3635	-0.954083	
3636	-0.941782	
3637	-0.924132	
3638	-0.932615	
3639	-0.932974	
3640	-0.923666	
3641	-0.959681	
3642	-0.901539	
3643	-0.917673	
3644	-0.93073	
3645	-0.922059	
3646	-0.918034	
3647	-0.912163	
3648	-0.92893	
3649	-0.943324	
3650	-0.92349	
3651	-0.957508	
3652	-0.962136	
3653	-0.962125	
3654	-0.958455	
3655	-0.945606	
3656	-0.935192	
3657	-0.925238	
3658	-0.898823	
3659	-0.894441	
3660	-0.888625	
3661	-0.89696	
3662	-0.933772	
3663	-0.890664	
3664	-0.916465	
3665	-0.934928	
3666	-0.984112	
3667	-0.973017	
3668	-0.947537	
3669	-0.922413	
3670	-0.914536	
3671	-0.905992	
3672	-0.865289	
3673	-0.897138	
3674	-0.88567	
3675	-0.919139	
3676	-0.953704	
3677	-0.955244	
3678	-0.929154	
3679	-0.962841	
3680	-0.981793	
3681	-0.965386	
3682	-0.964226	
3683	-0.910662	
3684	-0.906116	
3685	-0.882497	
3686	-0.913266	
3687	-0.876438	
3688	-0.877447	
3689	-0.917072	
3690	-0.902067	
3691	-0.89559	
3692	-0.875702	
3693	-0.878399	
3694	-0.860472	
3695	-0.842831	
3696	-0.844397	
3697	-0.824906	
3698	-0.86371	
3699	-0.869151	
3700	-0.848451	
3701	-0.822744	
3702	-0.863505	
3703	-0.821521	
3704	-0.857407	
3705	-0.863295	
3706	-0.80601	
3707	-0.832777	
3708	-0.770315	
3709	-0.83743	
3710	-0.863763	
3711	-0.811094	
3712	-0.798826	
3713	-0.867206	
3714	-0.869345	
3715	-0.877179	
3716	-0.884699	
3717	-0.894947	
3718	-0.904604	
3719	-0.932687	
3720	-0.890214	
3721	-0.907652	
3722	-0.918682	
3723	-0.949347	
3724	-0.921796	
3725	-0.951257	
3726	-0.937594	
3727	-0.909814	
3728	-0.883082	
3729	-0.837593	
3730	-0.85076	
3731	-0.821956	
3732	-0.860477	
3733	-0.917184	
3734	-0.866829	
3735	-0.900872	
3736	-0.921121	
3737	-0.879423	
3738	-0.93042	
3739	-0.89148	
3740	-0.88802	
3741	-0.845289	
3742	-0.866337	
3743	-0.913542	
3744	-0.892626	
3745	-0.827899	
3746	-0.855642	
3747	-0.880813	
3748	-0.885843	
3749	-0.880887	
3750	-0.868618	
3751	-0.849386	
3752	-0.839654	
3753	-0.850822	
3754	-0.899467	
3755	-0.901555	
3756	-0.927284	
3757	-0.862732	
3758	-0.8752	
3759	-0.914195	
3760	-0.899698	
3761	-0.876386	
3762	-0.839861	
3763	-0.852101	
3764	-0.831385	
3765	-0.829642	
3766	-0.882453	
3767	-0.858917	
3768	-0.828215	
3769	-0.846873	
3770	-0.856946	
3771	-0.861857	
3772	-0.885018	
3773	-0.893686	
3774	-0.885363	
3775	-0.889599	
3776	-0.884725	
3777	-0.92937	
3778	-0.93524	
3779	-0.943347	
3780	-0.91489	
3781	-0.944329	
3782	-0.917986	
3783	-0.861442	
3784	-0.885033	
3785	-0.849953	
3786	-0.885804	
3787	-0.896464	
3788	-0.832115	
3789	-0.850067	
3790	-0.831783	
3791	-0.838629	
3792	-0.848062	
3793	-0.836363	
3794	-0.855037	
3795	-0.835136	
3796	-0.856884	
3797	-0.913695	
3798	-0.896256	
3799	-0.849311	
3800	-0.857601	
3801	-0.87892	
3802	-0.890619	
3803	-0.888676	
3804	-0.878426	
3805	-0.928685	
3806	-0.906401	
3807	-0.918336	
3808	-0.977333	
3809	-0.918114	
3810	-0.909754	
3811	-0.905818	
3812	-0.938083	
3813	-0.939027	
3814	-0.88412	
3815	-0.876471	
3816	-0.899394	
3817	-0.878004	
3818	-0.862783	
3819	-0.884492	
3820	-0.869109	
3821	-0.915135	
3822	-0.884172	
3823	-0.872006	
3824	-0.884217	
3825	-0.924375	
3826	-0.914163	
3827	-0.933855	
3828	-0.951106	
3829	-0.901145	
3830	-0.952062	
3831	-0.90217	
3832	-0.930221	
3833	-0.956452	
3834	-0.8977	
3835	-0.922709	
3836	-0.947824	
3837	-0.943268	
3838	-0.941511	
3839	-0.92552	
3840	-0.908467	
3841	-0.915276	
3842	-0.952534	
3843	-0.940787	
3844	-0.922228	
3845	-0.887908	
3846	-0.916213	
3847	-0.938247	
3848	-0.899615	
3849	-0.886026	
3850	-0.875436	
3851	-0.933359	
3852	-0.906271	
3853	-0.903068	
3854	-0.88601	
3855	-0.918265	
3856	-0.893409	
3857	-0.884855	
3858	-0.845266	
3859	-0.872747	
3860	-0.857207	
3861	-0.89702	
3862	-0.863636	
3863	-0.828825	
3864	-0.850685	
3865	-0.859774	
3866	-0.843709	
3867	-0.844567	
3868	-0.881227	
3869	-0.808041	
3870	-0.846913	
3871	-0.856344	
3872	-0.862325	
3873	-0.889945	
3874	-0.906447	
3875	-0.892231	
3876	-0.911704	
3877	-0.899825	
3878	-0.881356	
3879	-0.937078	
3880	-0.94771	
3881	-0.953595	
3882	-0.962808	
3883	-0.946711	
3884	-0.948153	
3885	-1.00092	
3886	-0.962857	
3887	-0.932837	
3888	-0.957999	
3889	-0.945412	
3890	-0.96606	
3891	-1.01584	
3892	-1.02258	
3893	-0.954847	
3894	-0.96323	
3895	-0.98033	
3896	-0.987919	
3897	-0.978127	
3898	-0.997218	
3899	-0.996093	
3900	-1.03237	
3901	-0.968442	
3902	-0.995764	
3903	-1.02016	
3904	-0.979776	
3905	-0.993492	
3906	-1.00766	
3907	-0.971606	
3908	-0.983775	
3909	-1.0087	
3910	-0.99278	
3911	-0.995171	
3912	-0.999058	
3913	-1.02711	
3914	-1.02123	
3915	-1.04141	
3916	-1.00256	
3917	-0.980645	
3918	-1.02116	
3919	-0.976298	
3920	-0.946746	
3921	-0.948003	
3922	-0.974361	
3923	-0.946799	
3924	-0.93317	
3925	-0.922845	
3926	-0.937278	
3927	-0.925869	
3928	-0.928768	
3929	-0.871963	
3930	-0.9446	
3931	-0.932536	
3932	-0.899322	
3933	-0.905013	
3934	-0.888549	
3935	-0.878585	
3936	-0.876174	
3937	-0.849445	
3938	-0.878784	
3939	-0.931634	
3940	-0.92057	
3941	-0.907099	
3942	-0.931511	
3943	-0.933395	
3944	-0.897775	
3945	-0.941165	
3946	-0.966128	
3947	-0.96936	
3948	-0.971075	
3949	-0.939164	
3950	-1.01767	
3951	-1.02513	
3952	-1.03012	
3953	-1.01715	
3954	-1.02004	
3955	-1.01033	
3956	-0.934144	
3957	-0.983952	
3958	-0.937321	
3959	-0.920519	
3960	-0.931101	
3961	-0.89491	
3962	-0.925305	
3963	-0.91506	
3964	-0.899335	
3965	-0.88477	
3966	-0.878319	
3967	-0.869492	
3968	-0.914451	
3969	-0.866884	
3970	-0.887399	
3971	-0.938819	
3972	-0.886574	
3973	-0.888906	
3974	-0.915569	
3975	-0.973089	
3976	-0.9229	
3977	-0.959399	
3978	-0.938239	
3979	-0.959861	
3980	-0.937858	
3981	-0.928142	
3982	-0.915441	
3983	-0.914748	
3984	-0.933937	
3985	-0.898645	
3986	-0.920705	
3987	-0.933581	
3988	-0.945833	
3989	-0.983801	
3990	-0.994607	
3991	-0.98892	
3992	-1.01811	
3993	-0.988863	
3994	-0.968625	
3995	-1.00479	
3996	-0.981563	
3997	-0.991612	
3998	-0.980852	
3999	-1.01231	
