#Nstep		#H_mediato
0	-0.457897	
1	-0.696407	
2	-0.8524	
3	-0.892593	
4	-0.966088	
5	-1.01408	
6	-1.05335	
7	-1.05954	
8	-1.08644	
9	-1.10051	
10	-1.10556	
11	-1.124	
12	-1.12754	
13	-1.1354	
14	-1.15444	
15	-1.159	
16	-1.16503	
17	-1.17243	
18	-1.17355	
19	-1.1793	
20	-1.1863	
21	-1.19407	
22	-1.19757	
23	-1.20362	
24	-1.21027	
25	-1.21594	
26	-1.22188	
27	-1.22587	
28	-1.23015	
29	-1.23148	
30	-1.23336	
31	-1.23498	
32	-1.23677	
33	-1.23668	
34	-1.2358	
35	-1.23483	
36	-1.23587	
37	-1.23695	
38	-1.23339	
39	-1.24157	
40	-1.24149	
41	-1.24329	
42	-1.24547	
43	-1.24917	
44	-1.25222	
45	-1.2543	
46	-1.25483	
47	-1.25564	
48	-1.25501	
49	-1.25476	
50	-1.25416	
51	-1.25339	
52	-1.25334	
53	-1.2533	
54	-1.25369	
55	-1.2543	
56	-1.25552	
57	-1.25665	
58	-1.25731	
59	-1.25765	
60	-1.25738	
61	-1.25778	
62	-1.25783	
63	-1.25764	
64	-1.25693	
65	-1.25577	
66	-1.25425	
67	-1.25274	
68	-1.25132	
69	-1.25052	
70	-1.24952	
71	-1.24804	
72	-1.24633	
73	-1.24477	
74	-1.24371	
75	-1.24316	
76	-1.24238	
77	-1.24141	
78	-1.24059	
79	-1.2399	
80	-1.23932	
81	-1.23916	
82	-1.23847	
83	-1.23797	
84	-1.23718	
85	-1.23635	
86	-1.23554	
87	-1.23823	
88	-1.2379	
89	-1.23747	
90	-1.23741	
91	-1.23712	
92	-1.23706	
93	-1.23689	
94	-1.23685	
95	-1.23691	
96	-1.23709	
97	-1.23704	
98	-1.23716	
99	-1.23751	
100	-1.23789	
101	-1.23851	
102	-1.239	
103	-1.23942	
104	-1.23979	
105	-1.24037	
106	-1.24124	
107	-1.24213	
108	-1.24308	
109	-1.24378	
110	-1.24454	
111	-1.24513	
112	-1.24563	
113	-1.24623	
114	-1.24654	
115	-1.24664	
116	-1.24654	
117	-1.24652	
118	-1.24655	
119	-1.24657	
120	-1.24638	
121	-1.24627	
122	-1.24613	
123	-1.24577	
124	-1.24486	
125	-1.2438	
126	-1.24274	
127	-1.24151	
128	-1.24044	
129	-1.23917	
130	-1.23793	
131	-1.23701	
132	-1.23609	
133	-1.23525	
134	-1.23445	
135	-1.23384	
136	-1.23318	
137	-1.23263	
138	-1.23202	
139	-1.23145	
140	-1.23097	
141	-1.23053	
142	-1.23003	
143	-1.22944	
144	-1.2289	
145	-1.22838	
146	-1.22786	
147	-1.22743	
148	-1.2272	
149	-1.22718	
150	-1.22701	
151	-1.22703	
152	-1.22724	
153	-1.22757	
154	-1.22785	
155	-1.22822	
156	-1.22839	
157	-1.22846	
158	-1.22855	
159	-1.22854	
160	-1.22717	
161	-1.22798	
162	-1.22791	
163	-1.22714	
164	-1.22796	
165	-1.22793	
166	-1.22699	
167	-1.22742	
168	-1.2277	
169	-1.2276	
170	-1.22721	
171	-1.22771	
172	-1.22801	
173	-1.2284	
174	-1.22887	
175	-1.2295	
176	-1.23024	
177	-1.23092	
178	-1.23163	
179	-1.23219	
180	-1.23275	
181	-1.23332	
182	-1.23381	
183	-1.23454	
184	-1.23534	
185	-1.23607	
186	-1.23685	
187	-1.23772	
188	-1.23852	
189	-1.23927	
190	-1.24008	
191	-1.24082	
192	-1.24156	
193	-1.24225	
194	-1.24283	
195	-1.24342	
196	-1.24397	
197	-1.24452	
198	-1.24492	
199	-1.24538	
200	-1.24588	
201	-1.24625	
202	-1.24653	
203	-1.24688	
204	-1.2472	
205	-1.24745	
206	-1.24767	
207	-1.24782	
208	-1.24813	
209	-1.24848	
210	-1.24888	
211	-1.24938	
212	-1.2498	
213	-1.2502	
214	-1.25075	
215	-1.25114	
216	-1.25148	
217	-1.25182	
218	-1.25198	
219	-1.25205	
220	-1.25207	
221	-1.25212	
222	-1.25226	
223	-1.25238	
224	-1.25251	
225	-1.2528	
226	-1.25314	
227	-1.2534	
228	-1.25365	
229	-1.25389	
230	-1.25419	
231	-1.25447	
232	-1.25464	
233	-1.25487	
234	-1.255	
235	-1.2551	
236	-1.2552	
237	-1.25521	
238	-1.25516	
239	-1.25516	
240	-1.2551	
241	-1.25513	
242	-1.25518	
243	-1.25522	
244	-1.25526	
245	-1.25528	
246	-1.25531	
247	-1.25527	
248	-1.25524	
249	-1.25528	
250	-1.25529	
251	-1.25526	
252	-1.25519	
253	-1.25504	
254	-1.25492	
255	-1.25481	
256	-1.25473	
257	-1.25467	
258	-1.25466	
259	-1.25467	
260	-1.2547	
261	-1.2547	
262	-1.25467	
263	-1.25462	
264	-1.25464	
265	-1.25465	
266	-1.25465	
267	-1.25464	
268	-1.25464	
269	-1.25462	
270	-1.25471	
271	-1.25484	
272	-1.25499	
273	-1.25527	
274	-1.25567	
275	-1.2561	
276	-1.25651	
277	-1.25696	
278	-1.25737	
279	-1.25784	
280	-1.25821	
281	-1.25849	
282	-1.25873	
283	-1.2588	
284	-1.25881	
285	-1.25876	
286	-1.25868	
287	-1.2587	
288	-1.25868	
289	-1.25864	
290	-1.25858	
291	-1.25856	
292	-1.25858	
293	-1.25858	
294	-1.25864	
295	-1.25866	
296	-1.25862	
297	-1.25863	
298	-1.25854	
299	-1.2584	
300	-1.25822	
301	-1.25791	
302	-1.25767	
303	-1.25728	
304	-1.25689	
305	-1.25647	
306	-1.25598	
307	-1.2555	
308	-1.25502	
309	-1.25455	
310	-1.25407	
311	-1.25361	
312	-1.25307	
313	-1.25264	
314	-1.25217	
315	-1.25164	
316	-1.25106	
317	-1.25051	
318	-1.24996	
319	-1.24944	
320	-1.24894	
321	-1.24852	
322	-1.24813	
323	-1.24779	
324	-1.24749	
325	-1.24722	
326	-1.24692	
327	-1.24666	
328	-1.24636	
329	-1.24598	
330	-1.24563	
331	-1.24522	
332	-1.24477	
333	-1.24428	
334	-1.24374	
335	-1.24317	
336	-1.24259	
337	-1.24201	
338	-1.24148	
339	-1.24101	
340	-1.24058	
341	-1.24017	
342	-1.23985	
343	-1.23956	
344	-1.23931	
345	-1.23908	
346	-1.23888	
347	-1.23866	
348	-1.2385	
349	-1.23835	
350	-1.23825	
351	-1.23817	
352	-1.23805	
353	-1.23791	
354	-1.23779	
355	-1.23764	
356	-1.23747	
357	-1.23722	
358	-1.23696	
359	-1.23668	
360	-1.23637	
361	-1.23603	
362	-1.2357	
363	-1.23536	
364	-1.23497	
365	-1.23455	
366	-1.23409	
367	-1.23357	
368	-1.23302	
369	-1.23241	
370	-1.23177	
371	-1.23111	
372	-1.23047	
373	-1.22983	
374	-1.2292	
375	-1.22866	
376	-1.22814	
377	-1.22766	
378	-1.2272	
379	-1.22678	
380	-1.22639	
381	-1.22606	
382	-1.22577	
383	-1.22554	
384	-1.22533	
385	-1.2252	
386	-1.22507	
387	-1.22499	
388	-1.22496	
389	-1.2249	
390	-1.22487	
391	-1.22482	
392	-1.22481	
393	-1.22478	
394	-1.22471	
395	-1.22465	
396	-1.22462	
397	-1.2246	
398	-1.22456	
399	-1.22449	
400	-1.22448	
401	-1.22452	
402	-1.22459	
403	-1.22463	
404	-1.22466	
405	-1.22467	
406	-1.22465	
407	-1.22466	
408	-1.22466	
409	-1.22467	
410	-1.22472	
411	-1.22485	
412	-1.22504	
413	-1.22528	
414	-1.22562	
415	-1.22597	
416	-1.22635	
417	-1.22736	
418	-1.22739	
419	-1.22807	
420	-1.22874	
421	-1.22893	
422	-1.2294	
423	-1.2298	
424	-1.23009	
425	-1.23026	
426	-1.23038	
427	-1.23047	
428	-1.23052	
429	-1.23063	
430	-1.23077	
431	-1.23092	
432	-1.2311	
433	-1.23123	
434	-1.23139	
435	-1.23157	
436	-1.23179	
437	-1.232	
438	-1.23219	
439	-1.23236	
440	-1.23255	
441	-1.23269	
442	-1.23281	
443	-1.23295	
444	-1.23308	
445	-1.23317	
446	-1.23322	
447	-1.23322	
448	-1.23321	
449	-1.23318	
450	-1.23314	
451	-1.2331	
452	-1.23307	
453	-1.23301	
454	-1.23297	
455	-1.23294	
456	-1.23292	
457	-1.23286	
458	-1.2328	
459	-1.23271	
460	-1.2326	
461	-1.23243	
462	-1.23226	
463	-1.23209	
464	-1.23192	
465	-1.23174	
466	-1.23155	
467	-1.23136	
468	-1.23118	
469	-1.23102	
470	-1.23087	
471	-1.23076	
472	-1.23065	
473	-1.23053	
474	-1.23043	
475	-1.2303	
476	-1.23015	
477	-1.22999	
478	-1.22984	
479	-1.22972	
480	-1.22997	
481	-1.22944	
482	-1.2295	
483	-1.22949	
484	-1.22966	
485	-1.22959	
486	-1.22957	
487	-1.22954	
488	-1.22948	
489	-1.22935	
490	-1.22918	
491	-1.22901	
492	-1.22882	
493	-1.22862	
494	-1.22845	
495	-1.22825	
496	-1.22804	
497	-1.22783	
498	-1.22761	
499	-1.2274	
500	-1.22722	
501	-1.22705	
502	-1.2269	
503	-1.22677	
504	-1.22666	
505	-1.22658	
506	-1.22649	
507	-1.2264	
508	-1.22631	
509	-1.22621	
510	-1.22609	
511	-1.22593	
512	-1.22574	
513	-1.22551	
514	-1.22525	
515	-1.22498	
516	-1.22468	
517	-1.2244	
518	-1.22413	
519	-1.22386	
520	-1.2236	
521	-1.22338	
522	-1.22319	
523	-1.22303	
524	-1.22292	
525	-1.22284	
526	-1.22275	
527	-1.22269	
528	-1.22263	
529	-1.22257	
530	-1.22254	
531	-1.22254	
532	-1.22256	
533	-1.22253	
534	-1.22247	
535	-1.22239	
536	-1.22229	
537	-1.2222	
538	-1.22209	
539	-1.22198	
540	-1.22187	
541	-1.22175	
542	-1.22165	
543	-1.22156	
544	-1.22148	
545	-1.2214	
546	-1.22135	
547	-1.22132	
548	-1.2213	
549	-1.22131	
550	-1.22133	
551	-1.22134	
552	-1.22136	
553	-1.22142	
554	-1.22147	
555	-1.22152	
556	-1.22157	
557	-1.2216	
558	-1.22166	
559	-1.22173	
560	-1.22183	
561	-1.22198	
562	-1.22217	
563	-1.22235	
564	-1.22252	
565	-1.22269	
566	-1.22285	
567	-1.223	
568	-1.22312	
569	-1.22323	
570	-1.22332	
571	-1.22338	
572	-1.22347	
573	-1.22353	
574	-1.22358	
575	-1.22362	
576	-1.22369	
577	-1.22373	
578	-1.22377	
579	-1.22384	
580	-1.2239	
581	-1.22393	
582	-1.22396	
583	-1.22394	
584	-1.22392	
585	-1.22389	
586	-1.22384	
587	-1.22379	
588	-1.22376	
589	-1.22377	
590	-1.22378	
591	-1.22383	
592	-1.2239	
593	-1.224	
594	-1.22412	
595	-1.22421	
596	-1.22434	
597	-1.22443	
598	-1.22453	
599	-1.22457	
600	-1.22461	
601	-1.22464	
602	-1.22466	
603	-1.2247	
604	-1.22476	
605	-1.22484	
606	-1.22498	
607	-1.22516	
608	-1.22537	
609	-1.22564	
610	-1.22589	
611	-1.22614	
612	-1.22638	
613	-1.22661	
614	-1.22684	
615	-1.22704	
616	-1.22722	
617	-1.22741	
618	-1.22762	
619	-1.22781	
620	-1.22798	
621	-1.22816	
622	-1.22828	
623	-1.22837	
624	-1.22844	
625	-1.22848	
626	-1.22849	
627	-1.22848	
628	-1.22843	
629	-1.22838	
630	-1.22832	
631	-1.22825	
632	-1.22816	
633	-1.22807	
634	-1.22796	
635	-1.22783	
636	-1.2277	
637	-1.22754	
638	-1.22738	
639	-1.22722	
640	-1.22702	
641	-1.22682	
642	-1.22659	
643	-1.22632	
644	-1.22603	
645	-1.22572	
646	-1.22539	
647	-1.22505	
648	-1.22472	
649	-1.22437	
650	-1.22403	
651	-1.22371	
652	-1.22342	
653	-1.22316	
654	-1.22296	
655	-1.22281	
656	-1.2227	
657	-1.22264	
658	-1.22264	
659	-1.22269	
660	-1.22277	
661	-1.22286	
662	-1.22294	
663	-1.22302	
664	-1.22309	
665	-1.22313	
666	-1.22317	
667	-1.22318	
668	-1.2232	
669	-1.22318	
670	-1.22316	
671	-1.22317	
672	-1.22322	
673	-1.22328	
674	-1.22337	
675	-1.22346	
676	-1.22358	
677	-1.22374	
678	-1.22388	
679	-1.22407	
680	-1.22425	
681	-1.22444	
682	-1.22461	
683	-1.22478	
684	-1.22495	
685	-1.22512	
686	-1.22528	
687	-1.22544	
688	-1.22561	
689	-1.22581	
690	-1.22601	
691	-1.2262	
692	-1.2264	
693	-1.22658	
694	-1.22677	
695	-1.22694	
696	-1.2271	
697	-1.22726	
698	-1.22743	
699	-1.2276	
700	-1.22776	
701	-1.22792	
702	-1.22805	
703	-1.22817	
704	-1.22828	
705	-1.22838	
706	-1.22845	
707	-1.22849	
708	-1.22851	
709	-1.22849	
710	-1.2285	
711	-1.22848	
712	-1.22845	
713	-1.22842	
714	-1.22839	
715	-1.22836	
716	-1.22832	
717	-1.22827	
718	-1.22821	
719	-1.22814	
720	-1.22806	
721	-1.22798	
722	-1.22789	
723	-1.2278	
724	-1.22774	
725	-1.22767	
726	-1.22761	
727	-1.22755	
728	-1.2275	
729	-1.22746	
730	-1.22744	
731	-1.22744	
732	-1.22743	
733	-1.22743	
734	-1.22745	
735	-1.22746	
736	-1.2275	
737	-1.22754	
738	-1.22757	
739	-1.22762	
740	-1.22766	
741	-1.22772	
742	-1.2278	
743	-1.22789	
744	-1.22799	
745	-1.22808	
746	-1.22818	
747	-1.22827	
748	-1.22834	
749	-1.22841	
750	-1.22847	
751	-1.2285	
752	-1.22851	
753	-1.22848	
754	-1.22844	
755	-1.22838	
756	-1.22831	
757	-1.22821	
758	-1.22812	
759	-1.22801	
760	-1.22788	
761	-1.22774	
762	-1.2276	
763	-1.22746	
764	-1.22734	
765	-1.22723	
766	-1.22715	
767	-1.2271	
768	-1.22707	
769	-1.22707	
770	-1.22711	
771	-1.22718	
772	-1.22725	
773	-1.22734	
774	-1.22741	
775	-1.2275	
776	-1.2276	
777	-1.22771	
778	-1.2278	
779	-1.22788	
780	-1.22798	
781	-1.22806	
782	-1.22812	
783	-1.22816	
784	-1.22819	
785	-1.2282	
786	-1.22818	
787	-1.22814	
788	-1.22808	
789	-1.22802	
790	-1.22795	
791	-1.22788	
792	-1.22781	
793	-1.22773	
794	-1.22764	
795	-1.22756	
796	-1.22747	
797	-1.22739	
798	-1.22733	
799	-1.22727	
800	-1.22724	
801	-1.22721	
802	-1.2272	
803	-1.22719	
804	-1.2272	
805	-1.2272	
806	-1.22721	
807	-1.22721	
808	-1.22724	
809	-1.22728	
810	-1.22732	
811	-1.22737	
812	-1.22745	
813	-1.22753	
814	-1.22763	
815	-1.22772	
816	-1.22782	
817	-1.22791	
818	-1.22802	
819	-1.2281	
820	-1.22818	
821	-1.22824	
822	-1.2283	
823	-1.22836	
824	-1.22844	
825	-1.22853	
826	-1.22864	
827	-1.22876	
828	-1.22889	
829	-1.22868	
830	-1.22907	
831	-1.22925	
832	-1.2294	
833	-1.22957	
834	-1.22976	
835	-1.22992	
836	-1.23007	
837	-1.23022	
838	-1.23037	
839	-1.23053	
840	-1.23069	
841	-1.23085	
842	-1.23103	
843	-1.23115	
844	-1.23162	
845	-1.2315	
846	-1.23188	
847	-1.23166	
848	-1.2321	
849	-1.23205	
850	-1.23227	
851	-1.23208	
852	-1.23216	
853	-1.23223	
854	-1.23231	
855	-1.23241	
856	-1.23253	
857	-1.23266	
858	-1.23283	
859	-1.23299	
860	-1.23313	
861	-1.23325	
862	-1.23337	
863	-1.23348	
864	-1.23359	
865	-1.23369	
866	-1.23377	
867	-1.23386	
868	-1.23393	
869	-1.23397	
870	-1.234	
871	-1.23402	
872	-1.23403	
873	-1.23401	
874	-1.23396	
875	-1.23391	
876	-1.23384	
877	-1.23377	
878	-1.23368	
879	-1.23359	
880	-1.23349	
881	-1.23341	
882	-1.23333	
883	-1.23325	
884	-1.23318	
885	-1.23312	
886	-1.23305	
887	-1.233	
888	-1.23295	
889	-1.23291	
890	-1.23289	
891	-1.23289	
892	-1.23292	
893	-1.23297	
894	-1.23303	
895	-1.23311	
896	-1.23322	
897	-1.23334	
898	-1.23348	
899	-1.23362	
900	-1.23377	
901	-1.23392	
902	-1.23404	
903	-1.23415	
904	-1.23423	
905	-1.23429	
906	-1.23432	
907	-1.23434	
908	-1.23433	
909	-1.2343	
910	-1.23424	
911	-1.23416	
912	-1.23408	
913	-1.23399	
914	-1.23391	
915	-1.23385	
916	-1.23381	
917	-1.2338	
918	-1.23382	
919	-1.23384	
920	-1.23389	
921	-1.23395	
922	-1.23401	
923	-1.23405	
924	-1.2341	
925	-1.23415	
926	-1.23417	
927	-1.23419	
928	-1.23421	
929	-1.23422	
930	-1.23422	
931	-1.23421	
932	-1.23421	
933	-1.23419	
934	-1.23418	
935	-1.23418	
936	-1.23416	
937	-1.23413	
938	-1.23409	
939	-1.23405	
940	-1.23402	
941	-1.23398	
942	-1.23395	
943	-1.23391	
944	-1.23387	
945	-1.23382	
946	-1.23378	
947	-1.23372	
948	-1.23367	
949	-1.23361	
950	-1.23354	
951	-1.23346	
952	-1.23339	
953	-1.23333	
954	-1.23327	
955	-1.23321	
956	-1.23316	
957	-1.23312	
958	-1.23309	
959	-1.23308	
960	-1.23307	
961	-1.23307	
962	-1.23309	
963	-1.23311	
964	-1.23314	
965	-1.23317	
966	-1.23321	
967	-1.23325	
968	-1.23329	
969	-1.23334	
970	-1.23338	
971	-1.23343	
972	-1.23348	
973	-1.23353	
974	-1.23356	
975	-1.23361	
976	-1.23363	
977	-1.23365	
978	-1.23365	
979	-1.23366	
980	-1.23368	
981	-1.23369	
982	-1.2337	
983	-1.23368	
984	-1.23368	
985	-1.23367	
986	-1.23365	
987	-1.23364	
988	-1.23363	
989	-1.23363	
990	-1.23364	
991	-1.23367	
992	-1.23371	
993	-1.23378	
994	-1.23385	
995	-1.23393	
996	-1.23403	
997	-1.23413	
998	-1.23424	
999	-1.23435	
1000	-1.23447	
1001	-1.23458	
1002	-1.23469	
1003	-1.2348	
1004	-1.23491	
1005	-1.23502	
1006	-1.23512	
1007	-1.23523	
1008	-1.23534	
1009	-1.23544	
1010	-1.23553	
1011	-1.23561	
1012	-1.23569	
1013	-1.23576	
1014	-1.23582	
1015	-1.23587	
1016	-1.23593	
1017	-1.23597	
1018	-1.23603	
1019	-1.23608	
1020	-1.23614	
1021	-1.2362	
1022	-1.23625	
1023	-1.2363	
1024	-1.23634	
1025	-1.23638	
1026	-1.23641	
1027	-1.23642	
1028	-1.23643	
1029	-1.23642	
1030	-1.23642	
1031	-1.23642	
1032	-1.2364	
1033	-1.23639	
1034	-1.23638	
1035	-1.23638	
1036	-1.23639	
1037	-1.23641	
1038	-1.23644	
1039	-1.2365	
1040	-1.23657	
1041	-1.23666	
1042	-1.23676	
1043	-1.2369	
1044	-1.23703	
1045	-1.23718	
1046	-1.23733	
1047	-1.23749	
1048	-1.23765	
1049	-1.23782	
1050	-1.238	
1051	-1.23818	
1052	-1.23835	
1053	-1.23851	
1054	-1.23866	
1055	-1.2388	
1056	-1.23892	
1057	-1.23903	
1058	-1.23912	
1059	-1.23919	
1060	-1.23926	
1061	-1.23932	
1062	-1.23939	
1063	-1.23948	
1064	-1.23959	
1065	-1.23972	
1066	-1.23987	
1067	-1.24002	
1068	-1.24018	
1069	-1.24035	
1070	-1.2405	
1071	-1.24065	
1072	-1.24078	
1073	-1.24088	
1074	-1.24094	
1075	-1.24098	
1076	-1.24097	
1077	-1.24092	
1078	-1.24083	
1079	-1.24073	
1080	-1.24061	
1081	-1.24047	
1082	-1.24034	
1083	-1.24021	
1084	-1.2401	
1085	-1.23999	
1086	-1.23988	
1087	-1.2398	
1088	-1.23971	
1089	-1.23963	
1090	-1.23956	
1091	-1.2395	
1092	-1.23945	
1093	-1.2394	
1094	-1.23936	
1095	-1.23932	
1096	-1.23928	
1097	-1.23926	
1098	-1.23923	
1099	-1.23921	
1100	-1.23919	
1101	-1.23917	
1102	-1.23916	
1103	-1.23916	
1104	-1.23918	
1105	-1.2392	
1106	-1.23923	
1107	-1.23928	
1108	-1.23934	
1109	-1.23938	
1110	-1.23943	
1111	-1.23948	
1112	-1.23953	
1113	-1.23957	
1114	-1.23962	
1115	-1.23968	
1116	-1.23974	
1117	-1.23981	
1118	-1.23987	
1119	-1.23993	
1120	-1.23999	
1121	-1.24002	
1122	-1.24004	
1123	-1.24005	
1124	-1.24005	
1125	-1.24004	
1126	-1.24003	
1127	-1.24001	
1128	-1.23999	
1129	-1.23996	
1130	-1.23992	
1131	-1.23989	
1132	-1.23986	
1133	-1.23983	
1134	-1.23981	
1135	-1.23978	
1136	-1.23976	
1137	-1.23973	
1138	-1.2397	
1139	-1.23967	
1140	-1.23964	
1141	-1.2396	
1142	-1.23957	
1143	-1.23953	
1144	-1.23949	
1145	-1.23944	
1146	-1.23937	
1147	-1.23931	
1148	-1.23924	
1149	-1.23915	
1150	-1.23906	
1151	-1.23897	
1152	-1.23888	
1153	-1.23879	
1154	-1.23872	
1155	-1.23865	
1156	-1.23858	
1157	-1.23854	
1158	-1.23851	
1159	-1.23848	
1160	-1.23848	
1161	-1.23848	
1162	-1.23848	
1163	-1.23849	
1164	-1.23849	
1165	-1.2385	
1166	-1.2385	
1167	-1.23849	
1168	-1.23847	
1169	-1.23844	
1170	-1.23841	
1171	-1.23837	
1172	-1.23833	
1173	-1.23829	
1174	-1.23825	
1175	-1.23821	
1176	-1.23816	
1177	-1.23811	
1178	-1.23807	
1179	-1.23802	
1180	-1.23798	
1181	-1.23793	
1182	-1.23788	
1183	-1.23783	
1184	-1.23778	
1185	-1.23772	
1186	-1.23766	
1187	-1.23758	
1188	-1.23751	
1189	-1.23742	
1190	-1.23733	
1191	-1.23725	
1192	-1.23716	
1193	-1.23706	
1194	-1.23694	
1195	-1.23683	
1196	-1.2367	
1197	-1.23657	
1198	-1.23643	
1199	-1.23628	
1200	-1.23611	
1201	-1.23594	
1202	-1.23575	
1203	-1.23556	
1204	-1.23535	
1205	-1.23515	
1206	-1.23495	
1207	-1.23475	
1208	-1.23457	
1209	-1.23441	
1210	-1.23427	
1211	-1.23415	
1212	-1.23405	
1213	-1.23396	
1214	-1.23389	
1215	-1.23384	
1216	-1.23378	
1217	-1.23374	
1218	-1.23369	
1219	-1.23365	
1220	-1.23362	
1221	-1.2336	
1222	-1.23359	
1223	-1.23358	
1224	-1.23357	
1225	-1.23356	
1226	-1.23355	
1227	-1.23353	
1228	-1.23352	
1229	-1.23351	
1230	-1.23349	
1231	-1.23348	
1232	-1.23348	
1233	-1.23346	
1234	-1.23345	
1235	-1.23342	
1236	-1.23339	
1237	-1.23337	
1238	-1.23333	
1239	-1.2333	
1240	-1.23328	
1241	-1.23326	
1242	-1.23326	
1243	-1.23327	
1244	-1.23328	
1245	-1.2333	
1246	-1.23332	
1247	-1.23335	
1248	-1.23339	
1249	-1.23342	
1250	-1.23347	
1251	-1.23351	
1252	-1.23354	
1253	-1.23358	
1254	-1.2336	
1255	-1.2336	
1256	-1.23358	
1257	-1.23354	
1258	-1.23349	
1259	-1.23343	
1260	-1.23335	
1261	-1.23327	
1262	-1.23319	
1263	-1.2331	
1264	-1.23302	
1265	-1.23293	
1266	-1.23284	
1267	-1.23276	
1268	-1.23269	
1269	-1.23261	
1270	-1.23254	
1271	-1.23247	
1272	-1.23241	
1273	-1.23235	
1274	-1.2323	
1275	-1.23228	
1276	-1.23226	
1277	-1.23224	
1278	-1.23225	
1279	-1.23226	
1280	-1.23227	
1281	-1.23229	
1282	-1.2323	
1283	-1.23231	
1284	-1.23231	
1285	-1.23231	
1286	-1.2323	
1287	-1.23229	
1288	-1.23228	
1289	-1.23227	
1290	-1.23225	
1291	-1.23224	
1292	-1.23223	
1293	-1.23223	
1294	-1.23224	
1295	-1.23225	
1296	-1.23227	
1297	-1.23229	
1298	-1.2323	
1299	-1.23232	
1300	-1.23236	
1301	-1.2324	
1302	-1.23246	
1303	-1.23253	
1304	-1.23261	
1305	-1.23269	
1306	-1.23278	
1307	-1.23288	
1308	-1.23299	
1309	-1.23308	
1310	-1.23316	
1311	-1.23324	
1312	-1.23332	
1313	-1.2334	
1314	-1.23349	
1315	-1.23357	
1316	-1.23365	
1317	-1.23373	
1318	-1.23382	
1319	-1.23391	
1320	-1.23398	
1321	-1.23404	
1322	-1.23409	
1323	-1.23412	
1324	-1.23415	
1325	-1.23416	
1326	-1.23417	
1327	-1.23418	
1328	-1.23418	
1329	-1.23419	
1330	-1.23421	
1331	-1.23424	
1332	-1.23428	
1333	-1.23433	
1334	-1.2344	
1335	-1.23446	
1336	-1.23453	
1337	-1.23459	
1338	-1.23464	
1339	-1.23469	
1340	-1.23472	
1341	-1.23473	
1342	-1.23474	
1343	-1.23473	
1344	-1.23472	
1345	-1.23471	
1346	-1.23471	
1347	-1.23471	
1348	-1.23473	
1349	-1.23476	
1350	-1.23479	
1351	-1.23483	
1352	-1.23489	
1353	-1.23496	
1354	-1.23504	
1355	-1.23511	
1356	-1.23519	
1357	-1.23526	
1358	-1.23533	
1359	-1.23539	
1360	-1.23544	
1361	-1.23549	
1362	-1.23553	
1363	-1.23557	
1364	-1.23561	
1365	-1.23564	
1366	-1.23568	
1367	-1.23572	
1368	-1.23578	
1369	-1.23584	
1370	-1.23591	
1371	-1.23599	
1372	-1.23607	
1373	-1.23615	
1374	-1.23625	
1375	-1.23634	
1376	-1.23642	
1377	-1.23651	
1378	-1.2366	
1379	-1.23668	
1380	-1.23676	
1381	-1.23684	
1382	-1.23692	
1383	-1.237	
1384	-1.23708	
1385	-1.23715	
1386	-1.23722	
1387	-1.23727	
1388	-1.23731	
1389	-1.23733	
1390	-1.23733	
1391	-1.23734	
1392	-1.23734	
1393	-1.23735	
1394	-1.23736	
1395	-1.23737	
1396	-1.2374	
1397	-1.23742	
1398	-1.23744	
1399	-1.23745	
1400	-1.23747	
1401	-1.23748	
1402	-1.23748	
1403	-1.23748	
1404	-1.23747	
1405	-1.23745	
1406	-1.23743	
1407	-1.23741	
1408	-1.23738	
1409	-1.23733	
1410	-1.23728	
1411	-1.23722	
1412	-1.23714	
1413	-1.23708	
1414	-1.23702	
1415	-1.23695	
1416	-1.23689	
1417	-1.23684	
1418	-1.23678	
1419	-1.23672	
1420	-1.23666	
1421	-1.2366	
1422	-1.23654	
1423	-1.23648	
1424	-1.23641	
1425	-1.23634	
1426	-1.23628	
1427	-1.23621	
1428	-1.23615	
1429	-1.23609	
1430	-1.23603	
1431	-1.23597	
1432	-1.23592	
1433	-1.23588	
1434	-1.23584	
1435	-1.2358	
1436	-1.23576	
1437	-1.23574	
1438	-1.23572	
1439	-1.23572	
1440	-1.23572	
1441	-1.23573	
1442	-1.23575	
1443	-1.23577	
1444	-1.2358	
1445	-1.23583	
1446	-1.23586	
1447	-1.23588	
1448	-1.23589	
1449	-1.23589	
1450	-1.23589	
1451	-1.23587	
1452	-1.23585	
1453	-1.23583	
1454	-1.2358	
1455	-1.23576	
1456	-1.23572	
1457	-1.23566	
1458	-1.23561	
1459	-1.23555	
1460	-1.23548	
1461	-1.23541	
1462	-1.23534	
1463	-1.23527	
1464	-1.2352	
1465	-1.23514	
1466	-1.23508	
1467	-1.23501	
1468	-1.23495	
1469	-1.23488	
1470	-1.23482	
1471	-1.23476	
1472	-1.23471	
1473	-1.23466	
1474	-1.23462	
1475	-1.23458	
1476	-1.23455	
1477	-1.23453	
1478	-1.23451	
1479	-1.2345	
1480	-1.23448	
1481	-1.23446	
1482	-1.23444	
1483	-1.23443	
1484	-1.23443	
1485	-1.23443	
1486	-1.23443	
1487	-1.23444	
1488	-1.23444	
1489	-1.23443	
1490	-1.23443	
1491	-1.23442	
1492	-1.23441	
1493	-1.23439	
1494	-1.23438	
1495	-1.23436	
1496	-1.23434	
1497	-1.23433	
1498	-1.23432	
1499	-1.23431	
1500	-1.2343	
1501	-1.2343	
1502	-1.23429	
1503	-1.23427	
1504	-1.23424	
1505	-1.23421	
1506	-1.23415	
1507	-1.23409	
1508	-1.234	
1509	-1.23391	
1510	-1.23382	
1511	-1.23372	
1512	-1.23363	
1513	-1.23354	
1514	-1.23345	
1515	-1.23338	
1516	-1.2333	
1517	-1.23323	
1518	-1.23317	
1519	-1.2331	
1520	-1.23304	
1521	-1.23298	
1522	-1.23291	
1523	-1.23286	
1524	-1.2328	
1525	-1.23274	
1526	-1.23269	
1527	-1.23266	
1528	-1.23263	
1529	-1.2326	
1530	-1.23259	
1531	-1.23258	
1532	-1.23259	
1533	-1.23261	
1534	-1.23263	
1535	-1.23266	
1536	-1.23269	
1537	-1.23272	
1538	-1.23275	
1539	-1.23276	
1540	-1.23277	
1541	-1.23276	
1542	-1.23274	
1543	-1.2327	
1544	-1.23265	
1545	-1.2326	
1546	-1.23254	
1547	-1.23248	
1548	-1.23243	
1549	-1.23238	
1550	-1.23234	
1551	-1.2323	
1552	-1.23227	
1553	-1.23223	
1554	-1.23222	
1555	-1.2322	
1556	-1.23219	
1557	-1.23218	
1558	-1.23219	
1559	-1.23218	
1560	-1.23218	
1561	-1.23219	
1562	-1.23219	
1563	-1.2322	
1564	-1.2322	
1565	-1.2322	
1566	-1.2322	
1567	-1.23219	
1568	-1.23217	
1569	-1.23214	
1570	-1.23211	
1571	-1.23207	
1572	-1.23204	
1573	-1.232	
1574	-1.23196	
1575	-1.23193	
1576	-1.23189	
1577	-1.23185	
1578	-1.23182	
1579	-1.23178	
1580	-1.23174	
1581	-1.2317	
1582	-1.23164	
1583	-1.23157	
1584	-1.23151	
1585	-1.23145	
1586	-1.23139	
1587	-1.23134	
1588	-1.23128	
1589	-1.23123	
1590	-1.23117	
1591	-1.23112	
1592	-1.23106	
1593	-1.23101	
1594	-1.23094	
1595	-1.23088	
1596	-1.23081	
1597	-1.23074	
1598	-1.23067	
1599	-1.2306	
1600	-1.23052	
1601	-1.23044	
1602	-1.23037	
1603	-1.2303	
1604	-1.23022	
1605	-1.23016	
1606	-1.2301	
1607	-1.23005	
1608	-1.23001	
1609	-1.22997	
1610	-1.22993	
1611	-1.2299	
1612	-1.22988	
1613	-1.22986	
1614	-1.22984	
1615	-1.22982	
1616	-1.22981	
1617	-1.22979	
1618	-1.22977	
1619	-1.22974	
1620	-1.22972	
1621	-1.2297	
1622	-1.22968	
1623	-1.22965	
1624	-1.22962	
1625	-1.22959	
1626	-1.22956	
1627	-1.22954	
1628	-1.22952	
1629	-1.22949	
1630	-1.22946	
1631	-1.22944	
1632	-1.22941	
1633	-1.22939	
1634	-1.22937	
1635	-1.22936	
1636	-1.22936	
1637	-1.22936	
1638	-1.22938	
1639	-1.22942	
1640	-1.22946	
1641	-1.22951	
1642	-1.22957	
1643	-1.22965	
1644	-1.22974	
1645	-1.22984	
1646	-1.22995	
1647	-1.23005	
1648	-1.23016	
1649	-1.23027	
1650	-1.23036	
1651	-1.23044	
1652	-1.23051	
1653	-1.23057	
1654	-1.23062	
1655	-1.23064	
1656	-1.23065	
1657	-1.23065	
1658	-1.23065	
1659	-1.23063	
1660	-1.23061	
1661	-1.23058	
1662	-1.23055	
1663	-1.23051	
1664	-1.23047	
1665	-1.23042	
1666	-1.23036	
1667	-1.23031	
1668	-1.23026	
1669	-1.23021	
1670	-1.23016	
1671	-1.23013	
1672	-1.2301	
1673	-1.23009	
1674	-1.23013	
1675	-1.23011	
1676	-1.23006	
1677	-1.23004	
1678	-1.23001	
1679	-1.23002	
1680	-1.23	
1681	-1.22999	
1682	-1.22996	
1683	-1.22995	
1684	-1.22993	
1685	-1.22992	
1686	-1.22991	
1687	-1.22991	
1688	-1.22992	
1689	-1.22992	
1690	-1.22994	
1691	-1.22996	
1692	-1.22999	
1693	-1.23002	
1694	-1.23007	
1695	-1.23011	
1696	-1.23014	
1697	-1.23018	
1698	-1.23022	
1699	-1.23024	
1700	-1.23025	
1701	-1.23024	
1702	-1.23023	
1703	-1.2302	
1704	-1.23017	
1705	-1.23014	
1706	-1.2301	
1707	-1.23008	
1708	-1.23007	
1709	-1.23007	
1710	-1.23008	
1711	-1.23009	
1712	-1.2301	
1713	-1.23011	
1714	-1.23012	
1715	-1.23013	
1716	-1.23015	
1717	-1.23015	
1718	-1.23016	
1719	-1.23016	
1720	-1.23017	
1721	-1.23017	
1722	-1.23017	
1723	-1.23017	
1724	-1.23016	
1725	-1.23015	
1726	-1.23014	
1727	-1.23013	
1728	-1.23011	
1729	-1.23009	
1730	-1.23006	
1731	-1.23003	
1732	-1.23	
1733	-1.22996	
1734	-1.22991	
1735	-1.22986	
1736	-1.22982	
1737	-1.22977	
1738	-1.22974	
1739	-1.2297	
1740	-1.22966	
1741	-1.22963	
1742	-1.2296	
1743	-1.22958	
1744	-1.22955	
1745	-1.22952	
1746	-1.2295	
1747	-1.22946	
1748	-1.22941	
1749	-1.22936	
1750	-1.2293	
1751	-1.22924	
1752	-1.22919	
1753	-1.22913	
1754	-1.22906	
1755	-1.22899	
1756	-1.22891	
1757	-1.22883	
1758	-1.22874	
1759	-1.22865	
1760	-1.22855	
1761	-1.22844	
1762	-1.22833	
1763	-1.22822	
1764	-1.2281	
1765	-1.22798	
1766	-1.22786	
1767	-1.22775	
1768	-1.22764	
1769	-1.22754	
1770	-1.22745	
1771	-1.22736	
1772	-1.22729	
1773	-1.22723	
1774	-1.22718	
1775	-1.22714	
1776	-1.22711	
1777	-1.22708	
1778	-1.22705	
1779	-1.22702	
1780	-1.227	
1781	-1.22697	
1782	-1.22695	
1783	-1.22692	
1784	-1.2269	
1785	-1.22688	
1786	-1.22686	
1787	-1.22685	
1788	-1.22683	
1789	-1.22679	
1790	-1.22676	
1791	-1.22672	
1792	-1.22668	
1793	-1.22663	
1794	-1.22659	
1795	-1.22653	
1796	-1.22648	
1797	-1.22641	
1798	-1.22634	
1799	-1.22628	
1800	-1.22622	
1801	-1.22616	
1802	-1.22611	
1803	-1.22608	
1804	-1.22605	
1805	-1.22603	
1806	-1.22601	
1807	-1.226	
1808	-1.22599	
1809	-1.22598	
1810	-1.22596	
1811	-1.22594	
1812	-1.22592	
1813	-1.22589	
1814	-1.22587	
1815	-1.22585	
1816	-1.22583	
1817	-1.22581	
1818	-1.2258	
1819	-1.2258	
1820	-1.2258	
1821	-1.2258	
1822	-1.22581	
1823	-1.22581	
1824	-1.22582	
1825	-1.22582	
1826	-1.22583	
1827	-1.22584	
1828	-1.22585	
1829	-1.22586	
1830	-1.22588	
1831	-1.2259	
1832	-1.22592	
1833	-1.22595	
1834	-1.22597	
1835	-1.22599	
1836	-1.22601	
1837	-1.22604	
1838	-1.22606	
1839	-1.22608	
1840	-1.2261	
1841	-1.22611	
1842	-1.22613	
1843	-1.22613	
1844	-1.22614	
1845	-1.22614	
1846	-1.22614	
1847	-1.22614	
1848	-1.22613	
1849	-1.22612	
1850	-1.2261	
1851	-1.22607	
1852	-1.22604	
1853	-1.22601	
1854	-1.22597	
1855	-1.22593	
1856	-1.22589	
1857	-1.22585	
1858	-1.22579	
1859	-1.22574	
1860	-1.22569	
1861	-1.22564	
1862	-1.22559	
1863	-1.22554	
1864	-1.22549	
1865	-1.22544	
1866	-1.2254	
1867	-1.22536	
1868	-1.22531	
1869	-1.22525	
1870	-1.22519	
1871	-1.22512	
1872	-1.22505	
1873	-1.22496	
1874	-1.22486	
1875	-1.22475	
1876	-1.22464	
1877	-1.22453	
1878	-1.22441	
1879	-1.2243	
1880	-1.22419	
1881	-1.22409	
1882	-1.224	
1883	-1.22392	
1884	-1.22384	
1885	-1.22377	
1886	-1.2237	
1887	-1.22362	
1888	-1.22355	
1889	-1.22349	
1890	-1.22343	
1891	-1.22337	
1892	-1.22332	
1893	-1.22329	
1894	-1.22328	
1895	-1.22327	
1896	-1.22327	
1897	-1.22329	
1898	-1.22331	
1899	-1.22334	
1900	-1.22337	
1901	-1.22341	
1902	-1.22345	
1903	-1.22349	
1904	-1.22353	
1905	-1.22356	
1906	-1.2236	
1907	-1.22363	
1908	-1.22366	
1909	-1.22369	
1910	-1.22371	
1911	-1.22372	
1912	-1.22373	
1913	-1.22373	
1914	-1.22372	
1915	-1.22371	
1916	-1.2237	
1917	-1.22368	
1918	-1.22367	
1919	-1.22367	
1920	-1.22367	
1921	-1.22368	
1922	-1.22369	
1923	-1.2237	
1924	-1.22371	
1925	-1.22372	
1926	-1.22373	
1927	-1.22373	
1928	-1.22373	
1929	-1.22372	
1930	-1.2237	
1931	-1.22369	
1932	-1.22368	
1933	-1.22367	
1934	-1.22366	
1935	-1.22365	
1936	-1.22364	
1937	-1.22364	
1938	-1.22364	
1939	-1.22363	
1940	-1.22363	
1941	-1.22362	
1942	-1.22362	
1943	-1.22362	
1944	-1.22362	
1945	-1.22362	
1946	-1.22363	
1947	-1.22365	
1948	-1.22366	
1949	-1.22368	
1950	-1.22371	
1951	-1.22374	
1952	-1.22377	
1953	-1.22381	
1954	-1.22384	
1955	-1.22388	
1956	-1.22393	
1957	-1.22396	
1958	-1.22401	
1959	-1.22406	
1960	-1.22411	
1961	-1.22416	
1962	-1.22422	
1963	-1.22427	
1964	-1.22433	
1965	-1.22439	
1966	-1.22444	
1967	-1.22449	
1968	-1.22454	
1969	-1.22459	
1970	-1.22463	
1971	-1.22468	
1972	-1.22472	
1973	-1.22476	
1974	-1.2248	
1975	-1.22484	
1976	-1.22487	
1977	-1.22489	
1978	-1.22492	
1979	-1.22493	
1980	-1.22495	
1981	-1.22497	
1982	-1.22498	
1983	-1.22499	
1984	-1.225	
1985	-1.225	
1986	-1.22501	
1987	-1.22502	
1988	-1.22503	
1989	-1.22503	
1990	-1.22503	
1991	-1.22502	
1992	-1.225	
1993	-1.22498	
1994	-1.22497	
1995	-1.22495	
1996	-1.22494	
1997	-1.22493	
1998	-1.22493	
1999	-1.22492	
2000	-1.22491	
2001	-1.22491	
2002	-1.2249	
2003	-1.22489	
2004	-1.22487	
2005	-1.22485	
2006	-1.22482	
2007	-1.2248	
2008	-1.22477	
2009	-1.22475	
2010	-1.22474	
2011	-1.22473	
2012	-1.22473	
2013	-1.22473	
2014	-1.22474	
2015	-1.22476	
2016	-1.22478	
2017	-1.2248	
2018	-1.22482	
2019	-1.22484	
2020	-1.22486	
2021	-1.22488	
2022	-1.2249	
2023	-1.22492	
2024	-1.22493	
2025	-1.22495	
2026	-1.22499	
2027	-1.22501	
2028	-1.22505	
2029	-1.22508	
2030	-1.22512	
2031	-1.22515	
2032	-1.22518	
2033	-1.22521	
2034	-1.22524	
2035	-1.22527	
2036	-1.22529	
2037	-1.22531	
2038	-1.22532	
2039	-1.22533	
2040	-1.22533	
2041	-1.22533	
2042	-1.22532	
2043	-1.22531	
2044	-1.2253	
2045	-1.22529	
2046	-1.22529	
2047	-1.22529	
2048	-1.22529	
2049	-1.2253	
2050	-1.2253	
2051	-1.2253	
2052	-1.22529	
2053	-1.22528	
2054	-1.22527	
2055	-1.22525	
2056	-1.22523	
2057	-1.22521	
2058	-1.22518	
2059	-1.22517	
2060	-1.22516	
2061	-1.22515	
2062	-1.22514	
2063	-1.22513	
2064	-1.22513	
2065	-1.22513	
2066	-1.22513	
2067	-1.22513	
2068	-1.22514	
2069	-1.22514	
2070	-1.22515	
2071	-1.22515	
2072	-1.22516	
2073	-1.22516	
2074	-1.22517	
2075	-1.22517	
2076	-1.22517	
2077	-1.22517	
2078	-1.22517	
2079	-1.22518	
2080	-1.22518	
2081	-1.22519	
2082	-1.22519	
2083	-1.2252	
2084	-1.22519	
2085	-1.22519	
2086	-1.22519	
2087	-1.22519	
2088	-1.22518	
2089	-1.22518	
2090	-1.22518	
2091	-1.22517	
2092	-1.22516	
2093	-1.22515	
2094	-1.22514	
2095	-1.22513	
2096	-1.22512	
2097	-1.22509	
2098	-1.22507	
2099	-1.22503	
2100	-1.22499	
2101	-1.22495	
2102	-1.22491	
2103	-1.22487	
2104	-1.22483	
2105	-1.2248	
2106	-1.22477	
2107	-1.22475	
2108	-1.22474	
2109	-1.22473	
2110	-1.22474	
2111	-1.22475	
2112	-1.22478	
2113	-1.2248	
2114	-1.22483	
2115	-1.22486	
2116	-1.2249	
2117	-1.22493	
2118	-1.22495	
2119	-1.22497	
2120	-1.22499	
2121	-1.22501	
2122	-1.22502	
2123	-1.22502	
2124	-1.22502	
2125	-1.22501	
2126	-1.22501	
2127	-1.225	
2128	-1.22499	
2129	-1.22499	
2130	-1.22499	
2131	-1.225	
2132	-1.22501	
2133	-1.22503	
2134	-1.22504	
2135	-1.22506	
2136	-1.22508	
2137	-1.22509	
2138	-1.22511	
2139	-1.22512	
2140	-1.22513	
2141	-1.22514	
2142	-1.22514	
2143	-1.22514	
2144	-1.22514	
2145	-1.22514	
2146	-1.22514	
2147	-1.22515	
2148	-1.22515	
2149	-1.22516	
2150	-1.22519	
2151	-1.22521	
2152	-1.22524	
2153	-1.22526	
2154	-1.22529	
2155	-1.22531	
2156	-1.22533	
2157	-1.22534	
2158	-1.22535	
2159	-1.22535	
2160	-1.22534	
2161	-1.22533	
2162	-1.22532	
2163	-1.22531	
2164	-1.2253	
2165	-1.2253	
2166	-1.2253	
2167	-1.22532	
2168	-1.22535	
2169	-1.2254	
2170	-1.22546	
2171	-1.22553	
2172	-1.22561	
2173	-1.22568	
2174	-1.22575	
2175	-1.22582	
2176	-1.22589	
2177	-1.22596	
2178	-1.22603	
2179	-1.2261	
2180	-1.22617	
2181	-1.22625	
2182	-1.22634	
2183	-1.22643	
2184	-1.22652	
2185	-1.22663	
2186	-1.22673	
2187	-1.22683	
2188	-1.22693	
2189	-1.22702	
2190	-1.22711	
2191	-1.22719	
2192	-1.22726	
2193	-1.22733	
2194	-1.22739	
2195	-1.22745	
2196	-1.2275	
2197	-1.22755	
2198	-1.22758	
2199	-1.2276	
2200	-1.22748	
2201	-1.22749	
2202	-1.22749	
2203	-1.22748	
2204	-1.22749	
2205	-1.22749	
2206	-1.2275	
2207	-1.2275	
2208	-1.2275	
2209	-1.22749	
2210	-1.22749	
2211	-1.22748	
2212	-1.22748	
2213	-1.22747	
2214	-1.22746	
2215	-1.22745	
2216	-1.22743	
2217	-1.22741	
2218	-1.22739	
2219	-1.22736	
2220	-1.22734	
2221	-1.22731	
2222	-1.22729	
2223	-1.22727	
2224	-1.22727	
2225	-1.22727	
2226	-1.22728	
2227	-1.22729	
2228	-1.22732	
2229	-1.22734	
2230	-1.22738	
2231	-1.22741	
2232	-1.22744	
2233	-1.22749	
2234	-1.22753	
2235	-1.22758	
2236	-1.22764	
2237	-1.2277	
2238	-1.22776	
2239	-1.22783	
2240	-1.22789	
2241	-1.22796	
2242	-1.22802	
2243	-1.22808	
2244	-1.22814	
2245	-1.22819	
2246	-1.22823	
2247	-1.22827	
2248	-1.2283	
2249	-1.22832	
2250	-1.22834	
2251	-1.22835	
2252	-1.22836	
2253	-1.22837	
2254	-1.22838	
2255	-1.22839	
2256	-1.2284	
2257	-1.22842	
2258	-1.22844	
2259	-1.22845	
2260	-1.22846	
2261	-1.22846	
2262	-1.22845	
2263	-1.22844	
2264	-1.22842	
2265	-1.2284	
2266	-1.22838	
2267	-1.22836	
2268	-1.22833	
2269	-1.2283	
2270	-1.22828	
2271	-1.22826	
2272	-1.22824	
2273	-1.22823	
2274	-1.22822	
2275	-1.22821	
2276	-1.22819	
2277	-1.22816	
2278	-1.22813	
2279	-1.2281	
2280	-1.22806	
2281	-1.22801	
2282	-1.22798	
2283	-1.22794	
2284	-1.22792	
2285	-1.22791	
2286	-1.22791	
2287	-1.22793	
2288	-1.22796	
2289	-1.22799	
2290	-1.22803	
2291	-1.22807	
2292	-1.22811	
2293	-1.22816	
2294	-1.22821	
2295	-1.22826	
2296	-1.22831	
2297	-1.22836	
2298	-1.22841	
2299	-1.22844	
2300	-1.22848	
2301	-1.22851	
2302	-1.22853	
2303	-1.22855	
2304	-1.22855	
2305	-1.22855	
2306	-1.22855	
2307	-1.22854	
2308	-1.22853	
2309	-1.22852	
2310	-1.22851	
2311	-1.2285	
2312	-1.2285	
2313	-1.22849	
2314	-1.22849	
2315	-1.2285	
2316	-1.22851	
2317	-1.22853	
2318	-1.22856	
2319	-1.2286	
2320	-1.22866	
2321	-1.22872	
2322	-1.22878	
2323	-1.22885	
2324	-1.22893	
2325	-1.229	
2326	-1.22907	
2327	-1.22915	
2328	-1.22922	
2329	-1.22929	
2330	-1.22937	
2331	-1.22944	
2332	-1.22951	
2333	-1.22958	
2334	-1.22964	
2335	-1.2297	
2336	-1.22975	
2337	-1.2298	
2338	-1.22985	
2339	-1.22989	
2340	-1.22994	
2341	-1.22999	
2342	-1.23003	
2343	-1.23006	
2344	-1.23007	
2345	-1.23008	
2346	-1.23008	
2347	-1.23007	
2348	-1.23004	
2349	-1.23001	
2350	-1.22997	
2351	-1.22993	
2352	-1.22989	
2353	-1.22985	
2354	-1.22981	
2355	-1.22978	
2356	-1.22975	
2357	-1.22973	
2358	-1.22972	
2359	-1.22972	
2360	-1.22973	
2361	-1.22974	
2362	-1.22976	
2363	-1.22978	
2364	-1.2298	
2365	-1.22983	
2366	-1.22986	
2367	-1.22988	
2368	-1.22991	
2369	-1.22994	
2370	-1.22997	
2371	-1.23	
2372	-1.23004	
2373	-1.23007	
2374	-1.2301	
2375	-1.23013	
2376	-1.23016	
2377	-1.2302	
2378	-1.23023	
2379	-1.23026	
2380	-1.23029	
2381	-1.23031	
2382	-1.23034	
2383	-1.23037	
2384	-1.2304	
2385	-1.23042	
2386	-1.23046	
2387	-1.23049	
2388	-1.23053	
2389	-1.23058	
2390	-1.23063	
2391	-1.23069	
2392	-1.23075	
2393	-1.23081	
2394	-1.23087	
2395	-1.23093	
2396	-1.231	
2397	-1.23106	
2398	-1.23113	
2399	-1.23119	
2400	-1.23126	
2401	-1.23132	
2402	-1.23138	
2403	-1.23142	
2404	-1.23146	
2405	-1.2315	
2406	-1.23152	
2407	-1.23153	
2408	-1.23153	
2409	-1.23154	
2410	-1.23154	
2411	-1.23153	
2412	-1.23152	
2413	-1.23151	
2414	-1.2315	
2415	-1.23149	
2416	-1.23148	
2417	-1.23148	
2418	-1.23147	
2419	-1.23148	
2420	-1.23148	
2421	-1.23148	
2422	-1.23148	
2423	-1.23148	
2424	-1.23149	
2425	-1.23149	
2426	-1.23149	
2427	-1.23149	
2428	-1.2315	
2429	-1.2315	
2430	-1.23151	
2431	-1.23152	
2432	-1.23153	
2433	-1.23154	
2434	-1.23154	
2435	-1.23155	
2436	-1.23155	
2437	-1.23155	
2438	-1.23156	
2439	-1.23155	
2440	-1.23155	
2441	-1.23155	
2442	-1.23154	
2443	-1.23154	
2444	-1.23153	
2445	-1.23152	
2446	-1.23151	
2447	-1.23149	
2448	-1.23147	
2449	-1.23145	
2450	-1.23143	
2451	-1.2314	
2452	-1.23137	
2453	-1.23134	
2454	-1.2313	
2455	-1.23127	
2456	-1.23123	
2457	-1.23119	
2458	-1.23115	
2459	-1.23111	
2460	-1.23108	
2461	-1.23104	
2462	-1.23101	
2463	-1.23099	
2464	-1.23097	
2465	-1.23095	
2466	-1.23095	
2467	-1.23094	
2468	-1.23094	
2469	-1.23094	
2470	-1.23095	
2471	-1.23095	
2472	-1.23095	
2473	-1.23094	
2474	-1.23093	
2475	-1.23091	
2476	-1.23089	
2477	-1.23086	
2478	-1.23084	
2479	-1.23083	
2480	-1.23082	
2481	-1.23082	
2482	-1.23082	
2483	-1.23083	
2484	-1.23085	
2485	-1.23086	
2486	-1.23088	
2487	-1.2309	
2488	-1.23091	
2489	-1.23092	
2490	-1.23092	
2491	-1.23091	
2492	-1.2309	
2493	-1.23089	
2494	-1.23087	
2495	-1.23086	
2496	-1.23084	
2497	-1.23084	
2498	-1.23084	
2499	-1.23086	
2500	-1.23088	
2501	-1.23091	
2502	-1.23095	
2503	-1.231	
2504	-1.23104	
2505	-1.23109	
2506	-1.23115	
2507	-1.2312	
2508	-1.23126	
2509	-1.23131	
2510	-1.23137	
2511	-1.23143	
2512	-1.2315	
2513	-1.23157	
2514	-1.23164	
2515	-1.23172	
2516	-1.23181	
2517	-1.2319	
2518	-1.232	
2519	-1.2321	
2520	-1.23221	
2521	-1.23232	
2522	-1.23243	
2523	-1.23254	
2524	-1.23265	
2525	-1.23275	
2526	-1.23284	
2527	-1.23293	
2528	-1.23301	
2529	-1.23309	
2530	-1.23317	
2531	-1.23324	
2532	-1.2333	
2533	-1.23336	
2534	-1.23341	
2535	-1.23347	
2536	-1.23352	
2537	-1.23357	
2538	-1.23364	
2539	-1.2337	
2540	-1.23378	
2541	-1.23385	
2542	-1.23393	
2543	-1.23402	
2544	-1.2341	
2545	-1.23419	
2546	-1.23427	
2547	-1.23434	
2548	-1.23441	
2549	-1.23446	
2550	-1.23451	
2551	-1.23456	
2552	-1.23461	
2553	-1.23465	
2554	-1.2347	
2555	-1.23475	
2556	-1.2348	
2557	-1.23485	
2558	-1.23491	
2559	-1.23498	
2560	-1.23505	
2561	-1.23513	
2562	-1.23521	
2563	-1.2353	
2564	-1.23544	
2565	-1.23559	
2566	-1.23581	
2567	-1.23584	
2568	-1.23594	
2569	-1.23604	
2570	-1.23615	
2571	-1.23627	
2572	-1.23639	
2573	-1.23652	
2574	-1.23665	
2575	-1.23678	
2576	-1.23691	
2577	-1.23704	
2578	-1.23716	
2579	-1.23728	
2580	-1.23739	
2581	-1.2375	
2582	-1.2376	
2583	-1.2377	
2584	-1.2378	
2585	-1.23789	
2586	-1.23797	
2587	-1.23805	
2588	-1.23812	
2589	-1.23819	
2590	-1.23825	
2591	-1.23831	
2592	-1.23837	
2593	-1.23843	
2594	-1.23849	
2595	-1.23857	
2596	-1.23864	
2597	-1.23872	
2598	-1.2388	
2599	-1.23888	
2600	-1.23897	
2601	-1.23905	
2602	-1.23914	
2603	-1.23922	
2604	-1.2393	
2605	-1.23937	
2606	-1.23944	
2607	-1.2395	
2608	-1.23956	
2609	-1.2396	
2610	-1.23964	
2611	-1.23968	
2612	-1.23971	
2613	-1.23974	
2614	-1.23977	
2615	-1.2398	
2616	-1.23983	
2617	-1.23987	
2618	-1.23991	
2619	-1.23996	
2620	-1.24001	
2621	-1.24008	
2622	-1.24015	
2623	-1.24022	
2624	-1.2403	
2625	-1.24039	
2626	-1.24047	
2627	-1.24054	
2628	-1.24062	
2629	-1.24068	
2630	-1.24074	
2631	-1.2408	
2632	-1.24085	
2633	-1.2409	
2634	-1.24094	
2635	-1.24097	
2636	-1.241	
2637	-1.24102	
2638	-1.24103	
2639	-1.24104	
2640	-1.24104	
2641	-1.24104	
2642	-1.24104	
2643	-1.24104	
2644	-1.24104	
2645	-1.24104	
2646	-1.24104	
2647	-1.24103	
2648	-1.24102	
2649	-1.24102	
2650	-1.24101	
2651	-1.241	
2652	-1.24098	
2653	-1.24097	
2654	-1.24095	
2655	-1.24093	
2656	-1.24091	
2657	-1.24089	
2658	-1.24087	
2659	-1.24084	
2660	-1.24081	
2661	-1.24079	
2662	-1.24077	
2663	-1.24076	
2664	-1.24074	
2665	-1.24074	
2666	-1.24073	
2667	-1.24072	
2668	-1.24072	
2669	-1.24071	
2670	-1.24071	
2671	-1.24071	
2672	-1.24071	
2673	-1.24071	
2674	-1.24071	
2675	-1.24072	
2676	-1.24072	
2677	-1.24073	
2678	-1.24073	
2679	-1.24073	
2680	-1.24072	
2681	-1.24071	
2682	-1.24069	
2683	-1.24067	
2684	-1.24064	
2685	-1.24061	
2686	-1.24057	
2687	-1.24053	
2688	-1.24048	
2689	-1.24044	
2690	-1.2404	
2691	-1.24037	
2692	-1.24033	
2693	-1.2403	
2694	-1.24028	
2695	-1.24027	
2696	-1.24026	
2697	-1.24025	
2698	-1.24026	
2699	-1.24026	
2700	-1.24027	
2701	-1.24029	
2702	-1.2403	
2703	-1.24032	
2704	-1.24034	
2705	-1.24037	
2706	-1.24039	
2707	-1.24042	
2708	-1.24045	
2709	-1.24049	
2710	-1.24052	
2711	-1.24056	
2712	-1.2406	
2713	-1.24063	
2714	-1.24066	
2715	-1.24068	
2716	-1.2407	
2717	-1.24071	
2718	-1.24071	
2719	-1.2407	
2720	-1.24069	
2721	-1.24067	
2722	-1.24065	
2723	-1.24063	
2724	-1.24061	
2725	-1.24059	
2726	-1.24057	
2727	-1.24056	
2728	-1.24054	
2729	-1.24052	
2730	-1.2405	
2731	-1.24049	
2732	-1.24047	
2733	-1.24045	
2734	-1.24042	
2735	-1.2404	
2736	-1.24037	
2737	-1.24035	
2738	-1.24032	
2739	-1.2403	
2740	-1.24028	
2741	-1.24026	
2742	-1.24025	
2743	-1.24024	
2744	-1.24023	
2745	-1.24023	
2746	-1.24023	
2747	-1.24024	
2748	-1.24024	
2749	-1.24025	
2750	-1.24026	
2751	-1.24027	
2752	-1.24028	
2753	-1.24029	
2754	-1.24031	
2755	-1.24032	
2756	-1.24033	
2757	-1.24034	
2758	-1.24035	
2759	-1.24036	
2760	-1.24036	
2761	-1.24037	
2762	-1.24038	
2763	-1.24039	
2764	-1.2404	
2765	-1.2404	
2766	-1.24041	
2767	-1.24042	
2768	-1.24042	
2769	-1.24042	
2770	-1.24041	
2771	-1.2404	
2772	-1.24039	
2773	-1.24038	
2774	-1.24037	
2775	-1.24036	
2776	-1.24035	
2777	-1.24035	
2778	-1.24036	
2779	-1.24037	
2780	-1.24039	
2781	-1.24041	
2782	-1.24044	
2783	-1.24046	
2784	-1.24048	
2785	-1.2405	
2786	-1.24052	
2787	-1.24054	
2788	-1.24055	
2789	-1.24057	
2790	-1.24058	
2791	-1.24059	
2792	-1.2406	
2793	-1.24061	
2794	-1.24061	
2795	-1.24062	
2796	-1.24062	
2797	-1.24062	
2798	-1.24062	
2799	-1.24062	
2800	-1.2406	
2801	-1.24059	
2802	-1.24057	
2803	-1.24054	
2804	-1.24051	
2805	-1.24047	
2806	-1.24043	
2807	-1.2404	
2808	-1.24037	
2809	-1.24033	
2810	-1.2403	
2811	-1.24026	
2812	-1.24022	
2813	-1.24018	
2814	-1.24013	
2815	-1.24008	
2816	-1.24003	
2817	-1.23998	
2818	-1.23993	
2819	-1.23987	
2820	-1.23982	
2821	-1.23977	
2822	-1.23972	
2823	-1.23968	
2824	-1.23964	
2825	-1.23959	
2826	-1.23955	
2827	-1.2395	
2828	-1.23946	
2829	-1.23941	
2830	-1.23936	
2831	-1.23931	
2832	-1.23925	
2833	-1.2392	
2834	-1.23914	
2835	-1.23909	
2836	-1.23903	
2837	-1.23898	
2838	-1.23893	
2839	-1.23888	
2840	-1.23883	
2841	-1.23878	
2842	-1.23874	
2843	-1.2387	
2844	-1.23868	
2845	-1.23866	
2846	-1.23866	
2847	-1.23867	
2848	-1.23869	
2849	-1.23872	
2850	-1.23875	
2851	-1.23878	
2852	-1.23883	
2853	-1.23888	
2854	-1.23894	
2855	-1.239	
2856	-1.23907	
2857	-1.23914	
2858	-1.23921	
2859	-1.23928	
2860	-1.23935	
2861	-1.23942	
2862	-1.23948	
2863	-1.23953	
2864	-1.23957	
2865	-1.23961	
2866	-1.23964	
2867	-1.23966	
2868	-1.23969	
2869	-1.23972	
2870	-1.23975	
2871	-1.23978	
2872	-1.23981	
2873	-1.23984	
2874	-1.23986	
2875	-1.23988	
2876	-1.23989	
2877	-1.23989	
2878	-1.23989	
2879	-1.23988	
2880	-1.23987	
2881	-1.23986	
2882	-1.23984	
2883	-1.23982	
2884	-1.23979	
2885	-1.23978	
2886	-1.23976	
2887	-1.23974	
2888	-1.23972	
2889	-1.23971	
2890	-1.23969	
2891	-1.23968	
2892	-1.23966	
2893	-1.23965	
2894	-1.23963	
2895	-1.23962	
2896	-1.23961	
2897	-1.2396	
2898	-1.23958	
2899	-1.23957	
2900	-1.23957	
2901	-1.23955	
2902	-1.23954	
2903	-1.23953	
2904	-1.23951	
2905	-1.23949	
2906	-1.23947	
2907	-1.23944	
2908	-1.23941	
2909	-1.23939	
2910	-1.23936	
2911	-1.23933	
2912	-1.2393	
2913	-1.23927	
2914	-1.23925	
2915	-1.23922	
2916	-1.23919	
2917	-1.23917	
2918	-1.23914	
2919	-1.23912	
2920	-1.2391	
2921	-1.23908	
2922	-1.23906	
2923	-1.23904	
2924	-1.23902	
2925	-1.239	
2926	-1.23898	
2927	-1.23896	
2928	-1.23894	
2929	-1.23892	
2930	-1.2389	
2931	-1.23887	
2932	-1.23884	
2933	-1.23882	
2934	-1.23879	
2935	-1.23875	
2936	-1.23873	
2937	-1.2387	
2938	-1.23867	
2939	-1.23865	
2940	-1.23862	
2941	-1.23859	
2942	-1.23856	
2943	-1.23853	
2944	-1.23849	
2945	-1.23846	
2946	-1.23842	
2947	-1.23839	
2948	-1.23835	
2949	-1.23832	
2950	-1.2383	
2951	-1.23828	
2952	-1.23826	
2953	-1.23825	
2954	-1.23824	
2955	-1.23824	
2956	-1.23824	
2957	-1.23824	
2958	-1.23825	
2959	-1.23825	
2960	-1.23826	
2961	-1.23827	
2962	-1.23827	
2963	-1.23827	
2964	-1.23827	
2965	-1.23826	
2966	-1.23825	
2967	-1.23825	
2968	-1.23824	
2969	-1.23823	
2970	-1.23823	
2971	-1.23822	
2972	-1.23821	
2973	-1.2382	
2974	-1.23819	
2975	-1.23817	
2976	-1.23816	
2977	-1.23813	
2978	-1.2381	
2979	-1.23807	
2980	-1.23804	
2981	-1.23801	
2982	-1.23797	
2983	-1.23794	
2984	-1.2379	
2985	-1.23787	
2986	-1.23784	
2987	-1.23781	
2988	-1.23779	
2989	-1.23778	
2990	-1.23778	
2991	-1.23778	
2992	-1.23779	
2993	-1.2378	
2994	-1.23782	
2995	-1.23784	
2996	-1.23787	
2997	-1.23789	
2998	-1.23791	
2999	-1.23793	
3000	-1.23794	
3001	-1.23794	
3002	-1.23795	
3003	-1.23795	
3004	-1.23795	
3005	-1.23795	
3006	-1.23795	
3007	-1.23797	
3008	-1.23798	
3009	-1.23801	
3010	-1.23803	
3011	-1.23807	
3012	-1.23809	
3013	-1.23812	
3014	-1.23815	
3015	-1.23817	
3016	-1.23819	
3017	-1.2382	
3018	-1.2382	
3019	-1.23821	
3020	-1.23821	
3021	-1.2382	
3022	-1.23819	
3023	-1.23817	
3024	-1.23816	
3025	-1.23814	
3026	-1.23813	
3027	-1.2381	
3028	-1.23809	
3029	-1.23806	
3030	-1.23805	
3031	-1.23803	
3032	-1.23801	
3033	-1.238	
3034	-1.23799	
3035	-1.23798	
3036	-1.23798	
3037	-1.23798	
3038	-1.23798	
3039	-1.23799	
3040	-1.23799	
3041	-1.23799	
3042	-1.23799	
3043	-1.238	
3044	-1.238	
3045	-1.238	
3046	-1.23801	
3047	-1.23802	
3048	-1.23802	
3049	-1.23802	
3050	-1.23801	
3051	-1.238	
3052	-1.23799	
3053	-1.23797	
3054	-1.23795	
3055	-1.23792	
3056	-1.23788	
3057	-1.23784	
3058	-1.2378	
3059	-1.23775	
3060	-1.23771	
3061	-1.23766	
3062	-1.23762	
3063	-1.23759	
3064	-1.23755	
3065	-1.23752	
3066	-1.23749	
3067	-1.23746	
3068	-1.23743	
3069	-1.2374	
3070	-1.23737	
3071	-1.23733	
3072	-1.23729	
3073	-1.23725	
3074	-1.23721	
3075	-1.23717	
3076	-1.23712	
3077	-1.23706	
3078	-1.23701	
3079	-1.23695	
3080	-1.23688	
3081	-1.23681	
3082	-1.23673	
3083	-1.23665	
3084	-1.23658	
3085	-1.23651	
3086	-1.23643	
3087	-1.23636	
3088	-1.23629	
3089	-1.23622	
3090	-1.23616	
3091	-1.2361	
3092	-1.23604	
3093	-1.236	
3094	-1.23596	
3095	-1.23592	
3096	-1.2359	
3097	-1.23588	
3098	-1.23586	
3099	-1.23586	
3100	-1.23585	
3101	-1.23584	
3102	-1.23583	
3103	-1.23582	
3104	-1.23581	
3105	-1.2358	
3106	-1.23579	
3107	-1.23577	
3108	-1.23575	
3109	-1.23573	
3110	-1.2357	
3111	-1.23568	
3112	-1.23565	
3113	-1.23563	
3114	-1.23561	
3115	-1.23559	
3116	-1.23557	
3117	-1.23556	
3118	-1.23555	
3119	-1.23554	
3120	-1.23553	
3121	-1.23553	
3122	-1.23553	
3123	-1.23553	
3124	-1.23553	
3125	-1.23553	
3126	-1.23553	
3127	-1.23554	
3128	-1.23554	
3129	-1.23555	
3130	-1.23556	
3131	-1.23557	
3132	-1.23558	
3133	-1.2356	
3134	-1.23562	
3135	-1.23563	
3136	-1.23565	
3137	-1.23567	
3138	-1.23569	
3139	-1.2357	
3140	-1.23572	
3141	-1.23573	
3142	-1.23575	
3143	-1.23576	
3144	-1.23578	
3145	-1.23579	
3146	-1.2358	
3147	-1.23581	
3148	-1.23581	
3149	-1.23581	
3150	-1.23582	
3151	-1.23582	
3152	-1.23583	
3153	-1.23584	
3154	-1.23585	
3155	-1.23586	
3156	-1.23588	
3157	-1.23589	
3158	-1.23591	
3159	-1.23592	
3160	-1.23594	
3161	-1.23596	
3162	-1.23597	
3163	-1.23599	
3164	-1.23602	
3165	-1.23604	
3166	-1.23607	
3167	-1.23611	
3168	-1.23615	
3169	-1.23619	
3170	-1.23622	
3171	-1.23626	
3172	-1.23629	
3173	-1.23632	
3174	-1.23635	
3175	-1.23638	
3176	-1.23641	
3177	-1.23643	
3178	-1.23645	
3179	-1.23647	
3180	-1.23649	
3181	-1.2365	
3182	-1.23651	
3183	-1.23652	
3184	-1.23652	
3185	-1.23653	
3186	-1.23653	
3187	-1.23653	
3188	-1.23652	
3189	-1.23652	
3190	-1.23651	
3191	-1.23651	
3192	-1.2365	
3193	-1.23649	
3194	-1.23648	
3195	-1.23647	
3196	-1.23647	
3197	-1.23647	
3198	-1.23647	
3199	-1.23648	
3200	-1.23648	
3201	-1.23648	
3202	-1.23648	
3203	-1.23649	
3204	-1.23649	
3205	-1.2365	
3206	-1.2365	
3207	-1.2365	
3208	-1.23651	
3209	-1.23651	
3210	-1.23652	
3211	-1.23652	
3212	-1.23653	
3213	-1.23653	
3214	-1.23654	
3215	-1.23655	
3216	-1.23656	
3217	-1.23657	
3218	-1.23658	
3219	-1.23659	
3220	-1.2366	
3221	-1.23661	
3222	-1.23661	
3223	-1.23661	
3224	-1.23661	
3225	-1.23661	
3226	-1.23661	
3227	-1.2366	
3228	-1.2366	
3229	-1.23659	
3230	-1.23659	
3231	-1.23659	
3232	-1.23659	
3233	-1.23659	
3234	-1.2366	
3235	-1.2366	
3236	-1.23661	
3237	-1.23661	
3238	-1.2366	
3239	-1.2366	
3240	-1.23659	
3241	-1.23657	
3242	-1.23656	
3243	-1.23654	
3244	-1.23652	
3245	-1.23651	
3246	-1.2365	
3247	-1.23649	
3248	-1.23648	
3249	-1.23648	
3250	-1.23648	
3251	-1.23648	
3252	-1.23649	
3253	-1.2365	
3254	-1.2365	
3255	-1.2365	
3256	-1.2365	
3257	-1.2365	
3258	-1.2365	
3259	-1.2365	
3260	-1.23649	
3261	-1.23648	
3262	-1.23646	
3263	-1.23645	
3264	-1.23643	
3265	-1.23642	
3266	-1.2364	
3267	-1.23639	
3268	-1.23638	
3269	-1.23637	
3270	-1.23636	
3271	-1.23636	
3272	-1.23637	
3273	-1.23637	
3274	-1.23639	
3275	-1.23641	
3276	-1.23644	
3277	-1.23647	
3278	-1.2365	
3279	-1.23654	
3280	-1.23658	
3281	-1.23661	
3282	-1.23664	
3283	-1.23667	
3284	-1.23669	
3285	-1.2367	
3286	-1.2367	
3287	-1.2367	
3288	-1.23669	
3289	-1.23668	
3290	-1.23666	
3291	-1.23663	
3292	-1.2366	
3293	-1.23657	
3294	-1.23653	
3295	-1.2365	
3296	-1.23646	
3297	-1.23642	
3298	-1.23638	
3299	-1.23634	
3300	-1.23631	
3301	-1.23627	
3302	-1.23624	
3303	-1.2362	
3304	-1.23616	
3305	-1.23612	
3306	-1.23608	
3307	-1.23604	
3308	-1.23599	
3309	-1.23595	
3310	-1.2359	
3311	-1.23586	
3312	-1.23581	
3313	-1.23577	
3314	-1.23573	
3315	-1.2357	
3316	-1.23567	
3317	-1.23565	
3318	-1.23562	
3319	-1.2356	
3320	-1.23559	
3321	-1.23557	
3322	-1.23556	
3323	-1.23555	
3324	-1.23553	
3325	-1.23551	
3326	-1.23549	
3327	-1.23547	
3328	-1.23544	
3329	-1.23541	
3330	-1.23537	
3331	-1.23533	
3332	-1.23529	
3333	-1.23525	
3334	-1.23521	
3335	-1.23516	
3336	-1.23512	
3337	-1.23508	
3338	-1.23503	
3339	-1.23499	
3340	-1.23495	
3341	-1.23491	
3342	-1.23486	
3343	-1.23483	
3344	-1.23479	
3345	-1.23475	
3346	-1.23472	
3347	-1.23468	
3348	-1.23465	
3349	-1.23462	
3350	-1.23459	
3351	-1.23456	
3352	-1.23452	
3353	-1.23449	
3354	-1.23445	
3355	-1.2344	
3356	-1.23436	
3357	-1.23432	
3358	-1.23428	
3359	-1.23424	
3360	-1.23419	
3361	-1.23414	
3362	-1.23409	
3363	-1.23404	
3364	-1.234	
3365	-1.23395	
3366	-1.23391	
3367	-1.23387	
3368	-1.23384	
3369	-1.23381	
3370	-1.23378	
3371	-1.23376	
3372	-1.23374	
3373	-1.23372	
3374	-1.23372	
3375	-1.23371	
3376	-1.23371	
3377	-1.23372	
3378	-1.23373	
3379	-1.23375	
3380	-1.23377	
3381	-1.23379	
3382	-1.23381	
3383	-1.23384	
3384	-1.23386	
3385	-1.23388	
3386	-1.2339	
3387	-1.23392	
3388	-1.23394	
3389	-1.23396	
3390	-1.23398	
3391	-1.234	
3392	-1.23403	
3393	-1.23406	
3394	-1.23409	
3395	-1.23413	
3396	-1.23417	
3397	-1.23421	
3398	-1.23425	
3399	-1.23429	
3400	-1.23432	
3401	-1.23436	
3402	-1.23439	
3403	-1.23442	
3404	-1.23445	
3405	-1.23447	
3406	-1.2345	
3407	-1.23451	
3408	-1.23452	
3409	-1.23453	
3410	-1.23452	
3411	-1.23452	
3412	-1.23451	
3413	-1.23449	
3414	-1.23447	
3415	-1.23444	
3416	-1.23441	
3417	-1.23438	
3418	-1.23434	
3419	-1.2343	
3420	-1.23426	
3421	-1.23421	
3422	-1.23417	
3423	-1.23412	
3424	-1.23407	
3425	-1.23403	
3426	-1.23398	
3427	-1.23394	
3428	-1.23391	
3429	-1.23387	
3430	-1.23385	
3431	-1.23383	
3432	-1.23381	
3433	-1.23381	
3434	-1.23381	
3435	-1.23382	
3436	-1.23383	
3437	-1.23385	
3438	-1.23387	
3439	-1.2339	
3440	-1.23393	
3441	-1.23395	
3442	-1.23398	
3443	-1.234	
3444	-1.23402	
3445	-1.23404	
3446	-1.23406	
3447	-1.23407	
3448	-1.23408	
3449	-1.23408	
3450	-1.23409	
3451	-1.23409	
3452	-1.23409	
3453	-1.2341	
3454	-1.2341	
3455	-1.23411	
3456	-1.23412	
3457	-1.23413	
3458	-1.23414	
3459	-1.23414	
3460	-1.23415	
3461	-1.23421	
3462	-1.23425	
3463	-1.23426	
3464	-1.23426	
3465	-1.23427	
3466	-1.23428	
3467	-1.23429	
3468	-1.23429	
3469	-1.23429	
3470	-1.23429	
3471	-1.23429	
3472	-1.23428	
3473	-1.23428	
3474	-1.23427	
3475	-1.23426	
3476	-1.23424	
3477	-1.23422	
3478	-1.23419	
3479	-1.23415	
3480	-1.23411	
3481	-1.23407	
3482	-1.23402	
3483	-1.23397	
3484	-1.23392	
3485	-1.23387	
3486	-1.23383	
3487	-1.23378	
3488	-1.23374	
3489	-1.23371	
3490	-1.23368	
3491	-1.23366	
3492	-1.23365	
3493	-1.23364	
3494	-1.23364	
3495	-1.23365	
3496	-1.23366	
3497	-1.23369	
3498	-1.23372	
3499	-1.23375	
3500	-1.23379	
3501	-1.23383	
3502	-1.23388	
3503	-1.23393	
3504	-1.23398	
3505	-1.23404	
3506	-1.23409	
3507	-1.23414	
3508	-1.23419	
3509	-1.23423	
3510	-1.23427	
3511	-1.23431	
3512	-1.23435	
3513	-1.23438	
3514	-1.23441	
3515	-1.23444	
3516	-1.23446	
3517	-1.23449	
3518	-1.23451	
3519	-1.23452	
3520	-1.23454	
3521	-1.23455	
3522	-1.23456	
3523	-1.23457	
3524	-1.23458	
3525	-1.23459	
3526	-1.23458	
3527	-1.23458	
3528	-1.23457	
3529	-1.23455	
3530	-1.23453	
3531	-1.2345	
3532	-1.23447	
3533	-1.23444	
3534	-1.23441	
3535	-1.23438	
3536	-1.23435	
3537	-1.23431	
3538	-1.23428	
3539	-1.23424	
3540	-1.23421	
3541	-1.23417	
3542	-1.23413	
3543	-1.2341	
3544	-1.23406	
3545	-1.23403	
3546	-1.234	
3547	-1.23396	
3548	-1.23393	
3549	-1.2339	
3550	-1.23387	
3551	-1.23384	
3552	-1.23381	
3553	-1.23378	
3554	-1.23375	
3555	-1.23372	
3556	-1.23369	
3557	-1.23366	
3558	-1.23363	
3559	-1.2336	
3560	-1.23358	
3561	-1.23356	
3562	-1.23354	
3563	-1.23352	
3564	-1.2335	
3565	-1.23349	
3566	-1.23349	
3567	-1.23348	
3568	-1.23348	
3569	-1.23348	
3570	-1.23349	
3571	-1.23349	
3572	-1.2335	
3573	-1.23351	
3574	-1.23352	
3575	-1.23354	
3576	-1.23355	
3577	-1.23356	
3578	-1.23357	
3579	-1.23358	
3580	-1.23359	
3581	-1.23359	
3582	-1.23359	
3583	-1.23359	
3584	-1.23359	
3585	-1.23359	
3586	-1.23359	
3587	-1.23359	
3588	-1.23359	
3589	-1.23359	
3590	-1.2336	
3591	-1.23361	
3592	-1.23362	
3593	-1.23364	
3594	-1.23365	
3595	-1.23367	
3596	-1.23368	
3597	-1.2337	
3598	-1.23372	
3599	-1.23373	
3600	-1.23374	
3601	-1.23375	
3602	-1.23376	
3603	-1.23376	
3604	-1.23376	
3605	-1.23376	
3606	-1.23376	
3607	-1.23375	
3608	-1.23375	
3609	-1.23374	
3610	-1.23373	
3611	-1.23372	
3612	-1.23371	
3613	-1.2337	
3614	-1.23369	
3615	-1.23369	
3616	-1.23369	
3617	-1.23369	
3618	-1.2337	
3619	-1.23371	
3620	-1.23372	
3621	-1.23374	
3622	-1.23376	
3623	-1.23378	
3624	-1.23381	
3625	-1.23383	
3626	-1.23386	
3627	-1.23388	
3628	-1.2339	
3629	-1.23392	
3630	-1.23394	
3631	-1.23395	
3632	-1.23397	
3633	-1.23399	
3634	-1.23401	
3635	-1.23403	
3636	-1.23405	
3637	-1.23408	
3638	-1.23411	
3639	-1.23413	
3640	-1.23417	
3641	-1.2342	
3642	-1.23424	
3643	-1.23428	
3644	-1.23431	
3645	-1.23434	
3646	-1.23437	
3647	-1.2344	
3648	-1.23443	
3649	-1.23445	
3650	-1.23447	
3651	-1.23449	
3652	-1.23451	
3653	-1.23453	
3654	-1.23455	
3655	-1.23456	
3656	-1.23458	
3657	-1.2346	
3658	-1.23461	
3659	-1.23462	
3660	-1.23463	
3661	-1.23463	
3662	-1.23463	
3663	-1.23463	
3664	-1.23463	
3665	-1.23462	
3666	-1.23461	
3667	-1.2346	
3668	-1.23458	
3669	-1.23457	
3670	-1.23455	
3671	-1.23453	
3672	-1.23452	
3673	-1.23451	
3674	-1.23451	
3675	-1.23451	
3676	-1.23451	
3677	-1.23452	
3678	-1.23453	
3679	-1.23454	
3680	-1.23456	
3681	-1.23457	
3682	-1.23459	
3683	-1.2346	
3684	-1.23462	
3685	-1.23464	
3686	-1.23466	
3687	-1.23468	
3688	-1.23469	
3689	-1.23471	
3690	-1.23473	
3691	-1.23475	
3692	-1.23477	
3693	-1.23478	
3694	-1.23479	
3695	-1.2348	
3696	-1.23481	
3697	-1.23481	
3698	-1.23481	
3699	-1.2348	
3700	-1.23479	
3701	-1.23477	
3702	-1.23476	
3703	-1.23474	
3704	-1.23473	
3705	-1.23472	
3706	-1.23472	
3707	-1.23472	
3708	-1.23471	
3709	-1.23471	
3710	-1.23471	
3711	-1.23471	
3712	-1.2347	
3713	-1.2347	
3714	-1.2347	
3715	-1.2347	
3716	-1.23471	
3717	-1.23472	
3718	-1.23473	
3719	-1.23474	
3720	-1.23476	
3721	-1.23478	
3722	-1.2348	
3723	-1.23482	
3724	-1.23484	
3725	-1.23485	
3726	-1.23486	
3727	-1.23486	
3728	-1.23486	
3729	-1.23485	
3730	-1.23484	
3731	-1.23482	
3732	-1.2348	
3733	-1.23478	
3734	-1.23476	
3735	-1.23473	
3736	-1.23471	
3737	-1.23468	
3738	-1.23465	
3739	-1.23461	
3740	-1.23457	
3741	-1.23454	
3742	-1.2345	
3743	-1.23447	
3744	-1.23445	
3745	-1.23442	
3746	-1.2344	
3747	-1.23439	
3748	-1.23438	
3749	-1.23437	
3750	-1.23436	
3751	-1.23435	
3752	-1.23434	
3753	-1.23433	
3754	-1.23431	
3755	-1.23429	
3756	-1.23427	
3757	-1.23426	
3758	-1.23424	
3759	-1.23422	
3760	-1.23421	
3761	-1.2342	
3762	-1.2342	
3763	-1.2342	
3764	-1.2342	
3765	-1.23421	
3766	-1.23421	
3767	-1.23423	
3768	-1.23424	
3769	-1.23425	
3770	-1.23426	
3771	-1.23427	
3772	-1.23428	
3773	-1.23429	
3774	-1.2343	
3775	-1.2343	
3776	-1.2343	
3777	-1.23429	
3778	-1.23429	
3779	-1.23428	
3780	-1.23427	
3781	-1.23425	
3782	-1.23424	
3783	-1.23423	
3784	-1.23422	
3785	-1.23422	
3786	-1.23421	
3787	-1.23421	
3788	-1.23421	
3789	-1.23421	
3790	-1.23422	
3791	-1.23422	
3792	-1.23423	
3793	-1.23424	
3794	-1.23425	
3795	-1.23425	
3796	-1.23426	
3797	-1.23427	
3798	-1.23428	
3799	-1.23429	
3800	-1.23429	
3801	-1.23429	
3802	-1.23429	
3803	-1.23429	
3804	-1.23429	
3805	-1.23428	
3806	-1.23427	
3807	-1.23426	
3808	-1.23425	
3809	-1.23424	
3810	-1.23423	
3811	-1.23422	
3812	-1.23421	
3813	-1.23421	
3814	-1.23421	
3815	-1.23421	
3816	-1.23422	
3817	-1.23423	
3818	-1.23424	
3819	-1.23425	
3820	-1.23427	
3821	-1.23428	
3822	-1.2343	
3823	-1.23432	
3824	-1.23434	
3825	-1.23436	
3826	-1.23438	
3827	-1.23439	
3828	-1.23441	
3829	-1.23442	
3830	-1.23442	
3831	-1.23443	
3832	-1.23443	
3833	-1.23443	
3834	-1.23443	
3835	-1.23443	
3836	-1.23444	
3837	-1.23444	
3838	-1.23445	
3839	-1.23445	
3840	-1.23446	
3841	-1.23446	
3842	-1.23446	
3843	-1.23445	
3844	-1.23444	
3845	-1.23442	
3846	-1.23439	
3847	-1.23435	
3848	-1.23431	
3849	-1.23427	
3850	-1.23422	
3851	-1.23418	
3852	-1.23414	
3853	-1.23411	
3854	-1.23408	
3855	-1.23405	
3856	-1.23403	
3857	-1.23402	
3858	-1.234	
3859	-1.23399	
3860	-1.23398	
3861	-1.23397	
3862	-1.23397	
3863	-1.23396	
3864	-1.23395	
3865	-1.23394	
3866	-1.23393	
3867	-1.23391	
3868	-1.23389	
3869	-1.23387	
3870	-1.23385	
3871	-1.23382	
3872	-1.2338	
3873	-1.23377	
3874	-1.23376	
3875	-1.23374	
3876	-1.23374	
3877	-1.23374	
3878	-1.23375	
3879	-1.23376	
3880	-1.23378	
3881	-1.2338	
3882	-1.23383	
3883	-1.23385	
3884	-1.23388	
3885	-1.2339	
3886	-1.23393	
3887	-1.23395	
3888	-1.23398	
3889	-1.234	
3890	-1.23402	
3891	-1.23404	
3892	-1.23406	
3893	-1.23407	
3894	-1.23408	
3895	-1.23409	
3896	-1.23411	
3897	-1.23412	
3898	-1.23414	
3899	-1.23416	
3900	-1.23417	
3901	-1.2342	
3902	-1.23422	
3903	-1.23423	
3904	-1.23425	
3905	-1.23426	
3906	-1.23427	
3907	-1.23428	
3908	-1.23429	
3909	-1.23429	
3910	-1.2343	
3911	-1.23432	
3912	-1.23433	
3913	-1.23435	
3914	-1.23437	
3915	-1.2344	
3916	-1.23442	
3917	-1.23445	
3918	-1.23448	
3919	-1.23452	
3920	-1.23455	
3921	-1.23459	
3922	-1.23462	
3923	-1.23466	
3924	-1.2347	
3925	-1.23474	
3926	-1.23478	
3927	-1.23482	
3928	-1.23485	
3929	-1.23488	
3930	-1.23491	
3931	-1.23494	
3932	-1.23496	
3933	-1.23499	
3934	-1.23502	
3935	-1.23505	
3936	-1.23508	
3937	-1.2351	
3938	-1.23512	
3939	-1.23514	
3940	-1.23516	
3941	-1.23518	
3942	-1.2352	
3943	-1.23521	
3944	-1.23522	
3945	-1.23523	
3946	-1.23523	
3947	-1.23524	
3948	-1.23524	
3949	-1.23524	
3950	-1.23524	
3951	-1.23524	
3952	-1.23525	
3953	-1.23526	
3954	-1.23528	
3955	-1.2353	
3956	-1.23532	
3957	-1.23534	
3958	-1.23537	
3959	-1.23539	
3960	-1.23542	
3961	-1.23544	
3962	-1.23545	
3963	-1.23547	
3964	-1.23548	
3965	-1.23549	
3966	-1.2355	
3967	-1.23552	
3968	-1.23554	
3969	-1.23556	
3970	-1.23558	
3971	-1.23561	
3972	-1.23564	
3973	-1.23568	
3974	-1.23571	
3975	-1.23575	
3976	-1.23579	
3977	-1.23583	
3978	-1.23587	
3979	-1.23591	
3980	-1.23595	
3981	-1.23598	
3982	-1.23602	
3983	-1.23606	
3984	-1.23609	
3985	-1.23611	
3986	-1.23614	
3987	-1.23616	
3988	-1.23617	
3989	-1.23618	
3990	-1.23619	
3991	-1.23619	
3992	-1.23618	
3993	-1.23617	
3994	-1.23616	
3995	-1.23614	
3996	-1.23613	
3997	-1.23611	
3998	-1.2361	
3999	-1.23608	
