#Nstep		#H_mediato
0	-0.397176	
1	-0.76834	
2	-0.878915	
3	-0.956955	
4	-0.969994	
5	-0.986557	
6	-0.991435	
7	-1.00814	
8	-1.01292	
9	-1.02591	
10	-1.02787	
11	-1.03004	
12	-1.02339	
13	-1.01405	
14	-1.00653	
15	-1.007	
16	-1.00733	
17	-1.00675	
18	-1.00768	
19	-1.00573	
20	-1.00755	
21	-1.01097	
22	-1.01365	
23	-1.01594	
24	-1.02001	
25	-1.02551	
26	-1.02949	
27	-1.03348	
28	-1.03593	
29	-1.03904	
30	-1.04072	
31	-1.04282	
32	-1.04565	
33	-1.04804	
34	-1.05013	
35	-1.05214	
36	-1.05484	
37	-1.05798	
38	-1.06055	
39	-1.06254	
40	-1.06441	
41	-1.06611	
42	-1.0682	
43	-1.07027	
44	-1.07272	
45	-1.07509	
46	-1.07731	
47	-1.08001	
48	-1.08295	
49	-1.08748	
50	-1.09193	
51	-1.09824	
52	-1.09764	
53	-1.10296	
54	-1.10482	
55	-1.10693	
56	-1.10893	
57	-1.11047	
58	-1.11126	
59	-1.11187	
60	-1.11143	
61	-1.11171	
62	-1.11188	
63	-1.11186	
64	-1.11229	
65	-1.11297	
66	-1.11433	
67	-1.11606	
68	-1.11788	
69	-1.11967	
70	-1.12137	
71	-1.12316	
72	-1.12489	
73	-1.12699	
74	-1.12913	
75	-1.13124	
76	-1.13296	
77	-1.13441	
78	-1.13555	
79	-1.13693	
80	-1.13798	
81	-1.13889	
82	-1.13957	
83	-1.13995	
84	-1.14082	
85	-1.1415	
86	-1.14257	
87	-1.14389	
88	-1.14519	
89	-1.14733	
90	-1.1488	
91	-1.14835	
92	-1.15226	
93	-1.15347	
94	-1.15487	
95	-1.1565	
96	-1.15805	
97	-1.15898	
98	-1.1598	
99	-1.16083	
100	-1.16151	
101	-1.16243	
102	-1.16331	
103	-1.16409	
104	-1.16475	
105	-1.16535	
106	-1.16589	
107	-1.16644	
108	-1.16691	
109	-1.16726	
110	-1.16743	
111	-1.1675	
112	-1.16761	
113	-1.16773	
114	-1.16816	
115	-1.16836	
116	-1.16858	
117	-1.16893	
118	-1.16945	
119	-1.17006	
120	-1.17065	
121	-1.17113	
122	-1.17151	
123	-1.17179	
124	-1.17202	
125	-1.17233	
126	-1.1726	
127	-1.17297	
128	-1.17337	
129	-1.17399	
130	-1.17451	
131	-1.17468	
132	-1.17489	
133	-1.17508	
134	-1.1753	
135	-1.17571	
136	-1.17629	
137	-1.1767	
138	-1.17735	
139	-1.17796	
140	-1.17865	
141	-1.17941	
142	-1.17996	
143	-1.18049	
144	-1.18094	
145	-1.18152	
146	-1.18206	
147	-1.18291	
148	-1.18376	
149	-1.18425	
150	-1.18539	
151	-1.18474	
152	-1.18524	
153	-1.18587	
154	-1.18659	
155	-1.18705	
156	-1.18757	
157	-1.18792	
158	-1.18817	
159	-1.18844	
160	-1.18866	
161	-1.18894	
162	-1.18919	
163	-1.18919	
164	-1.18926	
165	-1.18971	
166	-1.19046	
167	-1.19125	
168	-1.19146	
169	-1.19172	
170	-1.19221	
171	-1.19177	
172	-1.19038	
173	-1.19088	
174	-1.19159	
175	-1.19151	
176	-1.19142	
177	-1.1913	
178	-1.19113	
179	-1.191	
180	-1.19072	
181	-1.19055	
182	-1.19009	
183	-1.18964	
184	-1.18904	
185	-1.1885	
186	-1.18788	
187	-1.18716	
188	-1.18653	
189	-1.18579	
190	-1.18505	
191	-1.18435	
192	-1.18373	
193	-1.18313	
194	-1.18249	
195	-1.18178	
196	-1.18117	
197	-1.1806	
198	-1.18008	
199	-1.17965	
200	-1.17927	
201	-1.17833	
202	-1.17884	
203	-1.17958	
204	-1.17944	
205	-1.17951	
206	-1.17879	
207	-1.17929	
208	-1.17948	
209	-1.17971	
210	-1.17986	
211	-1.18007	
212	-1.18023	
213	-1.18036	
214	-1.18057	
215	-1.18085	
216	-1.18118	
217	-1.1815	
218	-1.18176	
219	-1.18202	
220	-1.18237	
221	-1.18277	
222	-1.18322	
223	-1.18365	
224	-1.18408	
225	-1.18447	
226	-1.18482	
227	-1.18512	
228	-1.18538	
229	-1.18567	
230	-1.18598	
231	-1.18642	
232	-1.18697	
233	-1.18759	
234	-1.18834	
235	-1.18922	
236	-1.19013	
237	-1.19111	
238	-1.19201	
239	-1.19292	
240	-1.19368	
241	-1.19436	
242	-1.19495	
243	-1.19545	
244	-1.19592	
245	-1.19632	
246	-1.19674	
247	-1.19708	
248	-1.19756	
249	-1.19819	
250	-1.19874	
251	-1.1992	
252	-1.20037	
253	-1.20043	
254	-1.20174	
255	-1.20174	
256	-1.20336	
257	-1.20391	
258	-1.20459	
259	-1.20502	
260	-1.20518	
261	-1.20538	
262	-1.20546	
263	-1.2057	
264	-1.20548	
265	-1.20573	
266	-1.20564	
267	-1.20588	
268	-1.20599	
269	-1.20592	
270	-1.20599	
271	-1.20608	
272	-1.20627	
273	-1.20651	
274	-1.20684	
275	-1.2072	
276	-1.20755	
277	-1.20794	
278	-1.20842	
279	-1.20878	
280	-1.20912	
281	-1.20948	
282	-1.20977	
283	-1.21006	
284	-1.21042	
285	-1.21076	
286	-1.21109	
287	-1.21148	
288	-1.21185	
289	-1.21221	
290	-1.21259	
291	-1.21299	
292	-1.21339	
293	-1.21376	
294	-1.21422	
295	-1.21458	
296	-1.21487	
297	-1.21512	
298	-1.21543	
299	-1.21566	
300	-1.2158	
301	-1.21594	
302	-1.21609	
303	-1.21623	
304	-1.21645	
305	-1.21677	
306	-1.21718	
307	-1.21761	
308	-1.21808	
309	-1.21856	
310	-1.21906	
311	-1.21958	
312	-1.22016	
313	-1.22068	
314	-1.22111	
315	-1.22144	
316	-1.22171	
317	-1.2219	
318	-1.22199	
319	-1.22198	
320	-1.22189	
321	-1.22174	
322	-1.22158	
323	-1.22145	
324	-1.22131	
325	-1.22121	
326	-1.22112	
327	-1.22104	
328	-1.22095	
329	-1.22087	
330	-1.22081	
331	-1.22074	
332	-1.22073	
333	-1.22069	
334	-1.22071	
335	-1.22072	
336	-1.22071	
337	-1.2207	
338	-1.22076	
339	-1.22084	
340	-1.22098	
341	-1.22109	
342	-1.22119	
343	-1.22129	
344	-1.22132	
345	-1.22135	
346	-1.22141	
347	-1.22137	
348	-1.22134	
349	-1.22132	
350	-1.22133	
351	-1.22135	
352	-1.22134	
353	-1.22139	
354	-1.22144	
355	-1.22151	
356	-1.22152	
357	-1.22153	
358	-1.2215	
359	-1.22149	
360	-1.22149	
361	-1.2214	
362	-1.22134	
363	-1.22128	
364	-1.22122	
365	-1.22117	
366	-1.22111	
367	-1.22104	
368	-1.22095	
369	-1.22089	
370	-1.22083	
371	-1.22075	
372	-1.22068	
373	-1.22064	
374	-1.22063	
375	-1.22066	
376	-1.22072	
377	-1.22077	
378	-1.22084	
379	-1.221	
380	-1.22114	
381	-1.22126	
382	-1.22141	
383	-1.22156	
384	-1.22174	
385	-1.2219	
386	-1.22206	
387	-1.22222	
388	-1.22234	
389	-1.22246	
390	-1.22257	
391	-1.22273	
392	-1.22286	
393	-1.22302	
394	-1.22317	
395	-1.22339	
396	-1.22365	
397	-1.22391	
398	-1.22425	
399	-1.22464	
400	-1.22499	
401	-1.22535	
402	-1.22572	
403	-1.2261	
404	-1.22647	
405	-1.22685	
406	-1.22721	
407	-1.22756	
408	-1.22789	
409	-1.22826	
410	-1.22856	
411	-1.22886	
412	-1.22915	
413	-1.22939	
414	-1.22961	
415	-1.22987	
416	-1.23022	
417	-1.2306	
418	-1.23101	
419	-1.23137	
420	-1.23133	
421	-1.2318	
422	-1.23249	
423	-1.23285	
424	-1.23318	
425	-1.23336	
426	-1.23349	
427	-1.23361	
428	-1.23362	
429	-1.23364	
430	-1.23359	
431	-1.23352	
432	-1.23349	
433	-1.23346	
434	-1.2334	
435	-1.23331	
436	-1.23317	
437	-1.23303	
438	-1.23291	
439	-1.23274	
440	-1.23251	
441	-1.23222	
442	-1.23193	
443	-1.23161	
444	-1.23131	
445	-1.23105	
446	-1.23082	
447	-1.23062	
448	-1.23043	
449	-1.23021	
450	-1.23007	
451	-1.22987	
452	-1.22966	
453	-1.2294	
454	-1.22909	
455	-1.22875	
456	-1.22838	
457	-1.22799	
458	-1.22763	
459	-1.2273	
460	-1.22703	
461	-1.22674	
462	-1.2265	
463	-1.22628	
464	-1.22612	
465	-1.22601	
466	-1.22587	
467	-1.22576	
468	-1.22566	
469	-1.22561	
470	-1.22558	
471	-1.22554	
472	-1.22553	
473	-1.22553	
474	-1.22557	
475	-1.22564	
476	-1.2257	
477	-1.22578	
478	-1.22584	
479	-1.22588	
480	-1.22589	
481	-1.22588	
482	-1.22584	
483	-1.2258	
484	-1.22576	
485	-1.22567	
486	-1.2256	
487	-1.22551	
488	-1.22543	
489	-1.22534	
490	-1.22527	
491	-1.22522	
492	-1.22513	
493	-1.22503	
494	-1.22491	
495	-1.22477	
496	-1.22466	
497	-1.22454	
498	-1.22444	
499	-1.22433	
500	-1.22422	
501	-1.22416	
502	-1.22412	
503	-1.2241	
504	-1.22414	
505	-1.2242	
506	-1.2243	
507	-1.2244	
508	-1.22452	
509	-1.22464	
510	-1.22474	
511	-1.22486	
512	-1.22498	
513	-1.22504	
514	-1.22513	
515	-1.22518	
516	-1.22523	
517	-1.22527	
518	-1.22531	
519	-1.22535	
520	-1.22538	
521	-1.22543	
522	-1.22548	
523	-1.22553	
524	-1.22556	
525	-1.22562	
526	-1.22566	
527	-1.2257	
528	-1.22575	
529	-1.2258	
530	-1.22585	
531	-1.22588	
532	-1.22591	
533	-1.22594	
534	-1.22598	
535	-1.22604	
536	-1.2261	
537	-1.22616	
538	-1.22622	
539	-1.22631	
540	-1.22638	
541	-1.22643	
542	-1.2265	
543	-1.22657	
544	-1.22664	
545	-1.22675	
546	-1.22687	
547	-1.22702	
548	-1.2272	
549	-1.22742	
550	-1.22763	
551	-1.22786	
552	-1.22812	
553	-1.22836	
554	-1.22858	
555	-1.22879	
556	-1.229	
557	-1.22919	
558	-1.22937	
559	-1.22956	
560	-1.22973	
561	-1.22989	
562	-1.23007	
563	-1.23023	
564	-1.2304	
565	-1.23054	
566	-1.23065	
567	-1.23074	
568	-1.23083	
569	-1.23089	
570	-1.23096	
571	-1.23101	
572	-1.23102	
573	-1.23104	
574	-1.23104	
575	-1.23102	
576	-1.231	
577	-1.23094	
578	-1.23084	
579	-1.23073	
580	-1.23063	
581	-1.23051	
582	-1.2304	
583	-1.23028	
584	-1.23019	
585	-1.23011	
586	-1.23006	
587	-1.23002	
588	-1.23	
589	-1.23	
590	-1.23002	
591	-1.23004	
592	-1.23008	
593	-1.23014	
594	-1.2302	
595	-1.23027	
596	-1.23035	
597	-1.23042	
598	-1.23051	
599	-1.23059	
600	-1.23068	
601	-1.23075	
602	-1.23083	
603	-1.23087	
604	-1.23087	
605	-1.23081	
606	-1.2307	
607	-1.2306	
608	-1.23048	
609	-1.23033	
610	-1.23018	
611	-1.23003	
612	-1.22986	
613	-1.22971	
614	-1.22957	
615	-1.22944	
616	-1.22934	
617	-1.22922	
618	-1.22908	
619	-1.22895	
620	-1.2288	
621	-1.22864	
622	-1.22848	
623	-1.2283	
624	-1.22813	
625	-1.22793	
626	-1.22776	
627	-1.2276	
628	-1.22746	
629	-1.22735	
630	-1.22725	
631	-1.22717	
632	-1.22709	
633	-1.22703	
634	-1.22697	
635	-1.22692	
636	-1.22686	
637	-1.22677	
638	-1.22667	
639	-1.22657	
640	-1.22648	
641	-1.22639	
642	-1.2263	
643	-1.22619	
644	-1.22609	
645	-1.22598	
646	-1.22585	
647	-1.22574	
648	-1.22563	
649	-1.22553	
650	-1.22546	
651	-1.22539	
652	-1.22535	
653	-1.22531	
654	-1.22526	
655	-1.22521	
656	-1.22513	
657	-1.22507	
658	-1.225	
659	-1.22491	
660	-1.22483	
661	-1.22477	
662	-1.22471	
663	-1.22467	
664	-1.22462	
665	-1.2246	
666	-1.22459	
667	-1.2246	
668	-1.22461	
669	-1.22465	
670	-1.22469	
671	-1.22473	
672	-1.22477	
673	-1.22482	
674	-1.22487	
675	-1.2249	
676	-1.22495	
677	-1.22497	
678	-1.22495	
679	-1.22493	
680	-1.22491	
681	-1.22486	
682	-1.22476	
683	-1.22462	
684	-1.22459	
685	-1.22419	
686	-1.22428	
687	-1.22426	
688	-1.22397	
689	-1.22384	
690	-1.22371	
691	-1.22359	
692	-1.22348	
693	-1.22342	
694	-1.22336	
695	-1.22332	
696	-1.22328	
697	-1.22327	
698	-1.22324	
699	-1.22323	
700	-1.22322	
701	-1.22322	
702	-1.22319	
703	-1.22317	
704	-1.22317	
705	-1.22314	
706	-1.22311	
707	-1.22309	
708	-1.22304	
709	-1.223	
710	-1.22295	
711	-1.2229	
712	-1.22284	
713	-1.22279	
714	-1.22272	
715	-1.22262	
716	-1.22255	
717	-1.22246	
718	-1.22238	
719	-1.22228	
720	-1.22216	
721	-1.22203	
722	-1.22189	
723	-1.22175	
724	-1.22162	
725	-1.22147	
726	-1.22135	
727	-1.22123	
728	-1.22114	
729	-1.22106	
730	-1.22101	
731	-1.22099	
732	-1.22099	
733	-1.22103	
734	-1.22111	
735	-1.22122	
736	-1.22136	
737	-1.22153	
738	-1.22166	
739	-1.22179	
740	-1.2219	
741	-1.22196	
742	-1.22199	
743	-1.22197	
744	-1.22194	
745	-1.22185	
746	-1.22175	
747	-1.22165	
748	-1.22153	
749	-1.22142	
750	-1.22132	
751	-1.22125	
752	-1.22121	
753	-1.2212	
754	-1.22118	
755	-1.22119	
756	-1.22124	
757	-1.2213	
758	-1.22137	
759	-1.22144	
760	-1.22152	
761	-1.22161	
762	-1.22171	
763	-1.22179	
764	-1.22187	
765	-1.22196	
766	-1.22204	
767	-1.22213	
768	-1.22225	
769	-1.22238	
770	-1.22252	
771	-1.22269	
772	-1.22284	
773	-1.223	
774	-1.22314	
775	-1.22326	
776	-1.22336	
777	-1.22345	
778	-1.22351	
779	-1.22356	
780	-1.22361	
781	-1.22365	
782	-1.22367	
783	-1.22369	
784	-1.22371	
785	-1.22374	
786	-1.22376	
787	-1.22377	
788	-1.22376	
789	-1.22376	
790	-1.22376	
791	-1.22376	
792	-1.22378	
793	-1.22378	
794	-1.22379	
795	-1.22379	
796	-1.22378	
797	-1.22376	
798	-1.22372	
799	-1.22366	
800	-1.22359	
801	-1.22351	
802	-1.22345	
803	-1.22341	
804	-1.22338	
805	-1.22337	
806	-1.22337	
807	-1.22337	
808	-1.22337	
809	-1.22336	
810	-1.22331	
811	-1.22325	
812	-1.22316	
813	-1.22303	
814	-1.22287	
815	-1.2227	
816	-1.22251	
817	-1.22233	
818	-1.22215	
819	-1.22199	
820	-1.22185	
821	-1.22175	
822	-1.22171	
823	-1.22169	
824	-1.22169	
825	-1.2217	
826	-1.22172	
827	-1.22176	
828	-1.2218	
829	-1.22185	
830	-1.2219	
831	-1.22196	
832	-1.22199	
833	-1.22203	
834	-1.22204	
835	-1.22204	
836	-1.22203	
837	-1.222	
838	-1.22195	
839	-1.22191	
840	-1.22185	
841	-1.22179	
842	-1.22173	
843	-1.22165	
844	-1.22158	
845	-1.22149	
846	-1.22139	
847	-1.22128	
848	-1.22118	
849	-1.22108	
850	-1.22097	
851	-1.22086	
852	-1.22075	
853	-1.22062	
854	-1.2205	
855	-1.22039	
856	-1.22027	
857	-1.22017	
858	-1.22006	
859	-1.21997	
860	-1.21988	
861	-1.21982	
862	-1.21974	
863	-1.21968	
864	-1.21963	
865	-1.21958	
866	-1.21953	
867	-1.21947	
868	-1.21941	
869	-1.21932	
870	-1.21924	
871	-1.21914	
872	-1.21902	
873	-1.21889	
874	-1.21875	
875	-1.21861	
876	-1.21847	
877	-1.21833	
878	-1.21818	
879	-1.21804	
880	-1.21792	
881	-1.21778	
882	-1.21762	
883	-1.21747	
884	-1.2173	
885	-1.21713	
886	-1.21695	
887	-1.21676	
888	-1.21657	
889	-1.21637	
890	-1.21619	
891	-1.216	
892	-1.21584	
893	-1.21568	
894	-1.21554	
895	-1.21543	
896	-1.21534	
897	-1.21527	
898	-1.21521	
899	-1.21518	
900	-1.21515	
901	-1.21513	
902	-1.21512	
903	-1.21511	
904	-1.21511	
905	-1.21511	
906	-1.21512	
907	-1.21513	
908	-1.21513	
909	-1.21516	
910	-1.21517	
911	-1.21518	
912	-1.21519	
913	-1.21521	
914	-1.21524	
915	-1.21526	
916	-1.21528	
917	-1.21529	
918	-1.21528	
919	-1.21526	
920	-1.21522	
921	-1.21517	
922	-1.2151	
923	-1.21503	
924	-1.21494	
925	-1.21484	
926	-1.21473	
927	-1.2146	
928	-1.21446	
929	-1.21432	
930	-1.21416	
931	-1.21401	
932	-1.21386	
933	-1.21373	
934	-1.21359	
935	-1.21347	
936	-1.21337	
937	-1.21328	
938	-1.2132	
939	-1.21314	
940	-1.21308	
941	-1.21301	
942	-1.21294	
943	-1.21286	
944	-1.21278	
945	-1.21269	
946	-1.21262	
947	-1.21256	
948	-1.21252	
949	-1.21249	
950	-1.21247	
951	-1.21249	
952	-1.21252	
953	-1.21258	
954	-1.21265	
955	-1.21275	
956	-1.21285	
957	-1.21295	
958	-1.21304	
959	-1.21314	
960	-1.21322	
961	-1.21328	
962	-1.21332	
963	-1.21335	
964	-1.21337	
965	-1.21337	
966	-1.21336	
967	-1.21333	
968	-1.2133	
969	-1.21325	
970	-1.21319	
971	-1.21315	
972	-1.2131	
973	-1.21304	
974	-1.21297	
975	-1.21288	
976	-1.21278	
977	-1.21266	
978	-1.21254	
979	-1.2124	
980	-1.21227	
981	-1.21213	
982	-1.212	
983	-1.21186	
984	-1.21173	
985	-1.2116	
986	-1.21149	
987	-1.21137	
988	-1.21125	
989	-1.21114	
990	-1.21104	
991	-1.21094	
992	-1.21085	
993	-1.21076	
994	-1.21069	
995	-1.21061	
996	-1.21052	
997	-1.21043	
998	-1.21034	
999	-1.21025	
1000	-1.21015	
1001	-1.21006	
1002	-1.20996	
1003	-1.20985	
1004	-1.20974	
1005	-1.20962	
1006	-1.20948	
1007	-1.20934	
1008	-1.20919	
1009	-1.20904	
1010	-1.20889	
1011	-1.20874	
1012	-1.20861	
1013	-1.2085	
1014	-1.20841	
1015	-1.20835	
1016	-1.20833	
1017	-1.20833	
1018	-1.20836	
1019	-1.20841	
1020	-1.20848	
1021	-1.20858	
1022	-1.2087	
1023	-1.20884	
1024	-1.20899	
1025	-1.20916	
1026	-1.20932	
1027	-1.20947	
1028	-1.2096	
1029	-1.20972	
1030	-1.20984	
1031	-1.20994	
1032	-1.21003	
1033	-1.21012	
1034	-1.21022	
1035	-1.21032	
1036	-1.21043	
1037	-1.21056	
1038	-1.2107	
1039	-1.21084	
1040	-1.21098	
1041	-1.21111	
1042	-1.21124	
1043	-1.21136	
1044	-1.21148	
1045	-1.21158	
1046	-1.21167	
1047	-1.21175	
1048	-1.21183	
1049	-1.21191	
1050	-1.21197	
1051	-1.21202	
1052	-1.21206	
1053	-1.21208	
1054	-1.21209	
1055	-1.21209	
1056	-1.21209	
1057	-1.21209	
1058	-1.2121	
1059	-1.21212	
1060	-1.21213	
1061	-1.21216	
1062	-1.21219	
1063	-1.21223	
1064	-1.21229	
1065	-1.21236	
1066	-1.21244	
1067	-1.21253	
1068	-1.21263	
1069	-1.21274	
1070	-1.21284	
1071	-1.21294	
1072	-1.21303	
1073	-1.21313	
1074	-1.21324	
1075	-1.21337	
1076	-1.21352	
1077	-1.21369	
1078	-1.21384	
1079	-1.214	
1080	-1.21414	
1081	-1.21426	
1082	-1.21434	
1083	-1.21438	
1084	-1.21438	
1085	-1.21434	
1086	-1.21427	
1087	-1.21416	
1088	-1.21403	
1089	-1.21388	
1090	-1.21371	
1091	-1.21356	
1092	-1.21339	
1093	-1.21322	
1094	-1.21307	
1095	-1.21292	
1096	-1.21277	
1097	-1.21264	
1098	-1.21252	
1099	-1.21241	
1100	-1.21233	
1101	-1.21227	
1102	-1.21223	
1103	-1.2122	
1104	-1.21219	
1105	-1.21219	
1106	-1.21221	
1107	-1.21222	
1108	-1.21226	
1109	-1.2123	
1110	-1.21236	
1111	-1.21242	
1112	-1.21249	
1113	-1.21258	
1114	-1.21268	
1115	-1.21279	
1116	-1.21289	
1117	-1.21299	
1118	-1.21308	
1119	-1.21317	
1120	-1.21325	
1121	-1.21331	
1122	-1.21338	
1123	-1.21343	
1124	-1.2135	
1125	-1.21356	
1126	-1.21363	
1127	-1.2137	
1128	-1.21377	
1129	-1.21383	
1130	-1.21388	
1131	-1.21392	
1132	-1.21396	
1133	-1.214	
1134	-1.21406	
1135	-1.21411	
1136	-1.21417	
1137	-1.21423	
1138	-1.21431	
1139	-1.21438	
1140	-1.21446	
1141	-1.21455	
1142	-1.21464	
1143	-1.21473	
1144	-1.21481	
1145	-1.21489	
1146	-1.21498	
1147	-1.21506	
1148	-1.21515	
1149	-1.21523	
1150	-1.21532	
1151	-1.21543	
1152	-1.21555	
1153	-1.21567	
1154	-1.21579	
1155	-1.21591	
1156	-1.21603	
1157	-1.21616	
1158	-1.21627	
1159	-1.21637	
1160	-1.21645	
1161	-1.2165	
1162	-1.21654	
1163	-1.21656	
1164	-1.21655	
1165	-1.21653	
1166	-1.21649	
1167	-1.21643	
1168	-1.21635	
1169	-1.21629	
1170	-1.21622	
1171	-1.21617	
1172	-1.21615	
1173	-1.21615	
1174	-1.21616	
1175	-1.21619	
1176	-1.21625	
1177	-1.21632	
1178	-1.21641	
1179	-1.21652	
1180	-1.21664	
1181	-1.21677	
1182	-1.21689	
1183	-1.21703	
1184	-1.21717	
1185	-1.2173	
1186	-1.21742	
1187	-1.21754	
1188	-1.21766	
1189	-1.21778	
1190	-1.21791	
1191	-1.21804	
1192	-1.21816	
1193	-1.21826	
1194	-1.21836	
1195	-1.21844	
1196	-1.2185	
1197	-1.21856	
1198	-1.21862	
1199	-1.21868	
1200	-1.21873	
1201	-1.21879	
1202	-1.21884	
1203	-1.2189	
1204	-1.21896	
1205	-1.21903	
1206	-1.2191	
1207	-1.21917	
1208	-1.21924	
1209	-1.21931	
1210	-1.21938	
1211	-1.21945	
1212	-1.21952	
1213	-1.21958	
1214	-1.21963	
1215	-1.21967	
1216	-1.21971	
1217	-1.21974	
1218	-1.21976	
1219	-1.21977	
1220	-1.21977	
1221	-1.21977	
1222	-1.21975	
1223	-1.21973	
1224	-1.2197	
1225	-1.21968	
1226	-1.21965	
1227	-1.21963	
1228	-1.21962	
1229	-1.21961	
1230	-1.2196	
1231	-1.2196	
1232	-1.2196	
1233	-1.21959	
1234	-1.21957	
1235	-1.21955	
1236	-1.21952	
1237	-1.21949	
1238	-1.21946	
1239	-1.2194	
1240	-1.21934	
1241	-1.21927	
1242	-1.2192	
1243	-1.21911	
1244	-1.21902	
1245	-1.21893	
1246	-1.21883	
1247	-1.21873	
1248	-1.21864	
1249	-1.21853	
1250	-1.21843	
1251	-1.21833	
1252	-1.21823	
1253	-1.21813	
1254	-1.21803	
1255	-1.21794	
1256	-1.21784	
1257	-1.21775	
1258	-1.21765	
1259	-1.21755	
1260	-1.21746	
1261	-1.21736	
1262	-1.21727	
1263	-1.21717	
1264	-1.21707	
1265	-1.21697	
1266	-1.21687	
1267	-1.21677	
1268	-1.21667	
1269	-1.21658	
1270	-1.21649	
1271	-1.2164	
1272	-1.21632	
1273	-1.21623	
1274	-1.21615	
1275	-1.21608	
1276	-1.21601	
1277	-1.21595	
1278	-1.2159	
1279	-1.21586	
1280	-1.21583	
1281	-1.21579	
1282	-1.21577	
1283	-1.21576	
1284	-1.21575	
1285	-1.21576	
1286	-1.21578	
1287	-1.21582	
1288	-1.21586	
1289	-1.21593	
1290	-1.216	
1291	-1.21608	
1292	-1.21617	
1293	-1.21626	
1294	-1.21634	
1295	-1.21641	
1296	-1.21648	
1297	-1.21653	
1298	-1.21658	
1299	-1.21663	
1300	-1.21666	
1301	-1.21669	
1302	-1.21672	
1303	-1.21675	
1304	-1.21677	
1305	-1.21678	
1306	-1.2168	
1307	-1.21681	
1308	-1.21683	
1309	-1.21686	
1310	-1.21689	
1311	-1.21694	
1312	-1.217	
1313	-1.21707	
1314	-1.21716	
1315	-1.21725	
1316	-1.21734	
1317	-1.21745	
1318	-1.21757	
1319	-1.2177	
1320	-1.21784	
1321	-1.21798	
1322	-1.21814	
1323	-1.21829	
1324	-1.21844	
1325	-1.21859	
1326	-1.21874	
1327	-1.21888	
1328	-1.21902	
1329	-1.21917	
1330	-1.21931	
1331	-1.21945	
1332	-1.21959	
1333	-1.21972	
1334	-1.21985	
1335	-1.21998	
1336	-1.22009	
1337	-1.2202	
1338	-1.2203	
1339	-1.22041	
1340	-1.22051	
1341	-1.22062	
1342	-1.22072	
1343	-1.22081	
1344	-1.22091	
1345	-1.221	
1346	-1.22109	
1347	-1.22119	
1348	-1.22128	
1349	-1.22136	
1350	-1.22146	
1351	-1.22155	
1352	-1.22165	
1353	-1.22175	
1354	-1.22185	
1355	-1.22196	
1356	-1.22206	
1357	-1.22218	
1358	-1.22229	
1359	-1.22242	
1360	-1.22256	
1361	-1.2227	
1362	-1.22285	
1363	-1.22301	
1364	-1.22318	
1365	-1.22335	
1366	-1.22352	
1367	-1.22369	
1368	-1.22387	
1369	-1.22404	
1370	-1.2242	
1371	-1.22436	
1372	-1.22451	
1373	-1.22465	
1374	-1.22479	
1375	-1.22491	
1376	-1.22502	
1377	-1.22512	
1378	-1.22521	
1379	-1.22528	
1380	-1.22534	
1381	-1.22539	
1382	-1.22544	
1383	-1.22548	
1384	-1.22551	
1385	-1.22555	
1386	-1.22558	
1387	-1.22561	
1388	-1.22564	
1389	-1.22567	
1390	-1.22568	
1391	-1.22568	
1392	-1.22568	
1393	-1.22568	
1394	-1.22567	
1395	-1.22565	
1396	-1.22563	
1397	-1.22562	
1398	-1.2256	
1399	-1.22561	
1400	-1.22562	
1401	-1.22566	
1402	-1.2257	
1403	-1.22577	
1404	-1.22586	
1405	-1.22596	
1406	-1.22608	
1407	-1.2262	
1408	-1.22633	
1409	-1.22645	
1410	-1.22656	
1411	-1.22666	
1412	-1.22673	
1413	-1.22679	
1414	-1.22682	
1415	-1.22683	
1416	-1.22684	
1417	-1.22684	
1418	-1.22684	
1419	-1.22684	
1420	-1.22683	
1421	-1.22683	
1422	-1.22683	
1423	-1.22683	
1424	-1.22682	
1425	-1.22679	
1426	-1.22677	
1427	-1.22674	
1428	-1.2267	
1429	-1.22666	
1430	-1.22663	
1431	-1.22659	
1432	-1.22655	
1433	-1.22651	
1434	-1.22649	
1435	-1.22648	
1436	-1.22646	
1437	-1.22645	
1438	-1.22643	
1439	-1.22643	
1440	-1.22643	
1441	-1.22643	
1442	-1.22643	
1443	-1.22644	
1444	-1.22646	
1445	-1.22649	
1446	-1.22652	
1447	-1.22656	
1448	-1.2266	
1449	-1.22664	
1450	-1.22668	
1451	-1.22672	
1452	-1.22677	
1453	-1.22681	
1454	-1.22686	
1455	-1.2269	
1456	-1.22694	
1457	-1.22699	
1458	-1.22704	
1459	-1.22709	
1460	-1.22715	
1461	-1.22723	
1462	-1.22731	
1463	-1.22742	
1464	-1.22754	
1465	-1.22767	
1466	-1.22781	
1467	-1.22795	
1468	-1.2281	
1469	-1.22824	
1470	-1.22838	
1471	-1.22851	
1472	-1.22863	
1473	-1.22874	
1474	-1.22884	
1475	-1.22895	
1476	-1.22904	
1477	-1.22911	
1478	-1.22918	
1479	-1.22923	
1480	-1.22928	
1481	-1.22932	
1482	-1.22937	
1483	-1.22944	
1484	-1.2295	
1485	-1.22956	
1486	-1.22963	
1487	-1.2297	
1488	-1.22978	
1489	-1.22985	
1490	-1.22993	
1491	-1.23001	
1492	-1.23009	
1493	-1.23015	
1494	-1.23021	
1495	-1.23028	
1496	-1.23034	
1497	-1.23039	
1498	-1.23045	
1499	-1.23052	
1500	-1.23059	
1501	-1.23066	
1502	-1.23072	
1503	-1.23078	
1504	-1.23083	
1505	-1.23087	
1506	-1.2309	
1507	-1.23092	
1508	-1.23093	
1509	-1.23094	
1510	-1.23093	
1511	-1.23092	
1512	-1.23089	
1513	-1.23086	
1514	-1.23081	
1515	-1.23075	
1516	-1.23069	
1517	-1.23063	
1518	-1.23057	
1519	-1.23052	
1520	-1.23048	
1521	-1.23044	
1522	-1.23041	
1523	-1.23039	
1524	-1.23037	
1525	-1.23037	
1526	-1.23036	
1527	-1.23036	
1528	-1.23035	
1529	-1.23034	
1530	-1.23034	
1531	-1.23034	
1532	-1.23036	
1533	-1.23039	
1534	-1.23043	
1535	-1.2305	
1536	-1.23057	
1537	-1.23065	
1538	-1.23072	
1539	-1.23079	
1540	-1.23086	
1541	-1.23092	
1542	-1.23097	
1543	-1.23101	
1544	-1.23104	
1545	-1.23106	
1546	-1.23107	
1547	-1.23109	
1548	-1.23109	
1549	-1.23109	
1550	-1.23109	
1551	-1.23111	
1552	-1.23113	
1553	-1.23116	
1554	-1.2312	
1555	-1.23124	
1556	-1.23129	
1557	-1.23134	
1558	-1.2314	
1559	-1.23145	
1560	-1.2315	
1561	-1.23156	
1562	-1.2316	
1563	-1.23166	
1564	-1.23172	
1565	-1.23178	
1566	-1.23184	
1567	-1.23192	
1568	-1.23198	
1569	-1.23204	
1570	-1.2321	
1571	-1.23215	
1572	-1.23221	
1573	-1.23227	
1574	-1.23232	
1575	-1.23238	
1576	-1.23243	
1577	-1.23247	
1578	-1.23252	
1579	-1.23257	
1580	-1.23262	
1581	-1.23267	
1582	-1.23272	
1583	-1.23276	
1584	-1.23279	
1585	-1.23283	
1586	-1.23287	
1587	-1.2329	
1588	-1.23291	
1589	-1.23293	
1590	-1.23293	
1591	-1.23292	
1592	-1.23291	
1593	-1.23289	
1594	-1.23286	
1595	-1.23284	
1596	-1.23283	
1597	-1.23282	
1598	-1.23282	
1599	-1.23282	
1600	-1.23283	
1601	-1.23284	
1602	-1.23286	
1603	-1.23288	
1604	-1.2329	
1605	-1.23293	
1606	-1.23296	
1607	-1.23298	
1608	-1.23298	
1609	-1.23298	
1610	-1.23298	
1611	-1.23296	
1612	-1.23294	
1613	-1.23291	
1614	-1.23287	
1615	-1.23282	
1616	-1.23278	
1617	-1.23272	
1618	-1.23266	
1619	-1.2326	
1620	-1.23254	
1621	-1.2325	
1622	-1.23246	
1623	-1.23242	
1624	-1.2324	
1625	-1.23239	
1626	-1.23239	
1627	-1.2324	
1628	-1.23242	
1629	-1.23246	
1630	-1.2325	
1631	-1.23256	
1632	-1.23263	
1633	-1.23271	
1634	-1.2328	
1635	-1.23289	
1636	-1.23299	
1637	-1.2331	
1638	-1.2332	
1639	-1.2333	
1640	-1.2334	
1641	-1.2335	
1642	-1.2336	
1643	-1.2337	
1644	-1.23379	
1645	-1.23388	
1646	-1.23396	
1647	-1.23404	
1648	-1.2341	
1649	-1.23417	
1650	-1.23423	
1651	-1.23428	
1652	-1.23434	
1653	-1.23439	
1654	-1.23445	
1655	-1.2345	
1656	-1.23455	
1657	-1.2346	
1658	-1.23464	
1659	-1.23467	
1660	-1.2347	
1661	-1.23473	
1662	-1.23474	
1663	-1.23475	
1664	-1.23475	
1665	-1.23474	
1666	-1.23472	
1667	-1.23471	
1668	-1.2347	
1669	-1.23468	
1670	-1.23466	
1671	-1.23463	
1672	-1.23461	
1673	-1.23457	
1674	-1.23453	
1675	-1.23448	
1676	-1.23441	
1677	-1.23434	
1678	-1.23427	
1679	-1.2342	
1680	-1.23412	
1681	-1.23405	
1682	-1.23398	
1683	-1.23391	
1684	-1.23384	
1685	-1.23379	
1686	-1.23374	
1687	-1.23372	
1688	-1.23369	
1689	-1.23369	
1690	-1.2337	
1691	-1.23372	
1692	-1.23376	
1693	-1.23381	
1694	-1.23386	
1695	-1.23392	
1696	-1.23398	
1697	-1.23405	
1698	-1.23412	
1699	-1.23419	
1700	-1.23425	
1701	-1.23431	
1702	-1.23437	
1703	-1.23442	
1704	-1.23446	
1705	-1.2345	
1706	-1.23454	
1707	-1.23457	
1708	-1.23461	
1709	-1.23465	
1710	-1.23469	
1711	-1.23473	
1712	-1.23477	
1713	-1.23482	
1714	-1.23486	
1715	-1.2349	
1716	-1.23494	
1717	-1.23498	
1718	-1.23501	
1719	-1.23503	
1720	-1.23506	
1721	-1.23507	
1722	-1.23509	
1723	-1.2351	
1724	-1.23511	
1725	-1.23513	
1726	-1.23514	
1727	-1.23516	
1728	-1.23519	
1729	-1.23521	
1730	-1.23524	
1731	-1.23526	
1732	-1.23528	
1733	-1.2353	
1734	-1.23531	
1735	-1.23532	
1736	-1.23533	
1737	-1.23533	
1738	-1.23533	
1739	-1.23532	
1740	-1.23531	
1741	-1.2353	
1742	-1.23528	
1743	-1.23527	
1744	-1.23526	
1745	-1.23526	
1746	-1.23527	
1747	-1.23527	
1748	-1.23528	
1749	-1.23529	
1750	-1.23529	
1751	-1.23529	
1752	-1.23528	
1753	-1.23527	
1754	-1.23525	
1755	-1.23523	
1756	-1.23521	
1757	-1.2352	
1758	-1.23519	
1759	-1.23519	
1760	-1.2352	
1761	-1.2352	
1762	-1.23521	
1763	-1.23521	
1764	-1.2352	
1765	-1.23519	
1766	-1.23516	
1767	-1.23513	
1768	-1.2351	
1769	-1.23506	
1770	-1.23501	
1771	-1.23496	
1772	-1.23491	
1773	-1.23486	
1774	-1.2348	
1775	-1.23476	
1776	-1.23472	
1777	-1.23469	
1778	-1.23466	
1779	-1.23464	
1780	-1.23462	
1781	-1.2346	
1782	-1.23458	
1783	-1.23456	
1784	-1.23453	
1785	-1.2345	
1786	-1.23446	
1787	-1.23441	
1788	-1.23436	
1789	-1.23432	
1790	-1.23427	
1791	-1.23423	
1792	-1.2342	
1793	-1.23417	
1794	-1.23414	
1795	-1.23412	
1796	-1.23411	
1797	-1.23409	
1798	-1.23409	
1799	-1.23408	
1800	-1.23406	
1801	-1.23405	
1802	-1.23404	
1803	-1.23403	
1804	-1.23401	
1805	-1.234	
1806	-1.23398	
1807	-1.23395	
1808	-1.23393	
1809	-1.23389	
1810	-1.23386	
1811	-1.23382	
1812	-1.23377	
1813	-1.23372	
1814	-1.23366	
1815	-1.2336	
1816	-1.23354	
1817	-1.23348	
1818	-1.23343	
1819	-1.23339	
1820	-1.23336	
1821	-1.23334	
1822	-1.23333	
1823	-1.23334	
1824	-1.23335	
1825	-1.23336	
1826	-1.23339	
1827	-1.23342	
1828	-1.23346	
1829	-1.23351	
1830	-1.23355	
1831	-1.23361	
1832	-1.23366	
1833	-1.23371	
1834	-1.23376	
1835	-1.2338	
1836	-1.23383	
1837	-1.23385	
1838	-1.23386	
1839	-1.23386	
1840	-1.23385	
1841	-1.23383	
1842	-1.23381	
1843	-1.2338	
1844	-1.23379	
1845	-1.23378	
1846	-1.23378	
1847	-1.23379	
1848	-1.2338	
1849	-1.23383	
1850	-1.23387	
1851	-1.23391	
1852	-1.23396	
1853	-1.23401	
1854	-1.23407	
1855	-1.23412	
1856	-1.23416	
1857	-1.2342	
1858	-1.23424	
1859	-1.23426	
1860	-1.23428	
1861	-1.2343	
1862	-1.23432	
1863	-1.23434	
1864	-1.23437	
1865	-1.23441	
1866	-1.23445	
1867	-1.2345	
1868	-1.23455	
1869	-1.2346	
1870	-1.23464	
1871	-1.23468	
1872	-1.23471	
1873	-1.23475	
1874	-1.23478	
1875	-1.23481	
1876	-1.23485	
1877	-1.23489	
1878	-1.23493	
1879	-1.23496	
1880	-1.235	
1881	-1.23504	
1882	-1.23507	
1883	-1.2351	
1884	-1.23513	
1885	-1.23515	
1886	-1.23518	
1887	-1.2352	
1888	-1.23522	
1889	-1.23524	
1890	-1.23525	
1891	-1.23526	
1892	-1.23525	
1893	-1.23524	
1894	-1.23522	
1895	-1.23519	
1896	-1.23516	
1897	-1.23513	
1898	-1.23511	
1899	-1.2351	
1900	-1.23509	
1901	-1.2351	
1902	-1.23511	
1903	-1.23515	
1904	-1.23519	
1905	-1.23524	
1906	-1.23529	
1907	-1.23535	
1908	-1.2354	
1909	-1.23545	
1910	-1.2355	
1911	-1.23555	
1912	-1.2356	
1913	-1.23565	
1914	-1.2357	
1915	-1.23575	
1916	-1.2358	
1917	-1.23583	
1918	-1.23587	
1919	-1.23589	
1920	-1.23591	
1921	-1.23593	
1922	-1.23595	
1923	-1.23598	
1924	-1.23602	
1925	-1.23606	
1926	-1.23611	
1927	-1.23617	
1928	-1.23623	
1929	-1.23629	
1930	-1.23636	
1931	-1.23641	
1932	-1.23647	
1933	-1.23652	
1934	-1.23657	
1935	-1.23661	
1936	-1.23665	
1937	-1.23668	
1938	-1.23672	
1939	-1.23675	
1940	-1.23678	
1941	-1.23681	
1942	-1.23684	
1943	-1.23687	
1944	-1.23689	
1945	-1.23691	
1946	-1.23693	
1947	-1.23694	
1948	-1.23695	
1949	-1.23697	
1950	-1.23699	
1951	-1.23701	
1952	-1.23703	
1953	-1.23705	
1954	-1.23707	
1955	-1.23709	
1956	-1.23711	
1957	-1.23713	
1958	-1.23714	
1959	-1.23716	
1960	-1.23717	
1961	-1.23717	
1962	-1.23718	
1963	-1.23719	
1964	-1.23719	
1965	-1.23719	
1966	-1.23719	
1967	-1.23719	
1968	-1.2372	
1969	-1.2372	
1970	-1.2372	
1971	-1.23721	
1972	-1.23721	
1973	-1.23721	
1974	-1.23721	
1975	-1.23722	
1976	-1.23722	
1977	-1.23722	
1978	-1.23723	
1979	-1.23723	
1980	-1.23724	
1981	-1.23724	
1982	-1.23725	
1983	-1.23726	
1984	-1.23728	
1985	-1.2373	
1986	-1.23732	
1987	-1.23736	
1988	-1.2374	
1989	-1.23746	
1990	-1.23752	
1991	-1.2376	
1992	-1.23768	
1993	-1.23777	
1994	-1.23786	
1995	-1.23796	
1996	-1.23806	
1997	-1.23816	
1998	-1.23825	
1999	-1.23834	
2000	-1.23843	
2001	-1.23851	
2002	-1.2386	
2003	-1.23867	
2004	-1.23874	
2005	-1.23881	
2006	-1.23886	
2007	-1.23891	
2008	-1.23895	
2009	-1.23899	
2010	-1.23903	
2011	-1.23907	
2012	-1.23911	
2013	-1.23915	
2014	-1.2392	
2015	-1.23926	
2016	-1.23932	
2017	-1.23938	
2018	-1.23944	
2019	-1.23951	
2020	-1.23958	
2021	-1.23965	
2022	-1.23972	
2023	-1.23979	
2024	-1.23987	
2025	-1.23994	
2026	-1.24001	
2027	-1.24008	
2028	-1.24014	
2029	-1.2402	
2030	-1.24026	
2031	-1.24031	
2032	-1.24037	
2033	-1.24042	
2034	-1.24047	
2035	-1.24052	
2036	-1.24057	
2037	-1.24061	
2038	-1.24065	
2039	-1.24069	
2040	-1.24073	
2041	-1.24077	
2042	-1.24081	
2043	-1.24086	
2044	-1.24092	
2045	-1.24097	
2046	-1.24103	
2047	-1.2411	
2048	-1.24117	
2049	-1.24123	
2050	-1.24128	
2051	-1.24133	
2052	-1.24138	
2053	-1.24142	
2054	-1.24145	
2055	-1.24148	
2056	-1.2415	
2057	-1.24151	
2058	-1.24153	
2059	-1.24154	
2060	-1.24155	
2061	-1.24156	
2062	-1.24157	
2063	-1.24158	
2064	-1.24158	
2065	-1.24158	
2066	-1.24158	
2067	-1.24157	
2068	-1.24156	
2069	-1.24155	
2070	-1.24154	
2071	-1.24153	
2072	-1.24153	
2073	-1.24152	
2074	-1.2415	
2075	-1.24149	
2076	-1.24147	
2077	-1.24145	
2078	-1.24143	
2079	-1.24141	
2080	-1.24139	
2081	-1.24137	
2082	-1.24136	
2083	-1.24135	
2084	-1.24135	
2085	-1.24135	
2086	-1.24135	
2087	-1.24136	
2088	-1.24138	
2089	-1.2414	
2090	-1.24143	
2091	-1.24146	
2092	-1.2415	
2093	-1.24154	
2094	-1.24159	
2095	-1.24164	
2096	-1.24169	
2097	-1.24175	
2098	-1.24182	
2099	-1.24188	
2100	-1.24194	
2101	-1.242	
2102	-1.24206	
2103	-1.24212	
2104	-1.24216	
2105	-1.24219	
2106	-1.24221	
2107	-1.24222	
2108	-1.24222	
2109	-1.24221	
2110	-1.24219	
2111	-1.24217	
2112	-1.24214	
2113	-1.24213	
2114	-1.24211	
2115	-1.2421	
2116	-1.24209	
2117	-1.24208	
2118	-1.24207	
2119	-1.24207	
2120	-1.24206	
2121	-1.24205	
2122	-1.24205	
2123	-1.24204	
2124	-1.24204	
2125	-1.24205	
2126	-1.24207	
2127	-1.24207	
2128	-1.24209	
2129	-1.2421	
2130	-1.24211	
2131	-1.24212	
2132	-1.24212	
2133	-1.24211	
2134	-1.24209	
2135	-1.24207	
2136	-1.24205	
2137	-1.24202	
2138	-1.24199	
2139	-1.24196	
2140	-1.24194	
2141	-1.24192	
2142	-1.24191	
2143	-1.2419	
2144	-1.24189	
2145	-1.24189	
2146	-1.2419	
2147	-1.24191	
2148	-1.24193	
2149	-1.24196	
2150	-1.242	
2151	-1.24204	
2152	-1.24208	
2153	-1.24212	
2154	-1.24215	
2155	-1.24219	
2156	-1.24222	
2157	-1.24224	
2158	-1.24226	
2159	-1.24227	
2160	-1.24228	
2161	-1.24228	
2162	-1.24229	
2163	-1.24229	
2164	-1.24228	
2165	-1.24228	
2166	-1.24227	
2167	-1.24225	
2168	-1.24224	
2169	-1.24222	
2170	-1.2422	
2171	-1.24218	
2172	-1.24216	
2173	-1.24215	
2174	-1.24215	
2175	-1.24216	
2176	-1.24217	
2177	-1.24235	
2178	-1.24227	
2179	-1.24251	
2180	-1.24244	
2181	-1.24248	
2182	-1.24251	
2183	-1.24255	
2184	-1.24256	
2185	-1.24256	
2186	-1.24256	
2187	-1.24254	
2188	-1.24253	
2189	-1.24251	
2190	-1.24248	
2191	-1.24245	
2192	-1.24242	
2193	-1.2424	
2194	-1.24238	
2195	-1.24237	
2196	-1.24237	
2197	-1.24238	
2198	-1.24239	
2199	-1.24242	
2200	-1.24245	
2201	-1.24247	
2202	-1.24248	
2203	-1.24249	
2204	-1.24251	
2205	-1.24252	
2206	-1.24253	
2207	-1.24253	
2208	-1.24252	
2209	-1.2425	
2210	-1.24248	
2211	-1.24244	
2212	-1.24241	
2213	-1.24236	
2214	-1.24232	
2215	-1.24227	
2216	-1.24221	
2217	-1.24215	
2218	-1.24209	
2219	-1.24202	
2220	-1.24196	
2221	-1.24189	
2222	-1.24182	
2223	-1.24175	
2224	-1.24169	
2225	-1.24164	
2226	-1.24159	
2227	-1.24155	
2228	-1.24152	
2229	-1.2415	
2230	-1.24149	
2231	-1.24148	
2232	-1.24147	
2233	-1.24148	
2234	-1.24148	
2235	-1.24149	
2236	-1.24151	
2237	-1.24152	
2238	-1.24154	
2239	-1.24156	
2240	-1.24159	
2241	-1.24162	
2242	-1.24164	
2243	-1.24166	
2244	-1.24168	
2245	-1.2417	
2246	-1.24172	
2247	-1.24173	
2248	-1.24175	
2249	-1.24177	
2250	-1.24181	
2251	-1.24185	
2252	-1.2419	
2253	-1.24195	
2254	-1.24202	
2255	-1.24209	
2256	-1.24216	
2257	-1.24223	
2258	-1.24229	
2259	-1.24235	
2260	-1.2424	
2261	-1.24244	
2262	-1.24247	
2263	-1.2425	
2264	-1.24251	
2265	-1.24252	
2266	-1.24253	
2267	-1.24253	
2268	-1.24254	
2269	-1.24254	
2270	-1.24254	
2271	-1.24254	
2272	-1.24254	
2273	-1.24254	
2274	-1.24254	
2275	-1.24254	
2276	-1.24255	
2277	-1.24257	
2278	-1.24259	
2279	-1.24262	
2280	-1.24265	
2281	-1.2427	
2282	-1.24274	
2283	-1.24279	
2284	-1.24284	
2285	-1.24289	
2286	-1.24294	
2287	-1.24298	
2288	-1.24302	
2289	-1.24304	
2290	-1.24306	
2291	-1.24307	
2292	-1.24307	
2293	-1.24307	
2294	-1.24306	
2295	-1.24304	
2296	-1.24303	
2297	-1.24303	
2298	-1.24302	
2299	-1.24303	
2300	-1.24303	
2301	-1.24304	
2302	-1.24306	
2303	-1.24309	
2304	-1.24312	
2305	-1.24317	
2306	-1.24322	
2307	-1.24327	
2308	-1.24334	
2309	-1.24341	
2310	-1.24349	
2311	-1.24357	
2312	-1.24365	
2313	-1.24373	
2314	-1.2438	
2315	-1.24388	
2316	-1.24394	
2317	-1.244	
2318	-1.24406	
2319	-1.2441	
2320	-1.24415	
2321	-1.24419	
2322	-1.24423	
2323	-1.24427	
2324	-1.24431	
2325	-1.24434	
2326	-1.24437	
2327	-1.24438	
2328	-1.24438	
2329	-1.24438	
2330	-1.24436	
2331	-1.24434	
2332	-1.24433	
2333	-1.24431	
2334	-1.2443	
2335	-1.24428	
2336	-1.24428	
2337	-1.24428	
2338	-1.24429	
2339	-1.2443	
2340	-1.24432	
2341	-1.24436	
2342	-1.24439	
2343	-1.24443	
2344	-1.24448	
2345	-1.24452	
2346	-1.24456	
2347	-1.2446	
2348	-1.24462	
2349	-1.24464	
2350	-1.24465	
2351	-1.24465	
2352	-1.24464	
2353	-1.24462	
2354	-1.2446	
2355	-1.24457	
2356	-1.24455	
2357	-1.24452	
2358	-1.2445	
2359	-1.24447	
2360	-1.24446	
2361	-1.24444	
2362	-1.24442	
2363	-1.24441	
2364	-1.24439	
2365	-1.24437	
2366	-1.24434	
2367	-1.24432	
2368	-1.24429	
2369	-1.24427	
2370	-1.24425	
2371	-1.24422	
2372	-1.24419	
2373	-1.24417	
2374	-1.24415	
2375	-1.24413	
2376	-1.24412	
2377	-1.24411	
2378	-1.2441	
2379	-1.2441	
2380	-1.24411	
2381	-1.24412	
2382	-1.24413	
2383	-1.24415	
2384	-1.24417	
2385	-1.2442	
2386	-1.24423	
2387	-1.24425	
2388	-1.24428	
2389	-1.2443	
2390	-1.24432	
2391	-1.24433	
2392	-1.24435	
2393	-1.24435	
2394	-1.24436	
2395	-1.24435	
2396	-1.24435	
2397	-1.24434	
2398	-1.24432	
2399	-1.24431	
2400	-1.24429	
2401	-1.24426	
2402	-1.24422	
2403	-1.24418	
2404	-1.24414	
2405	-1.24409	
2406	-1.24405	
2407	-1.244	
2408	-1.24396	
2409	-1.24392	
2410	-1.24389	
2411	-1.24386	
2412	-1.24382	
2413	-1.24379	
2414	-1.24374	
2415	-1.2437	
2416	-1.24364	
2417	-1.24358	
2418	-1.24353	
2419	-1.24347	
2420	-1.24342	
2421	-1.24336	
2422	-1.24332	
2423	-1.24328	
2424	-1.24324	
2425	-1.24321	
2426	-1.24319	
2427	-1.24316	
2428	-1.24314	
2429	-1.24312	
2430	-1.24309	
2431	-1.24307	
2432	-1.24305	
2433	-1.24302	
2434	-1.243	
2435	-1.24299	
2436	-1.24299	
2437	-1.243	
2438	-1.24303	
2439	-1.24307	
2440	-1.24312	
2441	-1.24318	
2442	-1.24324	
2443	-1.24331	
2444	-1.24338	
2445	-1.24345	
2446	-1.24351	
2447	-1.24357	
2448	-1.24363	
2449	-1.24368	
2450	-1.24373	
2451	-1.24377	
2452	-1.24381	
2453	-1.24385	
2454	-1.24388	
2455	-1.24392	
2456	-1.24395	
2457	-1.24397	
2458	-1.24399	
2459	-1.244	
2460	-1.24401	
2461	-1.24402	
2462	-1.24402	
2463	-1.24403	
2464	-1.24404	
2465	-1.24404	
2466	-1.24406	
2467	-1.24407	
2468	-1.2441	
2469	-1.24412	
2470	-1.24414	
2471	-1.24417	
2472	-1.24419	
2473	-1.24422	
2474	-1.24424	
2475	-1.24428	
2476	-1.24431	
2477	-1.24434	
2478	-1.24438	
2479	-1.24442	
2480	-1.24448	
2481	-1.24454	
2482	-1.2446	
2483	-1.24467	
2484	-1.24476	
2485	-1.24484	
2486	-1.24493	
2487	-1.24501	
2488	-1.24509	
2489	-1.24516	
2490	-1.24523	
2491	-1.24529	
2492	-1.24535	
2493	-1.2454	
2494	-1.24545	
2495	-1.24549	
2496	-1.24553	
2497	-1.24557	
2498	-1.24561	
2499	-1.24564	
2500	-1.24568	
2501	-1.24571	
2502	-1.24574	
2503	-1.24577	
2504	-1.24579	
2505	-1.24581	
2506	-1.24584	
2507	-1.24586	
2508	-1.24588	
2509	-1.24591	
2510	-1.24594	
2511	-1.24596	
2512	-1.246	
2513	-1.24604	
2514	-1.24607	
2515	-1.2461	
2516	-1.24612	
2517	-1.24614	
2518	-1.24616	
2519	-1.24617	
2520	-1.24617	
2521	-1.24617	
2522	-1.24617	
2523	-1.24617	
2524	-1.24618	
2525	-1.24618	
2526	-1.24619	
2527	-1.24619	
2528	-1.2462	
2529	-1.24621	
2530	-1.24621	
2531	-1.24622	
2532	-1.24622	
2533	-1.24623	
2534	-1.24622	
2535	-1.24621	
2536	-1.2462	
2537	-1.24617	
2538	-1.24614	
2539	-1.24611	
2540	-1.24606	
2541	-1.24601	
2542	-1.24595	
2543	-1.24588	
2544	-1.24581	
2545	-1.24573	
2546	-1.24565	
2547	-1.24556	
2548	-1.24547	
2549	-1.24539	
2550	-1.24531	
2551	-1.24523	
2552	-1.24517	
2553	-1.24511	
2554	-1.24506	
2555	-1.24503	
2556	-1.245	
2557	-1.24499	
2558	-1.24498	
2559	-1.24499	
2560	-1.245	
2561	-1.24502	
2562	-1.24504	
2563	-1.24506	
2564	-1.24509	
2565	-1.24511	
2566	-1.24513	
2567	-1.24515	
2568	-1.24516	
2569	-1.24516	
2570	-1.24517	
2571	-1.24517	
2572	-1.24517	
2573	-1.24517	
2574	-1.24517	
2575	-1.24518	
2576	-1.24518	
2577	-1.24519	
2578	-1.2452	
2579	-1.24522	
2580	-1.24523	
2581	-1.24524	
2582	-1.24526	
2583	-1.24528	
2584	-1.2453	
2585	-1.24532	
2586	-1.24535	
2587	-1.24537	
2588	-1.2454	
2589	-1.24543	
2590	-1.24546	
2591	-1.24549	
2592	-1.24551	
2593	-1.24553	
2594	-1.24554	
2595	-1.24555	
2596	-1.24556	
2597	-1.24557	
2598	-1.24558	
2599	-1.24559	
2600	-1.24559	
2601	-1.2456	
2602	-1.24561	
2603	-1.24561	
2604	-1.24561	
2605	-1.24561	
2606	-1.24561	
2607	-1.24561	
2608	-1.24562	
2609	-1.24563	
2610	-1.24564	
2611	-1.24567	
2612	-1.2457	
2613	-1.24574	
2614	-1.24579	
2615	-1.24583	
2616	-1.24588	
2617	-1.24592	
2618	-1.24595	
2619	-1.24598	
2620	-1.24601	
2621	-1.24603	
2622	-1.24604	
2623	-1.24605	
2624	-1.24606	
2625	-1.24607	
2626	-1.24608	
2627	-1.24608	
2628	-1.24608	
2629	-1.24609	
2630	-1.2461	
2631	-1.24611	
2632	-1.24612	
2633	-1.24613	
2634	-1.24614	
2635	-1.24615	
2636	-1.24615	
2637	-1.24615	
2638	-1.24614	
2639	-1.24613	
2640	-1.2461	
2641	-1.24608	
2642	-1.24605	
2643	-1.24601	
2644	-1.24597	
2645	-1.24594	
2646	-1.2459	
2647	-1.24588	
2648	-1.24586	
2649	-1.24586	
2650	-1.24587	
2651	-1.24589	
2652	-1.24593	
2653	-1.24597	
2654	-1.24602	
2655	-1.24608	
2656	-1.24613	
2657	-1.24619	
2658	-1.24624	
2659	-1.24629	
2660	-1.24633	
2661	-1.24636	
2662	-1.24639	
2663	-1.24641	
2664	-1.24643	
2665	-1.24644	
2666	-1.24645	
2667	-1.24646	
2668	-1.24646	
2669	-1.24646	
2670	-1.24645	
2671	-1.24644	
2672	-1.24643	
2673	-1.24641	
2674	-1.24639	
2675	-1.24637	
2676	-1.24635	
2677	-1.24634	
2678	-1.24634	
2679	-1.24634	
2680	-1.24634	
2681	-1.24634	
2682	-1.24635	
2683	-1.24636	
2684	-1.24637	
2685	-1.24637	
2686	-1.24637	
2687	-1.24636	
2688	-1.24636	
2689	-1.24636	
2690	-1.24635	
2691	-1.24634	
2692	-1.24634	
2693	-1.24633	
2694	-1.24632	
2695	-1.2463	
2696	-1.24628	
2697	-1.24625	
2698	-1.24622	
2699	-1.24618	
2700	-1.24614	
2701	-1.2461	
2702	-1.24606	
2703	-1.24601	
2704	-1.24597	
2705	-1.24593	
2706	-1.24589	
2707	-1.24587	
2708	-1.24586	
2709	-1.24586	
2710	-1.24587	
2711	-1.24588	
2712	-1.24591	
2713	-1.24594	
2714	-1.24597	
2715	-1.246	
2716	-1.24602	
2717	-1.24603	
2718	-1.24603	
2719	-1.24603	
2720	-1.24601	
2721	-1.24598	
2722	-1.24594	
2723	-1.2459	
2724	-1.24585	
2725	-1.2458	
2726	-1.24574	
2727	-1.24568	
2728	-1.24562	
2729	-1.24556	
2730	-1.2455	
2731	-1.24544	
2732	-1.24538	
2733	-1.24533	
2734	-1.24527	
2735	-1.24521	
2736	-1.24516	
2737	-1.24511	
2738	-1.24507	
2739	-1.24504	
2740	-1.24501	
2741	-1.24499	
2742	-1.24498	
2743	-1.24497	
2744	-1.24496	
2745	-1.24496	
2746	-1.24495	
2747	-1.24494	
2748	-1.24493	
2749	-1.2449	
2750	-1.24488	
2751	-1.24485	
2752	-1.24482	
2753	-1.24478	
2754	-1.24475	
2755	-1.24471	
2756	-1.24467	
2757	-1.24463	
2758	-1.2446	
2759	-1.24457	
2760	-1.24454	
2761	-1.24451	
2762	-1.24448	
2763	-1.24446	
2764	-1.24445	
2765	-1.24444	
2766	-1.24443	
2767	-1.24443	
2768	-1.24443	
2769	-1.24444	
2770	-1.24444	
2771	-1.24445	
2772	-1.24445	
2773	-1.24445	
2774	-1.24445	
2775	-1.24444	
2776	-1.24444	
2777	-1.24442	
2778	-1.2444	
2779	-1.24438	
2780	-1.24436	
2781	-1.24433	
2782	-1.24429	
2783	-1.24426	
2784	-1.24422	
2785	-1.24418	
2786	-1.24414	
2787	-1.2441	
2788	-1.24405	
2789	-1.24401	
2790	-1.24397	
2791	-1.24393	
2792	-1.24389	
2793	-1.24386	
2794	-1.24383	
2795	-1.24381	
2796	-1.24378	
2797	-1.24376	
2798	-1.24375	
2799	-1.24373	
2800	-1.24372	
2801	-1.24371	
2802	-1.2437	
2803	-1.2437	
2804	-1.24369	
2805	-1.24369	
2806	-1.24368	
2807	-1.24368	
2808	-1.24367	
2809	-1.24365	
2810	-1.24364	
2811	-1.24361	
2812	-1.24358	
2813	-1.24355	
2814	-1.2435	
2815	-1.24346	
2816	-1.24342	
2817	-1.24337	
2818	-1.24333	
2819	-1.24329	
2820	-1.24325	
2821	-1.24321	
2822	-1.24317	
2823	-1.24313	
2824	-1.24309	
2825	-1.24304	
2826	-1.24299	
2827	-1.24294	
2828	-1.24289	
2829	-1.24283	
2830	-1.24278	
2831	-1.24274	
2832	-1.2427	
2833	-1.24266	
2834	-1.24263	
2835	-1.24261	
2836	-1.2426	
2837	-1.2426	
2838	-1.2426	
2839	-1.2426	
2840	-1.2426	
2841	-1.24261	
2842	-1.24262	
2843	-1.24262	
2844	-1.24263	
2845	-1.24264	
2846	-1.24265	
2847	-1.24265	
2848	-1.24266	
2849	-1.24267	
2850	-1.24267	
2851	-1.24267	
2852	-1.24266	
2853	-1.24265	
2854	-1.24264	
2855	-1.24263	
2856	-1.24262	
2857	-1.24261	
2858	-1.24259	
2859	-1.24258	
2860	-1.24257	
2861	-1.24255	
2862	-1.24254	
2863	-1.24252	
2864	-1.24249	
2865	-1.24246	
2866	-1.24243	
2867	-1.24239	
2868	-1.24235	
2869	-1.2423	
2870	-1.24226	
2871	-1.24222	
2872	-1.24218	
2873	-1.24215	
2874	-1.24212	
2875	-1.2421	
2876	-1.24208	
2877	-1.24207	
2878	-1.24205	
2879	-1.24203	
2880	-1.24202	
2881	-1.242	
2882	-1.24199	
2883	-1.24197	
2884	-1.24196	
2885	-1.24195	
2886	-1.24194	
2887	-1.24194	
2888	-1.24195	
2889	-1.24196	
2890	-1.24199	
2891	-1.24202	
2892	-1.24207	
2893	-1.24211	
2894	-1.24215	
2895	-1.2422	
2896	-1.24225	
2897	-1.2423	
2898	-1.24234	
2899	-1.24238	
2900	-1.24242	
2901	-1.24251	
2902	-1.24251	
2903	-1.24252	
2904	-1.24253	
2905	-1.24255	
2906	-1.24256	
2907	-1.24257	
2908	-1.24259	
2909	-1.24261	
2910	-1.24263	
2911	-1.24266	
2912	-1.24269	
2913	-1.24273	
2914	-1.24276	
2915	-1.24281	
2916	-1.24285	
2917	-1.24289	
2918	-1.24293	
2919	-1.24296	
2920	-1.24298	
2921	-1.24301	
2922	-1.24302	
2923	-1.24303	
2924	-1.24304	
2925	-1.24303	
2926	-1.24303	
2927	-1.24302	
2928	-1.243	
2929	-1.24298	
2930	-1.24296	
2931	-1.24294	
2932	-1.24292	
2933	-1.2429	
2934	-1.24289	
2935	-1.24288	
2936	-1.24287	
2937	-1.24287	
2938	-1.24287	
2939	-1.24287	
2940	-1.24287	
2941	-1.24287	
2942	-1.24288	
2943	-1.24289	
2944	-1.24289	
2945	-1.2429	
2946	-1.24291	
2947	-1.24292	
2948	-1.24293	
2949	-1.24294	
2950	-1.24295	
2951	-1.24295	
2952	-1.24295	
2953	-1.24294	
2954	-1.24293	
2955	-1.24291	
2956	-1.24289	
2957	-1.24286	
2958	-1.24284	
2959	-1.24281	
2960	-1.24279	
2961	-1.24277	
2962	-1.24276	
2963	-1.24275	
2964	-1.24275	
2965	-1.24274	
2966	-1.24274	
2967	-1.24273	
2968	-1.24273	
2969	-1.24272	
2970	-1.24271	
2971	-1.24271	
2972	-1.2427	
2973	-1.24269	
2974	-1.24268	
2975	-1.24267	
2976	-1.24267	
2977	-1.24267	
2978	-1.24267	
2979	-1.24268	
2980	-1.24269	
2981	-1.2427	
2982	-1.24271	
2983	-1.24273	
2984	-1.24274	
2985	-1.24275	
2986	-1.24276	
2987	-1.24276	
2988	-1.24276	
2989	-1.24276	
2990	-1.24276	
2991	-1.24276	
2992	-1.24275	
2993	-1.24275	
2994	-1.24275	
2995	-1.24275	
2996	-1.24275	
2997	-1.24275	
2998	-1.24275	
2999	-1.24275	
3000	-1.24276	
3001	-1.24276	
3002	-1.24277	
3003	-1.24277	
3004	-1.24278	
3005	-1.24278	
3006	-1.24278	
3007	-1.24278	
3008	-1.24277	
3009	-1.24275	
3010	-1.24272	
3011	-1.24268	
3012	-1.24263	
3013	-1.24258	
3014	-1.24252	
3015	-1.24246	
3016	-1.24241	
3017	-1.24235	
3018	-1.2423	
3019	-1.24224	
3020	-1.24219	
3021	-1.24214	
3022	-1.24209	
3023	-1.24205	
3024	-1.24201	
3025	-1.24197	
3026	-1.24193	
3027	-1.2419	
3028	-1.24186	
3029	-1.24183	
3030	-1.2418	
3031	-1.24177	
3032	-1.24174	
3033	-1.24171	
3034	-1.24169	
3035	-1.24168	
3036	-1.24167	
3037	-1.24166	
3038	-1.24167	
3039	-1.24167	
3040	-1.24168	
3041	-1.24168	
3042	-1.2417	
3043	-1.2417	
3044	-1.24171	
3045	-1.24172	
3046	-1.24172	
3047	-1.24173	
3048	-1.24173	
3049	-1.24174	
3050	-1.24174	
3051	-1.24175	
3052	-1.24176	
3053	-1.24176	
3054	-1.24177	
3055	-1.24178	
3056	-1.24179	
3057	-1.2418	
3058	-1.24181	
3059	-1.24182	
3060	-1.24183	
3061	-1.24184	
3062	-1.24184	
3063	-1.24184	
3064	-1.24183	
3065	-1.24183	
3066	-1.24182	
3067	-1.24182	
3068	-1.24182	
3069	-1.24182	
3070	-1.24182	
3071	-1.24181	
3072	-1.24181	
3073	-1.2418	
3074	-1.24179	
3075	-1.24178	
3076	-1.24177	
3077	-1.24176	
3078	-1.24176	
3079	-1.24175	
3080	-1.24175	
3081	-1.24175	
3082	-1.24176	
3083	-1.24178	
3084	-1.2418	
3085	-1.24183	
3086	-1.24185	
3087	-1.24188	
3088	-1.24191	
3089	-1.24194	
3090	-1.24196	
3091	-1.24199	
3092	-1.24201	
3093	-1.24204	
3094	-1.24207	
3095	-1.2421	
3096	-1.24213	
3097	-1.24216	
3098	-1.24218	
3099	-1.2422	
3100	-1.24221	
3101	-1.24222	
3102	-1.24221	
3103	-1.24221	
3104	-1.2422	
3105	-1.24218	
3106	-1.24216	
3107	-1.24215	
3108	-1.24213	
3109	-1.24212	
3110	-1.2421	
3111	-1.24209	
3112	-1.24207	
3113	-1.24206	
3114	-1.24204	
3115	-1.24203	
3116	-1.24203	
3117	-1.24202	
3118	-1.24201	
3119	-1.24201	
3120	-1.24201	
3121	-1.24202	
3122	-1.24203	
3123	-1.24204	
3124	-1.24206	
3125	-1.24207	
3126	-1.24209	
3127	-1.2421	
3128	-1.24211	
3129	-1.24213	
3130	-1.24214	
3131	-1.24215	
3132	-1.24216	
3133	-1.24216	
3134	-1.24216	
3135	-1.24214	
3136	-1.24212	
3137	-1.2421	
3138	-1.24207	
3139	-1.24205	
3140	-1.24203	
3141	-1.24201	
3142	-1.242	
3143	-1.24199	
3144	-1.24198	
3145	-1.24198	
3146	-1.24197	
3147	-1.24196	
3148	-1.24195	
3149	-1.24195	
3150	-1.24195	
3151	-1.24195	
3152	-1.24194	
3153	-1.24195	
3154	-1.24195	
3155	-1.24195	
3156	-1.24195	
3157	-1.24196	
3158	-1.24196	
3159	-1.24196	
3160	-1.24196	
3161	-1.24196	
3162	-1.24195	
3163	-1.24194	
3164	-1.24193	
3165	-1.24191	
3166	-1.24189	
3167	-1.24187	
3168	-1.24184	
3169	-1.24182	
3170	-1.24179	
3171	-1.24177	
3172	-1.24175	
3173	-1.24172	
3174	-1.2417	
3175	-1.24168	
3176	-1.24165	
3177	-1.24163	
3178	-1.2416	
3179	-1.24157	
3180	-1.24154	
3181	-1.2415	
3182	-1.24146	
3183	-1.24141	
3184	-1.24136	
3185	-1.2413	
3186	-1.24124	
3187	-1.24117	
3188	-1.24111	
3189	-1.24104	
3190	-1.24098	
3191	-1.24092	
3192	-1.24087	
3193	-1.24082	
3194	-1.24077	
3195	-1.24072	
3196	-1.24067	
3197	-1.24063	
3198	-1.24058	
3199	-1.24053	
3200	-1.24048	
3201	-1.24043	
3202	-1.24037	
3203	-1.24032	
3204	-1.24025	
3205	-1.24018	
3206	-1.24011	
3207	-1.24003	
3208	-1.23995	
3209	-1.23987	
3210	-1.23979	
3211	-1.23971	
3212	-1.23964	
3213	-1.23957	
3214	-1.2395	
3215	-1.23945	
3216	-1.23939	
3217	-1.23934	
3218	-1.23929	
3219	-1.23923	
3220	-1.23918	
3221	-1.23912	
3222	-1.23907	
3223	-1.23902	
3224	-1.23897	
3225	-1.23892	
3226	-1.23888	
3227	-1.23883	
3228	-1.23878	
3229	-1.23873	
3230	-1.23867	
3231	-1.23861	
3232	-1.23856	
3233	-1.2385	
3234	-1.23846	
3235	-1.23842	
3236	-1.23838	
3237	-1.23836	
3238	-1.23834	
3239	-1.23833	
3240	-1.23832	
3241	-1.23831	
3242	-1.23831	
3243	-1.23831	
3244	-1.23831	
3245	-1.2383	
3246	-1.23829	
3247	-1.23828	
3248	-1.23827	
3249	-1.23825	
3250	-1.23823	
3251	-1.2382	
3252	-1.23817	
3253	-1.23814	
3254	-1.2381	
3255	-1.23807	
3256	-1.23802	
3257	-1.23798	
3258	-1.23794	
3259	-1.23789	
3260	-1.23785	
3261	-1.23781	
3262	-1.23777	
3263	-1.23774	
3264	-1.2377	
3265	-1.23767	
3266	-1.23764	
3267	-1.23761	
3268	-1.23759	
3269	-1.23757	
3270	-1.23754	
3271	-1.23752	
3272	-1.2375	
3273	-1.23748	
3274	-1.23746	
3275	-1.23743	
3276	-1.23741	
3277	-1.23738	
3278	-1.23736	
3279	-1.23733	
3280	-1.2373	
3281	-1.23728	
3282	-1.23726	
3283	-1.23724	
3284	-1.23722	
3285	-1.23721	
3286	-1.2372	
3287	-1.23719	
3288	-1.23719	
3289	-1.23719	
3290	-1.23719	
3291	-1.2372	
3292	-1.2372	
3293	-1.23721	
3294	-1.23721	
3295	-1.23721	
3296	-1.23721	
3297	-1.23721	
3298	-1.23721	
3299	-1.23722	
3300	-1.23722	
3301	-1.23722	
3302	-1.23722	
3303	-1.23722	
3304	-1.23723	
3305	-1.23722	
3306	-1.23722	
3307	-1.23721	
3308	-1.2372	
3309	-1.23719	
3310	-1.23717	
3311	-1.23715	
3312	-1.23713	
3313	-1.23711	
3314	-1.23709	
3315	-1.23706	
3316	-1.23704	
3317	-1.23703	
3318	-1.23701	
3319	-1.23701	
3320	-1.237	
3321	-1.23699	
3322	-1.23699	
3323	-1.23698	
3324	-1.23697	
3325	-1.23696	
3326	-1.23695	
3327	-1.23694	
3328	-1.23692	
3329	-1.23691	
3330	-1.2369	
3331	-1.2369	
3332	-1.23689	
3333	-1.23689	
3334	-1.23689	
3335	-1.23689	
3336	-1.23689	
3337	-1.23689	
3338	-1.23688	
3339	-1.23688	
3340	-1.23687	
3341	-1.23686	
3342	-1.23685	
3343	-1.23684	
3344	-1.23682	
3345	-1.23681	
3346	-1.23679	
3347	-1.23677	
3348	-1.23676	
3349	-1.23674	
3350	-1.23673	
3351	-1.23671	
3352	-1.2367	
3353	-1.23669	
3354	-1.23668	
3355	-1.23667	
3356	-1.23665	
3357	-1.23663	
3358	-1.23661	
3359	-1.23659	
3360	-1.23656	
3361	-1.23654	
3362	-1.23651	
3363	-1.23648	
3364	-1.23645	
3365	-1.23642	
3366	-1.23638	
3367	-1.23635	
3368	-1.23631	
3369	-1.23627	
3370	-1.23623	
3371	-1.23618	
3372	-1.23613	
3373	-1.23608	
3374	-1.23603	
3375	-1.23598	
3376	-1.23593	
3377	-1.23588	
3378	-1.23582	
3379	-1.23577	
3380	-1.23572	
3381	-1.23567	
3382	-1.23563	
3383	-1.23558	
3384	-1.23555	
3385	-1.23551	
3386	-1.23549	
3387	-1.23546	
3388	-1.23545	
3389	-1.23545	
3390	-1.23545	
3391	-1.23545	
3392	-1.23546	
3393	-1.23547	
3394	-1.23549	
3395	-1.2355	
3396	-1.23552	
3397	-1.23553	
3398	-1.23555	
3399	-1.23557	
3400	-1.23559	
3401	-1.2356	
3402	-1.23562	
3403	-1.23564	
3404	-1.23565	
3405	-1.23567	
3406	-1.23568	
3407	-1.23569	
3408	-1.2357	
3409	-1.2357	
3410	-1.2357	
3411	-1.23569	
3412	-1.23568	
3413	-1.23567	
3414	-1.23566	
3415	-1.23564	
3416	-1.23562	
3417	-1.2356	
3418	-1.23557	
3419	-1.23554	
3420	-1.23551	
3421	-1.23548	
3422	-1.23544	
3423	-1.23539	
3424	-1.23535	
3425	-1.2353	
3426	-1.23525	
3427	-1.2352	
3428	-1.23515	
3429	-1.2351	
3430	-1.23505	
3431	-1.23501	
3432	-1.23497	
3433	-1.23493	
3434	-1.23491	
3435	-1.23488	
3436	-1.23486	
3437	-1.23485	
3438	-1.23484	
3439	-1.23483	
3440	-1.23482	
3441	-1.23481	
3442	-1.23481	
3443	-1.2348	
3444	-1.2348	
3445	-1.2348	
3446	-1.2348	
3447	-1.2348	
3448	-1.2348	
3449	-1.23481	
3450	-1.23482	
3451	-1.23483	
3452	-1.23484	
3453	-1.23485	
3454	-1.23486	
3455	-1.23487	
3456	-1.23487	
3457	-1.23487	
3458	-1.23487	
3459	-1.23487	
3460	-1.23487	
3461	-1.23487	
3462	-1.23487	
3463	-1.23487	
3464	-1.23487	
3465	-1.23487	
3466	-1.23488	
3467	-1.23489	
3468	-1.2349	
3469	-1.23491	
3470	-1.23493	
3471	-1.23494	
3472	-1.23496	
3473	-1.23497	
3474	-1.23498	
3475	-1.23499	
3476	-1.235	
3477	-1.23501	
3478	-1.23502	
3479	-1.23503	
3480	-1.23505	
3481	-1.23507	
3482	-1.23509	
3483	-1.23512	
3484	-1.23515	
3485	-1.23518	
3486	-1.2352	
3487	-1.23522	
3488	-1.23524	
3489	-1.23526	
3490	-1.23527	
3491	-1.23528	
3492	-1.23528	
3493	-1.23529	
3494	-1.2353	
3495	-1.23532	
3496	-1.23533	
3497	-1.23535	
3498	-1.23537	
3499	-1.23539	
3500	-1.2354	
3501	-1.23541	
3502	-1.23541	
3503	-1.2354	
3504	-1.23538	
3505	-1.23535	
3506	-1.23531	
3507	-1.23526	
3508	-1.2352	
3509	-1.23513	
3510	-1.23505	
3511	-1.23497	
3512	-1.23489	
3513	-1.2348	
3514	-1.23472	
3515	-1.23464	
3516	-1.23456	
3517	-1.23448	
3518	-1.23441	
3519	-1.23433	
3520	-1.23426	
3521	-1.23419	
3522	-1.23412	
3523	-1.23405	
3524	-1.23398	
3525	-1.2339	
3526	-1.23383	
3527	-1.23376	
3528	-1.23369	
3529	-1.23362	
3530	-1.23356	
3531	-1.2335	
3532	-1.23345	
3533	-1.23341	
3534	-1.23337	
3535	-1.23334	
3536	-1.23332	
3537	-1.2333	
3538	-1.23329	
3539	-1.23327	
3540	-1.23326	
3541	-1.23325	
3542	-1.23323	
3543	-1.23322	
3544	-1.2332	
3545	-1.23318	
3546	-1.23316	
3547	-1.23314	
3548	-1.23312	
3549	-1.2331	
3550	-1.23308	
3551	-1.23306	
3552	-1.23305	
3553	-1.23304	
3554	-1.23303	
3555	-1.23303	
3556	-1.23303	
3557	-1.23304	
3558	-1.23305	
3559	-1.23307	
3560	-1.23309	
3561	-1.23311	
3562	-1.23313	
3563	-1.23316	
3564	-1.23319	
3565	-1.23321	
3566	-1.23323	
3567	-1.23325	
3568	-1.23326	
3569	-1.23327	
3570	-1.23327	
3571	-1.23328	
3572	-1.23328	
3573	-1.23329	
3574	-1.23329	
3575	-1.2333	
3576	-1.23331	
3577	-1.23333	
3578	-1.23334	
3579	-1.23335	
3580	-1.23336	
3581	-1.23337	
3582	-1.23338	
3583	-1.23339	
3584	-1.23339	
3585	-1.23339	
3586	-1.23339	
3587	-1.23338	
3588	-1.23336	
3589	-1.23335	
3590	-1.23332	
3591	-1.2333	
3592	-1.23327	
3593	-1.23324	
3594	-1.2332	
3595	-1.23317	
3596	-1.23314	
3597	-1.23311	
3598	-1.23307	
3599	-1.23304	
3600	-1.233	
3601	-1.23296	
3602	-1.23293	
3603	-1.23289	
3604	-1.23285	
3605	-1.23281	
3606	-1.23277	
3607	-1.23274	
3608	-1.2327	
3609	-1.23266	
3610	-1.23262	
3611	-1.23258	
3612	-1.23254	
3613	-1.23251	
3614	-1.23247	
3615	-1.23244	
3616	-1.2324	
3617	-1.23237	
3618	-1.23235	
3619	-1.23233	
3620	-1.23231	
3621	-1.23229	
3622	-1.23228	
3623	-1.23226	
3624	-1.23225	
3625	-1.23223	
3626	-1.23222	
3627	-1.23221	
3628	-1.2322	
3629	-1.23219	
3630	-1.23218	
3631	-1.23218	
3632	-1.23219	
3633	-1.2322	
3634	-1.23221	
3635	-1.23222	
3636	-1.23223	
3637	-1.23225	
3638	-1.23226	
3639	-1.23228	
3640	-1.23229	
3641	-1.23231	
3642	-1.23233	
3643	-1.23234	
3644	-1.23236	
3645	-1.23238	
3646	-1.2324	
3647	-1.23242	
3648	-1.23244	
3649	-1.23246	
3650	-1.23247	
3651	-1.23248	
3652	-1.23249	
3653	-1.23249	
3654	-1.23249	
3655	-1.23247	
3656	-1.23246	
3657	-1.23244	
3658	-1.23241	
3659	-1.23237	
3660	-1.23233	
3661	-1.23229	
3662	-1.23224	
3663	-1.23219	
3664	-1.23214	
3665	-1.23209	
3666	-1.23205	
3667	-1.23201	
3668	-1.23198	
3669	-1.23196	
3670	-1.23196	
3671	-1.23196	
3672	-1.23197	
3673	-1.232	
3674	-1.23202	
3675	-1.23205	
3676	-1.23208	
3677	-1.23211	
3678	-1.23214	
3679	-1.23217	
3680	-1.2322	
3681	-1.23223	
3682	-1.23227	
3683	-1.2323	
3684	-1.23233	
3685	-1.23236	
3686	-1.23239	
3687	-1.23242	
3688	-1.23246	
3689	-1.2325	
3690	-1.23254	
3691	-1.23259	
3692	-1.23263	
3693	-1.23268	
3694	-1.23272	
3695	-1.23276	
3696	-1.2328	
3697	-1.23284	
3698	-1.23287	
3699	-1.23291	
3700	-1.23295	
3701	-1.23298	
3702	-1.23302	
3703	-1.23305	
3704	-1.23309	
3705	-1.23312	
3706	-1.23315	
3707	-1.23318	
3708	-1.23322	
3709	-1.23326	
3710	-1.2333	
3711	-1.23335	
3712	-1.2334	
3713	-1.23346	
3714	-1.23351	
3715	-1.23357	
3716	-1.23362	
3717	-1.23367	
3718	-1.23371	
3719	-1.23375	
3720	-1.23378	
3721	-1.2338	
3722	-1.23382	
3723	-1.23384	
3724	-1.23386	
3725	-1.23387	
3726	-1.23388	
3727	-1.23388	
3728	-1.23389	
3729	-1.2339	
3730	-1.23391	
3731	-1.23393	
3732	-1.23395	
3733	-1.23397	
3734	-1.234	
3735	-1.23402	
3736	-1.23405	
3737	-1.23408	
3738	-1.23411	
3739	-1.23415	
3740	-1.23417	
3741	-1.2342	
3742	-1.23423	
3743	-1.23425	
3744	-1.23427	
3745	-1.23428	
3746	-1.23429	
3747	-1.23429	
3748	-1.23428	
3749	-1.23426	
3750	-1.23424	
3751	-1.23421	
3752	-1.23418	
3753	-1.23415	
3754	-1.2341	
3755	-1.23406	
3756	-1.23401	
3757	-1.23397	
3758	-1.23391	
3759	-1.23386	
3760	-1.2338	
3761	-1.23375	
3762	-1.23369	
3763	-1.23364	
3764	-1.23359	
3765	-1.23354	
3766	-1.2335	
3767	-1.23347	
3768	-1.23344	
3769	-1.23342	
3770	-1.23341	
3771	-1.23339	
3772	-1.23338	
3773	-1.23337	
3774	-1.23336	
3775	-1.23334	
3776	-1.23332	
3777	-1.2333	
3778	-1.23327	
3779	-1.23325	
3780	-1.23323	
3781	-1.23321	
3782	-1.23319	
3783	-1.23318	
3784	-1.23318	
3785	-1.23318	
3786	-1.23319	
3787	-1.23319	
3788	-1.23321	
3789	-1.23322	
3790	-1.23324	
3791	-1.23326	
3792	-1.23327	
3793	-1.23328	
3794	-1.23329	
3795	-1.23329	
3796	-1.23328	
3797	-1.23327	
3798	-1.23325	
3799	-1.23323	
3800	-1.2332	
3801	-1.23318	
3802	-1.23315	
3803	-1.23313	
3804	-1.23311	
3805	-1.2331	
3806	-1.23309	
3807	-1.23308	
3808	-1.23308	
3809	-1.23308	
3810	-1.23308	
3811	-1.23308	
3812	-1.23308	
3813	-1.23308	
3814	-1.23307	
3815	-1.23308	
3816	-1.23308	
3817	-1.23309	
3818	-1.23309	
3819	-1.2331	
3820	-1.2331	
3821	-1.23312	
3822	-1.23313	
3823	-1.23314	
3824	-1.23316	
3825	-1.23317	
3826	-1.23318	
3827	-1.23319	
3828	-1.2332	
3829	-1.2332	
3830	-1.23319	
3831	-1.23319	
3832	-1.23317	
3833	-1.23316	
3834	-1.23314	
3835	-1.23312	
3836	-1.2331	
3837	-1.23308	
3838	-1.23307	
3839	-1.23307	
3840	-1.23308	
3841	-1.23311	
3842	-1.23314	
3843	-1.23319	
3844	-1.23324	
3845	-1.23329	
3846	-1.23336	
3847	-1.23342	
3848	-1.23349	
3849	-1.23355	
3850	-1.23362	
3851	-1.23367	
3852	-1.23373	
3853	-1.23378	
3854	-1.23382	
3855	-1.23386	
3856	-1.23389	
3857	-1.23392	
3858	-1.23395	
3859	-1.23397	
3860	-1.234	
3861	-1.23403	
3862	-1.23405	
3863	-1.23408	
3864	-1.2341	
3865	-1.23413	
3866	-1.23415	
3867	-1.23417	
3868	-1.23418	
3869	-1.23419	
3870	-1.2342	
3871	-1.23421	
3872	-1.23421	
3873	-1.2342	
3874	-1.2342	
3875	-1.23418	
3876	-1.23417	
3877	-1.23415	
3878	-1.23413	
3879	-1.23411	
3880	-1.23408	
3881	-1.23406	
3882	-1.23404	
3883	-1.23402	
3884	-1.234	
3885	-1.23398	
3886	-1.23397	
3887	-1.23396	
3888	-1.23396	
3889	-1.23395	
3890	-1.23396	
3891	-1.23396	
3892	-1.23396	
3893	-1.23397	
3894	-1.23397	
3895	-1.23398	
3896	-1.23398	
3897	-1.23399	
3898	-1.234	
3899	-1.234	
3900	-1.23401	
3901	-1.23402	
3902	-1.23403	
3903	-1.23405	
3904	-1.23406	
3905	-1.23408	
3906	-1.23409	
3907	-1.23411	
3908	-1.23413	
3909	-1.23414	
3910	-1.23417	
3911	-1.23419	
3912	-1.23421	
3913	-1.23424	
3914	-1.23426	
3915	-1.23429	
3916	-1.23432	
3917	-1.23434	
3918	-1.23437	
3919	-1.23439	
3920	-1.23441	
3921	-1.23443	
3922	-1.23445	
3923	-1.23446	
3924	-1.23448	
3925	-1.23449	
3926	-1.2345	
3927	-1.23452	
3928	-1.23453	
3929	-1.23454	
3930	-1.23456	
3931	-1.23457	
3932	-1.23458	
3933	-1.23458	
3934	-1.23458	
3935	-1.23457	
3936	-1.23456	
3937	-1.23454	
3938	-1.23453	
3939	-1.23452	
3940	-1.23451	
3941	-1.23451	
3942	-1.23451	
3943	-1.23452	
3944	-1.23454	
3945	-1.23455	
3946	-1.23457	
3947	-1.23459	
3948	-1.23462	
3949	-1.23464	
3950	-1.23466	
3951	-1.23467	
3952	-1.23469	
3953	-1.2347	
3954	-1.2347	
3955	-1.2347	
3956	-1.2347	
3957	-1.23469	
3958	-1.23468	
3959	-1.23466	
3960	-1.23465	
3961	-1.23463	
3962	-1.23461	
3963	-1.2346	
3964	-1.23458	
3965	-1.23457	
3966	-1.23456	
3967	-1.23455	
3968	-1.23455	
3969	-1.23454	
3970	-1.23454	
3971	-1.23454	
3972	-1.23454	
3973	-1.23454	
3974	-1.23454	
3975	-1.23455	
3976	-1.23455	
3977	-1.23456	
3978	-1.23456	
3979	-1.23456	
3980	-1.23456	
3981	-1.23455	
3982	-1.23454	
3983	-1.23453	
3984	-1.23451	
3985	-1.23449	
3986	-1.23447	
3987	-1.23445	
3988	-1.23442	
3989	-1.23439	
3990	-1.23436	
3991	-1.23432	
3992	-1.23429	
3993	-1.23426	
3994	-1.23422	
3995	-1.23419	
3996	-1.23416	
3997	-1.23412	
3998	-1.23409	
3999	-1.23406	
