0			0
1			0.000125
2			0.000625
3			0.0015
4			0.00275
5			0.004375
6			0.006375
7			0.00875
8			0.0115
9			0.014625
10			0.018125
11			0.022
12			0.02625
13			0.030875
14			0.035875
15			0.04125
16			0.047
17			0.053125
18			0.059625
19			0.0665
20			0.07375
21			0.081375
22			0.089375
23			0.09775
24			0.1065
25			0.115625
26			0.125125
27			0.135
28			0.14525
29			0.155875
30			0.166875
31			0.17825
32			0.19
33			0.202125
34			0.214625
35			0.2275
36			0.24075
37			0.254375
38			0.268375
39			0.28275
40			0.2975
41			0.312625
42			0.328125
43			0.344
44			0.36025
45			0.376875
46			0.393875
47			0.41125
48			0.429
49			0.447125
50			0.465625
51			0.4845
52			0.50375
53			0.523375
54			0.543375
55			0.56375
56			0.5845
57			0.605625
58			0.627125
59			0.649
60			0.67125
61			0.693875
62			0.716875
63			0.74025
64			0.764
65			0.788125
66			0.812625
67			0.8375
68			0.86275
69			0.888375
70			0.914375
71			0.94075
72			0.9675
73			0.994625
74			1.02213
75			1.05
76			1.07825
77			1.10688
78			1.13588
79			1.16525
80			1.195
81			1.22513
82			1.25563
83			1.2865
84			1.31775
85			1.34938
86			1.38138
87			1.41375
88			1.4465
89			1.47963
90			1.51313
91			1.547
92			1.58125
93			1.61588
94			1.65088
95			1.68625
96			1.722
97			1.75813
98			1.79463
99			1.8315
100			1.86875
101			1.90638
102			1.94438
103			1.98275
104			2.0215
105			2.06063
106			2.10013
107			2.14
108			2.18025
109			2.22088
110			2.26188
111			2.30325
112			2.345
113			2.38713
114			2.42963
115			2.4725
116			2.51575
117			2.55938
118			2.60338
119			2.64775
120			2.6925
121			2.73763
122			2.78313
123			2.829
124			2.87525
125			2.92188
126			2.96888
127			3.01625
128			3.064
129			3.11213
130			3.16063
131			3.2095
132			3.25875
133			3.30838
134			3.35838
135			3.40875
136			3.4595
137			3.51063
138			3.56213
139			3.614
140			3.66625
141			3.71888
142			3.77188
143			3.82525
144			3.879
145			3.93313
146			3.98763
147			4.0425
148			4.09775
149			4.15338
150			4.20938
151			4.26575
152			4.3225
153			4.37963
154			4.43713
155			4.495
156			4.55325
157			4.61188
158			4.67088
159			4.73025
160			4.79
161			4.85013
162			4.91063
163			4.9715
164			5.03275
165			5.09438
166			5.15638
167			5.21875
168			5.2815
169			5.34463
170			5.40813
171			5.472
172			5.53625
173			5.60088
174			5.66588
175			5.73125
176			5.797
177			5.86313
178			5.92963
179			5.9965
180			6.06375
181			6.13138
182			6.19938
183			6.26775
184			6.3365
185			6.40563
186			6.47513
187			6.545
188			6.61525
189			6.68588
190			6.75688
191			6.82825
192			6.9
193			6.97213
194			7.04463
195			7.1175
196			7.19075
197			7.26438
198			7.33838
199			7.41275
200			7.4875
201			7.56263
202			7.63813
203			7.714
204			7.79025
205			7.86688
206			7.94388
207			8.02125
208			8.099
209			8.17713
210			8.25563
211			8.3345
212			8.41375
213			8.49338
214			8.57338
215			8.65375
216			8.7345
217			8.81563
218			8.89713
219			8.979
220			9.06125
221			9.14388
222			9.22688
223			9.31025
224			9.394
225			9.47813
226			9.56263
227			9.6475
228			9.73275
229			9.81838
230			9.90438
231			9.99075
232			10.0775
233			10.1646
234			10.2521
235			10.34
236			10.4283
237			10.5169
238			10.6059
239			10.6953
240			10.785
241			10.8751
242			10.9656
243			11.0565
244			11.1478
245			11.2394
246			11.3314
247			11.4238
248			11.5165
249			11.6096
250			11.7031
251			11.797
252			11.8912
253			11.9859
254			12.0809
255			12.1762
256			12.272
257			12.3681
258			12.4646
259			12.5615
260			12.6587
261			12.7564
262			12.8544
263			12.9527
264			13.0515
265			13.1506
266			13.2501
267			13.35
268			13.4502
269			13.5509
270			13.6519
271			13.7532
272			13.855
273			13.9571
274			14.0596
275			14.1625
276			14.2657
277			14.3694
278			14.4734
279			14.5777
280			14.6825
281			14.7876
282			14.8931
283			14.999
284			15.1052
285			15.2119
286			15.3189
287			15.4262
288			15.534
289			15.6421
290			15.7506
291			15.8595
292			15.9687
293			16.0784
294			16.1884
295			16.2987
296			16.4095
297			16.5206
298			16.6321
299			16.744
300			16.8562
301			16.9689
302			17.0819
303			17.1952
304			17.309
305			17.4231
306			17.5376
307			17.6525
308			17.7677
309			17.8834
310			17.9994
311			18.1157
312			18.2325
313			18.3496
314			18.4671
315			18.585
316			18.7032
317			18.8219
318			18.9409
319			19.0602
320			19.18
321			19.3001
322			19.4206
323			19.5415
324			19.6627
325			19.7844
326			19.9064
327			20.0287
328			20.1515
329			20.2746
330			20.3981
331			20.522
332			20.6462
333			20.7709
334			20.8959
335			21.0212
336			21.147
337			21.2731
338			21.3996
339			21.5265
340			21.6537
341			21.7814
342			21.9094
343			22.0377
344			22.1665
345			22.2956
346			22.4251
347			22.555
348			22.6852
349			22.8159
350			22.9469
351			23.0782
352			23.21
353			23.3421
354			23.4746
355			23.6075
356			23.7407
357			23.8744
358			24.0084
359			24.1427
360			24.2775
361			24.4126
362			24.5481
363			24.684
364			24.8202
365			24.9569
366			25.0939
367			25.2312
368			25.369
369			25.5071
370			25.6456
371			25.7845
372			25.9237
373			26.0634
374			26.2034
375			26.3437
376			26.4845
377			26.6256
378			26.7671
379			26.909
380			27.0512
381			27.1939
382			27.3369
383			27.4802
384			27.624
385			27.7681
386			27.9126
387			28.0575
388			28.2027
389			28.3484
390			28.4944
391			28.6407
392			28.7875
393			28.9346
394			29.0821
395			29.23
396			29.3782
397			29.5269
398			29.6759
399			29.8252
400			29.975
401			30.1251
402			30.2756
403			30.4265
404			30.5777
405			30.7294
406			30.8814
407			31.0337
408			31.1865
409			31.3396
410			31.4931
411			31.647
412			31.8012
413			31.9559
414			32.1109
415			32.2662
416			32.422
417			32.5781
418			32.7346
419			32.8915
420			33.0487
421			33.2064
422			33.3644
423			33.5227
424			33.6815
425			33.8406
426			34.0001
427			34.16
428			34.3202
429			34.4809
430			34.6419
431			34.8032
432			34.965
433			35.1271
434			35.2896
435			35.4525
436			35.6157
437			35.7794
438			35.9434
439			36.1077
440			36.2725
441			36.4376
442			36.6031
443			36.769
444			36.9352
445			37.1019
446			37.2689
447			37.4362
448			37.604
449			37.7721
450			37.9406
451			38.1095
452			38.2787
453			38.4484
454			38.6184
455			38.7887
456			38.9595
457			39.1306
458			39.3021
459			39.474
460			39.6462
461			39.8189
462			39.9919
463			40.1652
464			40.339
465			40.5131
466			40.6876
467			40.8625
468			41.0377
469			41.2134
470			41.3894
471			41.5657
472			41.7425
473			41.9196
474			42.0971
475			42.275
476			42.4532
477			42.6319
478			42.8109
479			42.9902
480			43.17
481			43.3501
482			43.5306
483			43.7115
484			43.8927
485			44.0744
486			44.2564
487			44.4387
488			44.6215
489			44.8046
490			44.9881
491			45.172
492			45.3562
493			45.5409
494			45.7259
495			45.9112
496			46.097
497			46.2831
498			46.4696
499			46.6565
500			46.8437
501			47.0314
502			47.2194
503			47.4077
504			47.5965
505			47.7856
506			47.9751
507			48.165
508			48.3552
509			48.5459
510			48.7369
511			48.9282
512			49.12
513			49.3121
514			49.5046
515			49.6975
516			49.8907
517			50.0844
518			50.2784
519			50.4727
520			50.6675
521			50.8626
522			51.0581
523			51.254
524			51.4502
525			51.6469
526			51.8439
527			52.0412
528			52.239
529			52.4371
530			52.6356
531			52.8345
532			53.0337
533			53.2334
534			53.4334
535			53.6337
536			53.8345
537			54.0356
538			54.2371
539			54.439
540			54.6412
541			54.8439
542			55.0469
543			55.2502
544			55.454
545			55.6581
546			55.8626
547			56.0675
548			56.2727
549			56.4784
550			56.6844
551			56.8907
552			57.0975
553			57.3046
554			57.5121
555			57.72
556			57.9282
557			58.1369
558			58.3459
559			58.5552
560			58.765
561			58.9751
562			59.1856
563			59.3965
564			59.6077
565			59.8194
566			60.0314
567			60.2437
568			60.4565
569			60.6696
570			60.8831
571			61.097
572			61.3112
573			61.5259
574			61.7409
575			61.9562
576			62.172
577			62.3881
578			62.6046
579			62.8215
580			63.0387
581			63.2564
582			63.4744
583			63.6927
584			63.9115
585			64.1306
586			64.3501
587			64.57
588			64.7902
589			65.0109
590			65.2319
591			65.4532
592			65.675
593			65.8971
594			66.1196
595			66.3425
596			66.5657
597			66.7894
598			67.0134
599			67.2377
600			67.4625
601			67.6876
602			67.9131
603			68.139
604			68.3652
605			68.5919
606			68.8189
607			69.0462
608			69.274
609			69.5021
610			69.7306
611			69.9595
612			70.1887
613			70.4184
614			70.6484
615			70.8787
616			71.1095
617			71.3406
618			71.5721
619			71.804
620			72.0362
621			72.2689
622			72.5019
623			72.7352
624			72.969
625			73.2031
626			73.4376
627			73.6725
628			73.9077
629			74.1434
630			74.3794
631			74.6157
632			74.8525
633			75.0896
634			75.3271
635			75.565
636			75.8032
637			76.0419
638			76.2809
639			76.5202
640			76.76
641			77.0001
642			77.2406
643			77.4815
644			77.7227
645			77.9644
646			78.2064
647			78.4487
648			78.6915
649			78.9346
650			79.1781
651			79.422
652			79.6662
653			79.9109
654			80.1559
655			80.4012
656			80.647
657			80.8931
658			81.1396
659			81.3865
660			81.6337
661			81.8814
662			82.1294
663			82.3777
664			82.6265
665			82.8756
666			83.1251
667			83.375
668			83.6252
669			83.8759
670			84.1269
671			84.3782
672			84.63
673			84.8821
674			85.1346
675			85.3875
676			85.6407
677			85.8944
678			86.1484
679			86.4027
680			86.6575
681			86.9126
682			87.1681
683			87.424
684			87.6802
685			87.9369
686			88.1939
687			88.4512
688			88.709
689			88.9671
690			89.2256
691			89.4845
692			89.7437
693			90.0034
694			90.2634
695			90.5237
696			90.7845
697			91.0456
698			91.3071
699			91.569
700			91.8312
701			92.0939
702			92.3569
703			92.6202
704			92.884
705			93.1481
706			93.4126
707			93.6775
708			93.9427
709			94.2084
710			94.4744
711			94.7407
712			95.0075
713			95.2746
714			95.5421
715			95.81
716			96.0782
717			96.3469
718			96.6159
719			96.8852
720			97.155
721			97.4251
722			97.6956
723			97.9665
724			98.2377
725			98.5094
726			98.7814
727			99.0537
728			99.3265
729			99.5996
730			99.8731
731			100.147
732			100.421
733			100.696
734			100.971
735			101.246
736			101.522
737			101.798
738			102.075
739			102.351
740			102.629
741			102.906
742			103.184
743			103.463
744			103.741
745			104.021
746			104.3
747			104.58
748			104.86
749			105.141
750			105.422
751			105.703
752			105.985
753			106.267
754			106.55
755			106.832
756			107.116
757			107.399
758			107.683
759			107.968
760			108.252
761			108.538
762			108.823
763			109.109
764			109.395
765			109.682
766			109.969
767			110.256
768			110.544
769			110.832
770			111.121
771			111.409
772			111.699
773			111.988
774			112.278
775			112.569
776			112.859
777			113.151
778			113.442
779			113.734
780			114.026
781			114.319
782			114.612
783			114.905
784			115.199
785			115.493
786			115.788
787			116.082
788			116.378
789			116.673
790			116.969
791			117.266
792			117.562
793			117.86
794			118.157
795			118.455
796			118.753
797			119.052
798			119.351
799			119.65
800			119.95
801			120.25
802			120.551
803			120.851
804			121.153
805			121.454
806			121.756
807			122.059
808			122.361
809			122.665
810			122.968
811			123.272
812			123.576
813			123.881
814			124.186
815			124.491
816			124.797
817			125.103
818			125.41
819			125.716
820			126.024
821			126.331
822			126.639
823			126.948
824			127.256
825			127.566
826			127.875
827			128.185
828			128.495
829			128.806
830			129.117
831			129.428
832			129.74
833			130.052
834			130.365
835			130.677
836			130.991
837			131.304
838			131.618
839			131.933
840			132.247
841			132.563
842			132.878
843			133.194
844			133.51
845			133.827
846			134.144
847			134.461
848			134.779
849			135.097
850			135.416
851			135.734
852			136.054
853			136.373
854			136.693
855			137.014
856			137.334
857			137.656
858			137.977
859			138.299
860			138.621
861			138.944
862			139.267
863			139.59
864			139.914
865			140.238
866			140.563
867			140.887
868			141.213
869			141.538
870			141.864
871			142.191
872			142.517
873			142.845
874			143.172
875			143.5
876			143.828
877			144.157
878			144.486
879			144.815
880			145.145
881			145.475
882			145.806
883			146.136
884			146.468
885			146.799
886			147.131
887			147.464
888			147.796
889			148.13
890			148.463
891			148.797
892			149.131
893			149.466
894			149.801
895			150.136
896			150.472
897			150.808
898			151.145
899			151.481
900			151.819
901			152.156
902			152.494
903			152.833
904			153.171
905			153.511
906			153.85
907			154.19
908			154.53
909			154.871
910			155.212
911			155.553
912			155.895
913			156.237
914			156.58
915			156.922
916			157.266
917			157.609
918			157.953
919			158.298
920			158.642
921			158.988
922			159.333
923			159.679
924			160.025
925			160.372
926			160.719
927			161.066
928			161.414
929			161.762
930			162.111
931			162.46
932			162.809
933			163.158
934			163.508
935			163.859
936			164.21
937			164.561
938			164.912
939			165.264
940			165.616
941			165.969
942			166.322
943			166.675
944			167.029
945			167.383
946			167.738
947			168.093
948			168.448
949			168.803
950			169.159
951			169.516
952			169.873
953			170.23
954			170.587
955			170.945
956			171.303
957			171.662
958			172.021
959			172.38
960			172.74
961			173.1
962			173.461
963			173.822
964			174.183
965			174.544
966			174.906
967			175.269
968			175.632
969			175.995
970			176.358
971			176.722
972			177.086
973			177.451
974			177.816
975			178.181
976			178.547
977			178.913
978			179.28
979			179.647
980			180.014
981			180.381
982			180.749
983			181.118
984			181.487
985			181.856
986			182.225
987			182.595
988			182.965
989			183.336
990			183.707
991			184.078
992			184.45
993			184.822
994			185.195
995			185.568
996			185.941
997			186.314
998			186.688
999			187.063
1000			187.438
1001			187.813
1002			188.188
1003			188.564
1004			188.94
1005			189.317
1006			189.694
1007			190.071
1008			190.449
1009			190.827
1010			191.206
1011			191.585
1012			191.964
1013			192.343
1014			192.723
1015			193.104
1016			193.485
1017			193.866
1018			194.247
1019			194.629
1020			195.011
1021			195.394
1022			195.777
1023			196.16
1024			196.544
1025			196.928
1026			197.313
1027			197.698
1028			198.083
1029			198.468
1030			198.854
1031			199.241
1032			199.628
1033			200.015
1034			200.402
1035			200.79
1036			201.178
1037			201.567
1038			201.956
1039			202.345
1040			202.735
1041			203.125
1042			203.516
1043			203.907
1044			204.298
1045			204.689
1046			205.081
1047			205.474
1048			205.867
1049			206.26
1050			206.653
1051			207.047
1052			207.441
1053			207.836
1054			208.231
1055			208.626
1056			209.022
1057			209.418
1058			209.815
1059			210.212
1060			210.609
1061			211.006
1062			211.404
1063			211.803
1064			212.202
1065			212.601
1066			213
1067			213.4
1068			213.8
1069			214.201
1070			214.602
1071			215.003
1072			215.405
1073			215.807
1074			216.21
1075			216.613
1076			217.016
1077			217.419
1078			217.823
1079			218.228
1080			218.633
1081			219.038
1082			219.443
1083			219.849
1084			220.255
1085			220.662
1086			221.069
1087			221.476
1088			221.884
1089			222.292
1090			222.701
1091			223.11
1092			223.519
1093			223.928
1094			224.338
1095			224.749
1096			225.16
1097			225.571
1098			225.982
1099			226.394
1100			226.806
1101			227.219
1102			227.632
1103			228.045
1104			228.459
1105			228.873
1106			229.288
1107			229.703
1108			230.118
1109			230.533
1110			230.949
1111			231.366
1112			231.783
1113			232.2
1114			232.617
1115			233.035
1116			233.453
1117			233.872
1118			234.291
1119			234.71
1120			235.13
1121			235.55
1122			235.971
1123			236.392
1124			236.813
1125			237.234
1126			237.656
1127			238.079
1128			238.502
1129			238.925
1130			239.348
1131			239.772
1132			240.196
1133			240.621
1134			241.046
1135			241.471
1136			241.897
1137			242.323
1138			242.75
1139			243.177
1140			243.604
1141			244.031
1142			244.459
1143			244.888
1144			245.317
1145			245.746
1146			246.175
1147			246.605
1148			247.035
1149			247.466
1150			247.897
1151			248.328
1152			248.76
1153			249.192
1154			249.625
1155			250.058
1156			250.491
1157			250.924
1158			251.358
1159			251.793
1160			252.228
1161			252.663
1162			253.098
1163			253.534
1164			253.97
1165			254.407
1166			254.844
1167			255.281
1168			255.719
1169			256.157
1170			256.596
1171			257.035
1172			257.474
1173			257.913
1174			258.353
1175			258.794
1176			259.235
1177			259.676
1178			260.117
1179			260.559
1180			261.001
1181			261.444
1182			261.887
1183			262.33
1184			262.774
1185			263.218
1186			263.663
1187			264.108
1188			264.553
1189			264.998
1190			265.444
1191			265.891
1192			266.338
1193			266.785
1194			267.232
1195			267.68
1196			268.128
1197			268.577
1198			269.026
1199			269.475
1200			269.925
1201			270.375
1202			270.826
1203			271.277
1204			271.728
1205			272.179
1206			272.631
1207			273.084
1208			273.537
1209			273.99
1210			274.443
1211			274.897
1212			275.351
1213			275.806
1214			276.261
1215			276.716
1216			277.172
1217			277.628
1218			278.085
1219			278.542
1220			278.999
1221			279.456
1222			279.914
1223			280.373
1224			280.832
1225			281.291
1226			281.75
1227			282.21
1228			282.67
1229			283.131
1230			283.592
1231			284.053
1232			284.515
1233			284.977
1234			285.44
1235			285.903
1236			286.366
1237			286.829
1238			287.293
1239			287.758
1240			288.223
1241			288.688
1242			289.153
1243			289.619
1244			290.085
1245			290.552
1246			291.019
1247			291.486
1248			291.954
1249			292.422
1250			292.891
1251			293.36
1252			293.829
1253			294.298
1254			294.768
1255			295.239
1256			295.71
1257			296.181
1258			296.652
1259			297.124
1260			297.596
1261			298.069
1262			298.542
1263			299.015
1264			299.489
1265			299.963
1266			300.438
1267			300.913
1268			301.388
1269			301.863
1270			302.339
1271			302.816
1272			303.293
1273			303.77
1274			304.247
1275			304.725
1276			305.203
1277			305.682
1278			306.161
1279			306.64
1280			307.12
1281			307.6
1282			308.081
1283			308.562
1284			309.043
1285			309.524
1286			310.006
1287			310.489
1288			310.972
1289			311.455
1290			311.938
1291			312.422
1292			312.906
1293			313.391
1294			313.876
1295			314.361
1296			314.847
1297			315.333
1298			315.82
1299			316.307
1300			316.794
1301			317.281
1302			317.769
1303			318.258
1304			318.747
1305			319.236
1306			319.725
1307			320.215
1308			320.705
1309			321.196
1310			321.687
1311			322.178
1312			322.67
1313			323.162
1314			323.655
1315			324.148
1316			324.641
1317			325.134
1318			325.628
1319			326.123
1320			326.618
1321			327.113
1322			327.608
1323			328.104
1324			328.6
1325			329.097
1326			329.594
1327			330.091
1328			330.589
1329			331.087
1330			331.586
1331			332.085
1332			332.584
1333			333.083
1334			333.583
1335			334.084
1336			334.585
1337			335.086
1338			335.587
1339			336.089
1340			336.591
1341			337.094
1342			337.597
1343			338.1
1344			338.604
1345			339.108
1346			339.613
1347			340.118
1348			340.623
1349			341.128
1350			341.634
1351			342.141
1352			342.648
1353			343.155
1354			343.662
1355			344.17
1356			344.678
1357			345.187
1358			345.696
1359			346.205
1360			346.715
1361			347.225
1362			347.736
1363			348.247
1364			348.758
1365			349.269
1366			349.781
1367			350.294
1368			350.807
1369			351.32
1370			351.833
1371			352.347
1372			352.861
1373			353.376
1374			353.891
1375			354.406
1376			354.922
1377			355.438
1378			355.955
1379			356.472
1380			356.989
1381			357.506
1382			358.024
1383			358.543
1384			359.062
1385			359.581
1386			360.1
1387			360.62
1388			361.14
1389			361.661
1390			362.182
1391			362.703
1392			363.225
1393			363.747
1394			364.27
1395			364.793
1396			365.316
1397			365.839
1398			366.363
1399			366.888
1400			367.413
1401			367.938
1402			368.463
1403			368.989
1404			369.515
1405			370.042
1406			370.569
1407			371.096
1408			371.624
1409			372.152
1410			372.681
1411			373.21
1412			373.739
1413			374.268
1414			374.798
1415			375.329
1416			375.86
1417			376.391
1418			376.922
1419			377.454
1420			377.986
1421			378.519
1422			379.052
1423			379.585
1424			380.119
1425			380.653
1426			381.188
1427			381.723
1428			382.258
1429			382.793
1430			383.329
1431			383.866
1432			384.403
1433			384.94
1434			385.477
1435			386.015
1436			386.553
1437			387.092
1438			387.631
1439			388.17
1440			388.71
1441			389.25
1442			389.791
1443			390.332
1444			390.873
1445			391.414
1446			391.956
1447			392.499
1448			393.042
1449			393.585
1450			394.128
1451			394.672
1452			395.216
1453			395.761
1454			396.306
1455			396.851
1456			397.397
1457			397.943
1458			398.49
1459			399.037
1460			399.584
1461			400.131
1462			400.679
1463			401.228
1464			401.777
1465			402.326
1466			402.875
1467			403.425
1468			403.975
1469			404.526
1470			405.077
1471			405.628
1472			406.18
1473			406.732
1474			407.285
1475			407.838
1476			408.391
1477			408.944
1478			409.498
1479			410.053
1480			410.608
1481			411.163
1482			411.718
1483			412.274
1484			412.83
1485			413.387
1486			413.944
1487			414.501
1488			415.059
1489			415.617
1490			416.176
1491			416.735
1492			417.294
1493			417.853
1494			418.413
1495			418.974
1496			419.535
1497			420.096
1498			420.657
1499			421.219
1500			421.781
1501			422.344
1502			422.907
1503			423.47
1504			424.034
1505			424.598
1506			425.163
1507			425.728
1508			426.293
1509			426.858
1510			427.424
1511			427.991
1512			428.558
1513			429.125
1514			429.692
1515			430.26
1516			430.828
1517			431.397
1518			431.966
1519			432.535
1520			433.105
1521			433.675
1522			434.246
1523			434.817
1524			435.388
1525			435.959
1526			436.531
1527			437.104
1528			437.677
1529			438.25
1530			438.823
1531			439.397
1532			439.971
1533			440.546
1534			441.121
1535			441.696
1536			442.272
1537			442.848
1538			443.425
1539			444.002
1540			444.579
1541			445.156
1542			445.734
1543			446.313
1544			446.892
1545			447.471
1546			448.05
1547			448.63
1548			449.21
1549			449.791
1550			450.372
1551			450.953
1552			451.535
1553			452.117
1554			452.7
1555			453.283
1556			453.866
1557			454.449
1558			455.033
1559			455.618
1560			456.203
1561			456.788
1562			457.373
1563			457.959
1564			458.545
1565			459.132
1566			459.719
1567			460.306
1568			460.894
1569			461.482
1570			462.071
1571			462.66
1572			463.249
1573			463.838
1574			464.428
1575			465.019
1576			465.61
1577			466.201
1578			466.792
1579			467.384
1580			467.976
1581			468.569
1582			469.162
1583			469.755
1584			470.349
1585			470.943
1586			471.538
1587			472.133
1588			472.728
1589			473.323
1590			473.919
1591			474.516
1592			475.113
1593			475.71
1594			476.307
1595			476.905
1596			477.503
1597			478.102
1598			478.701
1599			479.3
1600			479.9
1601			480.5
1602			481.101
1603			481.702
1604			482.303
1605			482.904
1606			483.506
1607			484.109
1608			484.712
1609			485.315
1610			485.918
1611			486.522
1612			487.126
1613			487.731
1614			488.336
1615			488.941
1616			489.547
1617			490.153
1618			490.76
1619			491.367
1620			491.974
1621			492.581
1622			493.189
1623			493.798
1624			494.407
1625			495.016
1626			495.625
1627			496.235
1628			496.845
1629			497.456
1630			498.067
1631			498.678
1632			499.29
1633			499.902
1634			500.515
1635			501.128
1636			501.741
1637			502.354
1638			502.968
1639			503.583
1640			504.198
1641			504.813
1642			505.428
1643			506.044
1644			506.66
1645			507.277
1646			507.894
1647			508.511
1648			509.129
1649			509.747
1650			510.366
1651			510.985
1652			511.604
1653			512.223
1654			512.843
1655			513.464
1656			514.085
1657			514.706
1658			515.327
1659			515.949
1660			516.571
1661			517.194
1662			517.817
1663			518.44
1664			519.064
1665			519.688
1666			520.313
1667			520.938
1668			521.563
1669			522.188
1670			522.814
1671			523.441
1672			524.068
1673			524.695
1674			525.322
1675			525.95
1676			526.578
1677			527.207
1678			527.836
1679			528.465
1680			529.095
1681			529.725
1682			530.356
1683			530.987
1684			531.618
1685			532.249
1686			532.881
1687			533.514
1688			534.147
1689			534.78
1690			535.413
1691			536.047
1692			536.681
1693			537.316
1694			537.951
1695			538.586
1696			539.222
1697			539.858
1698			540.495
1699			541.132
1700			541.769
1701			542.406
1702			543.044
1703			543.683
1704			544.322
1705			544.961
1706			545.6
1707			546.24
1708			546.88
1709			547.521
1710			548.162
1711			548.803
1712			549.445
1713			550.087
1714			550.73
1715			551.373
1716			552.016
1717			552.659
1718			553.303
1719			553.948
1720			554.593
1721			555.238
1722			555.883
1723			556.529
1724			557.175
1725			557.822
1726			558.469
1727			559.116
1728			559.764
1729			560.412
1730			561.061
1731			561.71
1732			562.359
1733			563.008
1734			563.658
1735			564.309
1736			564.96
1737			565.611
1738			566.262
1739			566.914
1740			567.566
1741			568.219
1742			568.872
1743			569.525
1744			570.179
1745			570.833
1746			571.488
1747			572.143
1748			572.798
1749			573.453
1750			574.109
1751			574.766
1752			575.423
1753			576.08
1754			576.737
1755			577.395
1756			578.053
1757			578.712
1758			579.371
1759			580.03
1760			580.69
1761			581.35
1762			582.011
1763			582.672
1764			583.333
1765			583.994
1766			584.656
1767			585.319
1768			585.982
1769			586.645
1770			587.308
1771			587.972
1772			588.636
1773			589.301
1774			589.966
1775			590.631
1776			591.297
1777			591.963
1778			592.63
1779			593.297
1780			593.964
1781			594.631
1782			595.299
1783			595.968
1784			596.637
1785			597.306
1786			597.975
1787			598.645
1788			599.315
1789			599.986
1790			600.657
1791			601.328
1792			602
1793			602.672
1794			603.345
1795			604.018
1796			604.691
1797			605.364
1798			606.038
1799			606.713
1800			607.388
1801			608.063
1802			608.738
1803			609.414
1804			610.09
1805			610.767
1806			611.444
1807			612.121
1808			612.799
1809			613.477
1810			614.156
1811			614.835
1812			615.514
1813			616.193
1814			616.873
1815			617.554
1816			618.235
1817			618.916
1818			619.597
1819			620.279
1820			620.961
1821			621.644
1822			622.327
1823			623.01
1824			623.694
1825			624.378
1826			625.063
1827			625.748
1828			626.433
1829			627.118
1830			627.804
1831			628.491
1832			629.178
1833			629.865
1834			630.552
1835			631.24
1836			631.928
1837			632.617
1838			633.306
1839			633.995
1840			634.685
1841			635.375
1842			636.066
1843			636.757
1844			637.448
1845			638.139
1846			638.831
1847			639.524
1848			640.217
1849			640.91
1850			641.603
1851			642.297
1852			642.991
1853			643.686
1854			644.381
1855			645.076
1856			645.772
1857			646.468
1858			647.165
1859			647.862
1860			648.559
1861			649.256
1862			649.954
1863			650.653
1864			651.352
1865			652.051
1866			652.75
1867			653.45
1868			654.15
1869			654.851
1870			655.552
1871			656.253
1872			656.955
1873			657.657
1874			658.36
1875			659.063
1876			659.766
1877			660.469
1878			661.173
1879			661.878
1880			662.583
1881			663.288
1882			663.993
1883			664.699
1884			665.405
1885			666.112
1886			666.819
1887			667.526
1888			668.234
1889			668.942
1890			669.651
1891			670.36
1892			671.069
1893			671.778
1894			672.488
1895			673.199
1896			673.91
1897			674.621
1898			675.332
1899			676.044
1900			676.756
1901			677.469
1902			678.182
1903			678.895
1904			679.609
1905			680.323
1906			681.038
1907			681.753
1908			682.468
1909			683.183
1910			683.899
1911			684.616
1912			685.333
1913			686.05
1914			686.767
1915			687.485
1916			688.203
1917			688.922
1918			689.641
1919			690.36
1920			691.08
1921			691.8
1922			692.521
1923			693.242
1924			693.963
1925			694.684
1926			695.406
1927			696.129
1928			696.852
1929			697.575
1930			698.298
1931			699.022
1932			699.746
1933			700.471
1934			701.196
1935			701.921
1936			702.647
1937			703.373
1938			704.1
1939			704.827
1940			705.554
1941			706.281
1942			707.009
1943			707.738
1944			708.467
1945			709.196
1946			709.925
1947			710.655
1948			711.385
1949			712.116
1950			712.847
1951			713.578
1952			714.31
1953			715.042
1954			715.775
1955			716.508
1956			717.241
1957			717.974
1958			718.708
1959			719.443
1960			720.178
1961			720.913
1962			721.648
1963			722.384
1964			723.12
1965			723.857
1966			724.594
1967			725.331
1968			726.069
1969			726.807
1970			727.546
1971			728.285
1972			729.024
1973			729.763
1974			730.503
1975			731.244
1976			731.985
1977			732.726
1978			733.467
1979			734.209
1980			734.951
1981			735.694
1982			736.437
1983			737.18
1984			737.924
1985			738.668
1986			739.413
1987			740.158
1988			740.903
1989			741.648
1990			742.394
1991			743.141
1992			743.888
1993			744.635
1994			745.382
1995			746.13
1996			746.878
1997			747.627
1998			748.376
1999			749.125
