0			0
1			0.00375
2			0.0075
3			0.01125
4			0.015
5			0.01875
6			0.0225
7			0.02625
8			0.03
9			0.03375
10			0.0375
11			0.04125
12			0.045
13			0.04875
14			0.0525
15			0.05625
16			0.06
17			0.06375
18			0.0675
19			0.07125
20			0.075
21			0.07875
22			0.0825
23			0.08625
24			0.09
25			0.09375
26			0.0975
27			0.10125
28			0.105
29			0.10875
30			0.1125
31			0.11625
32			0.12
33			0.12375
34			0.1275
35			0.13125
36			0.135
37			0.13875
38			0.1425
39			0.14625
40			0.15
41			0.15375
42			0.1575
43			0.16125
44			0.165
45			0.16875
46			0.1725
47			0.17625
48			0.18
49			0.18375
50			0.1875
51			0.19125
52			0.195
53			0.19875
54			0.2025
55			0.20625
56			0.21
57			0.21375
58			0.2175
59			0.22125
60			0.225
61			0.22875
62			0.2325
63			0.23625
64			0.24
65			0.24375
66			0.2475
67			0.25125
68			0.255
69			0.25875
70			0.2625
71			0.26625
72			0.27
73			0.27375
74			0.2775
75			0.28125
76			0.285
77			0.28875
78			0.2925
79			0.29625
80			0.3
81			0.30375
82			0.3075
83			0.31125
84			0.315
85			0.31875
86			0.3225
87			0.32625
88			0.33
89			0.33375
90			0.3375
91			0.34125
92			0.345
93			0.34875
94			0.3525
95			0.35625
96			0.36
97			0.36375
98			0.3675
99			0.37125
100			0.375
101			0.37875
102			0.3825
103			0.38625
104			0.39
105			0.39375
106			0.3975
107			0.40125
108			0.405
109			0.40875
110			0.4125
111			0.41625
112			0.42
113			0.42375
114			0.4275
115			0.43125
116			0.435
117			0.43875
118			0.4425
119			0.44625
120			0.45
121			0.45375
122			0.4575
123			0.46125
124			0.465
125			0.46875
126			0.4725
127			0.47625
128			0.48
129			0.48375
130			0.4875
131			0.49125
132			0.495
133			0.49875
134			0.5025
135			0.50625
136			0.51
137			0.51375
138			0.5175
139			0.52125
140			0.525
141			0.52875
142			0.5325
143			0.53625
144			0.54
145			0.54375
146			0.5475
147			0.55125
148			0.555
149			0.55875
150			0.5625
151			0.56625
152			0.57
153			0.57375
154			0.5775
155			0.58125
156			0.585
157			0.58875
158			0.5925
159			0.59625
160			0.6
161			0.60375
162			0.6075
163			0.61125
164			0.615
165			0.61875
166			0.6225
167			0.62625
168			0.63
169			0.63375
170			0.6375
171			0.64125
172			0.645
173			0.64875
174			0.6525
175			0.65625
176			0.66
177			0.66375
178			0.6675
179			0.67125
180			0.675
181			0.67875
182			0.6825
183			0.68625
184			0.69
185			0.69375
186			0.6975
187			0.70125
188			0.705
189			0.70875
190			0.7125
191			0.71625
192			0.72
193			0.72375
194			0.7275
195			0.73125
196			0.735
197			0.73875
198			0.7425
199			0.74625
200			0.75
201			0.75375
202			0.7575
203			0.76125
204			0.765
205			0.76875
206			0.7725
207			0.77625
208			0.78
209			0.78375
210			0.7875
211			0.79125
212			0.795
213			0.79875
214			0.8025
215			0.80625
216			0.81
217			0.81375
218			0.8175
219			0.82125
220			0.825
221			0.82875
222			0.8325
223			0.83625
224			0.84
225			0.84375
226			0.8475
227			0.85125
228			0.855
229			0.85875
230			0.8625
231			0.86625
232			0.87
233			0.87375
234			0.8775
235			0.88125
236			0.885
237			0.88875
238			0.8925
239			0.89625
240			0.9
241			0.90375
242			0.9075
243			0.91125
244			0.915
245			0.91875
246			0.9225
247			0.92625
248			0.93
249			0.93375
250			0.9375
251			0.94125
252			0.945
253			0.94875
254			0.9525
255			0.95625
256			0.96
257			0.96375
258			0.9675
259			0.97125
260			0.975
261			0.97875
262			0.9825
263			0.98625
264			0.99
265			0.99375
266			0.9975
267			1.00125
268			1.005
269			1.00875
270			1.0125
271			1.01625
272			1.02
273			1.02375
274			1.0275
275			1.03125
276			1.035
277			1.03875
278			1.0425
279			1.04625
280			1.05
281			1.05375
282			1.0575
283			1.06125
284			1.065
285			1.06875
286			1.0725
287			1.07625
288			1.08
289			1.08375
290			1.0875
291			1.09125
292			1.095
293			1.09875
294			1.1025
295			1.10625
296			1.11
297			1.11375
298			1.1175
299			1.12125
300			1.125
301			1.12875
302			1.1325
303			1.13625
304			1.14
305			1.14375
306			1.1475
307			1.15125
308			1.155
309			1.15875
310			1.1625
311			1.16625
312			1.17
313			1.17375
314			1.1775
315			1.18125
316			1.185
317			1.18875
318			1.1925
319			1.19625
320			1.2
321			1.20375
322			1.2075
323			1.21125
324			1.215
325			1.21875
326			1.2225
327			1.22625
328			1.23
329			1.23375
330			1.2375
331			1.24125
332			1.245
333			1.24875
334			1.2525
335			1.25625
336			1.26
337			1.26375
338			1.2675
339			1.27125
340			1.275
341			1.27875
342			1.2825
343			1.28625
344			1.29
345			1.29375
346			1.2975
347			1.30125
348			1.305
349			1.30875
350			1.3125
351			1.31625
352			1.32
353			1.32375
354			1.3275
355			1.33125
356			1.335
357			1.33875
358			1.3425
359			1.34625
360			1.35
361			1.35375
362			1.3575
363			1.36125
364			1.365
365			1.36875
366			1.3725
367			1.37625
368			1.38
369			1.38375
370			1.3875
371			1.39125
372			1.395
373			1.39875
374			1.4025
375			1.40625
376			1.41
377			1.41375
378			1.4175
379			1.42125
380			1.425
381			1.42875
382			1.4325
383			1.43625
384			1.44
385			1.44375
386			1.4475
387			1.45125
388			1.455
389			1.45875
390			1.4625
391			1.46625
392			1.47
393			1.47375
394			1.4775
395			1.48125
396			1.485
397			1.48875
398			1.4925
399			1.49625
400			1.5
401			1.50375
402			1.5075
403			1.51125
404			1.515
405			1.51875
406			1.5225
407			1.52625
408			1.53
409			1.53375
410			1.5375
411			1.54125
412			1.545
413			1.54875
414			1.5525
415			1.55625
416			1.56
417			1.56375
418			1.5675
419			1.57125
420			1.575
421			1.57875
422			1.5825
423			1.58625
424			1.59
425			1.59375
426			1.5975
427			1.60125
428			1.605
429			1.60875
430			1.6125
431			1.61625
432			1.62
433			1.62375
434			1.6275
435			1.63125
436			1.635
437			1.63875
438			1.6425
439			1.64625
440			1.65
441			1.65375
442			1.6575
443			1.66125
444			1.665
445			1.66875
446			1.6725
447			1.67625
448			1.68
449			1.68375
450			1.6875
451			1.69125
452			1.695
453			1.69875
454			1.7025
455			1.70625
456			1.71
457			1.71375
458			1.7175
459			1.72125
460			1.725
461			1.72875
462			1.7325
463			1.73625
464			1.74
465			1.74375
466			1.7475
467			1.75125
468			1.755
469			1.75875
470			1.7625
471			1.76625
472			1.77
473			1.77375
474			1.7775
475			1.78125
476			1.785
477			1.78875
478			1.7925
479			1.79625
480			1.8
481			1.80375
482			1.8075
483			1.81125
484			1.815
485			1.81875
486			1.8225
487			1.82625
488			1.83
489			1.83375
490			1.8375
491			1.84125
492			1.845
493			1.84875
494			1.8525
495			1.85625
496			1.86
497			1.86375
498			1.8675
499			1.87125
500			1.875
501			1.87875
502			1.8825
503			1.88625
504			1.89
505			1.89375
506			1.8975
507			1.90125
508			1.905
509			1.90875
510			1.9125
511			1.91625
512			1.92
513			1.92375
514			1.9275
515			1.93125
516			1.935
517			1.93875
518			1.9425
519			1.94625
520			1.95
521			1.95375
522			1.9575
523			1.96125
524			1.965
525			1.96875
526			1.9725
527			1.97625
528			1.98
529			1.98375
530			1.9875
531			1.99125
532			1.995
533			1.99875
534			2.0025
535			2.00625
536			2.01
537			2.01375
538			2.0175
539			2.02125
540			2.025
541			2.02875
542			2.0325
543			2.03625
544			2.04
545			2.04375
546			2.0475
547			2.05125
548			2.055
549			2.05875
550			2.0625
551			2.06625
552			2.07
553			2.07375
554			2.0775
555			2.08125
556			2.085
557			2.08875
558			2.0925
559			2.09625
560			2.1
561			2.10375
562			2.1075
563			2.11125
564			2.115
565			2.11875
566			2.1225
567			2.12625
568			2.13
569			2.13375
570			2.1375
571			2.14125
572			2.145
573			2.14875
574			2.1525
575			2.15625
576			2.16
577			2.16375
578			2.1675
579			2.17125
580			2.175
581			2.17875
582			2.1825
583			2.18625
584			2.19
585			2.19375
586			2.1975
587			2.20125
588			2.205
589			2.20875
590			2.2125
591			2.21625
592			2.22
593			2.22375
594			2.2275
595			2.23125
596			2.235
597			2.23875
598			2.2425
599			2.24625
600			2.25
601			2.25375
602			2.2575
603			2.26125
604			2.265
605			2.26875
606			2.2725
607			2.27625
608			2.28
609			2.28375
610			2.2875
611			2.29125
612			2.295
613			2.29875
614			2.3025
615			2.30625
616			2.31
617			2.31375
618			2.3175
619			2.32125
620			2.325
621			2.32875
622			2.3325
623			2.33625
624			2.34
625			2.34375
626			2.3475
627			2.35125
628			2.355
629			2.35875
630			2.3625
631			2.36625
632			2.37
633			2.37375
634			2.3775
635			2.38125
636			2.385
637			2.38875
638			2.3925
639			2.39625
640			2.4
641			2.40375
642			2.4075
643			2.41125
644			2.415
645			2.41875
646			2.4225
647			2.42625
648			2.43
649			2.43375
650			2.4375
651			2.44125
652			2.445
653			2.44875
654			2.4525
655			2.45625
656			2.46
657			2.46375
658			2.4675
659			2.47125
660			2.475
661			2.47875
662			2.4825
663			2.48625
664			2.49
665			2.49375
666			2.4975
667			2.50125
668			2.505
669			2.50875
670			2.5125
671			2.51625
672			2.52
673			2.52375
674			2.5275
675			2.53125
676			2.535
677			2.53875
678			2.5425
679			2.54625
680			2.55
681			2.55375
682			2.5575
683			2.56125
684			2.565
685			2.56875
686			2.5725
687			2.57625
688			2.58
689			2.58375
690			2.5875
691			2.59125
692			2.595
693			2.59875
694			2.6025
695			2.60625
696			2.61
697			2.61375
698			2.6175
699			2.62125
700			2.625
701			2.62875
702			2.6325
703			2.63625
704			2.64
705			2.64375
706			2.6475
707			2.65125
708			2.655
709			2.65875
710			2.6625
711			2.66625
712			2.67
713			2.67375
714			2.6775
715			2.68125
716			2.685
717			2.68875
718			2.6925
719			2.69625
720			2.7
721			2.70375
722			2.7075
723			2.71125
724			2.715
725			2.71875
726			2.7225
727			2.72625
728			2.73
729			2.73375
730			2.7375
731			2.74125
732			2.745
733			2.74875
734			2.7525
735			2.75625
736			2.76
737			2.76375
738			2.7675
739			2.77125
740			2.775
741			2.77875
742			2.7825
743			2.78625
744			2.79
745			2.79375
746			2.7975
747			2.80125
748			2.805
749			2.80875
750			2.8125
751			2.81625
752			2.82
753			2.82375
754			2.8275
755			2.83125
756			2.835
757			2.83875
758			2.8425
759			2.84625
760			2.85
761			2.85375
762			2.8575
763			2.86125
764			2.865
765			2.86875
766			2.8725
767			2.87625
768			2.88
769			2.88375
770			2.8875
771			2.89125
772			2.895
773			2.89875
774			2.9025
775			2.90625
776			2.91
777			2.91375
778			2.9175
779			2.92125
780			2.925
781			2.92875
782			2.9325
783			2.93625
784			2.94
785			2.94375
786			2.9475
787			2.95125
788			2.955
789			2.95875
790			2.9625
791			2.96625
792			2.97
793			2.97375
794			2.9775
795			2.98125
796			2.985
797			2.98875
798			2.9925
799			2.99625
800			3
801			3.00375
802			3.0075
803			3.01125
804			3.015
805			3.01875
806			3.0225
807			3.02625
808			3.03
809			3.03375
810			3.0375
811			3.04125
812			3.045
813			3.04875
814			3.0525
815			3.05625
816			3.06
817			3.06375
818			3.0675
819			3.07125
820			3.075
821			3.07875
822			3.0825
823			3.08625
824			3.09
825			3.09375
826			3.0975
827			3.10125
828			3.105
829			3.10875
830			3.1125
831			3.11625
832			3.12
833			3.12375
834			3.1275
835			3.13125
836			3.135
837			3.13875
838			3.1425
839			3.14625
840			3.15
841			3.15375
842			3.1575
843			3.16125
844			3.165
845			3.16875
846			3.1725
847			3.17625
848			3.18
849			3.18375
850			3.1875
851			3.19125
852			3.195
853			3.19875
854			3.2025
855			3.20625
856			3.21
857			3.21375
858			3.2175
859			3.22125
860			3.225
861			3.22875
862			3.2325
863			3.23625
864			3.24
865			3.24375
866			3.2475
867			3.25125
868			3.255
869			3.25875
870			3.2625
871			3.26625
872			3.27
873			3.27375
874			3.2775
875			3.28125
876			3.285
877			3.28875
878			3.2925
879			3.29625
880			3.3
881			3.30375
882			3.3075
883			3.31125
884			3.315
885			3.31875
886			3.3225
887			3.32625
888			3.33
889			3.33375
890			3.3375
891			3.34125
892			3.345
893			3.34875
894			3.3525
895			3.35625
896			3.36
897			3.36375
898			3.3675
899			3.37125
900			3.375
901			3.37875
902			3.3825
903			3.38625
904			3.39
905			3.39375
906			3.3975
907			3.40125
908			3.405
909			3.40875
910			3.4125
911			3.41625
912			3.42
913			3.42375
914			3.4275
915			3.43125
916			3.435
917			3.43875
918			3.4425
919			3.44625
920			3.45
921			3.45375
922			3.4575
923			3.46125
924			3.465
925			3.46875
926			3.4725
927			3.47625
928			3.48
929			3.48375
930			3.4875
931			3.49125
932			3.495
933			3.49875
934			3.5025
935			3.50625
936			3.51
937			3.51375
938			3.5175
939			3.52125
940			3.525
941			3.52875
942			3.5325
943			3.53625
944			3.54
945			3.54375
946			3.5475
947			3.55125
948			3.555
949			3.55875
950			3.5625
951			3.56625
952			3.57
953			3.57375
954			3.5775
955			3.58125
956			3.585
957			3.58875
958			3.5925
959			3.59625
960			3.6
961			3.60375
962			3.6075
963			3.61125
964			3.615
965			3.61875
966			3.6225
967			3.62625
968			3.63
969			3.63375
970			3.6375
971			3.64125
972			3.645
973			3.64875
974			3.6525
975			3.65625
976			3.66
977			3.66375
978			3.6675
979			3.67125
980			3.675
981			3.67875
982			3.6825
983			3.68625
984			3.69
985			3.69375
986			3.6975
987			3.70125
988			3.705
989			3.70875
990			3.7125
991			3.71625
992			3.72
993			3.72375
994			3.7275
995			3.73125
996			3.735
997			3.73875
998			3.7425
999			3.74625
1000			3.75
1001			3.75375
1002			3.7575
1003			3.76125
1004			3.765
1005			3.76875
1006			3.7725
1007			3.77625
1008			3.78
1009			3.78375
1010			3.7875
1011			3.79125
1012			3.795
1013			3.79875
1014			3.8025
1015			3.80625
1016			3.81
1017			3.81375
1018			3.8175
1019			3.82125
1020			3.825
1021			3.82875
1022			3.8325
1023			3.83625
1024			3.84
1025			3.84375
1026			3.8475
1027			3.85125
1028			3.855
1029			3.85875
1030			3.8625
1031			3.86625
1032			3.87
1033			3.87375
1034			3.8775
1035			3.88125
1036			3.885
1037			3.88875
1038			3.8925
1039			3.89625
1040			3.9
1041			3.90375
1042			3.9075
1043			3.91125
1044			3.915
1045			3.91875
1046			3.9225
1047			3.92625
1048			3.93
1049			3.93375
1050			3.9375
1051			3.94125
1052			3.945
1053			3.94875
1054			3.9525
1055			3.95625
1056			3.96
1057			3.96375
1058			3.9675
1059			3.97125
1060			3.975
1061			3.97875
1062			3.9825
1063			3.98625
1064			3.99
1065			3.99375
1066			3.9975
1067			4.00125
1068			4.005
1069			4.00875
1070			4.0125
1071			4.01625
1072			4.02
1073			4.02375
1074			4.0275
1075			4.03125
1076			4.035
1077			4.03875
1078			4.0425
1079			4.04625
1080			4.05
1081			4.05375
1082			4.0575
1083			4.06125
1084			4.065
1085			4.06875
1086			4.0725
1087			4.07625
1088			4.08
1089			4.08375
1090			4.0875
1091			4.09125
1092			4.095
1093			4.09875
1094			4.1025
1095			4.10625
1096			4.11
1097			4.11375
1098			4.1175
1099			4.12125
1100			4.125
1101			4.12875
1102			4.1325
1103			4.13625
1104			4.14
1105			4.14375
1106			4.1475
1107			4.15125
1108			4.155
1109			4.15875
1110			4.1625
1111			4.16625
1112			4.17
1113			4.17375
1114			4.1775
1115			4.18125
1116			4.185
1117			4.18875
1118			4.1925
1119			4.19625
1120			4.2
1121			4.20375
1122			4.2075
1123			4.21125
1124			4.215
1125			4.21875
1126			4.2225
1127			4.22625
1128			4.23
1129			4.23375
1130			4.2375
1131			4.24125
1132			4.245
1133			4.24875
1134			4.2525
1135			4.25625
1136			4.26
1137			4.26375
1138			4.2675
1139			4.27125
1140			4.275
1141			4.27875
1142			4.2825
1143			4.28625
1144			4.29
1145			4.29375
1146			4.2975
1147			4.30125
1148			4.305
1149			4.30875
1150			4.3125
1151			4.31625
1152			4.32
1153			4.32375
1154			4.3275
1155			4.33125
1156			4.335
1157			4.33875
1158			4.3425
1159			4.34625
1160			4.35
1161			4.35375
1162			4.3575
1163			4.36125
1164			4.365
1165			4.36875
1166			4.3725
1167			4.37625
1168			4.38
1169			4.38375
1170			4.3875
1171			4.39125
1172			4.395
1173			4.39875
1174			4.4025
1175			4.40625
1176			4.41
1177			4.41375
1178			4.4175
1179			4.42125
1180			4.425
1181			4.42875
1182			4.4325
1183			4.43625
1184			4.44
1185			4.44375
1186			4.4475
1187			4.45125
1188			4.455
1189			4.45875
1190			4.4625
1191			4.46625
1192			4.47
1193			4.47375
1194			4.4775
1195			4.48125
1196			4.485
1197			4.48875
1198			4.4925
1199			4.49625
1200			4.5
1201			4.50375
1202			4.5075
1203			4.51125
1204			4.515
1205			4.51875
1206			4.5225
1207			4.52625
1208			4.53
1209			4.53375
1210			4.5375
1211			4.54125
1212			4.545
1213			4.54875
1214			4.5525
1215			4.55625
1216			4.56
1217			4.56375
1218			4.5675
1219			4.57125
1220			4.575
1221			4.57875
1222			4.5825
1223			4.58625
1224			4.59
1225			4.59375
1226			4.5975
1227			4.60125
1228			4.605
1229			4.60875
1230			4.6125
1231			4.61625
1232			4.62
1233			4.62375
1234			4.6275
1235			4.63125
1236			4.635
1237			4.63875
1238			4.6425
1239			4.64625
1240			4.65
1241			4.65375
1242			4.6575
1243			4.66125
1244			4.665
1245			4.66875
1246			4.6725
1247			4.67625
1248			4.68
1249			4.68375
1250			4.6875
1251			4.69125
1252			4.695
1253			4.69875
1254			4.7025
1255			4.70625
1256			4.71
1257			4.71375
1258			4.7175
1259			4.72125
1260			4.725
1261			4.72875
1262			4.7325
1263			4.73625
1264			4.74
1265			4.74375
1266			4.7475
1267			4.75125
1268			4.755
1269			4.75875
1270			4.7625
1271			4.76625
1272			4.77
1273			4.77375
1274			4.7775
1275			4.78125
1276			4.785
1277			4.78875
1278			4.7925
1279			4.79625
1280			4.8
1281			4.80375
1282			4.8075
1283			4.81125
1284			4.815
1285			4.81875
1286			4.8225
1287			4.82625
1288			4.83
1289			4.83375
1290			4.8375
1291			4.84125
1292			4.845
1293			4.84875
1294			4.8525
1295			4.85625
1296			4.86
1297			4.86375
1298			4.8675
1299			4.87125
1300			4.875
1301			4.87875
1302			4.8825
1303			4.88625
1304			4.89
1305			4.89375
1306			4.8975
1307			4.90125
1308			4.905
1309			4.90875
1310			4.9125
1311			4.91625
1312			4.92
1313			4.92375
1314			4.9275
1315			4.93125
1316			4.935
1317			4.93875
1318			4.9425
1319			4.94625
1320			4.95
1321			4.95375
1322			4.9575
1323			4.96125
1324			4.965
1325			4.96875
1326			4.9725
1327			4.97625
1328			4.98
1329			4.98375
1330			4.9875
1331			4.99125
1332			4.995
1333			4.99875
1334			5.0025
1335			5.00625
1336			5.01
1337			5.01375
1338			5.0175
1339			5.02125
1340			5.025
1341			5.02875
1342			5.0325
1343			5.03625
1344			5.04
1345			5.04375
1346			5.0475
1347			5.05125
1348			5.055
1349			5.05875
1350			5.0625
1351			5.06625
1352			5.07
1353			5.07375
1354			5.0775
1355			5.08125
1356			5.085
1357			5.08875
1358			5.0925
1359			5.09625
1360			5.1
1361			5.10375
1362			5.1075
1363			5.11125
1364			5.115
1365			5.11875
1366			5.1225
1367			5.12625
1368			5.13
1369			5.13375
1370			5.1375
1371			5.14125
1372			5.145
1373			5.14875
1374			5.1525
1375			5.15625
1376			5.16
1377			5.16375
1378			5.1675
1379			5.17125
1380			5.175
1381			5.17875
1382			5.1825
1383			5.18625
1384			5.19
1385			5.19375
1386			5.1975
1387			5.20125
1388			5.205
1389			5.20875
1390			5.2125
1391			5.21625
1392			5.22
1393			5.22375
1394			5.2275
1395			5.23125
1396			5.235
1397			5.23875
1398			5.2425
1399			5.24625
1400			5.25
1401			5.25375
1402			5.2575
1403			5.26125
1404			5.265
1405			5.26875
1406			5.2725
1407			5.27625
1408			5.28
1409			5.28375
1410			5.2875
1411			5.29125
1412			5.295
1413			5.29875
1414			5.3025
1415			5.30625
1416			5.31
1417			5.31375
1418			5.3175
1419			5.32125
1420			5.325
1421			5.32875
1422			5.3325
1423			5.33625
1424			5.34
1425			5.34375
1426			5.3475
1427			5.35125
1428			5.355
1429			5.35875
1430			5.3625
1431			5.36625
1432			5.37
1433			5.37375
1434			5.3775
1435			5.38125
1436			5.385
1437			5.38875
1438			5.3925
1439			5.39625
1440			5.4
1441			5.40375
1442			5.4075
1443			5.41125
1444			5.415
1445			5.41875
1446			5.4225
1447			5.42625
1448			5.43
1449			5.43375
1450			5.4375
1451			5.44125
1452			5.445
1453			5.44875
1454			5.4525
1455			5.45625
1456			5.46
1457			5.46375
1458			5.4675
1459			5.47125
1460			5.475
1461			5.47875
1462			5.4825
1463			5.48625
1464			5.49
1465			5.49375
1466			5.4975
1467			5.50125
1468			5.505
1469			5.50875
1470			5.5125
1471			5.51625
1472			5.52
1473			5.52375
1474			5.5275
1475			5.53125
1476			5.535
1477			5.53875
1478			5.5425
1479			5.54625
1480			5.55
1481			5.55375
1482			5.5575
1483			5.56125
1484			5.565
1485			5.56875
1486			5.5725
1487			5.57625
1488			5.58
1489			5.58375
1490			5.5875
1491			5.59125
1492			5.595
1493			5.59875
1494			5.6025
1495			5.60625
1496			5.61
1497			5.61375
1498			5.6175
1499			5.62125
1500			5.625
1501			5.62875
1502			5.6325
1503			5.63625
1504			5.64
1505			5.64375
1506			5.6475
1507			5.65125
1508			5.655
1509			5.65875
1510			5.6625
1511			5.66625
1512			5.67
1513			5.67375
1514			5.6775
1515			5.68125
1516			5.685
1517			5.68875
1518			5.6925
1519			5.69625
1520			5.7
1521			5.70375
1522			5.7075
1523			5.71125
1524			5.715
1525			5.71875
1526			5.7225
1527			5.72625
1528			5.73
1529			5.73375
1530			5.7375
1531			5.74125
1532			5.745
1533			5.74875
1534			5.7525
1535			5.75625
1536			5.76
1537			5.76375
1538			5.7675
1539			5.77125
1540			5.775
1541			5.77875
1542			5.7825
1543			5.78625
1544			5.79
1545			5.79375
1546			5.7975
1547			5.80125
1548			5.805
1549			5.80875
1550			5.8125
1551			5.81625
1552			5.82
1553			5.82375
1554			5.8275
1555			5.83125
1556			5.835
1557			5.83875
1558			5.8425
1559			5.84625
1560			5.85
1561			5.85375
1562			5.8575
1563			5.86125
1564			5.865
1565			5.86875
1566			5.8725
1567			5.87625
1568			5.88
1569			5.88375
1570			5.8875
1571			5.89125
1572			5.895
1573			5.89875
1574			5.9025
1575			5.90625
1576			5.91
1577			5.91375
1578			5.9175
1579			5.92125
1580			5.925
1581			5.92875
1582			5.9325
1583			5.93625
1584			5.94
1585			5.94375
1586			5.9475
1587			5.95125
1588			5.955
1589			5.95875
1590			5.9625
1591			5.96625
1592			5.97
1593			5.97375
1594			5.9775
1595			5.98125
1596			5.985
1597			5.98875
1598			5.9925
1599			5.99625
1600			6
1601			6.00375
1602			6.0075
1603			6.01125
1604			6.015
1605			6.01875
1606			6.0225
1607			6.02625
1608			6.03
1609			6.03375
1610			6.0375
1611			6.04125
1612			6.045
1613			6.04875
1614			6.0525
1615			6.05625
1616			6.06
1617			6.06375
1618			6.0675
1619			6.07125
1620			6.075
1621			6.07875
1622			6.0825
1623			6.08625
1624			6.09
1625			6.09375
1626			6.0975
1627			6.10125
1628			6.105
1629			6.10875
1630			6.1125
1631			6.11625
1632			6.12
1633			6.12375
1634			6.1275
1635			6.13125
1636			6.135
1637			6.13875
1638			6.1425
1639			6.14625
1640			6.15
1641			6.15375
1642			6.1575
1643			6.16125
1644			6.165
1645			6.16875
1646			6.1725
1647			6.17625
1648			6.18
1649			6.18375
1650			6.1875
1651			6.19125
1652			6.195
1653			6.19875
1654			6.2025
1655			6.20625
1656			6.21
1657			6.21375
1658			6.2175
1659			6.22125
1660			6.225
1661			6.22875
1662			6.2325
1663			6.23625
1664			6.24
1665			6.24375
1666			6.2475
1667			6.25125
1668			6.255
1669			6.25875
1670			6.2625
1671			6.26625
1672			6.27
1673			6.27375
1674			6.2775
1675			6.28125
1676			6.285
1677			6.28875
1678			6.2925
1679			6.29625
1680			6.3
1681			6.30375
1682			6.3075
1683			6.31125
1684			6.315
1685			6.31875
1686			6.3225
1687			6.32625
1688			6.33
1689			6.33375
1690			6.3375
1691			6.34125
1692			6.345
1693			6.34875
1694			6.3525
1695			6.35625
1696			6.36
1697			6.36375
1698			6.3675
1699			6.37125
1700			6.375
1701			6.37875
1702			6.3825
1703			6.38625
1704			6.39
1705			6.39375
1706			6.3975
1707			6.40125
1708			6.405
1709			6.40875
1710			6.4125
1711			6.41625
1712			6.42
1713			6.42375
1714			6.4275
1715			6.43125
1716			6.435
1717			6.43875
1718			6.4425
1719			6.44625
1720			6.45
1721			6.45375
1722			6.4575
1723			6.46125
1724			6.465
1725			6.46875
1726			6.4725
1727			6.47625
1728			6.48
1729			6.48375
1730			6.4875
1731			6.49125
1732			6.495
1733			6.49875
1734			6.5025
1735			6.50625
1736			6.51
1737			6.51375
1738			6.5175
1739			6.52125
1740			6.525
1741			6.52875
1742			6.5325
1743			6.53625
1744			6.54
1745			6.54375
1746			6.5475
1747			6.55125
1748			6.555
1749			6.55875
1750			6.5625
1751			6.56625
1752			6.57
1753			6.57375
1754			6.5775
1755			6.58125
1756			6.585
1757			6.58875
1758			6.5925
1759			6.59625
1760			6.6
1761			6.60375
1762			6.6075
1763			6.61125
1764			6.615
1765			6.61875
1766			6.6225
1767			6.62625
1768			6.63
1769			6.63375
1770			6.6375
1771			6.64125
1772			6.645
1773			6.64875
1774			6.6525
1775			6.65625
1776			6.66
1777			6.66375
1778			6.6675
1779			6.67125
1780			6.675
1781			6.67875
1782			6.6825
1783			6.68625
1784			6.69
1785			6.69375
1786			6.6975
1787			6.70125
1788			6.705
1789			6.70875
1790			6.7125
1791			6.71625
1792			6.72
1793			6.72375
1794			6.7275
1795			6.73125
1796			6.735
1797			6.73875
1798			6.7425
1799			6.74625
1800			6.75
1801			6.75375
1802			6.7575
1803			6.76125
1804			6.765
1805			6.76875
1806			6.7725
1807			6.77625
1808			6.78
1809			6.78375
1810			6.7875
1811			6.79125
1812			6.795
1813			6.79875
1814			6.8025
1815			6.80625
1816			6.81
1817			6.81375
1818			6.8175
1819			6.82125
1820			6.825
1821			6.82875
1822			6.8325
1823			6.83625
1824			6.84
1825			6.84375
1826			6.8475
1827			6.85125
1828			6.855
1829			6.85875
1830			6.8625
1831			6.86625
1832			6.87
1833			6.87375
1834			6.8775
1835			6.88125
1836			6.885
1837			6.88875
1838			6.8925
1839			6.89625
1840			6.9
1841			6.90375
1842			6.9075
1843			6.91125
1844			6.915
1845			6.91875
1846			6.9225
1847			6.92625
1848			6.93
1849			6.93375
1850			6.9375
1851			6.94125
1852			6.945
1853			6.94875
1854			6.9525
1855			6.95625
1856			6.96
1857			6.96375
1858			6.9675
1859			6.97125
1860			6.975
1861			6.97875
1862			6.9825
1863			6.98625
1864			6.99
1865			6.99375
1866			6.9975
1867			7.00125
1868			7.005
1869			7.00875
1870			7.0125
1871			7.01625
1872			7.02
1873			7.02375
1874			7.0275
1875			7.03125
1876			7.035
1877			7.03875
1878			7.0425
1879			7.04625
1880			7.05
1881			7.05375
1882			7.0575
1883			7.06125
1884			7.065
1885			7.06875
1886			7.0725
1887			7.07625
1888			7.08
1889			7.08375
1890			7.0875
1891			7.09125
1892			7.095
1893			7.09875
1894			7.1025
1895			7.10625
1896			7.11
1897			7.11375
1898			7.1175
1899			7.12125
1900			7.125
1901			7.12875
1902			7.1325
1903			7.13625
1904			7.14
1905			7.14375
1906			7.1475
1907			7.15125
1908			7.155
1909			7.15875
1910			7.1625
1911			7.16625
1912			7.17
1913			7.17375
1914			7.1775
1915			7.18125
1916			7.185
1917			7.18875
1918			7.1925
1919			7.19625
1920			7.2
1921			7.20375
1922			7.2075
1923			7.21125
1924			7.215
1925			7.21875
1926			7.2225
1927			7.22625
1928			7.23
1929			7.23375
1930			7.2375
1931			7.24125
1932			7.245
1933			7.24875
1934			7.2525
1935			7.25625
1936			7.26
1937			7.26375
1938			7.2675
1939			7.27125
1940			7.275
1941			7.27875
1942			7.2825
1943			7.28625
1944			7.29
1945			7.29375
1946			7.2975
1947			7.30125
1948			7.305
1949			7.30875
1950			7.3125
1951			7.31625
1952			7.32
1953			7.32375
1954			7.3275
1955			7.33125
1956			7.335
1957			7.33875
1958			7.3425
1959			7.34625
1960			7.35
1961			7.35375
1962			7.3575
1963			7.36125
1964			7.365
1965			7.36875
1966			7.3725
1967			7.37625
1968			7.38
1969			7.38375
1970			7.3875
1971			7.39125
1972			7.395
1973			7.39875
1974			7.4025
1975			7.40625
1976			7.41
1977			7.41375
1978			7.4175
1979			7.42125
1980			7.425
1981			7.42875
1982			7.4325
1983			7.43625
1984			7.44
1985			7.44375
1986			7.4475
1987			7.45125
1988			7.455
1989			7.45875
1990			7.4625
1991			7.46625
1992			7.47
1993			7.47375
1994			7.4775
1995			7.48125
1996			7.485
1997			7.48875
1998			7.4925
1999			7.49625
