-50			1.55931e-13
-49.98			3.82154e-14
-49.96			1.05796e-13
-49.94			2.16785e-13
-49.92			5.32829e-14
-49.9			7.3708e-14
-49.88			1.22989e-14
-49.86			5.78464e-14
-49.84			3.4853e-14
-49.82			9.90649e-14
-49.8			9.23152e-14
-49.78			6.07104e-14
-49.76			4.98281e-14
-49.74			4.05786e-14
-49.72			4.79216e-14
-49.7			9.12476e-15
-49.68			4.44388e-14
-49.66			1.71887e-13
-49.64			4.53818e-14
-49.62			4.30543e-14
-49.6			4.63423e-14
-49.58			3.23819e-14
-49.56			3.28526e-14
-49.54			3.50045e-14
-49.52			1.27682e-14
-49.5			6.85765e-14
-49.48			2.80043e-14
-49.46			4.84293e-14
-49.44			5.1955e-14
-49.42			4.49071e-14
-49.4			4.21852e-14
-49.38			6.24748e-14
-49.36			3.06725e-14
-49.34			5.85471e-14
-49.32			7.86578e-14
-49.3			1.96825e-14
-49.28			2.75647e-14
-49.26			1.93497e-14
-49.24			1.64814e-13
-49.22			1.25739e-15
-49.2			1.24097e-14
-49.18			2.93096e-14
-49.16			5.62498e-14
-49.14			7.08592e-14
-49.12			9.52916e-15
-49.1			1.66504e-13
-49.08			2.82935e-13
-49.06			2.06756e-15
-49.04			2.30459e-13
-49.02			2.97884e-14
-49			2.27225e-14
-48.98			2.54442e-14
-48.96			1.86563e-14
-48.94			2.47165e-14
-48.92			1.68894e-14
-48.9			6.01916e-14
-48.88			1.72745e-13
-48.86			1.02646e-13
-48.84			5.78772e-14
-48.82			6.06642e-15
-48.8			1.9574e-13
-48.78			5.77337e-14
-48.76			2.56281e-13
-48.74			5.35562e-15
-48.72			3.10563e-14
-48.7			2.67138e-14
-48.68			1.31727e-14
-48.66			4.04389e-14
-48.64			3.28533e-14
-48.62			9.88171e-14
-48.6			9.58902e-15
-48.58			2.09631e-14
-48.56			7.70278e-15
-48.54			1.38085e-13
-48.52			1.11906e-14
-48.5			1.09199e-14
-48.48			1.1077e-13
-48.46			3.03755e-14
-48.44			2.56903e-14
-48.42			3.12551e-14
-48.4			3.46443e-13
-48.38			1.34324e-13
-48.36			5.51814e-14
-48.34			5.766e-14
-48.32			1.45761e-13
-48.3			1.12638e-14
-48.28			4.95374e-14
-48.26			6.61616e-14
-48.24			3.33006e-14
-48.22			4.97546e-14
-48.2			3.15804e-13
-48.18			1.63913e-14
-48.16			2.47686e-14
-48.14			3.98935e-14
-48.12			1.487e-14
-48.1			1.06729e-13
-48.08			5.81646e-14
-48.06			1.31756e-15
-48.04			4.66287e-14
-48.02			1.76039e-14
-48			2.52817e-14
-47.98			1.16005e-13
-47.96			6.5256e-14
-47.94			2.98028e-14
-47.92			7.59528e-15
-47.9			9.97023e-14
-47.88			3.45132e-14
-47.86			6.11305e-14
-47.84			6.81642e-14
-47.82			3.07031e-12
-47.8			1.75352e-14
-47.78			4.41941e-14
-47.76			2.69667e-14
-47.74			6.89694e-14
-47.72			1.1466e-13
-47.7			1.39578e-13
-47.68			5.79844e-14
-47.66			1.80777e-14
-47.64			7.01901e-14
-47.62			7.79803e-14
-47.6			3.06977e-14
-47.58			2.22515e-14
-47.56			1.22651e-13
-47.54			3.21504e-14
-47.52			2.22636e-13
-47.5			5.71741e-14
-47.48			5.33119e-14
-47.46			1.51284e-13
-47.44			2.9265e-14
-47.42			2.88465e-14
-47.4			8.21995e-14
-47.38			1.18189e-14
-47.36			4.06382e-14
-47.34			6.01134e-14
-47.32			5.8169e-14
-47.3			1.12297e-14
-47.28			2.50858e-14
-47.26			2.50349e-14
-47.24			3.47018e-14
-47.22			1.52306e-14
-47.2			9.44233e-14
-47.18			1.3315e-14
-47.16			3.82636e-14
-47.14			1.80884e-15
-47.12			3.74343e-13
-47.1			7.82371e-14
-47.08			1.51413e-14
-47.06			2.36397e-14
-47.04			2.51136e-14
-47.02			3.65894e-14
-47			3.39254e-14
-46.98			3.34285e-14
-46.96			3.44393e-14
-46.94			2.43582e-14
-46.92			1.92949e-14
-46.9			2.51834e-14
-46.88			3.49198e-14
-46.86			3.62467e-14
-46.84			1.86394e-13
-46.82			2.93494e-14
-46.8			8.01352e-14
-46.78			3.64073e-14
-46.76			2.19138e-13
-46.74			6.33287e-14
-46.72			6.33526e-14
-46.7			3.81678e-14
-46.68			4.11523e-14
-46.66			5.54402e-13
-46.64			1.50369e-13
-46.62			1.62955e-14
-46.6			1.39506e-13
-46.58			2.93237e-14
-46.56			7.95873e-14
-46.54			3.64568e-14
-46.52			1.24491e-13
-46.5			2.56981e-14
-46.48			8.93164e-14
-46.46			8.28475e-14
-46.44			3.87265e-14
-46.42			1.29581e-14
-46.4			8.13898e-14
-46.38			2.22195e-15
-46.36			2.3176e-14
-46.34			2.99563e-14
-46.32			1.0901e-13
-46.3			7.19782e-14
-46.28			9.00551e-15
-46.26			5.99907e-14
-46.24			9.29222e-14
-46.22			3.6377e-14
-46.2			4.61678e-14
-46.18			8.37749e-14
-46.16			1.3682e-13
-46.14			9.2498e-14
-46.12			3.07313e-14
-46.1			1.41022e-13
-46.08			1.32916e-13
-46.06			1.05726e-13
-46.04			3.11872e-13
-46.02			3.78405e-13
-46			1.38946e-13
-45.98			5.06859e-13
-45.96			9.29221e-14
-45.94			1.97554e-13
-45.92			1.36357e-13
-45.9			6.9241e-14
-45.88			2.8398e-14
-45.86			3.75285e-14
-45.84			1.24281e-13
-45.82			5.07389e-14
-45.8			3.29897e-14
-45.78			9.15835e-14
-45.76			4.00516e-14
-45.74			1.64165e-14
-45.72			1.52597e-13
-45.7			2.23275e-13
-45.68			3.94708e-14
-45.66			5.95324e-14
-45.64			1.01435e-13
-45.62			1.55236e-14
-45.6			4.96852e-14
-45.58			2.24102e-13
-45.56			9.91884e-14
-45.54			2.17366e-13
-45.52			1.70441e-13
-45.5			3.8523e-14
-45.48			5.41787e-14
-45.46			4.2792e-14
-45.44			6.86198e-14
-45.42			7.21605e-13
-45.4			2.05474e-14
-45.38			3.60062e-14
-45.36			6.06623e-14
-45.34			4.04002e-14
-45.32			6.94824e-14
-45.3			3.21952e-14
-45.28			7.95357e-14
-45.26			1.05875e-13
-45.24			6.63076e-14
-45.22			1.26733e-13
-45.2			1.09418e-13
-45.18			1.58858e-13
-45.16			1.17158e-13
-45.14			6.07238e-14
-45.12			2.61595e-14
-45.1			5.63053e-14
-45.08			7.90468e-14
-45.06			1.46662e-13
-45.04			1.03668e-13
-45.02			1.00053e-13
-45			8.73008e-14
-44.98			2.27079e-13
-44.96			4.2672e-13
-44.94			1.46081e-13
-44.92			4.21321e-13
-44.9			2.80021e-13
-44.88			9.13833e-14
-44.86			1.77185e-13
-44.84			7.68777e-14
-44.82			1.34479e-13
-44.8			1.15336e-13
-44.78			5.20683e-14
-44.76			3.05034e-14
-44.74			7.37028e-14
-44.72			5.91279e-14
-44.7			2.98648e-14
-44.68			1.91396e-13
-44.66			3.56703e-14
-44.64			1.54645e-13
-44.62			4.6138e-14
-44.6			1.22338e-14
-44.58			4.15792e-14
-44.56			3.24235e-14
-44.54			6.12075e-14
-44.52			1.0335e-14
-44.5			3.46535e-14
-44.48			1.39077e-14
-44.46			5.39227e-14
-44.44			7.29378e-14
-44.42			2.55771e-14
-44.4			2.84614e-14
-44.38			6.18259e-15
-44.36			4.35501e-13
-44.34			1.77188e-14
-44.32			4.88022e-15
-44.3			6.37905e-14
-44.28			2.50037e-14
-44.26			1.84532e-14
-44.24			2.11726e-14
-44.22			8.36549e-14
-44.2			1.64559e-15
-44.18			1.45493e-14
-44.16			2.36319e-14
-44.14			1.78765e-13
-44.12			1.70786e-14
-44.1			2.358e-14
-44.08			4.26901e-14
-44.06			8.98709e-15
-44.04			2.81283e-14
-44.02			9.04032e-14
-44			1.68468e-14
-43.98			2.85133e-14
-43.96			3.04976e-14
-43.94			2.82028e-14
-43.92			2.45321e-14
-43.9			4.01505e-14
-43.88			6.57667e-14
-43.86			1.51549e-14
-43.84			5.49917e-14
-43.82			6.68794e-14
-43.8			3.00383e-14
-43.78			1.15766e-14
-43.76			5.71993e-14
-43.74			3.52928e-14
-43.72			2.30197e-14
-43.7			3.25051e-14
-43.68			3.09267e-14
-43.66			7.08986e-14
-43.64			6.62077e-14
-43.62			6.26623e-14
-43.6			2.51168e-14
-43.58			2.95039e-14
-43.56			1.24592e-14
-43.54			4.62027e-14
-43.52			3.62282e-15
-43.5			7.12135e-15
-43.48			2.00638e-14
-43.46			6.00471e-14
-43.44			3.60664e-14
-43.42			8.54538e-14
-43.4			2.13758e-14
-43.38			2.1959e-14
-43.36			1.12862e-14
-43.34			1.15799e-14
-43.32			6.71812e-14
-43.3			3.56033e-15
-43.28			3.71475e-14
-43.26			4.01502e-14
-43.24			2.35241e-14
-43.22			2.20257e-14
-43.2			3.54259e-14
-43.18			1.1629e-13
-43.16			3.68096e-13
-43.14			2.03034e-15
-43.12			1.11764e-14
-43.1			8.97472e-15
-43.08			6.5311e-13
-43.06			9.38606e-15
-43.04			1.06509e-14
-43.02			1.07305e-13
-43			1.27996e-14
-42.98			4.97973e-15
-42.96			3.98882e-14
-42.94			3.2678e-14
-42.92			3.32011e-14
-42.9			1.87999e-13
-42.88			2.86924e-14
-42.86			4.14437e-14
-42.84			1.99666e-14
-42.82			2.22771e-14
-42.8			4.98904e-14
-42.78			2.06473e-13
-42.76			8.5262e-14
-42.74			6.58434e-15
-42.72			2.0796e-14
-42.7			4.61684e-14
-42.68			1.02159e-13
-42.66			6.03034e-14
-42.64			4.11066e-14
-42.62			4.82845e-14
-42.6			3.42292e-14
-42.58			1.02817e-13
-42.56			2.97173e-14
-42.54			1.80686e-13
-42.52			3.6897e-14
-42.5			7.36268e-14
-42.48			6.34418e-13
-42.46			5.51595e-14
-42.44			1.40967e-13
-42.42			1.93607e-13
-42.4			1.88695e-13
-42.38			2.27528e-13
-42.36			2.32268e-14
-42.34			2.41415e-14
-42.32			5.7684e-14
-42.3			3.54411e-13
-42.28			4.08405e-14
-42.26			9.94018e-14
-42.24			8.53834e-14
-42.22			3.54458e-14
-42.2			3.51824e-14
-42.18			6.28715e-14
-42.16			1.89425e-14
-42.14			3.96271e-14
-42.12			6.14574e-14
-42.1			6.4924e-14
-42.08			1.71648e-14
-42.06			6.80137e-14
-42.04			1.06574e-13
-42.02			4.01635e-13
-42			1.87887e-13
-41.98			1.05998e-13
-41.96			1.9293e-13
-41.94			7.88552e-14
-41.92			1.06666e-14
-41.9			3.56389e-14
-41.88			4.15401e-14
-41.86			8.23447e-14
-41.84			7.44479e-13
-41.82			2.3058e-14
-41.8			1.0505e-13
-41.78			3.33228e-14
-41.76			1.81603e-14
-41.74			4.55081e-14
-41.72			1.03242e-14
-41.7			2.3446e-14
-41.68			3.96273e-14
-41.66			8.29333e-14
-41.64			4.96651e-14
-41.62			3.68903e-13
-41.6			3.23816e-14
-41.58			5.22447e-14
-41.56			2.43888e-14
-41.54			2.13204e-14
-41.52			1.60664e-14
-41.5			1.79276e-13
-41.48			4.26042e-14
-41.46			1.11347e-14
-41.44			2.91454e-14
-41.42			4.08669e-14
-41.4			1.10483e-14
-41.38			7.20025e-15
-41.36			6.40807e-14
-41.34			4.59156e-14
-41.32			3.57077e-14
-41.3			1.62476e-13
-41.28			5.14922e-14
-41.26			3.73581e-14
-41.24			6.12673e-14
-41.22			2.23487e-14
-41.2			2.39209e-13
-41.18			5.95033e-14
-41.16			4.80124e-14
-41.14			5.80203e-14
-41.12			4.2354e-14
-41.1			1.71794e-14
-41.08			1.23616e-13
-41.06			2.21195e-14
-41.04			2.80661e-14
-41.02			6.20678e-14
-41			2.39755e-14
-40.98			1.81063e-13
-40.96			1.74404e-13
-40.94			3.0575e-14
-40.92			4.75264e-13
-40.9			4.70024e-14
-40.88			2.57457e-14
-40.86			5.72275e-14
-40.84			7.38759e-14
-40.82			6.76109e-14
-40.8			4.61606e-14
-40.78			1.53769e-14
-40.76			4.09274e-14
-40.74			1.94001e-14
-40.72			3.18075e-14
-40.7			1.41177e-14
-40.68			4.733e-14
-40.66			8.5689e-14
-40.64			4.30173e-14
-40.62			1.88689e-14
-40.6			1.50756e-14
-40.58			7.58241e-15
-40.56			2.22017e-14
-40.54			3.25403e-14
-40.52			6.70772e-14
-40.5			4.2776e-14
-40.48			1.11498e-14
-40.46			1.61632e-13
-40.44			2.12769e-14
-40.42			4.81469e-14
-40.4			6.70656e-14
-40.38			2.90019e-14
-40.36			4.13106e-14
-40.34			3.61037e-14
-40.32			5.93137e-15
-40.3			2.73481e-14
-40.28			3.16334e-13
-40.26			1.90709e-14
-40.24			3.72691e-14
-40.22			7.43336e-15
-40.2			2.61281e-14
-40.18			4.16774e-14
-40.16			5.83033e-14
-40.14			1.93168e-14
-40.12			5.50669e-14
-40.1			2.18804e-14
-40.08			2.84256e-14
-40.06			5.08828e-14
-40.04			3.62019e-14
-40.02			1.807e-14
-40			1.00555e-14
-39.98			1.29722e-13
-39.96			3.11203e-14
-39.94			3.07964e-14
-39.92			5.45316e-14
-39.9			7.29082e-14
-39.88			1.54107e-15
-39.86			7.4201e-14
-39.84			2.61126e-14
-39.82			1.91273e-13
-39.8			5.34466e-14
-39.78			1.01186e-14
-39.76			3.09893e-14
-39.74			1.00194e-13
-39.72			1.90934e-14
-39.7			2.47372e-14
-39.68			7.91408e-14
-39.66			2.67556e-13
-39.64			1.30194e-13
-39.62			1.56195e-13
-39.6			2.00086e-13
-39.58			8.71017e-14
-39.56			6.83033e-15
-39.54			2.04912e-14
-39.52			5.79691e-14
-39.5			2.78694e-14
-39.48			1.67288e-14
-39.46			2.08663e-13
-39.44			1.16097e-13
-39.42			2.02051e-13
-39.4			1.64649e-14
-39.38			4.47938e-14
-39.36			5.03584e-14
-39.34			5.10001e-13
-39.32			5.63968e-14
-39.3			7.24611e-14
-39.28			2.48553e-14
-39.26			4.39937e-15
-39.24			1.48004e-14
-39.22			4.02226e-14
-39.2			1.75676e-14
-39.18			3.45662e-14
-39.16			6.89147e-14
-39.14			7.26063e-14
-39.12			4.55609e-14
-39.1			6.61434e-14
-39.08			7.79383e-15
-39.06			4.22166e-14
-39.04			2.83096e-14
-39.02			1.10788e-14
-39			4.94032e-14
-38.98			2.84339e-14
-38.96			1.82132e-14
-38.94			8.9971e-14
-38.92			2.61198e-14
-38.9			1.18053e-14
-38.88			4.5027e-14
-38.86			1.17407e-13
-38.84			1.12856e-14
-38.82			4.02638e-14
-38.8			3.91305e-14
-38.78			9.08802e-14
-38.76			1.80774e-14
-38.74			1.89933e-14
-38.72			2.96811e-14
-38.7			3.67672e-14
-38.68			2.82289e-14
-38.66			1.2978e-14
-38.64			1.37233e-13
-38.62			3.60214e-14
-38.6			5.6417e-14
-38.58			2.20775e-14
-38.56			4.17302e-14
-38.54			2.51035e-14
-38.52			6.79545e-13
-38.5			1.37233e-14
-38.48			2.30174e-14
-38.46			1.04984e-13
-38.44			1.79092e-13
-38.42			4.98227e-14
-38.4			1.73955e-14
-38.38			5.4772e-14
-38.36			1.03438e-13
-38.34			1.16155e-13
-38.32			1.9327e-14
-38.3			1.16611e-14
-38.28			8.38114e-14
-38.26			1.01419e-13
-38.24			4.03388e-13
-38.22			6.34725e-14
-38.2			1.96296e-14
-38.18			5.46031e-14
-38.16			1.54377e-14
-38.14			8.52294e-14
-38.12			5.46851e-14
-38.1			1.57727e-12
-38.08			1.9856e-13
-38.06			1.60304e-13
-38.04			3.69322e-13
-38.02			5.31664e-13
-38			6.56464e-13
-37.98			4.24967e-13
-37.96			4.41476e-14
-37.94			1.21162e-13
-37.92			1.02583e-13
-37.9			6.44891e-14
-37.88			5.38876e-14
-37.86			9.60135e-14
-37.84			7.70359e-14
-37.82			5.94538e-14
-37.8			2.8164e-14
-37.78			5.80351e-14
-37.76			6.32884e-14
-37.74			2.91253e-14
-37.72			3.0404e-14
-37.7			4.10742e-14
-37.68			3.75542e-14
-37.66			1.90652e-14
-37.64			4.08336e-14
-37.62			2.45638e-14
-37.6			2.50089e-14
-37.58			2.15737e-14
-37.56			1.94102e-14
-37.54			2.14218e-14
-37.52			3.09397e-14
-37.5			9.01861e-14
-37.48			6.62422e-14
-37.46			1.80653e-14
-37.44			8.48395e-15
-37.42			6.70742e-14
-37.4			1.03938e-14
-37.38			4.57461e-14
-37.36			4.1075e-14
-37.34			3.44821e-14
-37.32			4.9733e-14
-37.3			4.41102e-14
-37.28			3.56263e-14
-37.26			2.44284e-14
-37.24			2.16121e-14
-37.22			1.50387e-13
-37.2			2.47744e-14
-37.18			3.67845e-14
-37.16			1.4995e-13
-37.14			5.53233e-14
-37.12			3.73708e-14
-37.1			5.4538e-14
-37.08			6.67302e-14
-37.06			2.71925e-14
-37.04			2.48198e-13
-37.02			6.63292e-15
-37			2.16016e-15
-36.98			1.38939e-13
-36.96			4.48842e-13
-36.94			2.74287e-14
-36.92			2.53078e-14
-36.9			8.67906e-14
-36.88			4.83883e-14
-36.86			1.64522e-15
-36.84			2.899e-14
-36.82			4.60654e-14
-36.8			2.56004e-14
-36.78			6.06357e-14
-36.76			1.01824e-14
-36.74			2.58905e-14
-36.72			7.36344e-14
-36.7			1.78222e-14
-36.68			2.50889e-14
-36.66			1.66997e-14
-36.64			1.0893e-13
-36.62			6.88593e-13
-36.6			5.64445e-14
-36.58			2.34513e-14
-36.56			3.2975e-14
-36.54			5.64549e-14
-36.52			1.40331e-14
-36.5			1.97699e-13
-36.48			5.02144e-14
-36.46			5.32986e-15
-36.44			8.95478e-14
-36.42			2.79803e-14
-36.4			6.23209e-14
-36.38			4.43219e-14
-36.36			3.57559e-14
-36.34			4.21641e-14
-36.32			2.76901e-14
-36.3			6.88763e-14
-36.28			4.0867e-14
-36.26			9.19012e-15
-36.24			2.94024e-14
-36.22			4.53064e-14
-36.2			1.72283e-13
-36.18			8.13721e-15
-36.16			2.65659e-14
-36.14			8.45398e-15
-36.12			1.37609e-14
-36.1			1.91387e-14
-36.08			7.84638e-14
-36.06			3.10074e-14
-36.04			1.78432e-13
-36.02			4.9561e-14
-36			9.16088e-14
-35.98			3.17146e-14
-35.96			2.24213e-14
-35.94			2.30211e-14
-35.92			6.07438e-14
-35.9			2.57528e-13
-35.88			3.83707e-14
-35.86			5.1919e-14
-35.84			7.23401e-15
-35.82			2.36017e-14
-35.8			1.50123e-14
-35.78			6.82266e-14
-35.76			3.80117e-14
-35.74			1.73786e-14
-35.72			1.78769e-14
-35.7			6.40414e-14
-35.68			9.81892e-14
-35.66			4.1189e-14
-35.64			3.9141e-14
-35.62			5.5395e-14
-35.6			3.92972e-14
-35.58			6.21712e-14
-35.56			2.98537e-14
-35.54			4.7338e-14
-35.52			6.65178e-14
-35.5			1.04354e-13
-35.48			6.25032e-14
-35.46			5.45462e-14
-35.44			2.00965e-13
-35.42			5.57967e-14
-35.4			4.21419e-14
-35.38			2.7541e-14
-35.36			9.34243e-14
-35.34			1.30274e-13
-35.32			6.00402e-14
-35.3			8.55911e-14
-35.28			3.16327e-13
-35.26			2.21849e-14
-35.24			1.67283e-14
-35.22			4.03894e-14
-35.2			8.5717e-14
-35.18			6.30735e-14
-35.16			4.59984e-14
-35.14			1.25604e-13
-35.12			1.39893e-14
-35.1			8.69533e-14
-35.08			4.28247e-13
-35.06			4.94702e-14
-35.04			3.21569e-13
-35.02			1.85613e-13
-35			4.31152e-14
-34.98			1.28543e-13
-34.96			5.58551e-14
-34.94			1.25984e-13
-34.92			1.2976e-13
-34.9			2.95769e-14
-34.88			3.86052e-14
-34.86			4.96123e-14
-34.84			6.8935e-14
-34.82			1.07254e-14
-34.8			3.09649e-14
-34.78			1.56266e-14
-34.76			2.02875e-14
-34.74			3.81456e-14
-34.72			1.68425e-14
-34.7			2.57279e-14
-34.68			5.24197e-14
-34.66			2.78696e-14
-34.64			4.65962e-14
-34.62			4.19727e-14
-34.6			1.16977e-13
-34.58			7.05687e-14
-34.56			5.26418e-14
-34.54			1.65092e-13
-34.52			4.01749e-14
-34.5			1.39534e-14
-34.48			1.83604e-14
-34.46			1.45238e-13
-34.44			5.60554e-14
-34.42			7.39039e-14
-34.4			4.21728e-14
-34.38			2.16807e-13
-34.36			5.6681e-14
-34.34			4.40471e-14
-34.32			2.31665e-14
-34.3			4.70695e-14
-34.28			2.88776e-14
-34.26			1.85473e-13
-34.24			4.72655e-14
-34.22			5.44242e-14
-34.2			6.63439e-14
-34.18			5.21196e-14
-34.16			1.58596e-14
-34.14			6.30205e-14
-34.12			4.46887e-14
-34.1			7.99064e-15
-34.08			1.42738e-13
-34.06			4.08928e-14
-34.04			1.31724e-13
-34.02			3.89493e-13
-34			1.24017e-13
-33.98			3.20784e-13
-33.96			3.4923e-13
-33.94			6.64461e-14
-33.92			1.48681e-13
-33.9			1.47371e-12
-33.88			3.76341e-14
-33.86			5.43089e-14
-33.84			7.63867e-14
-33.82			3.16669e-14
-33.8			8.19476e-13
-33.78			3.71431e-14
-33.76			2.99709e-14
-33.74			3.40537e-14
-33.72			3.10785e-14
-33.7			2.60254e-14
-33.68			6.17981e-14
-33.66			1.53046e-14
-33.64			4.10206e-13
-33.62			2.8985e-14
-33.6			3.69941e-14
-33.58			2.07287e-14
-33.56			4.43527e-14
-33.54			2.93929e-14
-33.52			7.85141e-14
-33.5			1.47097e-13
-33.48			2.40304e-14
-33.46			2.54138e-15
-33.44			6.19284e-14
-33.42			1.13326e-13
-33.4			3.62991e-14
-33.38			2.97654e-14
-33.36			5.9888e-14
-33.34			1.42159e-13
-33.32			1.83973e-13
-33.3			9.01103e-14
-33.28			2.50361e-14
-33.26			1.29846e-14
-33.24			3.88071e-14
-33.22			3.30269e-14
-33.2			3.65025e-15
-33.18			3.19657e-14
-33.16			1.56095e-13
-33.14			5.98953e-14
-33.12			6.81572e-14
-33.1			4.92018e-14
-33.08			2.50616e-14
-33.06			1.21724e-13
-33.04			5.77355e-14
-33.02			5.50848e-14
-33			2.32737e-14
-32.98			5.56986e-14
-32.96			3.02297e-13
-32.94			1.67798e-14
-32.92			1.81734e-14
-32.9			5.01229e-14
-32.88			8.09442e-14
-32.86			8.97195e-14
-32.84			1.59658e-13
-32.82			5.30959e-14
-32.8			9.53167e-14
-32.78			3.42641e-14
-32.76			3.22696e-14
-32.74			3.17752e-14
-32.72			7.13574e-14
-32.7			2.85724e-14
-32.68			4.23348e-13
-32.66			4.69046e-14
-32.64			3.12506e-14
-32.62			1.64778e-13
-32.6			1.05274e-13
-32.58			1.81439e-13
-32.56			3.9728e-13
-32.54			8.24459e-13
-32.52			6.09962e-13
-32.5			3.89655e-13
-32.48			1.19146e-13
-32.46			4.77365e-14
-32.44			1.0072e-13
-32.42			4.52344e-14
-32.4			1.11068e-13
-32.38			6.44508e-14
-32.36			1.66558e-14
-32.34			6.27525e-14
-32.32			3.48722e-14
-32.3			8.71757e-14
-32.28			6.30329e-14
-32.26			1.15154e-13
-32.24			1.91465e-14
-32.22			2.66517e-14
-32.2			1.67019e-14
-32.18			2.42022e-14
-32.16			6.33558e-14
-32.14			1.02158e-13
-32.12			2.87673e-14
-32.1			3.49514e-14
-32.08			3.0466e-14
-32.06			1.87468e-14
-32.04			5.0878e-14
-32.02			5.85319e-14
-32			7.20061e-14
-31.98			1.46563e-14
-31.96			2.59309e-14
-31.94			7.43496e-15
-31.92			2.10925e-14
-31.9			1.0852e-14
-31.88			1.10732e-13
-31.86			1.52558e-14
-31.84			1.80946e-14
-31.82			5.77899e-14
-31.8			3.85854e-14
-31.78			2.10887e-14
-31.76			9.07773e-14
-31.74			6.86238e-14
-31.72			5.34324e-14
-31.7			1.59255e-13
-31.68			4.08256e-14
-31.66			7.94997e-14
-31.64			2.38466e-14
-31.62			2.68624e-14
-31.6			2.07887e-14
-31.58			1.47485e-13
-31.56			3.54183e-14
-31.54			1.0686e-13
-31.52			6.71245e-15
-31.5			3.02746e-14
-31.48			8.16749e-14
-31.46			2.0404e-14
-31.44			3.23305e-14
-31.42			2.99083e-14
-31.4			1.01093e-13
-31.38			2.64541e-14
-31.36			3.68706e-14
-31.34			8.26234e-15
-31.32			1.21103e-13
-31.3			1.95101e-14
-31.28			3.64325e-14
-31.26			2.39811e-14
-31.24			6.38943e-14
-31.22			6.62148e-14
-31.2			5.51455e-14
-31.18			2.47444e-14
-31.16			2.2893e-14
-31.14			7.84275e-15
-31.12			4.91893e-14
-31.1			2.47301e-14
-31.08			2.39529e-14
-31.06			1.1359e-13
-31.04			2.95761e-14
-31.02			5.79137e-14
-31			5.86614e-14
-30.98			1.21929e-13
-30.96			1.28103e-14
-30.94			6.44303e-14
-30.92			2.03212e-14
-30.9			3.89003e-14
-30.88			3.55272e-14
-30.86			1.18692e-14
-30.84			2.04608e-14
-30.82			5.22104e-14
-30.8			5.09264e-15
-30.78			7.65123e-14
-30.76			1.4668e-13
-30.74			3.4369e-14
-30.72			5.98881e-14
-30.7			1.58787e-13
-30.68			5.09634e-14
-30.66			1.23077e-13
-30.64			3.23986e-14
-30.62			4.46586e-14
-30.6			2.52636e-14
-30.58			3.52771e-14
-30.56			2.72912e-14
-30.54			1.00701e-14
-30.52			1.17048e-13
-30.5			1.68872e-14
-30.48			5.2655e-14
-30.46			3.58135e-14
-30.44			1.39717e-14
-30.42			2.89136e-14
-30.4			9.51836e-14
-30.38			1.74678e-14
-30.36			5.09269e-14
-30.34			5.48702e-15
-30.32			3.24812e-14
-30.3			9.63728e-15
-30.28			9.40352e-14
-30.26			2.66345e-14
-30.24			8.64028e-13
-30.22			4.05468e-14
-30.2			5.86749e-14
-30.18			3.91124e-14
-30.16			7.9225e-14
-30.14			2.06364e-14
-30.12			6.7428e-14
-30.1			7.13031e-14
-30.08			4.20441e-14
-30.06			2.25179e-14
-30.04			1.20396e-13
-30.02			1.04654e-13
-30			1.42668e-13
-29.98			8.48384e-14
-29.96			8.23904e-14
-29.94			9.00339e-14
-29.92			3.57251e-14
-29.9			2.37256e-13
-29.88			6.41159e-14
-29.86			1.26481e-14
-29.84			1.77486e-13
-29.82			2.78963e-14
-29.8			4.68137e-14
-29.78			8.22435e-14
-29.76			1.59488e-13
-29.74			1.39139e-13
-29.72			1.99225e-14
-29.7			3.16267e-14
-29.68			4.71127e-14
-29.66			8.63165e-14
-29.64			8.81336e-13
-29.62			3.84823e-14
-29.6			1.61555e-13
-29.58			4.48181e-14
-29.56			2.13731e-14
-29.54			2.31419e-14
-29.52			1.42427e-14
-29.5			1.12638e-13
-29.48			4.48671e-14
-29.46			3.31888e-14
-29.44			1.65043e-14
-29.42			5.72057e-14
-29.4			9.83412e-14
-29.38			3.62425e-14
-29.36			2.64006e-13
-29.34			5.52965e-14
-29.32			6.41217e-15
-29.3			3.12721e-14
-29.28			2.94877e-14
-29.26			5.94717e-15
-29.24			2.95583e-14
-29.22			1.42237e-13
-29.2			2.01283e-14
-29.18			4.71213e-15
-29.16			2.53984e-14
-29.14			4.06042e-15
-29.12			1.37769e-14
-29.1			1.05872e-14
-29.08			4.30688e-14
-29.06			1.96291e-13
-29.04			4.51605e-14
-29.02			4.05971e-14
-29			6.82744e-15
-28.98			2.00638e-14
-28.96			1.62275e-14
-28.94			3.50013e-14
-28.92			2.25895e-14
-28.9			6.75852e-15
-28.88			2.4846e-15
-28.86			3.70398e-14
-28.84			2.39754e-14
-28.82			1.80263e-14
-28.8			4.64002e-15
-28.78			6.18141e-14
-28.76			1.50942e-14
-28.74			1.20308e-13
-28.72			6.13098e-14
-28.7			2.3991e-14
-28.68			3.38657e-14
-28.66			2.76727e-14
-28.64			5.28001e-14
-28.62			2.29485e-14
-28.6			5.341e-14
-28.58			1.98111e-13
-28.56			6.00107e-14
-28.54			1.48651e-14
-28.52			6.11247e-14
-28.5			2.77376e-14
-28.48			4.6476e-14
-28.46			1.25447e-14
-28.44			8.59011e-15
-28.42			1.87448e-14
-28.4			1.16404e-14
-28.38			6.7955e-14
-28.36			3.21481e-14
-28.34			2.80815e-13
-28.32			1.57773e-14
-28.3			3.66768e-15
-28.28			3.17504e-14
-28.26			3.12333e-14
-28.24			6.80853e-14
-28.22			3.52014e-15
-28.2			4.98405e-14
-28.18			5.19187e-13
-28.16			3.8119e-14
-28.14			1.74605e-14
-28.12			2.85032e-14
-28.1			2.61624e-14
-28.08			1.38958e-14
-28.06			1.44227e-14
-28.04			1.29404e-14
-28.02			4.60107e-14
-28			3.89112e-14
-27.98			3.87763e-14
-27.96			5.40942e-14
-27.94			5.214e-14
-27.92			1.44681e-14
-27.9			1.37362e-14
-27.88			3.39244e-14
-27.86			7.01056e-14
-27.84			7.74132e-14
-27.82			4.46899e-14
-27.8			3.55095e-14
-27.78			3.13039e-14
-27.76			1.35794e-14
-27.74			3.12555e-14
-27.72			3.09697e-14
-27.7			8.01182e-14
-27.68			7.15057e-14
-27.66			1.5266e-14
-27.64			6.01669e-15
-27.62			9.28414e-14
-27.6			3.02052e-14
-27.58			3.52257e-14
-27.56			1.15715e-13
-27.54			4.24705e-14
-27.52			7.19287e-14
-27.5			2.11676e-14
-27.48			1.26854e-14
-27.46			4.12317e-14
-27.44			1.34535e-14
-27.42			4.79368e-14
-27.4			5.78317e-15
-27.38			1.61309e-14
-27.36			7.51497e-14
-27.34			2.22261e-15
-27.32			1.82059e-14
-27.3			7.52783e-14
-27.28			2.9488e-14
-27.26			3.69477e-14
-27.24			2.09514e-14
-27.22			9.59934e-15
-27.2			2.00667e-14
-27.18			2.58776e-14
-27.16			7.74758e-15
-27.14			5.54366e-14
-27.12			7.81224e-14
-27.1			4.1013e-14
-27.08			2.30366e-14
-27.06			2.49095e-14
-27.04			2.91934e-14
-27.02			4.24392e-14
-27			1.17403e-13
-26.98			4.16067e-14
-26.96			1.84761e-14
-26.94			1.09441e-13
-26.92			2.35964e-14
-26.9			7.98082e-15
-26.88			1.54601e-14
-26.86			2.6458e-14
-26.84			8.91275e-14
-26.82			5.30773e-14
-26.8			2.48578e-14
-26.78			1.43927e-14
-26.76			1.45141e-14
-26.74			4.2181e-14
-26.72			6.11861e-14
-26.7			2.16148e-14
-26.68			7.85179e-15
-26.66			4.68069e-14
-26.64			1.76192e-14
-26.62			7.48559e-15
-26.6			2.07446e-14
-26.58			9.88365e-15
-26.56			1.46168e-14
-26.54			4.66401e-15
-26.52			1.80961e-14
-26.5			2.51759e-14
-26.48			3.51413e-13
-26.46			9.48652e-14
-26.44			9.66135e-14
-26.42			1.86064e-14
-26.4			1.1128e-13
-26.38			4.27016e-14
-26.36			3.2446e-14
-26.34			6.69581e-14
-26.32			2.82324e-14
-26.3			1.04157e-13
-26.28			9.00272e-14
-26.26			3.87871e-14
-26.24			4.36701e-14
-26.22			9.2554e-14
-26.2			5.38578e-14
-26.18			2.93691e-14
-26.16			3.7677e-14
-26.14			2.74877e-14
-26.12			3.02442e-14
-26.1			3.91478e-14
-26.08			3.63906e-14
-26.06			2.18301e-14
-26.04			1.04637e-13
-26.02			1.30494e-13
-26			2.16561e-13
-25.98			2.14896e-13
-25.96			2.09436e-13
-25.94			7.62581e-14
-25.92			7.52869e-14
-25.9			6.63288e-14
-25.88			1.73074e-14
-25.86			1.73821e-14
-25.84			3.3081e-14
-25.82			2.78656e-14
-25.8			4.8599e-15
-25.78			1.81377e-14
-25.76			2.08067e-14
-25.74			4.49715e-14
-25.72			2.94511e-14
-25.7			3.81282e-14
-25.68			2.93009e-14
-25.66			1.99888e-14
-25.64			1.77244e-14
-25.62			4.58362e-14
-25.6			1.5192e-14
-25.58			3.43303e-14
-25.56			1.36495e-14
-25.54			3.26853e-14
-25.52			2.67983e-14
-25.5			1.16724e-14
-25.48			3.23808e-13
-25.46			1.91824e-14
-25.44			8.7086e-15
-25.42			4.94193e-14
-25.4			3.16942e-14
-25.38			2.28325e-14
-25.36			4.24281e-14
-25.34			7.54034e-14
-25.32			1.43209e-14
-25.3			1.80449e-14
-25.28			5.15424e-14
-25.26			9.75331e-14
-25.24			1.11674e-14
-25.22			2.04819e-13
-25.2			1.11114e-13
-25.18			8.98389e-14
-25.16			1.47883e-13
-25.14			2.07453e-14
-25.12			1.02023e-14
-25.1			4.12845e-14
-25.08			7.0455e-15
-25.06			1.2099e-13
-25.04			4.72217e-14
-25.02			3.61636e-14
-25			7.70538e-15
-24.98			5.39953e-14
-24.96			3.72468e-14
-24.94			2.07914e-14
-24.92			4.57074e-14
-24.9			3.16245e-14
-24.88			8.7652e-15
-24.86			7.55718e-14
-24.84			4.64688e-14
-24.82			3.35826e-14
-24.8			1.51462e-14
-24.78			1.26962e-14
-24.76			9.6508e-15
-24.74			1.17765e-14
-24.72			3.15527e-14
-24.7			1.04245e-13
-24.68			1.65669e-14
-24.66			1.03548e-13
-24.64			1.81927e-15
-24.62			1.46155e-14
-24.6			3.86631e-14
-24.58			7.03211e-15
-24.56			4.45251e-14
-24.54			2.27833e-14
-24.52			9.27125e-15
-24.5			9.49145e-15
-24.48			7.99542e-15
-24.46			2.18851e-14
-24.44			1.33403e-14
-24.42			8.85043e-15
-24.4			8.63099e-15
-24.38			5.80331e-15
-24.36			8.59935e-15
-24.34			1.10581e-14
-24.32			1.67152e-14
-24.3			2.57643e-14
-24.28			1.81771e-14
-24.26			2.67417e-14
-24.24			5.72043e-14
-24.22			2.56437e-14
-24.2			3.35385e-14
-24.18			2.42333e-14
-24.16			6.07134e-14
-24.14			6.84017e-14
-24.12			2.45084e-14
-24.1			5.84472e-14
-24.08			1.85385e-14
-24.06			8.68752e-15
-24.04			2.33033e-14
-24.02			3.82484e-15
-24			7.3032e-14
-23.98			1.33475e-14
-23.96			5.12498e-14
-23.94			3.35967e-14
-23.92			2.96645e-14
-23.9			3.22962e-14
-23.88			6.22228e-14
-23.86			2.13772e-14
-23.84			1.65603e-14
-23.82			4.76236e-14
-23.8			2.00479e-15
-23.78			7.7468e-15
-23.76			3.97149e-14
-23.74			1.51437e-14
-23.72			5.23537e-14
-23.7			3.41789e-15
-23.68			2.92864e-14
-23.66			8.00658e-14
-23.64			1.02197e-14
-23.62			4.35724e-15
-23.6			3.8976e-14
-23.58			2.61769e-14
-23.56			1.6898e-14
-23.54			2.12729e-14
-23.52			2.10816e-14
-23.5			2.16668e-14
-23.48			2.1516e-14
-23.46			1.15603e-14
-23.44			1.52599e-14
-23.42			7.80962e-15
-23.4			1.77146e-14
-23.38			3.78915e-14
-23.36			3.06544e-14
-23.34			2.00549e-14
-23.32			2.54548e-14
-23.3			3.74993e-14
-23.28			1.42773e-14
-23.26			7.75615e-15
-23.24			2.79279e-15
-23.22			1.88106e-14
-23.2			3.85024e-14
-23.18			2.98641e-14
-23.16			6.3952e-15
-23.14			4.14446e-15
-23.12			4.703e-14
-23.1			2.15952e-14
-23.08			2.81045e-14
-23.06			7.49899e-14
-23.04			2.29136e-15
-23.02			3.20793e-14
-23			4.89463e-14
-22.98			1.8028e-14
-22.96			1.62486e-14
-22.94			8.07259e-15
-22.92			1.70787e-14
-22.9			9.40285e-15
-22.88			2.67471e-14
-22.86			2.2252e-14
-22.84			2.66623e-14
-22.82			5.37129e-14
-22.8			3.52973e-14
-22.78			7.6184e-14
-22.76			2.5295e-14
-22.74			3.63749e-14
-22.72			5.69431e-15
-22.7			1.00003e-13
-22.68			7.57328e-14
-22.66			1.41005e-13
-22.64			1.12257e-13
-22.62			6.36604e-14
-22.6			2.42213e-14
-22.58			1.05718e-13
-22.56			2.77264e-13
-22.54			5.7223e-14
-22.52			4.35674e-14
-22.5			4.43138e-14
-22.48			4.31284e-14
-22.46			2.26379e-14
-22.44			1.11925e-13
-22.42			2.35741e-13
-22.4			2.29933e-13
-22.38			1.5513e-13
-22.36			1.35752e-13
-22.34			4.93259e-14
-22.32			5.73202e-14
-22.3			6.54937e-14
-22.28			1.01905e-13
-22.26			4.70966e-14
-22.24			2.29626e-13
-22.22			2.70995e-14
-22.2			3.75834e-14
-22.18			7.78487e-14
-22.16			3.62721e-14
-22.14			4.24802e-14
-22.12			1.78269e-14
-22.1			1.8475e-13
-22.08			7.4703e-14
-22.06			9.85016e-14
-22.04			7.50779e-14
-22.02			2.16524e-13
-22			2.2296e-13
-21.98			6.32592e-14
-21.96			1.50967e-13
-21.94			4.95972e-14
-21.92			1.06946e-13
-21.9			6.27065e-14
-21.88			3.44979e-14
-21.86			2.89446e-14
-21.84			5.5645e-14
-21.82			5.46588e-14
-21.8			5.3021e-14
-21.78			1.24232e-14
-21.76			2.18427e-14
-21.74			2.41109e-14
-21.72			7.28992e-14
-21.7			1.18597e-14
-21.68			8.65662e-14
-21.66			1.0776e-14
-21.64			1.894e-14
-21.62			2.90805e-13
-21.6			5.36639e-15
-21.58			5.26202e-14
-21.56			2.52885e-14
-21.54			1.0129e-14
-21.52			2.92772e-14
-21.5			2.33949e-14
-21.48			2.07646e-13
-21.46			5.21838e-15
-21.44			4.03073e-14
-21.42			4.42115e-14
-21.4			6.57227e-14
-21.38			1.74447e-14
-21.36			2.3572e-14
-21.34			1.19561e-14
-21.32			1.55643e-14
-21.3			1.87724e-14
-21.28			1.55396e-14
-21.26			2.70652e-14
-21.24			1.78678e-14
-21.22			4.43957e-14
-21.2			1.85715e-14
-21.18			2.66774e-14
-21.16			3.52588e-14
-21.14			2.45308e-14
-21.12			3.63645e-14
-21.1			2.90499e-14
-21.08			3.35896e-14
-21.06			8.99203e-14
-21.04			2.3711e-14
-21.02			1.01265e-13
-21			3.39397e-14
-20.98			1.83198e-14
-20.96			1.09488e-14
-20.94			7.9282e-14
-20.92			3.48415e-14
-20.9			2.87614e-14
-20.88			4.62826e-14
-20.86			4.16614e-14
-20.84			2.1692e-14
-20.82			1.1808e-14
-20.8			1.83344e-13
-20.78			1.15252e-14
-20.76			2.18786e-14
-20.74			4.44672e-14
-20.72			6.68986e-14
-20.7			2.88036e-14
-20.68			1.45327e-14
-20.66			4.40026e-14
-20.64			1.32263e-14
-20.62			4.35639e-14
-20.6			9.66855e-14
-20.58			1.26285e-14
-20.56			2.84126e-14
-20.54			8.42618e-14
-20.52			6.19448e-15
-20.5			5.34795e-14
-20.48			3.19057e-14
-20.46			1.31821e-14
-20.44			6.59003e-15
-20.42			3.0795e-14
-20.4			1.06814e-14
-20.38			5.69807e-15
-20.36			1.10022e-14
-20.34			1.95437e-14
-20.32			2.13714e-14
-20.3			1.01649e-14
-20.28			9.93706e-15
-20.26			3.89465e-14
-20.24			1.00466e-14
-20.22			1.28979e-14
-20.2			1.32066e-14
-20.18			4.41612e-14
-20.16			2.2613e-14
-20.14			4.51517e-14
-20.12			3.16144e-14
-20.1			1.31092e-14
-20.08			2.72173e-14
-20.06			7.15682e-15
-20.04			2.99864e-14
-20.02			3.99371e-14
-20			3.33307e-15
-19.98			4.45315e-14
-19.96			5.09753e-14
-19.94			4.45742e-14
-19.92			1.29412e-13
-19.9			1.59806e-13
-19.88			2.39998e-13
-19.86			2.47846e-13
-19.84			7.02291e-14
-19.82			2.97992e-13
-19.8			6.40279e-14
-19.78			3.59233e-14
-19.76			3.04279e-14
-19.74			4.24047e-14
-19.72			1.1738e-13
-19.7			2.79015e-14
-19.68			6.44544e-15
-19.66			4.32568e-14
-19.64			7.46672e-14
-19.62			4.79456e-14
-19.6			1.18651e-13
-19.58			2.86734e-14
-19.56			6.89086e-14
-19.54			4.7619e-14
-19.52			1.1023e-14
-19.5			1.19813e-14
-19.48			1.11814e-13
-19.46			1.49134e-14
-19.44			6.26406e-14
-19.42			7.79493e-13
-19.4			1.32828e-14
-19.38			1.97443e-14
-19.36			3.0008e-14
-19.34			1.61598e-14
-19.32			3.79648e-14
-19.3			8.27424e-14
-19.28			9.36539e-15
-19.26			4.88698e-14
-19.24			1.07799e-14
-19.22			5.02151e-15
-19.2			1.11651e-14
-19.18			2.70221e-14
-19.16			7.59351e-15
-19.14			8.8703e-15
-19.12			1.60963e-14
-19.1			3.37095e-14
-19.08			6.00324e-14
-19.06			1.28666e-14
-19.04			1.09061e-14
-19.02			3.90424e-15
-19			4.7763e-14
-18.98			9.55793e-15
-18.96			1.76744e-14
-18.94			6.16003e-14
-18.92			8.66126e-15
-18.9			4.16686e-15
-18.88			4.73921e-15
-18.86			2.4539e-14
-18.84			3.4592e-14
-18.82			1.03187e-14
-18.8			1.39016e-14
-18.78			1.02115e-14
-18.76			1.46913e-14
-18.74			4.69601e-14
-18.72			1.18568e-14
-18.7			1.8481e-14
-18.68			2.29425e-14
-18.66			2.26157e-14
-18.64			2.76785e-14
-18.62			2.30231e-14
-18.6			1.27654e-13
-18.58			5.58118e-14
-18.56			6.0549e-14
-18.54			6.59155e-15
-18.52			6.32804e-14
-18.5			1.53524e-14
-18.48			4.24799e-14
-18.46			3.60541e-14
-18.44			9.67959e-15
-18.42			3.31355e-14
-18.4			1.11829e-14
-18.38			1.46713e-14
-18.36			1.23778e-14
-18.34			2.51804e-14
-18.32			2.02944e-14
-18.3			3.64086e-14
-18.28			1.62624e-14
-18.26			5.00651e-14
-18.24			3.34802e-14
-18.22			5.53433e-14
-18.2			4.16657e-15
-18.18			3.35737e-14
-18.16			6.53723e-14
-18.14			9.48951e-14
-18.12			3.1839e-14
-18.1			1.16603e-13
-18.08			1.73699e-13
-18.06			3.2544e-14
-18.04			2.33199e-13
-18.02			5.39388e-13
-18			6.62262e-13
-17.98			5.18772e-13
-17.96			1.96128e-13
-17.94			2.25466e-13
-17.92			8.30103e-14
-17.9			3.43073e-14
-17.88			5.7206e-14
-17.86			8.63624e-14
-17.84			1.46064e-14
-17.82			6.5943e-14
-17.8			2.36053e-14
-17.78			1.94903e-14
-17.76			3.56411e-14
-17.74			3.89476e-14
-17.72			5.41976e-14
-17.7			4.7137e-14
-17.68			1.16101e-14
-17.66			2.2663e-14
-17.64			2.99189e-14
-17.62			1.6873e-14
-17.6			3.25847e-14
-17.58			6.37254e-14
-17.56			2.52131e-15
-17.54			1.96788e-14
-17.52			1.12287e-13
-17.5			4.76867e-14
-17.48			3.51174e-14
-17.46			1.7081e-14
-17.44			2.12638e-14
-17.42			1.41742e-14
-17.4			2.21249e-14
-17.38			1.05123e-14
-17.36			4.25081e-14
-17.34			2.9498e-14
-17.32			1.63759e-14
-17.3			5.2178e-14
-17.28			9.03744e-15
-17.26			4.01942e-14
-17.24			3.8252e-14
-17.22			1.45625e-14
-17.2			2.40878e-14
-17.18			3.04379e-14
-17.16			1.59186e-14
-17.14			2.01384e-14
-17.12			3.70872e-14
-17.1			1.92716e-14
-17.08			6.3501e-14
-17.06			2.98398e-14
-17.04			1.27979e-13
-17.02			1.80929e-14
-17			2.72683e-14
-16.98			4.87638e-15
-16.96			1.51046e-14
-16.94			4.55926e-13
-16.92			2.13637e-14
-16.9			8.94231e-14
-16.88			3.94253e-14
-16.86			4.35451e-14
-16.84			4.11543e-14
-16.82			2.63764e-14
-16.8			2.45267e-14
-16.78			1.15239e-14
-16.76			3.08195e-14
-16.74			9.78158e-15
-16.72			4.89334e-15
-16.7			5.50437e-15
-16.68			1.27364e-14
-16.66			7.62228e-15
-16.64			9.97398e-15
-16.62			1.1308e-14
-16.6			1.73965e-13
-16.58			2.56687e-14
-16.56			1.47157e-14
-16.54			2.26662e-14
-16.52			3.41617e-14
-16.5			1.69505e-14
-16.48			2.52302e-14
-16.46			5.16654e-14
-16.44			6.01418e-15
-16.42			7.96959e-14
-16.4			1.25752e-14
-16.38			3.50872e-14
-16.36			4.33476e-14
-16.34			1.46955e-14
-16.32			2.01689e-14
-16.3			1.5259e-14
-16.28			2.70977e-14
-16.26			2.1822e-14
-16.24			3.42892e-14
-16.22			7.77331e-15
-16.2			6.82372e-14
-16.18			1.28405e-14
-16.16			9.82367e-15
-16.14			8.75749e-15
-16.12			2.84373e-14
-16.1			1.3183e-14
-16.08			1.95399e-14
-16.06			1.54362e-14
-16.04			1.7624e-14
-16.02			5.50109e-15
-16			7.62151e-15
-15.98			1.08971e-14
-15.96			1.89986e-15
-15.94			1.04759e-14
-15.92			2.85602e-14
-15.9			4.30482e-14
-15.88			7.60193e-15
-15.86			3.85416e-14
-15.84			1.67535e-14
-15.82			1.49016e-14
-15.8			2.46442e-14
-15.78			1.69519e-14
-15.76			2.38595e-14
-15.74			3.4699e-14
-15.72			8.92219e-15
-15.7			2.4816e-14
-15.68			4.22396e-14
-15.66			4.83079e-14
-15.64			2.84626e-14
-15.62			2.31152e-14
-15.6			4.25318e-14
-15.58			2.75444e-14
-15.56			5.04703e-14
-15.54			6.07697e-14
-15.52			3.29897e-14
-15.5			3.26725e-14
-15.48			1.48557e-14
-15.46			7.62857e-14
-15.44			1.39367e-14
-15.42			1.34285e-14
-15.4			3.74778e-14
-15.38			7.95741e-14
-15.36			1.69877e-14
-15.34			8.20049e-14
-15.32			5.18659e-14
-15.3			2.0156e-13
-15.28			5.63733e-14
-15.26			3.35472e-15
-15.24			7.1643e-15
-15.22			1.20866e-14
-15.2			2.74115e-14
-15.18			1.07058e-14
-15.16			5.88394e-15
-15.14			2.14485e-14
-15.12			4.09227e-13
-15.1			7.27175e-14
-15.08			4.03345e-14
-15.06			1.62644e-14
-15.04			1.72083e-14
-15.02			1.96533e-14
-15			3.01795e-14
-14.98			1.10928e-14
-14.96			3.36493e-14
-14.94			5.30124e-15
-14.92			2.79148e-14
-14.9			5.66171e-15
-14.88			1.43035e-14
-14.86			1.43043e-14
-14.84			2.43793e-14
-14.82			2.68906e-14
-14.8			2.60136e-14
-14.78			1.27691e-13
-14.76			9.82359e-15
-14.74			1.88807e-14
-14.72			1.65467e-14
-14.7			5.0518e-15
-14.68			2.38749e-14
-14.66			1.74547e-14
-14.64			1.48986e-14
-14.62			3.50634e-14
-14.6			2.57387e-14
-14.58			1.18682e-14
-14.56			1.33869e-14
-14.54			1.36484e-14
-14.52			1.75933e-14
-14.5			2.27002e-14
-14.48			2.55852e-14
-14.46			1.47426e-14
-14.44			1.25196e-14
-14.42			3.34633e-14
-14.4			3.8639e-15
-14.38			3.11907e-14
-14.36			1.85081e-14
-14.34			3.68276e-14
-14.32			2.7428e-14
-14.3			3.51444e-14
-14.28			4.10902e-14
-14.26			3.36009e-14
-14.24			1.22687e-14
-14.22			4.40201e-14
-14.2			1.57146e-14
-14.18			3.01369e-14
-14.16			3.69533e-14
-14.14			3.58049e-13
-14.12			1.84289e-14
-14.1			3.94119e-14
-14.08			8.07569e-14
-14.06			6.16403e-14
-14.04			1.07072e-13
-14.02			1.8344e-13
-14			5.93464e-14
-13.98			1.31938e-13
-13.96			8.65324e-14
-13.94			3.53697e-14
-13.92			6.53739e-14
-13.9			4.22833e-14
-13.88			1.01393e-13
-13.86			2.86566e-14
-13.84			4.34502e-14
-13.82			3.97409e-14
-13.8			2.77211e-14
-13.78			9.07221e-14
-13.76			2.34415e-14
-13.74			2.29332e-14
-13.72			3.33383e-14
-13.7			3.60955e-14
-13.68			3.6055e-14
-13.66			1.91635e-14
-13.64			1.97452e-14
-13.62			3.60492e-14
-13.6			1.05792e-14
-13.58			1.60099e-14
-13.56			1.3329e-14
-13.54			8.31354e-15
-13.52			9.10261e-15
-13.5			2.86169e-15
-13.48			4.11937e-14
-13.46			4.0927e-15
-13.44			2.963e-14
-13.42			1.77345e-14
-13.4			1.73304e-14
-13.38			2.52596e-14
-13.36			5.24413e-14
-13.34			7.16507e-14
-13.32			1.3294e-14
-13.3			3.74578e-15
-13.28			1.87315e-14
-13.26			9.58731e-15
-13.24			1.51685e-14
-13.22			1.5268e-14
-13.2			9.43133e-15
-13.18			1.13833e-14
-13.16			1.03939e-14
-13.14			7.33102e-15
-13.12			1.86488e-14
-13.1			7.07868e-15
-13.08			3.59832e-13
-13.06			2.25185e-14
-13.04			5.40462e-14
-13.02			2.19512e-14
-13			8.94331e-14
-12.98			1.22248e-14
-12.96			2.99228e-14
-12.94			1.66152e-14
-12.92			1.38733e-14
-12.9			2.10028e-14
-12.88			1.51244e-14
-12.86			4.53515e-14
-12.84			5.3133e-14
-12.82			1.78958e-14
-12.8			5.31314e-14
-12.78			7.02338e-14
-12.76			6.96516e-14
-12.74			5.19466e-14
-12.72			3.85472e-14
-12.7			1.29362e-14
-12.68			6.8635e-14
-12.66			5.97227e-14
-12.64			5.73264e-14
-12.62			1.14155e-13
-12.6			1.01636e-13
-12.58			1.08157e-13
-12.56			4.00737e-13
-12.54			6.15086e-13
-12.52			5.95198e-13
-12.5			3.68486e-13
-12.48			6.80667e-14
-12.46			1.13749e-13
-12.44			1.20431e-13
-12.42			3.40363e-14
-12.4			1.39317e-13
-12.38			3.60171e-14
-12.36			2.13161e-14
-12.34			6.36595e-14
-12.32			5.34251e-14
-12.3			6.50246e-15
-12.28			5.68548e-14
-12.26			5.58849e-14
-12.24			1.25487e-14
-12.22			3.53187e-14
-12.2			1.39763e-14
-12.18			1.57649e-14
-12.16			4.35373e-14
-12.14			2.35385e-14
-12.12			1.71939e-14
-12.1			3.88835e-14
-12.08			3.50649e-14
-12.06			1.02727e-14
-12.04			2.81848e-14
-12.02			5.99249e-15
-12			2.87114e-14
-11.98			1.78495e-13
-11.96			2.05496e-14
-11.94			2.51589e-14
-11.92			2.23961e-14
-11.9			5.9445e-15
-11.88			1.94357e-14
-11.86			2.98489e-14
-11.84			2.39532e-15
-11.82			2.94226e-14
-11.8			2.52432e-13
-11.78			1.78829e-14
-11.76			1.8826e-14
-11.74			1.94022e-14
-11.72			2.54147e-14
-11.7			3.06472e-14
-11.68			1.79772e-14
-11.66			1.99896e-14
-11.64			2.12965e-14
-11.62			1.43479e-14
-11.6			3.40822e-14
-11.58			3.2727e-14
-11.56			6.54233e-15
-11.54			1.27718e-14
-11.52			3.22525e-14
-11.5			7.35281e-15
-11.48			2.2595e-14
-11.46			1.86588e-14
-11.44			7.91964e-15
-11.42			1.73467e-14
-11.4			7.66828e-15
-11.38			3.15178e-14
-11.36			3.03607e-14
-11.34			5.02374e-15
-11.32			1.45144e-14
-11.3			1.42757e-14
-11.28			2.33262e-14
-11.26			3.43015e-14
-11.24			8.71824e-14
-11.22			5.23097e-14
-11.2			4.49859e-14
-11.18			4.06645e-14
-11.16			1.69286e-14
-11.14			6.48823e-15
-11.12			8.36537e-15
-11.1			6.99795e-14
-11.08			6.99625e-15
-11.06			1.77129e-14
-11.04			1.01148e-14
-11.02			2.91668e-14
-11			5.26558e-14
-10.98			1.59091e-14
-10.96			1.82085e-14
-10.94			2.48946e-14
-10.92			1.40969e-14
-10.9			1.2664e-14
-10.88			1.04348e-14
-10.86			1.9519e-14
-10.84			2.30224e-15
-10.82			1.67009e-14
-10.8			4.98759e-14
-10.78			1.72557e-14
-10.76			1.15335e-14
-10.74			1.21467e-14
-10.72			9.67199e-15
-10.7			1.27721e-14
-10.68			4.29282e-14
-10.66			1.64591e-14
-10.64			4.30298e-14
-10.62			2.49959e-14
-10.6			9.43624e-15
-10.58			2.53213e-14
-10.56			1.60513e-14
-10.54			5.41933e-15
-10.52			1.26732e-14
-10.5			5.1527e-14
-10.48			8.72182e-15
-10.46			1.9387e-14
-10.44			2.69726e-14
-10.42			1.81499e-14
-10.4			3.07729e-14
-10.38			1.94647e-14
-10.36			2.97883e-14
-10.34			3.10216e-14
-10.32			2.83725e-14
-10.3			2.49157e-14
-10.28			5.68944e-14
-10.26			2.3088e-14
-10.24			1.45766e-14
-10.22			4.92177e-14
-10.2			4.43429e-14
-10.18			1.62801e-14
-10.16			6.17609e-14
-10.14			4.84551e-14
-10.12			2.21646e-14
-10.1			9.43626e-14
-10.08			6.53791e-14
-10.06			5.05309e-14
-10.04			1.32762e-13
-10.02			2.76871e-13
-10			25
-9.98			2.98573e-13
-9.96			1.85605e-13
-9.94			8.60285e-14
-9.92			6.97644e-14
-9.9			9.82264e-14
-9.88			4.35903e-14
-9.86			3.69748e-14
-9.84			9.70567e-14
-9.82			4.28102e-14
-9.8			4.09468e-14
-9.78			2.75103e-14
-9.76			1.52379e-13
-9.74			1.48126e-13
-9.72			1.59305e-14
-9.7			4.16269e-14
-9.68			4.03476e-14
-9.66			4.10154e-14
-9.64			2.83219e-14
-9.62			3.48471e-14
-9.6			2.51209e-14
-9.58			1.42356e-14
-9.56			1.70274e-14
-9.54			1.40071e-14
-9.52			2.35407e-15
-9.5			2.28824e-14
-9.48			1.75329e-14
-9.46			2.02022e-14
-9.44			2.17778e-14
-9.42			1.6771e-14
-9.4			2.56183e-14
-9.38			3.246e-14
-9.36			2.99971e-14
-9.34			1.23737e-14
-9.32			1.11104e-14
-9.3			5.59355e-15
-9.28			2.17789e-14
-9.26			1.12808e-14
-9.24			5.94988e-15
-9.22			7.67566e-14
-9.2			3.16532e-15
-9.18			5.74803e-15
-9.16			3.00145e-14
-9.14			5.7836e-14
-9.12			5.63369e-15
-9.1			2.31359e-14
-9.08			2.61814e-15
-9.06			5.22315e-15
-9.04			1.65002e-14
-9.02			1.34226e-14
-9			2.26544e-14
-8.98			1.46572e-14
-8.96			1.24755e-14
-8.94			1.09974e-14
-8.92			2.44809e-14
-8.9			4.08003e-14
-8.88			6.21478e-15
-8.86			3.01215e-14
-8.84			1.24519e-14
-8.82			9.74511e-15
-8.8			1.56699e-15
-8.78			9.66254e-14
-8.76			1.08492e-14
-8.74			1.85373e-14
-8.72			1.35324e-14
-8.7			6.13758e-15
-8.68			2.00124e-14
-8.66			1.08831e-14
-8.64			1.22001e-14
-8.62			1.06519e-14
-8.6			9.81102e-15
-8.58			2.09518e-14
-8.56			7.71715e-15
-8.54			2.14081e-14
-8.52			1.15522e-14
-8.5			4.58964e-14
-8.48			2.81269e-14
-8.46			6.41968e-15
-8.44			2.83723e-14
-8.42			1.32735e-14
-8.4			4.53434e-15
-8.38			1.37472e-14
-8.36			9.3094e-15
-8.34			6.84269e-14
-8.32			1.00871e-14
-8.3			1.55639e-14
-8.28			4.99632e-15
-8.26			3.04898e-14
-8.24			3.15018e-14
-8.22			2.40451e-14
-8.2			2.60697e-14
-8.18			1.29662e-14
-8.16			1.18365e-14
-8.14			1.41318e-14
-8.12			6.59734e-15
-8.1			6.33315e-15
-8.08			1.01495e-14
-8.06			6.65214e-15
-8.04			6.92752e-15
-8.02			8.92914e-15
-8			4.93802e-15
-7.98			6.00352e-15
-7.96			8.12096e-15
-7.94			3.97371e-15
-7.92			3.17589e-14
-7.9			2.98429e-14
-7.88			2.90828e-15
-7.86			1.14058e-14
-7.84			2.86372e-15
-7.82			2.16388e-15
-7.8			9.80605e-15
-7.78			1.37022e-14
-7.76			1.09867e-14
-7.74			7.74136e-15
-7.72			7.44135e-15
-7.7			1.87083e-14
-7.68			1.66069e-14
-7.66			7.14947e-15
-7.64			4.35329e-14
-7.62			3.40808e-14
-7.6			2.8398e-14
-7.58			1.37027e-14
-7.56			5.71502e-15
-7.54			7.12455e-15
-7.52			4.57504e-14
-7.5			2.47216e-14
-7.48			4.31812e-14
-7.46			7.00387e-15
-7.44			1.12336e-14
-7.42			1.76319e-14
-7.4			1.81469e-14
-7.38			1.78241e-13
-7.36			2.869e-14
-7.34			7.57381e-15
-7.32			1.33695e-14
-7.3			1.94677e-14
-7.28			1.55611e-14
-7.26			4.56153e-14
-7.24			9.19171e-14
-7.22			7.75645e-14
-7.2			5.81225e-14
-7.18			3.81809e-14
-7.16			2.57933e-15
-7.14			2.33758e-14
-7.12			2.91851e-15
-7.1			9.69146e-15
-7.08			2.64328e-14
-7.06			1.5516e-14
-7.04			1.62526e-14
-7.02			2.45434e-14
-7			8.91846e-14
-6.98			4.16947e-14
-6.96			1.95594e-14
-6.94			2.53274e-14
-6.92			3.5128e-14
-6.9			1.67645e-13
-6.88			1.74513e-14
-6.86			3.31894e-14
-6.84			4.93751e-15
-6.82			3.99066e-15
-6.8			3.40581e-14
-6.78			3.22977e-14
-6.76			9.96899e-15
-6.74			1.62565e-14
-6.72			1.59415e-14
-6.7			1.05539e-14
-6.68			3.54547e-14
-6.66			1.61998e-14
-6.64			3.62706e-15
-6.62			5.042e-15
-6.6			4.86431e-14
-6.58			5.84412e-15
-6.56			2.16e-14
-6.54			9.62464e-15
-6.52			9.40384e-16
-6.5			7.98024e-15
-6.48			1.65626e-14
-6.46			1.86573e-16
-6.44			1.61846e-14
-6.42			3.6393e-15
-6.4			6.43863e-15
-6.38			1.05915e-14
-6.36			8.36577e-15
-6.34			1.12576e-14
-6.32			9.43013e-15
-6.3			1.92863e-14
-6.28			2.08358e-14
-6.26			6.37441e-15
-6.24			1.42461e-14
-6.22			5.20832e-14
-6.2			2.79309e-14
-6.18			2.65171e-14
-6.16			3.86066e-14
-6.14			6.90411e-15
-6.12			2.97229e-14
-6.1			7.82575e-14
-6.08			1.75674e-14
-6.06			4.20497e-14
-6.04			2.09342e-14
-6.02			1.44561e-13
-6			1.79356e-13
-5.98			1.88029e-13
-5.96			8.11169e-14
-5.94			3.93486e-14
-5.92			8.95268e-14
-5.9			7.63422e-14
-5.88			8.5525e-15
-5.86			6.36578e-14
-5.84			5.65682e-14
-5.82			2.60656e-14
-5.8			4.35071e-14
-5.78			5.76783e-14
-5.76			1.10588e-15
-5.74			4.42871e-14
-5.72			7.1195e-14
-5.7			3.16613e-14
-5.68			1.4914e-14
-5.66			1.84315e-14
-5.64			2.61242e-14
-5.62			1.25945e-14
-5.6			1.2473e-14
-5.58			1.27086e-14
-5.56			1.79721e-15
-5.54			6.55729e-15
-5.52			2.8117e-14
-5.5			1.04568e-14
-5.48			2.2021e-14
-5.46			6.62734e-14
-5.44			1.69765e-14
-5.42			6.88124e-14
-5.4			3.63634e-14
-5.38			3.6506e-15
-5.36			1.64784e-14
-5.34			1.43301e-14
-5.32			1.05979e-14
-5.3			1.93496e-14
-5.28			1.9617e-14
-5.26			1.31364e-14
-5.24			1.59224e-14
-5.22			1.69586e-14
-5.2			1.10288e-14
-5.18			1.54027e-14
-5.16			1.7764e-14
-5.14			5.70954e-15
-5.12			9.47797e-15
-5.1			5.76871e-15
-5.08			4.75869e-15
-5.06			1.303e-14
-5.04			9.67712e-15
-5.02			1.0791e-14
-5			2.06447e-14
-4.98			3.76433e-15
-4.96			6.49025e-15
-4.94			9.02281e-15
-4.92			2.05422e-14
-4.9			9.27103e-15
-4.88			1.76627e-14
-4.86			4.32636e-15
-4.84			7.24038e-15
-4.82			1.71809e-14
-4.8			6.32389e-15
-4.78			7.22199e-15
-4.76			1.11584e-14
-4.74			8.87638e-15
-4.72			1.98664e-14
-4.7			2.37164e-15
-4.68			8.9137e-15
-4.66			2.81e-14
-4.64			2.6918e-14
-4.62			1.2296e-14
-4.6			1.19307e-14
-4.58			6.08207e-15
-4.56			6.18192e-15
-4.54			1.20589e-14
-4.52			2.47148e-14
-4.5			1.12789e-14
-4.48			2.11849e-14
-4.46			4.18263e-14
-4.44			2.20412e-14
-4.42			5.06755e-14
-4.4			3.23394e-14
-4.38			9.64414e-15
-4.36			8.87642e-15
-4.34			5.56234e-14
-4.32			3.2356e-15
-4.3			1.62019e-14
-4.28			1.79163e-14
-4.26			8.95795e-15
-4.24			6.93249e-15
-4.22			4.81653e-15
-4.2			2.50322e-14
-4.18			1.45559e-14
-4.16			3.69905e-14
-4.14			1.31615e-14
-4.12			1.32741e-14
-4.1			1.83378e-14
-4.08			1.69027e-14
-4.06			1.08172e-14
-4.04			1.72606e-14
-4.02			6.43677e-15
-4			6.25992e-15
-3.98			1.75311e-15
-3.96			7.19785e-15
-3.94			1.26413e-14
-3.92			1.88109e-14
-3.9			1.84488e-14
-3.88			1.92697e-14
-3.86			1.3891e-14
-3.84			1.84487e-14
-3.82			2.15371e-14
-3.8			1.00399e-14
-3.78			1.6535e-14
-3.76			4.47165e-14
-3.74			5.57881e-15
-3.72			1.04296e-14
-3.7			2.24617e-14
-3.68			5.47779e-15
-3.66			1.36376e-15
-3.64			1.01473e-14
-3.62			1.35312e-14
-3.6			7.95071e-15
-3.58			1.69106e-14
-3.56			1.19911e-14
-3.54			2.34365e-15
-3.52			7.07747e-15
-3.5			1.04579e-14
-3.48			9.75615e-15
-3.46			4.00449e-15
-3.44			4.98116e-15
-3.42			6.70625e-15
-3.4			4.95093e-15
-3.38			9.99797e-15
-3.36			5.81204e-15
-3.34			6.47928e-15
-3.32			4.1617e-15
-3.3			9.72742e-15
-3.28			5.32686e-15
-3.26			1.05814e-14
-3.24			9.36979e-15
-3.22			7.43469e-15
-3.2			1.51385e-14
-3.18			3.02014e-14
-3.16			1.15497e-14
-3.14			5.31824e-15
-3.12			4.25631e-14
-3.1			7.77751e-15
-3.08			1.81484e-15
-3.06			1.8309e-14
-3.04			4.55593e-15
-3.02			2.23006e-15
-3			6.67e-15
-2.98			1.20102e-14
-2.96			1.39756e-14
-2.94			6.33608e-14
-2.92			3.37379e-14
-2.9			5.16258e-14
-2.88			4.24749e-14
-2.86			2.25643e-14
-2.84			2.96817e-15
-2.82			1.13422e-14
-2.8			2.57128e-14
-2.78			8.95767e-15
-2.76			1.86453e-14
-2.74			3.46668e-14
-2.72			1.65122e-14
-2.7			3.13313e-14
-2.68			1.03476e-13
-2.66			1.28633e-13
-2.64			1.14437e-13
-2.62			4.84429e-14
-2.6			1.02169e-14
-2.58			4.34657e-14
-2.56			1.21968e-14
-2.54			1.49841e-14
-2.52			2.27832e-14
-2.5			2.46933e-14
-2.48			8.09344e-15
-2.46			2.63394e-14
-2.44			1.37342e-15
-2.42			5.52303e-15
-2.4			1.84e-14
-2.38			1.35986e-14
-2.36			4.11945e-14
-2.34			2.61628e-14
-2.32			2.06988e-14
-2.3			3.57957e-14
-2.28			5.45594e-15
-2.26			2.08406e-14
-2.24			2.91669e-14
-2.22			1.38569e-14
-2.2			3.33256e-14
-2.18			7.80376e-14
-2.16			1.3449e-14
-2.14			2.16401e-14
-2.12			4.77745e-14
-2.1			1.83897e-15
-2.08			9.51906e-14
-2.06			1.29816e-13
-2.04			8.16013e-14
-2.02			2.44731e-13
-2			2.65983e-13
-1.98			4.42633e-14
-1.96			1.48462e-13
-1.94			8.22339e-14
-1.92			6.61984e-14
-1.9			4.03901e-14
-1.88			2.41014e-14
-1.86			1.85217e-14
-1.84			1.46941e-14
-1.82			4.01949e-14
-1.8			1.50329e-14
-1.78			1.35065e-14
-1.76			1.04451e-14
-1.74			4.0579e-15
-1.72			2.73545e-14
-1.7			2.8661e-14
-1.68			2.74588e-14
-1.66			1.84477e-14
-1.64			3.66553e-14
-1.62			1.94573e-14
-1.6			1.10741e-14
-1.58			2.98403e-14
-1.56			2.49691e-14
-1.54			1.6928e-14
-1.52			1.52105e-14
-1.5			1.59674e-14
-1.48			1.39869e-14
-1.46			1.90774e-14
-1.44			3.64541e-14
-1.42			1.62669e-14
-1.4			1.36764e-14
-1.38			2.32732e-14
-1.36			2.19591e-14
-1.34			3.81299e-15
-1.32			1.01445e-14
-1.3			1.16998e-14
-1.28			2.16897e-15
-1.26			1.13722e-14
-1.24			7.40172e-15
-1.22			1.16023e-14
-1.2			1.95595e-14
-1.18			1.51032e-14
-1.16			9.40557e-15
-1.14			2.58733e-14
-1.12			1.8944e-14
-1.1			1.13949e-14
-1.08			9.45602e-15
-1.06			1.161e-14
-1.04			1.37444e-15
-1.02			1.35856e-14
-1			1.09004e-14
-0.98			8.08742e-15
-0.96			2.36301e-15
-0.94			5.36764e-15
-0.92			2.93959e-15
-0.9			1.1815e-14
-0.88			1.57289e-14
-0.86			5.34752e-15
-0.84			4.34984e-15
-0.82			1.99867e-14
-0.8			9.09879e-15
-0.78			3.16741e-15
-0.76			6.33375e-15
-0.74			8.60437e-15
-0.72			4.37137e-15
-0.7			1.66827e-14
-0.68			1.06561e-14
-0.66			9.67252e-15
-0.64			1.39994e-14
-0.62			1.28354e-14
-0.6			1.17386e-14
-0.58			1.57081e-14
-0.56			1.47749e-14
-0.54			1.43983e-15
-0.52			4.94545e-15
-0.5			1.18779e-14
-0.48			9.72293e-15
-0.46			2.30142e-14
-0.44			2.18397e-14
-0.42			3.87128e-15
-0.4			1.50887e-14
-0.38			1.19513e-14
-0.36			6.06921e-15
-0.34			1.67095e-14
-0.32			2.32951e-14
-0.3			1.96051e-14
-0.28			1.43931e-14
-0.26			2.32547e-14
-0.24			1.80736e-14
-0.22			3.99575e-14
-0.2			6.94815e-14
-0.18			6.47333e-14
-0.16			6.23442e-14
-0.14			2.30343e-13
-0.12			2.35386e-13
-0.1			1.28611e-13
-0.08			1.25127e-13
-0.06			8.06403e-14
-0.04			4.96619e-14
-0.02			3.96446e-14
0			2.51299e-14
0.02			3.96446e-14
0.04			4.96619e-14
0.06			8.06403e-14
0.08			1.25127e-13
0.1			1.28611e-13
0.12			2.35386e-13
0.14			2.30343e-13
0.16			6.23442e-14
0.18			6.47333e-14
0.2			6.94815e-14
0.22			3.99575e-14
0.24			1.80736e-14
0.26			2.32547e-14
0.28			1.43931e-14
0.3			1.96051e-14
0.32			2.32951e-14
0.34			1.67095e-14
0.36			6.06921e-15
0.38			1.19513e-14
0.4			1.50887e-14
0.42			3.87128e-15
0.44			2.18397e-14
0.46			2.30142e-14
0.48			9.72293e-15
0.5			1.18779e-14
0.52			4.94545e-15
0.54			1.43983e-15
0.56			1.47749e-14
0.58			1.57081e-14
0.6			1.17386e-14
0.62			1.28354e-14
0.64			1.39994e-14
0.66			9.67252e-15
0.68			1.06561e-14
0.7			1.66827e-14
0.72			4.37137e-15
0.74			8.60437e-15
0.76			6.33375e-15
0.78			3.16741e-15
0.8			9.09879e-15
0.82			1.99867e-14
0.84			4.34984e-15
0.86			5.34752e-15
0.88			1.57289e-14
0.9			1.1815e-14
0.92			2.93959e-15
0.94			5.36764e-15
0.96			2.36301e-15
0.98			8.08742e-15
1			1.09004e-14
1.02			1.35856e-14
1.04			1.37444e-15
1.06			1.161e-14
1.08			9.45602e-15
1.1			1.13949e-14
1.12			1.8944e-14
1.14			2.58733e-14
1.16			9.40557e-15
1.18			1.51032e-14
1.2			1.95595e-14
1.22			1.16023e-14
1.24			7.40172e-15
1.26			1.13722e-14
1.28			2.16897e-15
1.3			1.16998e-14
1.32			1.01445e-14
1.34			3.81299e-15
1.36			2.19591e-14
1.38			2.32732e-14
1.4			1.36764e-14
1.42			1.62669e-14
1.44			3.64541e-14
1.46			1.90774e-14
1.48			1.39869e-14
1.5			1.59674e-14
1.52			1.52105e-14
1.54			1.6928e-14
1.56			2.49691e-14
1.58			2.98403e-14
1.6			1.10741e-14
1.62			1.94573e-14
1.64			3.66553e-14
1.66			1.84477e-14
1.68			2.74588e-14
1.7			2.8661e-14
1.72			2.73545e-14
1.74			4.0579e-15
1.76			1.04451e-14
1.78			1.35065e-14
1.8			1.50329e-14
1.82			4.01949e-14
1.84			1.46941e-14
1.86			1.85217e-14
1.88			2.41014e-14
1.9			4.03901e-14
1.92			6.61984e-14
1.94			8.22339e-14
1.96			1.48462e-13
1.98			4.42633e-14
2			2.65983e-13
2.02			2.44731e-13
2.04			8.16013e-14
2.06			1.29816e-13
2.08			9.51906e-14
2.1			1.83897e-15
2.12			4.77745e-14
2.14			2.16401e-14
2.16			1.3449e-14
2.18			7.80376e-14
2.2			3.33256e-14
2.22			1.38569e-14
2.24			2.91669e-14
2.26			2.08406e-14
2.28			5.45594e-15
2.3			3.57957e-14
2.32			2.06988e-14
2.34			2.61628e-14
2.36			4.11945e-14
2.38			1.35986e-14
2.4			1.84e-14
2.42			5.52303e-15
2.44			1.37342e-15
2.46			2.63394e-14
2.48			8.09344e-15
2.5			2.46933e-14
2.52			2.27832e-14
2.54			1.49841e-14
2.56			1.21968e-14
2.58			4.34657e-14
2.6			1.02169e-14
2.62			4.84429e-14
2.64			1.14437e-13
2.66			1.28633e-13
2.68			1.03476e-13
2.7			3.13313e-14
2.72			1.65122e-14
2.74			3.46668e-14
2.76			1.86453e-14
2.78			8.95767e-15
2.8			2.57128e-14
2.82			1.13422e-14
2.84			2.96817e-15
2.86			2.25643e-14
2.88			4.24749e-14
2.9			5.16258e-14
2.92			3.37379e-14
2.94			6.33608e-14
2.96			1.39756e-14
2.98			1.20102e-14
3			6.67e-15
3.02			2.23006e-15
3.04			4.55593e-15
3.06			1.8309e-14
3.08			1.81484e-15
3.1			7.77751e-15
3.12			4.25631e-14
3.14			5.31824e-15
3.16			1.15497e-14
3.18			3.02014e-14
3.2			1.51385e-14
3.22			7.43469e-15
3.24			9.36979e-15
3.26			1.05814e-14
3.28			5.32686e-15
3.3			9.72742e-15
3.32			4.1617e-15
3.34			6.47928e-15
3.36			5.81204e-15
3.38			9.99797e-15
3.4			4.95093e-15
3.42			6.70625e-15
3.44			4.98116e-15
3.46			4.00449e-15
3.48			9.75615e-15
3.5			1.04579e-14
3.52			7.07747e-15
3.54			2.34365e-15
3.56			1.19911e-14
3.58			1.69106e-14
3.6			7.95071e-15
3.62			1.35312e-14
3.64			1.01473e-14
3.66			1.36376e-15
3.68			5.47779e-15
3.7			2.24617e-14
3.72			1.04296e-14
3.74			5.57881e-15
3.76			4.47165e-14
3.78			1.6535e-14
3.8			1.00399e-14
3.82			2.15371e-14
3.84			1.84487e-14
3.86			1.3891e-14
3.88			1.92697e-14
3.9			1.84488e-14
3.92			1.88109e-14
3.94			1.26413e-14
3.96			7.19785e-15
3.98			1.75311e-15
4			6.25992e-15
4.02			6.43677e-15
4.04			1.72606e-14
4.06			1.08172e-14
4.08			1.69027e-14
4.1			1.83378e-14
4.12			1.32741e-14
4.14			1.31615e-14
4.16			3.69905e-14
4.18			1.45559e-14
4.2			2.50322e-14
4.22			4.81653e-15
4.24			6.93249e-15
4.26			8.95795e-15
4.28			1.79163e-14
4.3			1.62019e-14
4.32			3.2356e-15
4.34			5.56234e-14
4.36			8.87642e-15
4.38			9.64414e-15
4.4			3.23394e-14
4.42			5.06755e-14
4.44			2.20412e-14
4.46			4.18263e-14
4.48			2.11849e-14
4.5			1.12789e-14
4.52			2.47148e-14
4.54			1.20589e-14
4.56			6.18192e-15
4.58			6.08207e-15
4.6			1.19307e-14
4.62			1.2296e-14
4.64			2.6918e-14
4.66			2.81e-14
4.68			8.9137e-15
4.7			2.37164e-15
4.72			1.98664e-14
4.74			8.87638e-15
4.76			1.11584e-14
4.78			7.22199e-15
4.8			6.32389e-15
4.82			1.71809e-14
4.84			7.24038e-15
4.86			4.32636e-15
4.88			1.76627e-14
4.9			9.27103e-15
4.92			2.05422e-14
4.94			9.02281e-15
4.96			6.49025e-15
4.98			3.76433e-15
5			2.06447e-14
5.02			1.0791e-14
5.04			9.67712e-15
5.06			1.303e-14
5.08			4.75869e-15
5.1			5.76871e-15
5.12			9.47797e-15
5.14			5.70954e-15
5.16			1.7764e-14
5.18			1.54027e-14
5.2			1.10288e-14
5.22			1.69586e-14
5.24			1.59224e-14
5.26			1.31364e-14
5.28			1.9617e-14
5.3			1.93496e-14
5.32			1.05979e-14
5.34			1.43301e-14
5.36			1.64784e-14
5.38			3.6506e-15
5.4			3.63634e-14
5.42			6.88124e-14
5.44			1.69765e-14
5.46			6.62734e-14
5.48			2.2021e-14
5.5			1.04568e-14
5.52			2.8117e-14
5.54			6.55729e-15
5.56			1.79721e-15
5.58			1.27086e-14
5.6			1.2473e-14
5.62			1.25945e-14
5.64			2.61242e-14
5.66			1.84315e-14
5.68			1.4914e-14
5.7			3.16613e-14
5.72			7.1195e-14
5.74			4.42871e-14
5.76			1.10588e-15
5.78			5.76783e-14
5.8			4.35071e-14
5.82			2.60656e-14
5.84			5.65682e-14
5.86			6.36578e-14
5.88			8.5525e-15
5.9			7.63422e-14
5.92			8.95268e-14
5.94			3.93486e-14
5.96			8.11169e-14
5.98			1.88029e-13
6			1.79356e-13
6.02			1.44561e-13
6.04			2.09342e-14
6.06			4.20497e-14
6.08			1.75674e-14
6.1			7.82575e-14
6.12			2.97229e-14
6.14			6.90411e-15
6.16			3.86066e-14
6.18			2.65171e-14
6.2			2.79309e-14
6.22			5.20832e-14
6.24			1.42461e-14
6.26			6.37441e-15
6.28			2.08358e-14
6.3			1.92863e-14
6.32			9.43013e-15
6.34			1.12576e-14
6.36			8.36577e-15
6.38			1.05915e-14
6.4			6.43863e-15
6.42			3.6393e-15
6.44			1.61846e-14
6.46			1.86573e-16
6.48			1.65626e-14
6.5			7.98024e-15
6.52			9.40384e-16
6.54			9.62464e-15
6.56			2.16e-14
6.58			5.84412e-15
6.6			4.86431e-14
6.62			5.042e-15
6.64			3.62706e-15
6.66			1.61998e-14
6.68			3.54547e-14
6.7			1.05539e-14
6.72			1.59415e-14
6.74			1.62565e-14
6.76			9.96899e-15
6.78			3.22977e-14
6.8			3.40581e-14
6.82			3.99066e-15
6.84			4.93751e-15
6.86			3.31894e-14
6.88			1.74513e-14
6.9			1.67645e-13
6.92			3.5128e-14
6.94			2.53274e-14
6.96			1.95594e-14
6.98			4.16947e-14
7			8.91846e-14
7.02			2.45434e-14
7.04			1.62526e-14
7.06			1.5516e-14
7.08			2.64328e-14
7.1			9.69146e-15
7.12			2.91851e-15
7.14			2.33758e-14
7.16			2.57933e-15
7.18			3.81809e-14
7.2			5.81225e-14
7.22			7.75645e-14
7.24			9.19171e-14
7.26			4.56153e-14
7.28			1.55611e-14
7.3			1.94677e-14
7.32			1.33695e-14
7.34			7.57381e-15
7.36			2.869e-14
7.38			1.78241e-13
7.4			1.81469e-14
7.42			1.76319e-14
7.44			1.12336e-14
7.46			7.00387e-15
7.48			4.31812e-14
7.5			2.47216e-14
7.52			4.57504e-14
7.54			7.12455e-15
7.56			5.71502e-15
7.58			1.37027e-14
7.6			2.8398e-14
7.62			3.40808e-14
7.64			4.35329e-14
7.66			7.14947e-15
7.68			1.66069e-14
7.7			1.87083e-14
7.72			7.44135e-15
7.74			7.74136e-15
7.76			1.09867e-14
7.78			1.37022e-14
7.8			9.80605e-15
7.82			2.16388e-15
7.84			2.86372e-15
7.86			1.14058e-14
7.88			2.90828e-15
7.9			2.98429e-14
7.92			3.17589e-14
7.94			3.97371e-15
7.96			8.12096e-15
7.98			6.00352e-15
8			4.93802e-15
8.02			8.92914e-15
8.04			6.92752e-15
8.06			6.65214e-15
8.08			1.01495e-14
8.1			6.33315e-15
8.12			6.59734e-15
8.14			1.41318e-14
8.16			1.18365e-14
8.18			1.29662e-14
8.2			2.60697e-14
8.22			2.40451e-14
8.24			3.15018e-14
8.26			3.04898e-14
8.28			4.99632e-15
8.3			1.55639e-14
8.32			1.00871e-14
8.34			6.84269e-14
8.36			9.3094e-15
8.38			1.37472e-14
8.4			4.53434e-15
8.42			1.32735e-14
8.44			2.83723e-14
8.46			6.41968e-15
8.48			2.81269e-14
8.5			4.58964e-14
8.52			1.15522e-14
8.54			2.14081e-14
8.56			7.71715e-15
8.58			2.09518e-14
8.6			9.81102e-15
8.62			1.06519e-14
8.64			1.22001e-14
8.66			1.08831e-14
8.68			2.00124e-14
8.7			6.13758e-15
8.72			1.35324e-14
8.74			1.85373e-14
8.76			1.08492e-14
8.78			9.66254e-14
8.8			1.56699e-15
8.82			9.74511e-15
8.84			1.24519e-14
8.86			3.01215e-14
8.88			6.21478e-15
8.9			4.08003e-14
8.92			2.44809e-14
8.94			1.09974e-14
8.96			1.24755e-14
8.98			1.46572e-14
9			2.26544e-14
9.02			1.34226e-14
9.04			1.65002e-14
9.06			5.22315e-15
9.08			2.61814e-15
9.1			2.31359e-14
9.12			5.63369e-15
9.14			5.7836e-14
9.16			3.00145e-14
9.18			5.74803e-15
9.2			3.16532e-15
9.22			7.67566e-14
9.24			5.94988e-15
9.26			1.12808e-14
9.28			2.17789e-14
9.3			5.59355e-15
9.32			1.11104e-14
9.34			1.23737e-14
9.36			2.99971e-14
9.38			3.246e-14
9.4			2.56183e-14
9.42			1.6771e-14
9.44			2.17778e-14
9.46			2.02022e-14
9.48			1.75329e-14
9.5			2.28824e-14
9.52			2.35407e-15
9.54			1.40071e-14
9.56			1.70274e-14
9.58			1.42356e-14
9.6			2.51209e-14
9.62			3.48471e-14
9.64			2.83219e-14
9.66			4.10154e-14
9.68			4.03476e-14
9.7			4.16269e-14
9.72			1.59305e-14
9.74			1.48126e-13
9.76			1.52379e-13
9.78			2.75103e-14
9.8			4.09468e-14
9.82			4.28102e-14
9.84			9.70567e-14
9.86			3.69748e-14
9.88			4.35903e-14
9.9			9.82264e-14
9.92			6.97644e-14
9.94			8.60285e-14
9.96			1.85605e-13
9.98			2.98573e-13
10			25
10.02			2.76871e-13
10.04			1.32762e-13
10.06			5.05309e-14
10.08			6.53791e-14
10.1			9.43626e-14
10.12			2.21646e-14
10.14			4.84551e-14
10.16			6.17609e-14
10.18			1.62801e-14
10.2			4.43429e-14
10.22			4.92177e-14
10.24			1.45766e-14
10.26			2.3088e-14
10.28			5.68944e-14
10.3			2.49157e-14
10.32			2.83725e-14
10.34			3.10216e-14
10.36			2.97883e-14
10.38			1.94647e-14
10.4			3.07729e-14
10.42			1.81499e-14
10.44			2.69726e-14
10.46			1.9387e-14
10.48			8.72182e-15
10.5			5.1527e-14
10.52			1.26732e-14
10.54			5.41933e-15
10.56			1.60513e-14
10.58			2.53213e-14
10.6			9.43624e-15
10.62			2.49959e-14
10.64			4.30298e-14
10.66			1.64591e-14
10.68			4.29282e-14
10.7			1.27721e-14
10.72			9.67199e-15
10.74			1.21467e-14
10.76			1.15335e-14
10.78			1.72557e-14
10.8			4.98759e-14
10.82			1.67009e-14
10.84			2.30224e-15
10.86			1.9519e-14
10.88			1.04348e-14
10.9			1.2664e-14
10.92			1.40969e-14
10.94			2.48946e-14
10.96			1.82085e-14
10.98			1.59091e-14
11			5.26558e-14
11.02			2.91668e-14
11.04			1.01148e-14
11.06			1.77129e-14
11.08			6.99625e-15
11.1			6.99795e-14
11.12			8.36537e-15
11.14			6.48823e-15
11.16			1.69286e-14
11.18			4.06645e-14
11.2			4.49859e-14
11.22			5.23097e-14
11.24			8.71824e-14
11.26			3.43015e-14
11.28			2.33262e-14
11.3			1.42757e-14
11.32			1.45144e-14
11.34			5.02374e-15
11.36			3.03607e-14
11.38			3.15178e-14
11.4			7.66828e-15
11.42			1.73467e-14
11.44			7.91964e-15
11.46			1.86588e-14
11.48			2.2595e-14
11.5			7.35281e-15
11.52			3.22525e-14
11.54			1.27718e-14
11.56			6.54233e-15
11.58			3.2727e-14
11.6			3.40822e-14
11.62			1.43479e-14
11.64			2.12965e-14
11.66			1.99896e-14
11.68			1.79772e-14
11.7			3.06472e-14
11.72			2.54147e-14
11.74			1.94022e-14
11.76			1.8826e-14
11.78			1.78829e-14
11.8			2.52432e-13
11.82			2.94226e-14
11.84			2.39532e-15
11.86			2.98489e-14
11.88			1.94357e-14
11.9			5.9445e-15
11.92			2.23961e-14
11.94			2.51589e-14
11.96			2.05496e-14
11.98			1.78495e-13
12			2.87114e-14
12.02			5.99249e-15
12.04			2.81848e-14
12.06			1.02727e-14
12.08			3.50649e-14
12.1			3.88835e-14
12.12			1.71939e-14
12.14			2.35385e-14
12.16			4.35373e-14
12.18			1.57649e-14
12.2			1.39763e-14
12.22			3.53187e-14
12.24			1.25487e-14
12.26			5.58849e-14
12.28			5.68548e-14
12.3			6.50246e-15
12.32			5.34251e-14
12.34			6.36595e-14
12.36			2.13161e-14
12.38			3.60171e-14
12.4			1.39317e-13
12.42			3.40363e-14
12.44			1.20431e-13
12.46			1.13749e-13
12.48			6.80667e-14
12.5			3.68486e-13
12.52			5.95198e-13
12.54			6.15086e-13
12.56			4.00737e-13
12.58			1.08157e-13
12.6			1.01636e-13
12.62			1.14155e-13
12.64			5.73264e-14
12.66			5.97227e-14
12.68			6.8635e-14
12.7			1.29362e-14
12.72			3.85472e-14
12.74			5.19466e-14
12.76			6.96516e-14
12.78			7.02338e-14
12.8			5.31314e-14
12.82			1.78958e-14
12.84			5.3133e-14
12.86			4.53515e-14
12.88			1.51244e-14
12.9			2.10028e-14
12.92			1.38733e-14
12.94			1.66152e-14
12.96			2.99228e-14
12.98			1.22248e-14
13			8.94331e-14
13.02			2.19512e-14
13.04			5.40462e-14
13.06			2.25185e-14
13.08			3.59832e-13
13.1			7.07868e-15
13.12			1.86488e-14
13.14			7.33102e-15
13.16			1.03939e-14
13.18			1.13833e-14
13.2			9.43133e-15
13.22			1.5268e-14
13.24			1.51685e-14
13.26			9.58731e-15
13.28			1.87315e-14
13.3			3.74578e-15
13.32			1.3294e-14
13.34			7.16507e-14
13.36			5.24413e-14
13.38			2.52596e-14
13.4			1.73304e-14
13.42			1.77345e-14
13.44			2.963e-14
13.46			4.0927e-15
13.48			4.11937e-14
13.5			2.86169e-15
13.52			9.10261e-15
13.54			8.31354e-15
13.56			1.3329e-14
13.58			1.60099e-14
13.6			1.05792e-14
13.62			3.60492e-14
13.64			1.97452e-14
13.66			1.91635e-14
13.68			3.6055e-14
13.7			3.60955e-14
13.72			3.33383e-14
13.74			2.29332e-14
13.76			2.34415e-14
13.78			9.07221e-14
13.8			2.77211e-14
13.82			3.97409e-14
13.84			4.34502e-14
13.86			2.86566e-14
13.88			1.01393e-13
13.9			4.22833e-14
13.92			6.53739e-14
13.94			3.53697e-14
13.96			8.65324e-14
13.98			1.31938e-13
14			5.93464e-14
14.02			1.8344e-13
14.04			1.07072e-13
14.06			6.16403e-14
14.08			8.07569e-14
14.1			3.94119e-14
14.12			1.84289e-14
14.14			3.58049e-13
14.16			3.69533e-14
14.18			3.01369e-14
14.2			1.57146e-14
14.22			4.40201e-14
14.24			1.22687e-14
14.26			3.36009e-14
14.28			4.10902e-14
14.3			3.51444e-14
14.32			2.7428e-14
14.34			3.68276e-14
14.36			1.85081e-14
14.38			3.11907e-14
14.4			3.8639e-15
14.42			3.34633e-14
14.44			1.25196e-14
14.46			1.47426e-14
14.48			2.55852e-14
14.5			2.27002e-14
14.52			1.75933e-14
14.54			1.36484e-14
14.56			1.33869e-14
14.58			1.18682e-14
14.6			2.57387e-14
14.62			3.50634e-14
14.64			1.48986e-14
14.66			1.74547e-14
14.68			2.38749e-14
14.7			5.0518e-15
14.72			1.65467e-14
14.74			1.88807e-14
14.76			9.82359e-15
14.78			1.27691e-13
14.8			2.60136e-14
14.82			2.68906e-14
14.84			2.43793e-14
14.86			1.43043e-14
14.88			1.43035e-14
14.9			5.66171e-15
14.92			2.79148e-14
14.94			5.30124e-15
14.96			3.36493e-14
14.98			1.10928e-14
15			3.01795e-14
15.02			1.96533e-14
15.04			1.72083e-14
15.06			1.62644e-14
15.08			4.03345e-14
15.1			7.27175e-14
15.12			4.09227e-13
15.14			2.14485e-14
15.16			5.88394e-15
15.18			1.07058e-14
15.2			2.74115e-14
15.22			1.20866e-14
15.24			7.1643e-15
15.26			3.35472e-15
15.28			5.63733e-14
15.3			2.0156e-13
15.32			5.18659e-14
15.34			8.20049e-14
15.36			1.69877e-14
15.38			7.95741e-14
15.4			3.74778e-14
15.42			1.34285e-14
15.44			1.39367e-14
15.46			7.62857e-14
15.48			1.48557e-14
15.5			3.26725e-14
15.52			3.29897e-14
15.54			6.07697e-14
15.56			5.04703e-14
15.58			2.75444e-14
15.6			4.25318e-14
15.62			2.31152e-14
15.64			2.84626e-14
15.66			4.83079e-14
15.68			4.22396e-14
15.7			2.4816e-14
15.72			8.92219e-15
15.74			3.4699e-14
15.76			2.38595e-14
15.78			1.69519e-14
15.8			2.46442e-14
15.82			1.49016e-14
15.84			1.67535e-14
15.86			3.85416e-14
15.88			7.60193e-15
15.9			4.30482e-14
15.92			2.85602e-14
15.94			1.04759e-14
15.96			1.89986e-15
15.98			1.08971e-14
16			7.62151e-15
16.02			5.50109e-15
16.04			1.7624e-14
16.06			1.54362e-14
16.08			1.95399e-14
16.1			1.3183e-14
16.12			2.84373e-14
16.14			8.75749e-15
16.16			9.82367e-15
16.18			1.28405e-14
16.2			6.82372e-14
16.22			7.77331e-15
16.24			3.42892e-14
16.26			2.1822e-14
16.28			2.70977e-14
16.3			1.5259e-14
16.32			2.01689e-14
16.34			1.46955e-14
16.36			4.33476e-14
16.38			3.50872e-14
16.4			1.25752e-14
16.42			7.96959e-14
16.44			6.01418e-15
16.46			5.16654e-14
16.48			2.52302e-14
16.5			1.69505e-14
16.52			3.41617e-14
16.54			2.26662e-14
16.56			1.47157e-14
16.58			2.56687e-14
16.6			1.73965e-13
16.62			1.1308e-14
16.64			9.97398e-15
16.66			7.62228e-15
16.68			1.27364e-14
16.7			5.50437e-15
16.72			4.89334e-15
16.74			9.78158e-15
16.76			3.08195e-14
16.78			1.15239e-14
16.8			2.45267e-14
16.82			2.63764e-14
16.84			4.11543e-14
16.86			4.35451e-14
16.88			3.94253e-14
16.9			8.94231e-14
16.92			2.13637e-14
16.94			4.55926e-13
16.96			1.51046e-14
16.98			4.87638e-15
17			2.72683e-14
17.02			1.80929e-14
17.04			1.27979e-13
17.06			2.98398e-14
17.08			6.3501e-14
17.1			1.92716e-14
17.12			3.70872e-14
17.14			2.01384e-14
17.16			1.59186e-14
17.18			3.04379e-14
17.2			2.40878e-14
17.22			1.45625e-14
17.24			3.8252e-14
17.26			4.01942e-14
17.28			9.03744e-15
17.3			5.2178e-14
17.32			1.63759e-14
17.34			2.9498e-14
17.36			4.25081e-14
17.38			1.05123e-14
17.4			2.21249e-14
17.42			1.41742e-14
17.44			2.12638e-14
17.46			1.7081e-14
17.48			3.51174e-14
17.5			4.76867e-14
17.52			1.12287e-13
17.54			1.96788e-14
17.56			2.52131e-15
17.58			6.37254e-14
17.6			3.25847e-14
17.62			1.6873e-14
17.64			2.99189e-14
17.66			2.2663e-14
17.68			1.16101e-14
17.7			4.7137e-14
17.72			5.41976e-14
17.74			3.89476e-14
17.76			3.56411e-14
17.78			1.94903e-14
17.8			2.36053e-14
17.82			6.5943e-14
17.84			1.46064e-14
17.86			8.63624e-14
17.88			5.7206e-14
17.9			3.43073e-14
17.92			8.30103e-14
17.94			2.25466e-13
17.96			1.96128e-13
17.98			5.18772e-13
18			6.62262e-13
18.02			5.39388e-13
18.04			2.33199e-13
18.06			3.2544e-14
18.08			1.73699e-13
18.1			1.16603e-13
18.12			3.1839e-14
18.14			9.48951e-14
18.16			6.53723e-14
18.18			3.35737e-14
18.2			4.16657e-15
18.22			5.53433e-14
18.24			3.34802e-14
18.26			5.00651e-14
18.28			1.62624e-14
18.3			3.64086e-14
18.32			2.02944e-14
18.34			2.51804e-14
18.36			1.23778e-14
18.38			1.46713e-14
18.4			1.11829e-14
18.42			3.31355e-14
18.44			9.67959e-15
18.46			3.60541e-14
18.48			4.24799e-14
18.5			1.53524e-14
18.52			6.32804e-14
18.54			6.59155e-15
18.56			6.0549e-14
18.58			5.58118e-14
18.6			1.27654e-13
18.62			2.30231e-14
18.64			2.76785e-14
18.66			2.26157e-14
18.68			2.29425e-14
18.7			1.8481e-14
18.72			1.18568e-14
18.74			4.69601e-14
18.76			1.46913e-14
18.78			1.02115e-14
18.8			1.39016e-14
18.82			1.03187e-14
18.84			3.4592e-14
18.86			2.4539e-14
18.88			4.73921e-15
18.9			4.16686e-15
18.92			8.66126e-15
18.94			6.16003e-14
18.96			1.76744e-14
18.98			9.55793e-15
19			4.7763e-14
19.02			3.90424e-15
19.04			1.09061e-14
19.06			1.28666e-14
19.08			6.00324e-14
19.1			3.37095e-14
19.12			1.60963e-14
19.14			8.8703e-15
19.16			7.59351e-15
19.18			2.70221e-14
19.2			1.11651e-14
19.22			5.02151e-15
19.24			1.07799e-14
19.26			4.88698e-14
19.28			9.36539e-15
19.3			8.27424e-14
19.32			3.79648e-14
19.34			1.61598e-14
19.36			3.0008e-14
19.38			1.97443e-14
19.4			1.32828e-14
19.42			7.79493e-13
19.44			6.26406e-14
19.46			1.49134e-14
19.48			1.11814e-13
19.5			1.19813e-14
19.52			1.1023e-14
19.54			4.7619e-14
19.56			6.89086e-14
19.58			2.86734e-14
19.6			1.18651e-13
19.62			4.79456e-14
19.64			7.46672e-14
19.66			4.32568e-14
19.68			6.44544e-15
19.7			2.79015e-14
19.72			1.1738e-13
19.74			4.24047e-14
19.76			3.04279e-14
19.78			3.59233e-14
19.8			6.40279e-14
19.82			2.97992e-13
19.84			7.02291e-14
19.86			2.47846e-13
19.88			2.39998e-13
19.9			1.59806e-13
19.92			1.29412e-13
19.94			4.45742e-14
19.96			5.09753e-14
19.98			4.45315e-14
20			3.33307e-15
20.02			3.99371e-14
20.04			2.99864e-14
20.06			7.15682e-15
20.08			2.72173e-14
20.1			1.31092e-14
20.12			3.16144e-14
20.14			4.51517e-14
20.16			2.2613e-14
20.18			4.41612e-14
20.2			1.32066e-14
20.22			1.28979e-14
20.24			1.00466e-14
20.26			3.89465e-14
20.28			9.93706e-15
20.3			1.01649e-14
20.32			2.13714e-14
20.34			1.95437e-14
20.36			1.10022e-14
20.38			5.69807e-15
20.4			1.06814e-14
20.42			3.0795e-14
20.44			6.59003e-15
20.46			1.31821e-14
20.48			3.19057e-14
20.5			5.34795e-14
20.52			6.19448e-15
20.54			8.42618e-14
20.56			2.84126e-14
20.58			1.26285e-14
20.6			9.66855e-14
20.62			4.35639e-14
20.64			1.32263e-14
20.66			4.40026e-14
20.68			1.45327e-14
20.7			2.88036e-14
20.72			6.68986e-14
20.74			4.44672e-14
20.76			2.18786e-14
20.78			1.15252e-14
20.8			1.83344e-13
20.82			1.1808e-14
20.84			2.1692e-14
20.86			4.16614e-14
20.88			4.62826e-14
20.9			2.87614e-14
20.92			3.48415e-14
20.94			7.9282e-14
20.96			1.09488e-14
20.98			1.83198e-14
21			3.39397e-14
21.02			1.01265e-13
21.04			2.3711e-14
21.06			8.99203e-14
21.08			3.35896e-14
21.1			2.90499e-14
21.12			3.63645e-14
21.14			2.45308e-14
21.16			3.52588e-14
21.18			2.66774e-14
21.2			1.85715e-14
21.22			4.43957e-14
21.24			1.78678e-14
21.26			2.70652e-14
21.28			1.55396e-14
21.3			1.87724e-14
21.32			1.55643e-14
21.34			1.19561e-14
21.36			2.3572e-14
21.38			1.74447e-14
21.4			6.57227e-14
21.42			4.42115e-14
21.44			4.03073e-14
21.46			5.21838e-15
21.48			2.07646e-13
21.5			2.33949e-14
21.52			2.92772e-14
21.54			1.0129e-14
21.56			2.52885e-14
21.58			5.26202e-14
21.6			5.36639e-15
21.62			2.90805e-13
21.64			1.894e-14
21.66			1.0776e-14
21.68			8.65662e-14
21.7			1.18597e-14
21.72			7.28992e-14
21.74			2.41109e-14
21.76			2.18427e-14
21.78			1.24232e-14
21.8			5.3021e-14
21.82			5.46588e-14
21.84			5.5645e-14
21.86			2.89446e-14
21.88			3.44979e-14
21.9			6.27065e-14
21.92			1.06946e-13
21.94			4.95972e-14
21.96			1.50967e-13
21.98			6.32592e-14
22			2.2296e-13
22.02			2.16524e-13
22.04			7.50779e-14
22.06			9.85016e-14
22.08			7.4703e-14
22.1			1.8475e-13
22.12			1.78269e-14
22.14			4.24802e-14
22.16			3.62721e-14
22.18			7.78487e-14
22.2			3.75834e-14
22.22			2.70995e-14
22.24			2.29626e-13
22.26			4.70966e-14
22.28			1.01905e-13
22.3			6.54937e-14
22.32			5.73202e-14
22.34			4.93259e-14
22.36			1.35752e-13
22.38			1.5513e-13
22.4			2.29933e-13
22.42			2.35741e-13
22.44			1.11925e-13
22.46			2.26379e-14
22.48			4.31284e-14
22.5			4.43138e-14
22.52			4.35674e-14
22.54			5.7223e-14
22.56			2.77264e-13
22.58			1.05718e-13
22.6			2.42213e-14
22.62			6.36604e-14
22.64			1.12257e-13
22.66			1.41005e-13
22.68			7.57328e-14
22.7			1.00003e-13
22.72			5.69431e-15
22.74			3.63749e-14
22.76			2.5295e-14
22.78			7.6184e-14
22.8			3.52973e-14
22.82			5.37129e-14
22.84			2.66623e-14
22.86			2.2252e-14
22.88			2.67471e-14
22.9			9.40285e-15
22.92			1.70787e-14
22.94			8.07259e-15
22.96			1.62486e-14
22.98			1.8028e-14
23			4.89463e-14
23.02			3.20793e-14
23.04			2.29136e-15
23.06			7.49899e-14
23.08			2.81045e-14
23.1			2.15952e-14
23.12			4.703e-14
23.14			4.14446e-15
23.16			6.3952e-15
23.18			2.98641e-14
23.2			3.85024e-14
23.22			1.88106e-14
23.24			2.79279e-15
23.26			7.75615e-15
23.28			1.42773e-14
23.3			3.74993e-14
23.32			2.54548e-14
23.34			2.00549e-14
23.36			3.06544e-14
23.38			3.78915e-14
23.4			1.77146e-14
23.42			7.80962e-15
23.44			1.52599e-14
23.46			1.15603e-14
23.48			2.1516e-14
23.5			2.16668e-14
23.52			2.10816e-14
23.54			2.12729e-14
23.56			1.6898e-14
23.58			2.61769e-14
23.6			3.8976e-14
23.62			4.35724e-15
23.64			1.02197e-14
23.66			8.00658e-14
23.68			2.92864e-14
23.7			3.41789e-15
23.72			5.23537e-14
23.74			1.51437e-14
23.76			3.97149e-14
23.78			7.7468e-15
23.8			2.00479e-15
23.82			4.76236e-14
23.84			1.65603e-14
23.86			2.13772e-14
23.88			6.22228e-14
23.9			3.22962e-14
23.92			2.96645e-14
23.94			3.35967e-14
23.96			5.12498e-14
23.98			1.33475e-14
24			7.3032e-14
24.02			3.82484e-15
24.04			2.33033e-14
24.06			8.68752e-15
24.08			1.85385e-14
24.1			5.84472e-14
24.12			2.45084e-14
24.14			6.84017e-14
24.16			6.07134e-14
24.18			2.42333e-14
24.2			3.35385e-14
24.22			2.56437e-14
24.24			5.72043e-14
24.26			2.67417e-14
24.28			1.81771e-14
24.3			2.57643e-14
24.32			1.67152e-14
24.34			1.10581e-14
24.36			8.59935e-15
24.38			5.80331e-15
24.4			8.63099e-15
24.42			8.85043e-15
24.44			1.33403e-14
24.46			2.18851e-14
24.48			7.99542e-15
24.5			9.49145e-15
24.52			9.27125e-15
24.54			2.27833e-14
24.56			4.45251e-14
24.58			7.03211e-15
24.6			3.86631e-14
24.62			1.46155e-14
24.64			1.81927e-15
24.66			1.03548e-13
24.68			1.65669e-14
24.7			1.04245e-13
24.72			3.15527e-14
24.74			1.17765e-14
24.76			9.6508e-15
24.78			1.26962e-14
24.8			1.51462e-14
24.82			3.35826e-14
24.84			4.64688e-14
24.86			7.55718e-14
24.88			8.7652e-15
24.9			3.16245e-14
24.92			4.57074e-14
24.94			2.07914e-14
24.96			3.72468e-14
24.98			5.39953e-14
25			7.70538e-15
25.02			3.61636e-14
25.04			4.72217e-14
25.06			1.2099e-13
25.08			7.0455e-15
25.1			4.12845e-14
25.12			1.02023e-14
25.14			2.07453e-14
25.16			1.47883e-13
25.18			8.98389e-14
25.2			1.11114e-13
25.22			2.04819e-13
25.24			1.11674e-14
25.26			9.75331e-14
25.28			5.15424e-14
25.3			1.80449e-14
25.32			1.43209e-14
25.34			7.54034e-14
25.36			4.24281e-14
25.38			2.28325e-14
25.4			3.16942e-14
25.42			4.94193e-14
25.44			8.7086e-15
25.46			1.91824e-14
25.48			3.23808e-13
25.5			1.16724e-14
25.52			2.67983e-14
25.54			3.26853e-14
25.56			1.36495e-14
25.58			3.43303e-14
25.6			1.5192e-14
25.62			4.58362e-14
25.64			1.77244e-14
25.66			1.99888e-14
25.68			2.93009e-14
25.7			3.81282e-14
25.72			2.94511e-14
25.74			4.49715e-14
25.76			2.08067e-14
25.78			1.81377e-14
25.8			4.8599e-15
25.82			2.78656e-14
25.84			3.3081e-14
25.86			1.73821e-14
25.88			1.73074e-14
25.9			6.63288e-14
25.92			7.52869e-14
25.94			7.62581e-14
25.96			2.09436e-13
25.98			2.14896e-13
26			2.16561e-13
26.02			1.30494e-13
26.04			1.04637e-13
26.06			2.18301e-14
26.08			3.63906e-14
26.1			3.91478e-14
26.12			3.02442e-14
26.14			2.74877e-14
26.16			3.7677e-14
26.18			2.93691e-14
26.2			5.38578e-14
26.22			9.2554e-14
26.24			4.36701e-14
26.26			3.87871e-14
26.28			9.00272e-14
26.3			1.04157e-13
26.32			2.82324e-14
26.34			6.69581e-14
26.36			3.2446e-14
26.38			4.27016e-14
26.4			1.1128e-13
26.42			1.86064e-14
26.44			9.66135e-14
26.46			9.48652e-14
26.48			3.51413e-13
26.5			2.51759e-14
26.52			1.80961e-14
26.54			4.66401e-15
26.56			1.46168e-14
26.58			9.88365e-15
26.6			2.07446e-14
26.62			7.48559e-15
26.64			1.76192e-14
26.66			4.68069e-14
26.68			7.85179e-15
26.7			2.16148e-14
26.72			6.11861e-14
26.74			4.2181e-14
26.76			1.45141e-14
26.78			1.43927e-14
26.8			2.48578e-14
26.82			5.30773e-14
26.84			8.91275e-14
26.86			2.6458e-14
26.88			1.54601e-14
26.9			7.98082e-15
26.92			2.35964e-14
26.94			1.09441e-13
26.96			1.84761e-14
26.98			4.16067e-14
27			1.17403e-13
27.02			4.24392e-14
27.04			2.91934e-14
27.06			2.49095e-14
27.08			2.30366e-14
27.1			4.1013e-14
27.12			7.81224e-14
27.14			5.54366e-14
27.16			7.74758e-15
27.18			2.58776e-14
27.2			2.00667e-14
27.22			9.59934e-15
27.24			2.09514e-14
27.26			3.69477e-14
27.28			2.9488e-14
27.3			7.52783e-14
27.32			1.82059e-14
27.34			2.22261e-15
27.36			7.51497e-14
27.38			1.61309e-14
27.4			5.78317e-15
27.42			4.79368e-14
27.44			1.34535e-14
27.46			4.12317e-14
27.48			1.26854e-14
27.5			2.11676e-14
27.52			7.19287e-14
27.54			4.24705e-14
27.56			1.15715e-13
27.58			3.52257e-14
27.6			3.02052e-14
27.62			9.28414e-14
27.64			6.01669e-15
27.66			1.5266e-14
27.68			7.15057e-14
27.7			8.01182e-14
27.72			3.09697e-14
27.74			3.12555e-14
27.76			1.35794e-14
27.78			3.13039e-14
27.8			3.55095e-14
27.82			4.46899e-14
27.84			7.74132e-14
27.86			7.01056e-14
27.88			3.39244e-14
27.9			1.37362e-14
27.92			1.44681e-14
27.94			5.214e-14
27.96			5.40942e-14
27.98			3.87763e-14
28			3.89112e-14
28.02			4.60107e-14
28.04			1.29404e-14
28.06			1.44227e-14
28.08			1.38958e-14
28.1			2.61624e-14
28.12			2.85032e-14
28.14			1.74605e-14
28.16			3.8119e-14
28.18			5.19187e-13
28.2			4.98405e-14
28.22			3.52014e-15
28.24			6.80853e-14
28.26			3.12333e-14
28.28			3.17504e-14
28.3			3.66768e-15
28.32			1.57773e-14
28.34			2.80815e-13
28.36			3.21481e-14
28.38			6.7955e-14
28.4			1.16404e-14
28.42			1.87448e-14
28.44			8.59011e-15
28.46			1.25447e-14
28.48			4.6476e-14
28.5			2.77376e-14
28.52			6.11247e-14
28.54			1.48651e-14
28.56			6.00107e-14
28.58			1.98111e-13
28.6			5.341e-14
28.62			2.29485e-14
28.64			5.28001e-14
28.66			2.76727e-14
28.68			3.38657e-14
28.7			2.3991e-14
28.72			6.13098e-14
28.74			1.20308e-13
28.76			1.50942e-14
28.78			6.18141e-14
28.8			4.64002e-15
28.82			1.80263e-14
28.84			2.39754e-14
28.86			3.70398e-14
28.88			2.4846e-15
28.9			6.75852e-15
28.92			2.25895e-14
28.94			3.50013e-14
28.96			1.62275e-14
28.98			2.00638e-14
29			6.82744e-15
29.02			4.05971e-14
29.04			4.51605e-14
29.06			1.96291e-13
29.08			4.30688e-14
29.1			1.05872e-14
29.12			1.37769e-14
29.14			4.06042e-15
29.16			2.53984e-14
29.18			4.71213e-15
29.2			2.01283e-14
29.22			1.42237e-13
29.24			2.95583e-14
29.26			5.94717e-15
29.28			2.94877e-14
29.3			3.12721e-14
29.32			6.41217e-15
29.34			5.52965e-14
29.36			2.64006e-13
29.38			3.62425e-14
29.4			9.83412e-14
29.42			5.72057e-14
29.44			1.65043e-14
29.46			3.31888e-14
29.48			4.48671e-14
29.5			1.12638e-13
29.52			1.42427e-14
29.54			2.31419e-14
29.56			2.13731e-14
29.58			4.48181e-14
29.6			1.61555e-13
29.62			3.84823e-14
29.64			8.81336e-13
29.66			8.63165e-14
29.68			4.71127e-14
29.7			3.16267e-14
29.72			1.99225e-14
29.74			1.39139e-13
29.76			1.59488e-13
29.78			8.22435e-14
29.8			4.68137e-14
29.82			2.78963e-14
29.84			1.77486e-13
29.86			1.26481e-14
29.88			6.41159e-14
29.9			2.37256e-13
29.92			3.57251e-14
29.94			9.00339e-14
29.96			8.23904e-14
29.98			8.48384e-14
30			1.42668e-13
30.02			1.04654e-13
30.04			1.20396e-13
30.06			2.25179e-14
30.08			4.20441e-14
30.1			7.13031e-14
30.12			6.7428e-14
30.14			2.06364e-14
30.16			7.9225e-14
30.18			3.91124e-14
30.2			5.86749e-14
30.22			4.05468e-14
30.24			8.64028e-13
30.26			2.66345e-14
30.28			9.40352e-14
30.3			9.63728e-15
30.32			3.24812e-14
30.34			5.48702e-15
30.36			5.09269e-14
30.38			1.74678e-14
30.4			9.51836e-14
30.42			2.89136e-14
30.44			1.39717e-14
30.46			3.58135e-14
30.48			5.2655e-14
30.5			1.68872e-14
30.52			1.17048e-13
30.54			1.00701e-14
30.56			2.72912e-14
30.58			3.52771e-14
30.6			2.52636e-14
30.62			4.46586e-14
30.64			3.23986e-14
30.66			1.23077e-13
30.68			5.09634e-14
30.7			1.58787e-13
30.72			5.98881e-14
30.74			3.4369e-14
30.76			1.4668e-13
30.78			7.65123e-14
30.8			5.09264e-15
30.82			5.22104e-14
30.84			2.04608e-14
30.86			1.18692e-14
30.88			3.55272e-14
30.9			3.89003e-14
30.92			2.03212e-14
30.94			6.44303e-14
30.96			1.28103e-14
30.98			1.21929e-13
31			5.86614e-14
31.02			5.79137e-14
31.04			2.95761e-14
31.06			1.1359e-13
31.08			2.39529e-14
31.1			2.47301e-14
31.12			4.91893e-14
31.14			7.84275e-15
31.16			2.2893e-14
31.18			2.47444e-14
31.2			5.51455e-14
31.22			6.62148e-14
31.24			6.38943e-14
31.26			2.39811e-14
31.28			3.64325e-14
31.3			1.95101e-14
31.32			1.21103e-13
31.34			8.26234e-15
31.36			3.68706e-14
31.38			2.64541e-14
31.4			1.01093e-13
31.42			2.99083e-14
31.44			3.23305e-14
31.46			2.0404e-14
31.48			8.16749e-14
31.5			3.02746e-14
31.52			6.71245e-15
31.54			1.0686e-13
31.56			3.54183e-14
31.58			1.47485e-13
31.6			2.07887e-14
31.62			2.68624e-14
31.64			2.38466e-14
31.66			7.94997e-14
31.68			4.08256e-14
31.7			1.59255e-13
31.72			5.34324e-14
31.74			6.86238e-14
31.76			9.07773e-14
31.78			2.10887e-14
31.8			3.85854e-14
31.82			5.77899e-14
31.84			1.80946e-14
31.86			1.52558e-14
31.88			1.10732e-13
31.9			1.0852e-14
31.92			2.10925e-14
31.94			7.43496e-15
31.96			2.59309e-14
31.98			1.46563e-14
32			7.20061e-14
32.02			5.85319e-14
32.04			5.0878e-14
32.06			1.87468e-14
32.08			3.0466e-14
32.1			3.49514e-14
32.12			2.87673e-14
32.14			1.02158e-13
32.16			6.33558e-14
32.18			2.42022e-14
32.2			1.67019e-14
32.22			2.66517e-14
32.24			1.91465e-14
32.26			1.15154e-13
32.28			6.30329e-14
32.3			8.71757e-14
32.32			3.48722e-14
32.34			6.27525e-14
32.36			1.66558e-14
32.38			6.44508e-14
32.4			1.11068e-13
32.42			4.52344e-14
32.44			1.0072e-13
32.46			4.77365e-14
32.48			1.19146e-13
32.5			3.89655e-13
32.52			6.09962e-13
32.54			8.24459e-13
32.56			3.9728e-13
32.58			1.81439e-13
32.6			1.05274e-13
32.62			1.64778e-13
32.64			3.12506e-14
32.66			4.69046e-14
32.68			4.23348e-13
32.7			2.85724e-14
32.72			7.13574e-14
32.74			3.17752e-14
32.76			3.22696e-14
32.78			3.42641e-14
32.8			9.53167e-14
32.82			5.30959e-14
32.84			1.59658e-13
32.86			8.97195e-14
32.88			8.09442e-14
32.9			5.01229e-14
32.92			1.81734e-14
32.94			1.67798e-14
32.96			3.02297e-13
32.98			5.56986e-14
33			2.32737e-14
33.02			5.50848e-14
33.04			5.77355e-14
33.06			1.21724e-13
33.08			2.50616e-14
33.1			4.92018e-14
33.12			6.81572e-14
33.14			5.98953e-14
33.16			1.56095e-13
33.18			3.19657e-14
33.2			3.65025e-15
33.22			3.30269e-14
33.24			3.88071e-14
33.26			1.29846e-14
33.28			2.50361e-14
33.3			9.01103e-14
33.32			1.83973e-13
33.34			1.42159e-13
33.36			5.9888e-14
33.38			2.97654e-14
33.4			3.62991e-14
33.42			1.13326e-13
33.44			6.19284e-14
33.46			2.54138e-15
33.48			2.40304e-14
33.5			1.47097e-13
33.52			7.85141e-14
33.54			2.93929e-14
33.56			4.43527e-14
33.58			2.07287e-14
33.6			3.69941e-14
33.62			2.8985e-14
33.64			4.10206e-13
33.66			1.53046e-14
33.68			6.17981e-14
33.7			2.60254e-14
33.72			3.10785e-14
33.74			3.40537e-14
33.76			2.99709e-14
33.78			3.71431e-14
33.8			8.19476e-13
33.82			3.16669e-14
33.84			7.63867e-14
33.86			5.43089e-14
33.88			3.76341e-14
33.9			1.47371e-12
33.92			1.48681e-13
33.94			6.64461e-14
33.96			3.4923e-13
33.98			3.20784e-13
34			1.24017e-13
34.02			3.89493e-13
34.04			1.31724e-13
34.06			4.08928e-14
34.08			1.42738e-13
34.1			7.99064e-15
34.12			4.46887e-14
34.14			6.30205e-14
34.16			1.58596e-14
34.18			5.21196e-14
34.2			6.63439e-14
34.22			5.44242e-14
34.24			4.72655e-14
34.26			1.85473e-13
34.28			2.88776e-14
34.3			4.70695e-14
34.32			2.31665e-14
34.34			4.40471e-14
34.36			5.6681e-14
34.38			2.16807e-13
34.4			4.21728e-14
34.42			7.39039e-14
34.44			5.60554e-14
34.46			1.45238e-13
34.48			1.83604e-14
34.5			1.39534e-14
34.52			4.01749e-14
34.54			1.65092e-13
34.56			5.26418e-14
34.58			7.05687e-14
34.6			1.16977e-13
34.62			4.19727e-14
34.64			4.65962e-14
34.66			2.78696e-14
34.68			5.24197e-14
34.7			2.57279e-14
34.72			1.68425e-14
34.74			3.81456e-14
34.76			2.02875e-14
34.78			1.56266e-14
34.8			3.09649e-14
34.82			1.07254e-14
34.84			6.8935e-14
34.86			4.96123e-14
34.88			3.86052e-14
34.9			2.95769e-14
34.92			1.2976e-13
34.94			1.25984e-13
34.96			5.58551e-14
34.98			1.28543e-13
35			4.31152e-14
35.02			1.85613e-13
35.04			3.21569e-13
35.06			4.94702e-14
35.08			4.28247e-13
35.1			8.69533e-14
35.12			1.39893e-14
35.14			1.25604e-13
35.16			4.59984e-14
35.18			6.30735e-14
35.2			8.5717e-14
35.22			4.03894e-14
35.24			1.67283e-14
35.26			2.21849e-14
35.28			3.16327e-13
35.3			8.55911e-14
35.32			6.00402e-14
35.34			1.30274e-13
35.36			9.34243e-14
35.38			2.7541e-14
35.4			4.21419e-14
35.42			5.57967e-14
35.44			2.00965e-13
35.46			5.45462e-14
35.48			6.25032e-14
35.5			1.04354e-13
35.52			6.65178e-14
35.54			4.7338e-14
35.56			2.98537e-14
35.58			6.21712e-14
35.6			3.92972e-14
35.62			5.5395e-14
35.64			3.9141e-14
35.66			4.1189e-14
35.68			9.81892e-14
35.7			6.40414e-14
35.72			1.78769e-14
35.74			1.73786e-14
35.76			3.80117e-14
35.78			6.82266e-14
35.8			1.50123e-14
35.82			2.36017e-14
35.84			7.23401e-15
35.86			5.1919e-14
35.88			3.83707e-14
35.9			2.57528e-13
35.92			6.07438e-14
35.94			2.30211e-14
35.96			2.24213e-14
35.98			3.17146e-14
36			9.16088e-14
36.02			4.9561e-14
36.04			1.78432e-13
36.06			3.10074e-14
36.08			7.84638e-14
36.1			1.91387e-14
36.12			1.37609e-14
36.14			8.45398e-15
36.16			2.65659e-14
36.18			8.13721e-15
36.2			1.72283e-13
36.22			4.53064e-14
36.24			2.94024e-14
36.26			9.19012e-15
36.28			4.0867e-14
36.3			6.88763e-14
36.32			2.76901e-14
36.34			4.21641e-14
36.36			3.57559e-14
36.38			4.43219e-14
36.4			6.23209e-14
36.42			2.79803e-14
36.44			8.95478e-14
36.46			5.32986e-15
36.48			5.02144e-14
36.5			1.97699e-13
36.52			1.40331e-14
36.54			5.64549e-14
36.56			3.2975e-14
36.58			2.34513e-14
36.6			5.64445e-14
36.62			6.88593e-13
36.64			1.0893e-13
36.66			1.66997e-14
36.68			2.50889e-14
36.7			1.78222e-14
36.72			7.36344e-14
36.74			2.58905e-14
36.76			1.01824e-14
36.78			6.06357e-14
36.8			2.56004e-14
36.82			4.60654e-14
36.84			2.899e-14
36.86			1.64522e-15
36.88			4.83883e-14
36.9			8.67906e-14
36.92			2.53078e-14
36.94			2.74287e-14
36.96			4.48842e-13
36.98			1.38939e-13
37			2.16016e-15
37.02			6.63292e-15
37.04			2.48198e-13
37.06			2.71925e-14
37.08			6.67302e-14
37.1			5.4538e-14
37.12			3.73708e-14
37.14			5.53233e-14
37.16			1.4995e-13
37.18			3.67845e-14
37.2			2.47744e-14
37.22			1.50387e-13
37.24			2.16121e-14
37.26			2.44284e-14
37.28			3.56263e-14
37.3			4.41102e-14
37.32			4.9733e-14
37.34			3.44821e-14
37.36			4.1075e-14
37.38			4.57461e-14
37.4			1.03938e-14
37.42			6.70742e-14
37.44			8.48395e-15
37.46			1.80653e-14
37.48			6.62422e-14
37.5			9.01861e-14
37.52			3.09397e-14
37.54			2.14218e-14
37.56			1.94102e-14
37.58			2.15737e-14
37.6			2.50089e-14
37.62			2.45638e-14
37.64			4.08336e-14
37.66			1.90652e-14
37.68			3.75542e-14
37.7			4.10742e-14
37.72			3.0404e-14
37.74			2.91253e-14
37.76			6.32884e-14
37.78			5.80351e-14
37.8			2.8164e-14
37.82			5.94538e-14
37.84			7.70359e-14
37.86			9.60135e-14
37.88			5.38876e-14
37.9			6.44891e-14
37.92			1.02583e-13
37.94			1.21162e-13
37.96			4.41476e-14
37.98			4.24967e-13
38			6.56464e-13
38.02			5.31664e-13
38.04			3.69322e-13
38.06			1.60304e-13
38.08			1.9856e-13
38.1			1.57727e-12
38.12			5.46851e-14
38.14			8.52294e-14
38.16			1.54377e-14
38.18			5.46031e-14
38.2			1.96296e-14
38.22			6.34725e-14
38.24			4.03388e-13
38.26			1.01419e-13
38.28			8.38114e-14
38.3			1.16611e-14
38.32			1.9327e-14
38.34			1.16155e-13
38.36			1.03438e-13
38.38			5.4772e-14
38.4			1.73955e-14
38.42			4.98227e-14
38.44			1.79092e-13
38.46			1.04984e-13
38.48			2.30174e-14
38.5			1.37233e-14
38.52			6.79545e-13
38.54			2.51035e-14
38.56			4.17302e-14
38.58			2.20775e-14
38.6			5.6417e-14
38.62			3.60214e-14
38.64			1.37233e-13
38.66			1.2978e-14
38.68			2.82289e-14
38.7			3.67672e-14
38.72			2.96811e-14
38.74			1.89933e-14
38.76			1.80774e-14
38.78			9.08802e-14
38.8			3.91305e-14
38.82			4.02638e-14
38.84			1.12856e-14
38.86			1.17407e-13
38.88			4.5027e-14
38.9			1.18053e-14
38.92			2.61198e-14
38.94			8.9971e-14
38.96			1.82132e-14
38.98			2.84339e-14
39			4.94032e-14
39.02			1.10788e-14
39.04			2.83096e-14
39.06			4.22166e-14
39.08			7.79383e-15
39.1			6.61434e-14
39.12			4.55609e-14
39.14			7.26063e-14
39.16			6.89147e-14
39.18			3.45662e-14
39.2			1.75676e-14
39.22			4.02226e-14
39.24			1.48004e-14
39.26			4.39937e-15
39.28			2.48553e-14
39.3			7.24611e-14
39.32			5.63968e-14
39.34			5.10001e-13
39.36			5.03584e-14
39.38			4.47938e-14
39.4			1.64649e-14
39.42			2.02051e-13
39.44			1.16097e-13
39.46			2.08663e-13
39.48			1.67288e-14
39.5			2.78694e-14
39.52			5.79691e-14
39.54			2.04912e-14
39.56			6.83033e-15
39.58			8.71017e-14
39.6			2.00086e-13
39.62			1.56195e-13
39.64			1.30194e-13
39.66			2.67556e-13
39.68			7.91408e-14
39.7			2.47372e-14
39.72			1.90934e-14
39.74			1.00194e-13
39.76			3.09893e-14
39.78			1.01186e-14
39.8			5.34466e-14
39.82			1.91273e-13
39.84			2.61126e-14
39.86			7.4201e-14
39.88			1.54107e-15
39.9			7.29082e-14
39.92			5.45316e-14
39.94			3.07964e-14
39.96			3.11203e-14
39.98			1.29722e-13
40			1.00555e-14
40.02			1.807e-14
40.04			3.62019e-14
40.06			5.08828e-14
40.08			2.84256e-14
40.1			2.18804e-14
40.12			5.50669e-14
40.14			1.93168e-14
40.16			5.83033e-14
40.18			4.16774e-14
40.2			2.61281e-14
40.22			7.43336e-15
40.24			3.72691e-14
40.26			1.90709e-14
40.28			3.16334e-13
40.3			2.73481e-14
40.32			5.93137e-15
40.34			3.61037e-14
40.36			4.13106e-14
40.38			2.90019e-14
40.4			6.70656e-14
40.42			4.81469e-14
40.44			2.12769e-14
40.46			1.61632e-13
40.48			1.11498e-14
40.5			4.2776e-14
40.52			6.70772e-14
40.54			3.25403e-14
40.56			2.22017e-14
40.58			7.58241e-15
40.6			1.50756e-14
40.62			1.88689e-14
40.64			4.30173e-14
40.66			8.5689e-14
40.68			4.733e-14
40.7			1.41177e-14
40.72			3.18075e-14
40.74			1.94001e-14
40.76			4.09274e-14
40.78			1.53769e-14
40.8			4.61606e-14
40.82			6.76109e-14
40.84			7.38759e-14
40.86			5.72275e-14
40.88			2.57457e-14
40.9			4.70024e-14
40.92			4.75264e-13
40.94			3.0575e-14
40.96			1.74404e-13
40.98			1.81063e-13
41			2.39755e-14
41.02			6.20678e-14
41.04			2.80661e-14
41.06			2.21195e-14
41.08			1.23616e-13
41.1			1.71794e-14
41.12			4.2354e-14
41.14			5.80203e-14
41.16			4.80124e-14
41.18			5.95033e-14
41.2			2.39209e-13
41.22			2.23487e-14
41.24			6.12673e-14
41.26			3.73581e-14
41.28			5.14922e-14
41.3			1.62476e-13
41.32			3.57077e-14
41.34			4.59156e-14
41.36			6.40807e-14
41.38			7.20025e-15
41.4			1.10483e-14
41.42			4.08669e-14
41.44			2.91454e-14
41.46			1.11347e-14
41.48			4.26042e-14
41.5			1.79276e-13
41.52			1.60664e-14
41.54			2.13204e-14
41.56			2.43888e-14
41.58			5.22447e-14
41.6			3.23816e-14
41.62			3.68903e-13
41.64			4.96651e-14
41.66			8.29333e-14
41.68			3.96273e-14
41.7			2.3446e-14
41.72			1.03242e-14
41.74			4.55081e-14
41.76			1.81603e-14
41.78			3.33228e-14
41.8			1.0505e-13
41.82			2.3058e-14
41.84			7.44479e-13
41.86			8.23447e-14
41.88			4.15401e-14
41.9			3.56389e-14
41.92			1.06666e-14
41.94			7.88552e-14
41.96			1.9293e-13
41.98			1.05998e-13
42			1.87887e-13
42.02			4.01635e-13
42.04			1.06574e-13
42.06			6.80137e-14
42.08			1.71648e-14
42.1			6.4924e-14
42.12			6.14574e-14
42.14			3.96271e-14
42.16			1.89425e-14
42.18			6.28715e-14
42.2			3.51824e-14
42.22			3.54458e-14
42.24			8.53834e-14
42.26			9.94018e-14
42.28			4.08405e-14
42.3			3.54411e-13
42.32			5.7684e-14
42.34			2.41415e-14
42.36			2.32268e-14
42.38			2.27528e-13
42.4			1.88695e-13
42.42			1.93607e-13
42.44			1.40967e-13
42.46			5.51595e-14
42.48			6.34418e-13
42.5			7.36268e-14
42.52			3.6897e-14
42.54			1.80686e-13
42.56			2.97173e-14
42.58			1.02817e-13
42.6			3.42292e-14
42.62			4.82845e-14
42.64			4.11066e-14
42.66			6.03034e-14
42.68			1.02159e-13
42.7			4.61684e-14
42.72			2.0796e-14
42.74			6.58434e-15
42.76			8.5262e-14
42.78			2.06473e-13
42.8			4.98904e-14
42.82			2.22771e-14
42.84			1.99666e-14
42.86			4.14437e-14
42.88			2.86924e-14
42.9			1.87999e-13
42.92			3.32011e-14
42.94			3.2678e-14
42.96			3.98882e-14
42.98			4.97973e-15
43			1.27996e-14
43.02			1.07305e-13
43.04			1.06509e-14
43.06			9.38606e-15
43.08			6.5311e-13
43.1			8.97472e-15
43.12			1.11764e-14
43.14			2.03034e-15
43.16			3.68096e-13
43.18			1.1629e-13
43.2			3.54259e-14
43.22			2.20257e-14
43.24			2.35241e-14
43.26			4.01502e-14
43.28			3.71475e-14
43.3			3.56033e-15
43.32			6.71812e-14
43.34			1.15799e-14
43.36			1.12862e-14
43.38			2.1959e-14
43.4			2.13758e-14
43.42			8.54538e-14
43.44			3.60664e-14
43.46			6.00471e-14
43.48			2.00638e-14
43.5			7.12135e-15
43.52			3.62282e-15
43.54			4.62027e-14
43.56			1.24592e-14
43.58			2.95039e-14
43.6			2.51168e-14
43.62			6.26623e-14
43.64			6.62077e-14
43.66			7.08986e-14
43.68			3.09267e-14
43.7			3.25051e-14
43.72			2.30197e-14
43.74			3.52928e-14
43.76			5.71993e-14
43.78			1.15766e-14
43.8			3.00383e-14
43.82			6.68794e-14
43.84			5.49917e-14
43.86			1.51549e-14
43.88			6.57667e-14
43.9			4.01505e-14
43.92			2.45321e-14
43.94			2.82028e-14
43.96			3.04976e-14
43.98			2.85133e-14
44			1.68468e-14
44.02			9.04032e-14
44.04			2.81283e-14
44.06			8.98709e-15
44.08			4.26901e-14
44.1			2.358e-14
44.12			1.70786e-14
44.14			1.78765e-13
44.16			2.36319e-14
44.18			1.45493e-14
44.2			1.64559e-15
44.22			8.36549e-14
44.24			2.11726e-14
44.26			1.84532e-14
44.28			2.50037e-14
44.3			6.37905e-14
44.32			4.88022e-15
44.34			1.77188e-14
44.36			4.35501e-13
44.38			6.18259e-15
44.4			2.84614e-14
44.42			2.55771e-14
44.44			7.29378e-14
44.46			5.39227e-14
44.48			1.39077e-14
44.5			3.46535e-14
44.52			1.0335e-14
44.54			6.12075e-14
44.56			3.24235e-14
44.58			4.15792e-14
44.6			1.22338e-14
44.62			4.6138e-14
44.64			1.54645e-13
44.66			3.56703e-14
44.68			1.91396e-13
44.7			2.98648e-14
44.72			5.91279e-14
44.74			7.37028e-14
44.76			3.05034e-14
44.78			5.20683e-14
44.8			1.15336e-13
44.82			1.34479e-13
44.84			7.68777e-14
44.86			1.77185e-13
44.88			9.13833e-14
44.9			2.80021e-13
44.92			4.21321e-13
44.94			1.46081e-13
44.96			4.2672e-13
44.98			2.27079e-13
45			8.73008e-14
45.02			1.00053e-13
45.04			1.03668e-13
45.06			1.46662e-13
45.08			7.90468e-14
45.1			5.63053e-14
45.12			2.61595e-14
45.14			6.07238e-14
45.16			1.17158e-13
45.18			1.58858e-13
45.2			1.09418e-13
45.22			1.26733e-13
45.24			6.63076e-14
45.26			1.05875e-13
45.28			7.95357e-14
45.3			3.21952e-14
45.32			6.94824e-14
45.34			4.04002e-14
45.36			6.06623e-14
45.38			3.60062e-14
45.4			2.05474e-14
45.42			7.21605e-13
45.44			6.86198e-14
45.46			4.2792e-14
45.48			5.41787e-14
45.5			3.8523e-14
45.52			1.70441e-13
45.54			2.17366e-13
45.56			9.91884e-14
45.58			2.24102e-13
45.6			4.96852e-14
45.62			1.55236e-14
45.64			1.01435e-13
45.66			5.95324e-14
45.68			3.94708e-14
45.7			2.23275e-13
45.72			1.52597e-13
45.74			1.64165e-14
45.76			4.00516e-14
45.78			9.15835e-14
45.8			3.29897e-14
45.82			5.07389e-14
45.84			1.24281e-13
45.86			3.75285e-14
45.88			2.8398e-14
45.9			6.9241e-14
45.92			1.36357e-13
45.94			1.97554e-13
45.96			9.29221e-14
45.98			5.06859e-13
46			1.38946e-13
46.02			3.78405e-13
46.04			3.11872e-13
46.06			1.05726e-13
46.08			1.32916e-13
46.1			1.41022e-13
46.12			3.07313e-14
46.14			9.2498e-14
46.16			1.3682e-13
46.18			8.37749e-14
46.2			4.61678e-14
46.22			3.6377e-14
46.24			9.29222e-14
46.26			5.99907e-14
46.28			9.00551e-15
46.3			7.19782e-14
46.32			1.0901e-13
46.34			2.99563e-14
46.36			2.3176e-14
46.38			2.22195e-15
46.4			8.13898e-14
46.42			1.29581e-14
46.44			3.87265e-14
46.46			8.28475e-14
46.48			8.93164e-14
46.5			2.56981e-14
46.52			1.24491e-13
46.54			3.64568e-14
46.56			7.95873e-14
46.58			2.93237e-14
46.6			1.39506e-13
46.62			1.62955e-14
46.64			1.50369e-13
46.66			5.54402e-13
46.68			4.11523e-14
46.7			3.81678e-14
46.72			6.33526e-14
46.74			6.33287e-14
46.76			2.19138e-13
46.78			3.64073e-14
46.8			8.01352e-14
46.82			2.93494e-14
46.84			1.86394e-13
46.86			3.62467e-14
46.88			3.49198e-14
46.9			2.51834e-14
46.92			1.92949e-14
46.94			2.43582e-14
46.96			3.44393e-14
46.98			3.34285e-14
47			3.39254e-14
47.02			3.65894e-14
47.04			2.51136e-14
47.06			2.36397e-14
47.08			1.51413e-14
47.1			7.82371e-14
47.12			3.74343e-13
47.14			1.80884e-15
47.16			3.82636e-14
47.18			1.3315e-14
47.2			9.44233e-14
47.22			1.52306e-14
47.24			3.47018e-14
47.26			2.50349e-14
47.28			2.50858e-14
47.3			1.12297e-14
47.32			5.8169e-14
47.34			6.01134e-14
47.36			4.06382e-14
47.38			1.18189e-14
47.4			8.21995e-14
47.42			2.88465e-14
47.44			2.9265e-14
47.46			1.51284e-13
47.48			5.33119e-14
47.5			5.71741e-14
47.52			2.22636e-13
47.54			3.21504e-14
47.56			1.22651e-13
47.58			2.22515e-14
47.6			3.06977e-14
47.62			7.79803e-14
47.64			7.01901e-14
47.66			1.80777e-14
47.68			5.79844e-14
47.7			1.39578e-13
47.72			1.1466e-13
47.74			6.89694e-14
47.76			2.69667e-14
47.78			4.41941e-14
47.8			1.75352e-14
47.82			3.07031e-12
47.84			6.81642e-14
47.86			6.11305e-14
47.88			3.45132e-14
47.9			9.97023e-14
47.92			7.59528e-15
47.94			2.98028e-14
47.96			6.5256e-14
47.98			1.16005e-13
48			2.52817e-14
48.02			1.76039e-14
48.04			4.66287e-14
48.06			1.31756e-15
48.08			5.81646e-14
48.1			1.06729e-13
48.12			1.487e-14
48.14			3.98935e-14
48.16			2.47686e-14
48.18			1.63913e-14
48.2			3.15804e-13
48.22			4.97546e-14
48.24			3.33006e-14
48.26			6.61616e-14
48.28			4.95374e-14
48.3			1.12638e-14
48.32			1.45761e-13
48.34			5.766e-14
48.36			5.51814e-14
48.38			1.34324e-13
48.4			3.46443e-13
48.42			3.12551e-14
48.44			2.56903e-14
48.46			3.03755e-14
48.48			1.1077e-13
48.5			1.09199e-14
48.52			1.11906e-14
48.54			1.38085e-13
48.56			7.70278e-15
48.58			2.09631e-14
48.6			9.58902e-15
48.62			9.88171e-14
48.64			3.28533e-14
48.66			4.04389e-14
48.68			1.31727e-14
48.7			2.67138e-14
48.72			3.10563e-14
48.74			5.35562e-15
48.76			2.56281e-13
48.78			5.77337e-14
48.8			1.9574e-13
48.82			6.06642e-15
48.84			5.78772e-14
48.86			1.02646e-13
48.88			1.72745e-13
48.9			6.01916e-14
48.92			1.68894e-14
48.94			2.47165e-14
48.96			1.86563e-14
48.98			2.54442e-14
49			2.27225e-14
49.02			2.97884e-14
49.04			2.30459e-13
49.06			2.06756e-15
49.08			2.82935e-13
49.1			1.66504e-13
49.12			9.52916e-15
49.14			7.08592e-14
49.16			5.62498e-14
49.18			2.93096e-14
49.2			1.24097e-14
49.22			1.25739e-15
49.24			1.64814e-13
49.26			1.93497e-14
49.28			2.75647e-14
49.3			1.96825e-14
49.32			7.86578e-14
49.34			5.85471e-14
49.36			3.06725e-14
49.38			6.24748e-14
49.4			4.21852e-14
49.42			4.49071e-14
49.44			5.1955e-14
49.46			4.84293e-14
49.48			2.80043e-14
49.5			6.85765e-14
49.52			1.27682e-14
49.54			3.50045e-14
49.56			3.28526e-14
49.58			3.23819e-14
49.6			4.63423e-14
49.62			4.30543e-14
49.64			4.53818e-14
49.66			1.71887e-13
49.68			4.44388e-14
49.7			9.12476e-15
49.72			4.79216e-14
49.74			4.05786e-14
49.76			4.98281e-14
49.78			6.07104e-14
49.8			9.23152e-14
49.82			9.90649e-14
49.84			3.4853e-14
49.86			5.78464e-14
49.88			1.22989e-14
49.9			7.3708e-14
49.92			5.32829e-14
49.94			2.16785e-13
49.96			1.05796e-13
49.98			3.82154e-14
