0			0
1			6.92805e-17
2			1.10372e-16
3			9.58435e-17
4			5.20417e-18
5			0
6			1.00614e-16
7			1.38778e-17
8			4.16334e-17
9			1.11022e-16
10			2.22045e-16
11			1.11022e-16
12			8.32667e-17
13			1.11022e-16
14			1.11022e-16
15			2.22045e-16
16			1.11022e-16
17			1.11022e-16
18			2.22045e-16
19			2.22045e-16
20			4.44089e-16
21			2.22045e-16
22			0
23			2.22045e-16
24			2.22045e-16
25			8.88178e-16
26			8.88178e-16
27			8.88178e-16
28			8.88178e-16
29			8.88178e-16
30			2.66454e-15
31			2.66454e-15
32			2.66454e-15
33			2.66454e-15
34			3.55271e-15
35			5.32907e-15
36			5.32907e-15
37			6.21725e-15
38			5.32907e-15
39			5.32907e-15
40			8.88178e-15
41			7.10543e-15
42			8.88178e-15
43			1.06581e-14
44			7.10543e-15
45			1.06581e-14
46			7.10543e-15
47			8.88178e-15
48			1.77636e-15
49			5.32907e-15
50			7.10543e-15
51			0
52			3.55271e-15
53			3.55271e-15
54			0
55			3.55271e-15
56			3.55271e-15
57			0
58			1.06581e-14
59			7.10543e-15
60			3.55271e-15
61			1.06581e-14
62			1.06581e-14
63			2.13163e-14
64			2.13163e-14
65			1.42109e-14
66			2.84217e-14
67			2.13163e-14
68			2.84217e-14
69			3.55271e-14
70			2.84217e-14
71			4.26326e-14
72			4.26326e-14
73			5.68434e-14
74			5.68434e-14
75			5.68434e-14
76			7.81597e-14
77			7.10543e-14
78			9.23706e-14
79			8.52651e-14
80			8.52651e-14
81			8.52651e-14
82			1.27898e-13
83			1.27898e-13
84			1.27898e-13
85			1.27898e-13
86			1.27898e-13
87			1.84741e-13
88			1.84741e-13
89			1.7053e-13
90			1.7053e-13
91			1.7053e-13
92			2.13163e-13
93			2.27374e-13
94			2.27374e-13
95			2.27374e-13
96			2.98428e-13
97			2.98428e-13
98			2.98428e-13
99			2.98428e-13
100			2.98428e-13
101			3.69482e-13
102			3.69482e-13
103			3.97904e-13
104			3.69482e-13
105			3.69482e-13
106			4.54747e-13
107			4.54747e-13
108			4.54747e-13
109			4.83169e-13
110			4.83169e-13
111			5.68434e-13
112			5.68434e-13
113			5.68434e-13
114			5.68434e-13
115			5.68434e-13
116			6.82121e-13
117			6.82121e-13
118			6.82121e-13
119			6.82121e-13
120			6.82121e-13
121			7.67386e-13
122			7.67386e-13
123			7.95808e-13
124			7.95808e-13
125			7.95808e-13
126			9.09495e-13
127			9.66338e-13
128			9.66338e-13
129			9.66338e-13
130			9.66338e-13
131			1.08002e-12
132			1.08002e-12
133			1.02318e-12
134			1.08002e-12
135			1.08002e-12
136			1.19371e-12
137			1.19371e-12
138			1.25056e-12
139			1.25056e-12
140			1.25056e-12
141			1.42109e-12
142			1.42109e-12
143			1.42109e-12
144			1.47793e-12
145			1.47793e-12
146			1.64846e-12
147			1.64846e-12
148			1.64846e-12
149			1.64846e-12
150			1.7053e-12
151			1.87583e-12
152			1.93268e-12
153			1.93268e-12
154			1.93268e-12
155			1.98952e-12
156			2.16005e-12
157			2.16005e-12
158			2.16005e-12
159			2.16005e-12
160			2.16005e-12
161			2.27374e-12
162			2.16005e-12
163			2.27374e-12
164			2.50111e-12
165			2.38742e-12
166			2.6148e-12
167			2.50111e-12
168			2.6148e-12
169			2.84217e-12
170			2.6148e-12
171			2.84217e-12
172			2.6148e-12
173			2.84217e-12
174			3.06954e-12
175			2.84217e-12
176			3.06954e-12
177			2.84217e-12
178			2.95586e-12
179			3.18323e-12
180			2.95586e-12
181			3.18323e-12
182			2.84217e-12
183			3.06954e-12
184			3.18323e-12
185			2.95586e-12
186			3.18323e-12
187			2.95586e-12
188			3.06954e-12
189			3.29692e-12
190			3.06954e-12
191			3.29692e-12
192			3.52429e-12
193			3.18323e-12
194			3.41061e-12
195			3.06954e-12
196			3.29692e-12
197			3.41061e-12
198			3.06954e-12
199			3.29692e-12
200			2.95586e-12
201			3.06954e-12
202			3.18323e-12
203			2.95586e-12
204			2.95586e-12
205			2.50111e-12
206			2.72848e-12
207			2.95586e-12
208			2.50111e-12
209			2.95586e-12
210			2.50111e-12
211			2.72848e-12
212			2.95586e-12
213			2.50111e-12
214			2.50111e-12
215			2.04636e-12
216			2.27374e-12
217			2.50111e-12
218			2.27374e-12
219			2.27374e-12
220			1.81899e-12
221			2.04636e-12
222			2.27374e-12
223			1.81899e-12
224			2.04636e-12
225			1.59162e-12
226			1.59162e-12
227			1.81899e-12
228			1.36424e-12
229			1.59162e-12
230			1.13687e-12
231			1.13687e-12
232			1.59162e-12
233			9.09495e-13
234			1.13687e-12
235			4.54747e-13
236			6.82121e-13
237			9.09495e-13
238			2.27374e-13
239			4.54747e-13
240			0
241			2.27374e-13
242			4.54747e-13
243			2.27374e-13
244			0
245			4.54747e-13
246			2.27374e-13
247			2.27374e-13
248			9.09495e-13
249			9.09495e-13
250			1.59162e-12
251			1.59162e-12
252			1.36424e-12
253			2.04636e-12
254			1.81899e-12
255			2.72848e-12
256			2.27374e-12
257			2.27374e-12
258			2.72848e-12
259			2.72848e-12
260			3.18323e-12
261			3.18323e-12
262			2.72848e-12
263			3.63798e-12
264			3.18323e-12
265			4.09273e-12
266			4.09273e-12
267			3.63798e-12
268			4.54747e-12
269			4.54747e-12
270			5.45697e-12
271			5.45697e-12
272			5.45697e-12
273			5.91172e-12
274			5.91172e-12
275			6.82121e-12
276			6.36646e-12
277			6.36646e-12
278			7.7307e-12
279			7.27596e-12
280			8.18545e-12
281			7.7307e-12
282			7.7307e-12
283			8.6402e-12
284			8.6402e-12
285			9.54969e-12
286			9.54969e-12
287			9.54969e-12
288			1.00044e-11
289			1.00044e-11
290			1.13687e-11
291			1.13687e-11
292			1.09139e-11
293			1.18234e-11
294			1.18234e-11
295			1.27329e-11
296			1.27329e-11
297			1.22782e-11
298			1.36424e-11
299			1.36424e-11
300			1.45519e-11
301			1.40972e-11
302			1.40972e-11
303			1.54614e-11
304			1.50067e-11
305			1.63709e-11
306			1.59162e-11
307			1.63709e-11
308			1.72804e-11
309			1.72804e-11
310			1.81899e-11
311			1.81899e-11
312			1.77351e-11
313			1.90994e-11
314			1.86446e-11
315			2.00089e-11
316			2.00089e-11
317			1.95541e-11
318			2.09184e-11
319			2.09184e-11
320			2.18279e-11
321			2.09184e-11
322			2.18279e-11
323			2.09184e-11
324			2.36469e-11
325			2.36469e-11
326			2.36469e-11
327			2.27374e-11
328			2.27374e-11
329			2.45564e-11
330			2.45564e-11
331			2.45564e-11
332			2.45564e-11
333			2.45564e-11
334			2.63753e-11
335			2.63753e-11
336			2.63753e-11
337			2.63753e-11
338			2.63753e-11
339			2.91038e-11
340			2.91038e-11
341			2.91038e-11
342			2.91038e-11
343			2.81943e-11
344			3.18323e-11
345			3.18323e-11
346			3.18323e-11
347			3.18323e-11
348			3.18323e-11
349			3.54703e-11
350			3.54703e-11
351			3.54703e-11
352			3.54703e-11
353			3.63798e-11
354			3.91083e-11
355			3.91083e-11
356			3.91083e-11
357			3.81988e-11
358			3.81988e-11
359			4.09273e-11
360			4.09273e-11
361			4.09273e-11
362			4.09273e-11
363			4.09273e-11
364			4.45652e-11
365			4.45652e-11
366			4.45652e-11
367			4.45652e-11
368			4.54747e-11
369			4.91127e-11
370			4.91127e-11
371			4.91127e-11
372			4.91127e-11
373			4.91127e-11
374			5.27507e-11
375			5.27507e-11
376			5.27507e-11
377			5.27507e-11
378			5.27507e-11
379			5.63887e-11
380			5.63887e-11
381			5.63887e-11
382			5.63887e-11
383			5.72982e-11
384			5.63887e-11
385			6.09361e-11
386			6.09361e-11
387			6.09361e-11
388			6.00267e-11
389			6.00267e-11
390			6.45741e-11
391			6.45741e-11
392			6.45741e-11
393			6.54836e-11
394			6.54836e-11
395			6.91216e-11
396			6.91216e-11
397			6.91216e-11
398			6.91216e-11
399			6.91216e-11
400			7.36691e-11
401			7.36691e-11
402			7.36691e-11
403			7.36691e-11
404			7.45786e-11
405			7.82165e-11
406			7.82165e-11
407			8.00355e-11
408			8.00355e-11
409			8.00355e-11
410			8.54925e-11
411			8.54925e-11
412			8.36735e-11
413			8.54925e-11
414			8.54925e-11
415			9.09495e-11
416			9.09495e-11
417			8.91305e-11
418			8.91305e-11
419			9.09495e-11
420			9.45874e-11
421			9.45874e-11
422			9.45874e-11
423			9.64064e-11
424			9.64064e-11
425			1.01863e-10
426			1.01863e-10
427			1.01863e-10
428			1.03682e-10
429			1.03682e-10
430			1.09139e-10
431			1.09139e-10
432			1.09139e-10
433			1.09139e-10
434			1.09139e-10
435			1.14596e-10
436			1.14596e-10
437			1.14596e-10
438			1.16415e-10
439			1.16415e-10
440			1.21872e-10
441			1.21872e-10
442			1.21872e-10
443			1.21872e-10
444			1.21872e-10
445			1.27329e-10
446			1.27329e-10
447			1.27329e-10
448			1.29148e-10
449			1.29148e-10
450			1.34605e-10
451			1.34605e-10
452			1.36424e-10
453			1.36424e-10
454			1.36424e-10
455			1.41881e-10
456			1.41881e-10
457			1.41881e-10
458			1.41881e-10
459			1.41881e-10
460			1.49157e-10
461			1.49157e-10
462			1.50976e-10
463			1.50976e-10
464			1.50976e-10
465			1.58252e-10
466			1.58252e-10
467			1.58252e-10
468			1.58252e-10
469			1.60071e-10
470			1.65528e-10
471			1.65528e-10
472			1.63709e-10
473			1.65528e-10
474			1.65528e-10
475			1.72804e-10
476			1.72804e-10
477			1.72804e-10
478			1.72804e-10
479			1.72804e-10
480			1.8008e-10
481			1.81899e-10
482			1.81899e-10
483			1.81899e-10
484			1.81899e-10
485			1.87356e-10
486			1.87356e-10
487			1.87356e-10
488			1.87356e-10
489			1.87356e-10
490			1.92813e-10
491			1.92813e-10
492			1.92813e-10
493			1.92813e-10
494			1.92813e-10
495			2.00089e-10
496			2.00089e-10
497			2.00089e-10
498			2.01908e-10
499			2.01908e-10
500			2.09184e-10
501			2.11003e-10
502			2.11003e-10
503			2.11003e-10
504			2.11003e-10
505			2.18279e-10
506			2.18279e-10
507			2.18279e-10
508			2.18279e-10
509			2.18279e-10
510			2.25555e-10
511			2.25555e-10
512			2.25555e-10
513			2.25555e-10
514			2.29193e-10
515			2.36469e-10
516			2.36469e-10
517			2.36469e-10
518			2.40107e-10
519			2.36469e-10
520			2.43745e-10
521			2.47383e-10
522			2.47383e-10
523			2.43745e-10
524			2.43745e-10
525			2.51021e-10
526			2.51021e-10
527			2.51021e-10
528			2.51021e-10
529			2.51021e-10
530			2.58296e-10
531			2.58296e-10
532			2.61934e-10
533			2.61934e-10
534			2.61934e-10
535			2.72848e-10
536			2.72848e-10
537			2.72848e-10
538			2.72848e-10
539			2.72848e-10
540			2.80124e-10
541			2.80124e-10
542			2.80124e-10
543			2.80124e-10
544			2.83762e-10
545			2.91038e-10
546			2.91038e-10
547			2.91038e-10
548			2.94676e-10
549			2.94676e-10
550			3.0559e-10
551			3.0559e-10
552			3.0559e-10
553			3.09228e-10
554			3.09228e-10
555			3.20142e-10
556			3.20142e-10
557			3.20142e-10
558			3.20142e-10
559			3.2378e-10
560			3.31056e-10
561			3.34694e-10
562			3.31056e-10
563			3.31056e-10
564			3.31056e-10
565			3.4197e-10
566			3.4197e-10
567			3.4197e-10
568			3.45608e-10
569			3.45608e-10
570			3.52884e-10
571			3.52884e-10
572			3.56522e-10
573			3.56522e-10
574			3.6016e-10
575			3.67436e-10
576			3.67436e-10
577			3.71074e-10
578			3.71074e-10
579			3.74712e-10
580			3.81988e-10
581			3.81988e-10
582			3.85626e-10
583			3.85626e-10
584			3.85626e-10
585			3.9654e-10
586			3.9654e-10
587			3.9654e-10
588			3.9654e-10
589			3.9654e-10
590			4.07454e-10
591			4.07454e-10
592			4.11092e-10
593			4.11092e-10
594			4.11092e-10
595			4.22006e-10
596			4.25644e-10
597			4.25644e-10
598			4.29281e-10
599			4.29281e-10
600			4.40195e-10
601			4.40195e-10
602			4.36557e-10
603			4.40195e-10
604			4.40195e-10
605			4.51109e-10
606			4.54747e-10
607			4.54747e-10
608			4.54747e-10
609			4.54747e-10
610			4.65661e-10
611			4.65661e-10
612			4.65661e-10
613			4.65661e-10
614			4.69299e-10
615			4.80213e-10
616			4.80213e-10
617			4.80213e-10
618			4.83851e-10
619			4.83851e-10
620			4.94765e-10
621			4.94765e-10
622			4.94765e-10
623			4.94765e-10
624			4.94765e-10
625			5.05679e-10
626			5.05679e-10
627			5.05679e-10
628			5.05679e-10
629			5.05679e-10
630			5.16593e-10
631			5.16593e-10
632			5.20231e-10
633			5.20231e-10
634			5.20231e-10
635			5.34783e-10
636			5.38421e-10
637			5.38421e-10
638			5.38421e-10
639			5.38421e-10
640			5.52973e-10
641			5.45697e-10
642			5.52973e-10
643			5.74801e-10
644			5.60249e-10
645			5.67525e-10
646			5.52973e-10
647			5.67525e-10
648			5.82077e-10
649			5.67525e-10
650			5.82077e-10
651			5.67525e-10
652			5.82077e-10
653			5.89353e-10
654			5.82077e-10
655			5.96629e-10
656			5.89353e-10
657			5.96629e-10
658			6.03904e-10
659			5.96629e-10
660			6.03904e-10
661			5.89353e-10
662			6.03904e-10
663			6.18456e-10
664			6.1118e-10
665			6.25732e-10
666			6.18456e-10
667			6.25732e-10
668			6.33008e-10
669			6.25732e-10
670			6.33008e-10
671			6.18456e-10
672			6.33008e-10
673			6.4756e-10
674			6.33008e-10
675			6.4756e-10
676			6.33008e-10
677			6.40284e-10
678			6.54836e-10
679			6.40284e-10
680			6.54836e-10
681			6.4756e-10
682			6.54836e-10
683			6.62112e-10
684			6.4756e-10
685			6.62112e-10
686			6.4756e-10
687			6.62112e-10
688			6.76664e-10
689			6.62112e-10
690			6.76664e-10
691			6.69388e-10
692			6.76664e-10
693			6.8394e-10
694			6.69388e-10
695			6.8394e-10
696			6.69388e-10
697			6.8394e-10
698			6.98492e-10
699			6.76664e-10
700			6.91216e-10
701			6.76664e-10
702			6.91216e-10
703			7.05768e-10
704			6.91216e-10
705			7.05768e-10
706			6.91216e-10
707			7.05768e-10
708			7.13044e-10
709			6.98492e-10
710			7.13044e-10
711			6.91216e-10
712			7.05768e-10
713			7.13044e-10
714			6.98492e-10
715			7.13044e-10
716			6.98492e-10
717			7.13044e-10
718			7.2032e-10
719			7.05768e-10
720			7.2032e-10
721			7.05768e-10
722			7.2032e-10
723			7.34872e-10
724			7.2032e-10
725			7.34872e-10
726			7.2032e-10
727			7.34872e-10
728			7.49424e-10
729			7.27596e-10
730			7.42148e-10
731			7.27596e-10
732			7.34872e-10
733			7.49424e-10
734			7.27596e-10
735			7.42148e-10
736			7.27596e-10
737			7.34872e-10
738			7.49424e-10
739			7.27596e-10
740			7.42148e-10
741			7.27596e-10
742			7.34872e-10
743			7.49424e-10
744			7.27596e-10
745			7.42148e-10
746			7.2032e-10
747			7.34872e-10
748			7.49424e-10
749			7.34872e-10
750			7.42148e-10
751			7.2032e-10
752			7.34872e-10
753			7.42148e-10
754			7.27596e-10
755			7.34872e-10
756			7.2032e-10
757			7.27596e-10
758			7.42148e-10
759			7.2032e-10
760			7.34872e-10
761			7.2032e-10
762			7.27596e-10
763			7.42148e-10
764			7.2032e-10
765			7.34872e-10
766			7.2032e-10
767			7.27596e-10
768			7.05768e-10
769			7.2032e-10
770			7.34872e-10
771			7.13044e-10
772			7.27596e-10
773			7.05768e-10
774			7.2032e-10
775			7.27596e-10
776			7.05768e-10
777			7.2032e-10
778			6.98492e-10
779			7.13044e-10
780			7.2032e-10
781			6.98492e-10
782			7.13044e-10
783			6.91216e-10
784			6.98492e-10
785			7.13044e-10
786			6.98492e-10
787			7.05768e-10
788			6.8394e-10
789			6.91216e-10
790			7.05768e-10
791			6.8394e-10
792			6.98492e-10
793			6.76664e-10
794			6.8394e-10
795			6.98492e-10
796			6.76664e-10
797			6.91216e-10
798			6.62112e-10
799			6.76664e-10
800			6.8394e-10
801			6.62112e-10
802			6.76664e-10
803			6.54836e-10
804			6.69388e-10
805			6.76664e-10
806			6.54836e-10
807			6.54836e-10
808			6.40284e-10
809			6.54836e-10
810			6.54836e-10
811			6.40284e-10
812			6.40284e-10
813			6.25732e-10
814			6.40284e-10
815			6.54836e-10
816			6.25732e-10
817			6.40284e-10
818			6.1118e-10
819			6.25732e-10
820			6.40284e-10
821			6.1118e-10
822			6.25732e-10
823			5.96629e-10
824			5.96629e-10
825			6.1118e-10
826			5.96629e-10
827			6.1118e-10
828			5.82077e-10
829			5.96629e-10
830			6.1118e-10
831			5.82077e-10
832			6.1118e-10
833			5.82077e-10
834			5.96629e-10
835			6.1118e-10
836			5.82077e-10
837			5.96629e-10
838			5.67525e-10
839			5.67525e-10
840			5.82077e-10
841			5.52973e-10
842			5.67525e-10
843			5.52973e-10
844			5.52973e-10
845			5.67525e-10
846			5.38421e-10
847			5.38421e-10
848			5.09317e-10
849			5.23869e-10
850			5.38421e-10
851			5.09317e-10
852			5.23869e-10
853			4.94765e-10
854			5.09317e-10
855			5.23869e-10
856			4.94765e-10
857			5.09317e-10
858			4.80213e-10
859			4.94765e-10
860			5.09317e-10
861			4.80213e-10
862			4.94765e-10
863			4.65661e-10
864			4.80213e-10
865			4.94765e-10
866			4.65661e-10
867			4.80213e-10
868			4.51109e-10
869			4.65661e-10
870			4.80213e-10
871			4.51109e-10
872			4.65661e-10
873			4.51109e-10
874			4.51109e-10
875			4.65661e-10
876			4.36557e-10
877			4.51109e-10
878			4.22006e-10
879			4.36557e-10
880			4.51109e-10
881			4.22006e-10
882			4.36557e-10
883			4.22006e-10
884			4.22006e-10
885			4.36557e-10
886			4.07454e-10
887			4.22006e-10
888			3.92902e-10
889			3.92902e-10
890			4.07454e-10
891			3.63798e-10
892			3.7835e-10
893			3.49246e-10
894			3.63798e-10
895			3.7835e-10
896			3.49246e-10
897			3.63798e-10
898			3.34694e-10
899			3.49246e-10
900			3.63798e-10
901			3.34694e-10
902			3.49246e-10
903			3.20142e-10
904			3.34694e-10
905			3.34694e-10
906			3.0559e-10
907			3.20142e-10
908			2.91038e-10
909			3.0559e-10
910			3.20142e-10
911			2.91038e-10
912			3.0559e-10
913			2.61934e-10
914			2.76486e-10
915			2.91038e-10
916			2.61934e-10
917			2.61934e-10
918			2.32831e-10
919			2.47383e-10
920			2.61934e-10
921			2.18279e-10
922			2.32831e-10
923			2.03727e-10
924			2.18279e-10
925			2.18279e-10
926			1.89175e-10
927			1.89175e-10
928			1.60071e-10
929			1.74623e-10
930			1.89175e-10
931			1.45519e-10
932			1.60071e-10
933			1.30967e-10
934			1.45519e-10
935			1.60071e-10
936			1.16415e-10
937			1.30967e-10
938			1.01863e-10
939			1.01863e-10
940			1.16415e-10
941			7.27596e-11
942			1.01863e-10
943			7.27596e-11
944			7.27596e-11
945			8.73115e-11
946			5.82077e-11
947			7.27596e-11
948			2.91038e-11
949			4.36557e-11
950			5.82077e-11
951			1.45519e-11
952			2.91038e-11
953			0
954			1.45519e-11
955			1.45519e-11
956			1.45519e-11
957			1.45519e-11
958			5.82077e-11
959			4.36557e-11
960			2.91038e-11
961			5.82077e-11
962			4.36557e-11
963			8.73115e-11
964			7.27596e-11
965			5.82077e-11
966			1.01863e-10
967			8.73115e-11
968			1.30967e-10
969			1.16415e-10
970			1.01863e-10
971			1.45519e-10
972			1.30967e-10
973			1.60071e-10
974			1.45519e-10
975			1.45519e-10
976			1.74623e-10
977			1.74623e-10
978			2.03727e-10
979			2.03727e-10
980			1.89175e-10
981			2.32831e-10
982			2.18279e-10
983			2.61934e-10
984			2.61934e-10
985			2.47383e-10
986			2.91038e-10
987			2.76486e-10
988			3.20142e-10
989			3.0559e-10
990			3.0559e-10
991			3.49246e-10
992			3.34694e-10
993			3.7835e-10
994			3.7835e-10
995			3.63798e-10
996			4.07454e-10
997			4.07454e-10
998			4.36557e-10
999			4.36557e-10
1000			4.22006e-10
1001			4.65661e-10
1002			4.51109e-10
1003			4.94765e-10
1004			4.80213e-10
1005			4.80213e-10
1006			5.23869e-10
1007			5.23869e-10
1008			5.67525e-10
1009			5.52973e-10
1010			5.38421e-10
1011			5.82077e-10
1012			5.82077e-10
1013			6.25732e-10
1014			6.1118e-10
1015			5.96629e-10
1016			6.40284e-10
1017			6.40284e-10
1018			6.69388e-10
1019			6.40284e-10
1020			6.40284e-10
1021			6.69388e-10
1022			6.69388e-10
1023			7.27596e-10
1024			7.27596e-10
1025			6.98492e-10
1026			7.567e-10
1027			7.567e-10
1028			7.85803e-10
1029			7.85803e-10
1030			7.85803e-10
1031			8.14907e-10
1032			8.14907e-10
1033			8.44011e-10
1034			8.44011e-10
1035			8.14907e-10
1036			8.44011e-10
1037			8.44011e-10
1038			9.02219e-10
1039			8.73115e-10
1040			8.73115e-10
1041			9.31323e-10
1042			9.02219e-10
1043			9.60426e-10
1044			9.31323e-10
1045			9.31323e-10
1046			9.8953e-10
1047			9.60426e-10
1048			1.01863e-09
1049			1.01863e-09
1050			1.01863e-09
1051			1.07684e-09
1052			1.04774e-09
1053			1.10595e-09
1054			1.10595e-09
1055			1.10595e-09
1056			1.16415e-09
1057			1.16415e-09
1058			1.19326e-09
1059			1.16415e-09
1060			1.16415e-09
1061			1.22236e-09
1062			1.22236e-09
1063			1.28057e-09
1064			1.25146e-09
1065			1.25146e-09
1066			1.30967e-09
1067			1.28057e-09
1068			1.33878e-09
1069			1.33878e-09
1070			1.30967e-09
1071			1.36788e-09
1072			1.36788e-09
1073			1.42609e-09
1074			1.39698e-09
1075			1.39698e-09
1076			1.45519e-09
1077			1.45519e-09
1078			1.5134e-09
1079			1.4843e-09
1080			1.4843e-09
1081			1.5425e-09
1082			1.5134e-09
1083			1.57161e-09
1084			1.5425e-09
1085			1.5425e-09
1086			1.60071e-09
1087			1.57161e-09
1088			1.62981e-09
1089			1.62981e-09
1090			1.60071e-09
1091			1.65892e-09
1092			1.65892e-09
1093			1.71713e-09
1094			1.71713e-09
1095			1.68802e-09
1096			1.74623e-09
1097			1.74623e-09
1098			1.80444e-09
1099			1.77533e-09
1100			1.77533e-09
1101			1.80444e-09
1102			1.80444e-09
1103			1.86265e-09
1104			1.86265e-09
1105			1.83354e-09
1106			1.89175e-09
1107			1.89175e-09
1108			1.97906e-09
1109			1.94996e-09
1110			1.94996e-09
1111			2.00816e-09
1112			2.00816e-09
1113			2.06637e-09
1114			2.06637e-09
1115			2.06637e-09
1116			2.12458e-09
1117			2.09548e-09
1118			2.15368e-09
1119			2.15368e-09
1120			2.15368e-09
1121			2.21189e-09
1122			2.21189e-09
1123			2.2701e-09
1124			2.2992e-09
1125			2.2701e-09
1126			2.32831e-09
1127			2.32831e-09
1128			2.38651e-09
1129			2.38651e-09
1130			2.38651e-09
1131			2.44472e-09
1132			2.44472e-09
1133			2.50293e-09
1134			2.50293e-09
1135			2.47383e-09
1136			2.53203e-09
1137			2.53203e-09
1138			2.59024e-09
1139			2.59024e-09
1140			2.59024e-09
1141			2.64845e-09
1142			2.64845e-09
1143			2.70666e-09
1144			2.70666e-09
1145			2.70666e-09
1146			2.76486e-09
1147			2.73576e-09
1148			2.79397e-09
1149			2.79397e-09
1150			2.79397e-09
1151			2.85218e-09
1152			2.85218e-09
1153			2.91038e-09
1154			2.88128e-09
1155			2.88128e-09
1156			2.96859e-09
1157			2.93949e-09
1158			2.99769e-09
1159			2.99769e-09
1160			2.99769e-09
1161			3.08501e-09
1162			3.08501e-09
1163			3.14321e-09
1164			3.11411e-09
1165			3.11411e-09
1166			3.17232e-09
1167			3.17232e-09
1168			3.23053e-09
1169			3.20142e-09
1170			3.20142e-09
1171			3.25963e-09
1172			3.25963e-09
1173			3.31784e-09
1174			3.31784e-09
1175			3.31784e-09
1176			3.37604e-09
1177			3.34694e-09
1178			3.43425e-09
1179			3.40515e-09
1180			3.40515e-09
1181			3.46336e-09
1182			3.46336e-09
1183			3.52156e-09
1184			3.52156e-09
1185			3.52156e-09
1186			3.57977e-09
1187			3.57977e-09
1188			3.63798e-09
1189			3.63798e-09
1190			3.60887e-09
1191			3.66708e-09
1192			3.66708e-09
1193			3.75439e-09
1194			3.75439e-09
1195			3.72529e-09
1196			3.7835e-09
1197			3.7835e-09
1198			3.84171e-09
1199			3.84171e-09
1200			3.84171e-09
1201			3.89991e-09
1202			3.89991e-09
1203			3.98722e-09
1204			3.98722e-09
1205			3.95812e-09
1206			4.01633e-09
1207			3.98722e-09
1208			4.07454e-09
1209			4.04543e-09
1210			4.04543e-09
1211			4.10364e-09
1212			4.10364e-09
1213			4.19095e-09
1214			4.19095e-09
1215			4.19095e-09
1216			4.27826e-09
1217			4.24916e-09
1218			4.33647e-09
1219			4.33647e-09
1220			4.33647e-09
1221			4.39468e-09
1222			4.39468e-09
1223			4.45289e-09
1224			4.45289e-09
1225			4.42378e-09
1226			4.51109e-09
1227			4.48199e-09
1228			4.5402e-09
1229			4.5402e-09
1230			4.5402e-09
1231			4.59841e-09
1232			4.59841e-09
1233			4.68572e-09
1234			4.68572e-09
1235			4.65661e-09
1236			4.71482e-09
1237			4.71482e-09
1238			4.80213e-09
1239			4.77303e-09
1240			4.77303e-09
1241			4.86034e-09
1242			4.86034e-09
1243			4.94765e-09
1244			4.91855e-09
1245			4.91855e-09
1246			5.00586e-09
1247			5.00586e-09
1248			5.06407e-09
1249			5.06407e-09
1250			5.06407e-09
1251			5.15138e-09
1252			5.15138e-09
1253			5.20959e-09
1254			5.20959e-09
1255			5.20959e-09
1256			5.2969e-09
1257			5.26779e-09
1258			5.3551e-09
1259			5.3551e-09
1260			5.3551e-09
1261			5.44242e-09
1262			5.41331e-09
1263			5.50062e-09
1264			5.47152e-09
1265			5.47152e-09
1266			5.55883e-09
1267			5.55883e-09
1268			5.64614e-09
1269			5.61704e-09
1270			5.61704e-09
1271			5.70435e-09
1272			5.67525e-09
1273			5.76256e-09
1274			5.73345e-09
1275			5.73345e-09
1276			5.79166e-09
1277			5.79166e-09
1278			5.84987e-09
1279			5.84987e-09
1280			5.87897e-09
1281			5.87897e-09
1282			5.99539e-09
1283			5.99539e-09
1284			6.0536e-09
1285			5.99539e-09
1286			5.93718e-09
1287			6.1118e-09
1288			6.1118e-09
1289			6.1118e-09
1290			6.1118e-09
1291			6.1118e-09
1292			6.28643e-09
1293			6.28643e-09
1294			6.28643e-09
1295			6.28643e-09
1296			6.28643e-09
1297			6.46105e-09
1298			6.46105e-09
1299			6.46105e-09
1300			6.46105e-09
1301			6.46105e-09
1302			6.63567e-09
1303			6.63567e-09
1304			6.57747e-09
1305			6.57747e-09
1306			6.57747e-09
1307			6.75209e-09
1308			6.75209e-09
1309			6.75209e-09
1310			6.75209e-09
1311			6.75209e-09
1312			6.92671e-09
1313			6.98492e-09
1314			6.98492e-09
1315			6.98492e-09
1316			6.98492e-09
1317			7.15954e-09
1318			7.15954e-09
1319			7.15954e-09
1320			7.15954e-09
1321			7.15954e-09
1322			7.33417e-09
1323			7.27596e-09
1324			7.27596e-09
1325			7.27596e-09
1326			7.27596e-09
1327			7.45058e-09
1328			7.45058e-09
1329			7.45058e-09
1330			7.45058e-09
1331			7.45058e-09
1332			7.6252e-09
1333			7.6252e-09
1334			7.6252e-09
1335			7.6252e-09
1336			7.6252e-09
1337			7.79983e-09
1338			7.79983e-09
1339			7.85803e-09
1340			7.79983e-09
1341			7.79983e-09
1342			8.03266e-09
1343			8.03266e-09
1344			7.97445e-09
1345			7.97445e-09
1346			7.97445e-09
1347			8.14907e-09
1348			8.14907e-09
1349			8.09086e-09
1350			8.09086e-09
1351			8.09086e-09
1352			8.3237e-09
1353			8.26549e-09
1354			8.3237e-09
1355			8.26549e-09
1356			8.26549e-09
1357			8.44011e-09
1358			8.44011e-09
1359			8.3819e-09
1360			8.3819e-09
1361			8.3819e-09
1362			8.55653e-09
1363			8.61473e-09
1364			8.55653e-09
1365			8.55653e-09
1366			8.55653e-09
1367			8.73115e-09
1368			8.73115e-09
1369			8.73115e-09
1370			8.73115e-09
1371			8.73115e-09
1372			8.96398e-09
1373			8.90577e-09
1374			8.90577e-09
1375			8.90577e-09
1376			8.90577e-09
1377			9.0804e-09
1378			9.0804e-09
1379			9.0804e-09
1380			9.0804e-09
1381			9.0804e-09
1382			9.25502e-09
1383			9.25502e-09
1384			9.25502e-09
1385			9.25502e-09
1386			9.25502e-09
1387			9.42964e-09
1388			9.42964e-09
1389			9.42964e-09
1390			9.42964e-09
1391			9.37143e-09
1392			9.60426e-09
1393			9.60426e-09
1394			9.54606e-09
1395			9.54606e-09
1396			9.54606e-09
1397			9.77889e-09
1398			9.77889e-09
1399			9.77889e-09
1400			9.77889e-09
1401			9.77889e-09
1402			9.95351e-09
1403			9.8953e-09
1404			9.8953e-09
1405			9.8953e-09
1406			9.8953e-09
1407			1.01281e-08
1408			1.01281e-08
1409			1.01281e-08
1410			1.01281e-08
1411			1.01281e-08
1412			1.0361e-08
1413			1.04192e-08
1414			1.0361e-08
1415			1.0361e-08
1416			1.0361e-08
1417			1.05356e-08
1418			1.05356e-08
1419			1.05356e-08
1420			1.05356e-08
1421			1.05356e-08
1422			1.07684e-08
1423			1.07102e-08
1424			1.07102e-08
1425			1.07102e-08
1426			1.07102e-08
1427			1.0943e-08
1428			1.0943e-08
1429			1.08848e-08
1430			1.08848e-08
1431			1.08848e-08
1432			1.11177e-08
1433			1.11177e-08
1434			1.11177e-08
1435			1.11177e-08
1436			1.11177e-08
1437			1.13505e-08
1438			1.13505e-08
1439			1.13505e-08
1440			1.13505e-08
1441			1.13505e-08
1442			1.15833e-08
1443			1.15251e-08
1444			1.15833e-08
1445			1.15833e-08
1446			1.15833e-08
1447			1.17579e-08
1448			1.17579e-08
1449			1.17579e-08
1450			1.17579e-08
1451			1.17579e-08
1452			1.19908e-08
1453			1.19326e-08
1454			1.19326e-08
1455			1.19326e-08
1456			1.19326e-08
1457			1.21654e-08
1458			1.21654e-08
1459			1.21654e-08
1460			1.21654e-08
1461			1.21654e-08
1462			1.234e-08
1463			1.234e-08
1464			1.23982e-08
1465			1.23982e-08
1466			1.23982e-08
1467			1.26311e-08
1468			1.26311e-08
1469			1.26311e-08
1470			1.26311e-08
1471			1.26311e-08
1472			1.28639e-08
1473			1.28639e-08
1474			1.28639e-08
1475			1.28639e-08
1476			1.28639e-08
1477			1.30967e-08
1478			1.30967e-08
1479			1.30967e-08
1480			1.30967e-08
1481			1.30967e-08
1482			1.32713e-08
1483			1.32713e-08
1484			1.32713e-08
1485			1.32713e-08
1486			1.32713e-08
1487			1.35042e-08
1488			1.35042e-08
1489			1.35042e-08
1490			1.35042e-08
1491			1.35042e-08
1492			1.3737e-08
1493			1.36788e-08
1494			1.3737e-08
1495			1.3737e-08
1496			1.3737e-08
1497			1.39698e-08
1498			1.39698e-08
1499			1.39698e-08
1500			1.39698e-08
1501			1.39698e-08
1502			1.42027e-08
1503			1.42027e-08
1504			1.42027e-08
1505			1.42027e-08
1506			1.42027e-08
1507			1.44937e-08
1508			1.44355e-08
1509			1.44355e-08
1510			1.44355e-08
1511			1.44355e-08
1512			1.46683e-08
1513			1.46683e-08
1514			1.46683e-08
1515			1.46683e-08
1516			1.46683e-08
1517			1.49012e-08
1518			1.49012e-08
1519			1.4843e-08
1520			1.4843e-08
1521			1.4843e-08
1522			1.50758e-08
1523			1.5134e-08
1524			1.5134e-08
1525			1.5134e-08
1526			1.5134e-08
1527			1.5425e-08
1528			1.54832e-08
1529			1.54832e-08
1530			1.54832e-08
1531			1.54832e-08
1532			1.57161e-08
1533			1.57161e-08
1534			1.57161e-08
1535			1.57161e-08
1536			1.60071e-08
1537			1.60071e-08
1538			1.60071e-08
1539			1.60071e-08
1540			1.60071e-08
1541			1.62399e-08
1542			1.62981e-08
1543			1.62399e-08
1544			1.62399e-08
1545			1.62399e-08
1546			1.64728e-08
1547			1.64728e-08
1548			1.64728e-08
1549			1.64728e-08
1550			1.64728e-08
1551			1.67056e-08
1552			1.67638e-08
1553			1.67638e-08
1554			1.6822e-08
1555			1.6822e-08
1556			1.71131e-08
1557			1.71131e-08
1558			1.70548e-08
1559			1.70548e-08
1560			1.71131e-08
1561			1.73459e-08
1562			1.73459e-08
1563			1.73459e-08
1564			1.73459e-08
1565			1.73459e-08
1566			1.76369e-08
1567			1.76369e-08
1568			1.76369e-08
1569			1.76369e-08
1570			1.76369e-08
1571			1.7928e-08
1572			1.7928e-08
1573			1.79862e-08
1574			1.79862e-08
1575			1.79862e-08
1576			1.8219e-08
1577			1.8219e-08
1578			1.82772e-08
1579			1.8219e-08
1580			1.8219e-08
1581			1.84518e-08
1582			1.84518e-08
1583			1.84518e-08
1584			1.84518e-08
1585			1.84518e-08
1586			1.87429e-08
1587			1.87429e-08
1588			1.87429e-08
1589			1.87429e-08
1590			1.87429e-08
1591			1.90339e-08
1592			1.90339e-08
1593			1.89757e-08
1594			1.89757e-08
1595			1.89757e-08
1596			1.92667e-08
1597			1.92667e-08
1598			1.92667e-08
1599			1.93249e-08
1600			1.93249e-08
1601			1.9616e-08
1602			1.9616e-08
1603			1.9616e-08
1604			1.9616e-08
1605			1.9616e-08
1606			1.9907e-08
1607			1.99652e-08
1608			1.9907e-08
1609			1.99652e-08
1610			1.99652e-08
1611			2.02563e-08
1612			2.02563e-08
1613			2.02563e-08
1614			2.02563e-08
1615			2.02563e-08
1616			2.04891e-08
1617			2.06055e-08
1618			2.04891e-08
1619			2.04891e-08
1620			2.06055e-08
1621			2.08383e-08
1622			2.08383e-08
1623			2.08383e-08
1624			2.09548e-08
1625			2.09548e-08
1626			2.1304e-08
1627			2.1304e-08
1628			2.1304e-08
1629			2.1304e-08
1630			2.1304e-08
1631			2.16532e-08
1632			2.16532e-08
1633			2.16532e-08
1634			2.16532e-08
1635			2.16532e-08
1636			2.20025e-08
1637			2.18861e-08
1638			2.18861e-08
1639			2.20025e-08
1640			2.20025e-08
1641			2.22353e-08
1642			2.22353e-08
1643			2.22353e-08
1644			2.21189e-08
1645			2.21189e-08
1646			2.23517e-08
1647			2.23517e-08
1648			2.24682e-08
1649			2.23517e-08
1650			2.24682e-08
1651			2.28174e-08
1652			2.2701e-08
1653			2.2701e-08
1654			2.2701e-08
1655			2.2701e-08
1656			2.30502e-08
1657			2.29338e-08
1658			2.29338e-08
1659			2.29338e-08
1660			2.29338e-08
1661			2.32831e-08
1662			2.32831e-08
1663			2.32831e-08
1664			2.31666e-08
1665			2.31666e-08
1666			2.35159e-08
1667			2.35159e-08
1668			2.35159e-08
1669			2.35159e-08
1670			2.35159e-08
1671			2.38651e-08
1672			2.38651e-08
1673			2.38651e-08
1674			2.38651e-08
1675			2.38651e-08
1676			2.4098e-08
1677			2.42144e-08
1678			2.42144e-08
1679			2.42144e-08
1680			2.42144e-08
1681			2.45636e-08
1682			2.45636e-08
1683			2.44472e-08
1684			2.45636e-08
1685			2.45636e-08
1686			2.47965e-08
1687			2.49129e-08
1688			2.49129e-08
1689			2.49129e-08
1690			2.49129e-08
1691			2.52621e-08
1692			2.52621e-08
1693			2.52621e-08
1694			2.52621e-08
1695			2.52621e-08
1696			2.56114e-08
1697			2.56114e-08
1698			2.56114e-08
1699			2.56114e-08
1700			2.56114e-08
1701			2.58442e-08
1702			2.59606e-08
1703			2.59606e-08
1704			2.59606e-08
1705			2.59606e-08
1706			2.63099e-08
1707			2.63099e-08
1708			2.63099e-08
1709			2.63099e-08
1710			2.63099e-08
1711			2.65427e-08
1712			2.65427e-08
1713			2.65427e-08
1714			2.65427e-08
1715			2.65427e-08
1716			2.68919e-08
1717			2.68919e-08
1718			2.67755e-08
1719			2.68919e-08
1720			2.68919e-08
1721			2.72412e-08
1722			2.72412e-08
1723			2.72412e-08
1724			2.72412e-08
1725			2.72412e-08
1726			2.75904e-08
1727			2.75904e-08
1728			2.75904e-08
1729			2.75904e-08
1730			2.77068e-08
1731			2.79397e-08
1732			2.79397e-08
1733			2.79397e-08
1734			2.78233e-08
1735			2.79397e-08
1736			2.82889e-08
1737			2.82889e-08
1738			2.82889e-08
1739			2.82889e-08
1740			2.82889e-08
1741			2.86382e-08
1742			2.86382e-08
1743			2.85218e-08
1744			2.86382e-08
1745			2.86382e-08
1746			2.8871e-08
1747			2.8871e-08
1748			2.89874e-08
1749			2.89874e-08
1750			2.89874e-08
1751			2.93367e-08
1752			2.93367e-08
1753			2.93367e-08
1754			2.93367e-08
1755			2.93367e-08
1756			2.96859e-08
1757			2.96859e-08
1758			2.96859e-08
1759			2.96859e-08
1760			2.96859e-08
1761			3.00352e-08
1762			3.01516e-08
1763			3.00352e-08
1764			3.01516e-08
1765			3.01516e-08
1766			3.05008e-08
1767			3.05008e-08
1768			3.05008e-08
1769			3.03844e-08
1770			3.03844e-08
1771			3.07336e-08
1772			3.08501e-08
1773			3.08501e-08
1774			3.08501e-08
1775			3.08501e-08
1776			3.11993e-08
1777			3.11993e-08
1778			3.11993e-08
1779			3.11993e-08
1780			3.11993e-08
1781			3.15486e-08
1782			3.1665e-08
1783			3.15486e-08
1784			3.15486e-08
1785			3.15486e-08
1786			3.18978e-08
1787			3.18978e-08
1788			3.18978e-08
1789			3.17814e-08
1790			3.18978e-08
1791			3.2247e-08
1792			3.2247e-08
1793			3.2247e-08
1794			3.2247e-08
1795			3.2247e-08
1796			3.25963e-08
1797			3.25963e-08
1798			3.25963e-08
1799			3.25963e-08
1800			3.25963e-08
1801			3.29455e-08
1802			3.29455e-08
1803			3.29455e-08
1804			3.29455e-08
1805			3.29455e-08
1806			3.32948e-08
1807			3.32948e-08
1808			3.31784e-08
1809			3.32948e-08
1810			3.32948e-08
1811			3.3644e-08
1812			3.3644e-08
1813			3.3644e-08
1814			3.3644e-08
1815			3.3644e-08
1816			3.39933e-08
1817			3.41097e-08
1818			3.39933e-08
1819			3.39933e-08
1820			3.39933e-08
1821			3.43425e-08
1822			3.43425e-08
1823			3.43425e-08
1824			3.43425e-08
1825			3.43425e-08
1826			3.46918e-08
1827			3.46918e-08
1828			3.46918e-08
1829			3.46918e-08
1830			3.46918e-08
1831			3.5041e-08
1832			3.5041e-08
1833			3.5041e-08
1834			3.5041e-08
1835			3.5041e-08
1836			3.55067e-08
1837			3.53903e-08
1838			3.53903e-08
1839			3.53903e-08
1840			3.53903e-08
1841			3.57395e-08
1842			3.57395e-08
1843			3.56231e-08
1844			3.57395e-08
1845			3.57395e-08
1846			3.60887e-08
1847			3.60887e-08
1848			3.60887e-08
1849			3.62052e-08
1850			3.62052e-08
1851			3.66708e-08
1852			3.65544e-08
1853			3.65544e-08
1854			3.66708e-08
1855			3.66708e-08
1856			3.71365e-08
1857			3.70201e-08
1858			3.70201e-08
1859			3.71365e-08
1860			3.71365e-08
1861			3.74857e-08
1862			3.76021e-08
1863			3.74857e-08
1864			3.76021e-08
1865			3.76021e-08
1866			3.79514e-08
1867			3.79514e-08
1868			3.80678e-08
1869			3.80678e-08
1870			3.80678e-08
1871			3.84171e-08
1872			3.84171e-08
1873			3.84171e-08
1874			3.84171e-08
1875			3.84171e-08
1876			3.87663e-08
1877			3.88827e-08
1878			3.88827e-08
1879			3.87663e-08
1880			3.88827e-08
1881			3.93484e-08
1882			3.93484e-08
1883			3.93484e-08
1884			3.93484e-08
1885			3.93484e-08
1886			3.96976e-08
1887			3.9814e-08
1888			3.9814e-08
1889			3.9814e-08
1890			3.9814e-08
1891			4.02797e-08
1892			4.02797e-08
1893			4.03961e-08
1894			4.03961e-08
1895			4.05125e-08
1896			4.09782e-08
1897			4.09782e-08
1898			4.09782e-08
1899			4.09782e-08
1900			4.09782e-08
1901			4.13274e-08
1902			4.14439e-08
1903			4.14439e-08
1904			4.14439e-08
1905			4.14439e-08
1906			4.17931e-08
1907			4.19095e-08
1908			4.19095e-08
1909			4.19095e-08
1910			4.19095e-08
1911			4.22588e-08
1912			4.22588e-08
1913			4.22588e-08
1914			4.22588e-08
1915			4.22588e-08
1916			4.27244e-08
1917			4.27244e-08
1918			4.27244e-08
1919			4.27244e-08
1920			4.27244e-08
1921			4.31901e-08
1922			4.31901e-08
1923			4.31901e-08
1924			4.31901e-08
1925			4.33065e-08
1926			4.36557e-08
1927			4.36557e-08
1928			4.36557e-08
1929			4.36557e-08
1930			4.36557e-08
1931			4.4005e-08
1932			4.4005e-08
1933			4.41214e-08
1934			4.41214e-08
1935			4.41214e-08
1936			4.44707e-08
1937			4.44707e-08
1938			4.44707e-08
1939			4.44707e-08
1940			4.44707e-08
1941			4.48199e-08
1942			4.49363e-08
1943			4.49363e-08
1944			4.49363e-08
1945			4.49363e-08
1946			4.52856e-08
1947			4.52856e-08
1948			4.52856e-08
1949			4.52856e-08
1950			4.52856e-08
1951			4.57512e-08
1952			4.57512e-08
1953			4.57512e-08
1954			4.58676e-08
1955			4.58676e-08
1956			4.62169e-08
1957			4.62169e-08
1958			4.63333e-08
1959			4.63333e-08
1960			4.63333e-08
1961			4.6799e-08
1962			4.69154e-08
1963			4.6799e-08
1964			4.6799e-08
1965			4.6799e-08
1966			4.71482e-08
1967			4.71482e-08
1968			4.72646e-08
1969			4.72646e-08
1970			4.72646e-08
1971			4.76139e-08
1972			4.77303e-08
1973			4.77303e-08
1974			4.77303e-08
1975			4.77303e-08
1976			4.81959e-08
1977			4.83124e-08
1978			4.81959e-08
1979			4.83124e-08
1980			4.83124e-08
1981			4.8778e-08
1982			4.88944e-08
1983			4.88944e-08
1984			4.90109e-08
1985			4.90109e-08
1986			4.94765e-08
1987			4.94765e-08
1988			4.94765e-08
1989			4.94765e-08
1990			4.94765e-08
1991			4.99422e-08
1992			4.99422e-08
1993			5.00586e-08
1994			5.00586e-08
1995			5.00586e-08
1996			5.05242e-08
1997			5.05242e-08
1998			5.05242e-08
1999			5.05242e-08
