0			0
1			9.71445e-17
2			1.94289e-16
3			3.33067e-16
4			3.88578e-16
5			4.44089e-16
6			6.66134e-16
7			7.21645e-16
8			7.77156e-16
9			8.32667e-16
10			8.88178e-16
11			1.11022e-15
12			1.33227e-15
13			1.22125e-15
14			1.44329e-15
15			1.33227e-15
16			1.55431e-15
17			1.77636e-15
18			1.66533e-15
19			1.88738e-15
20			1.77636e-15
21			1.55431e-15
22			1.33227e-15
23			1.11022e-15
24			8.88178e-16
25			0
26			2.22045e-16
27			4.44089e-16
28			6.66134e-16
29			8.88178e-16
30			1.77636e-15
31			1.9984e-15
32			2.22045e-15
33			2.44249e-15
34			2.66454e-15
35			3.55271e-15
36			3.77476e-15
37			3.9968e-15
38			4.21885e-15
39			4.44089e-15
40			5.32907e-15
41			4.88498e-15
42			5.77316e-15
43			6.66134e-15
44			6.21725e-15
45			7.10543e-15
46			6.66134e-15
47			7.54952e-15
48			7.10543e-15
49			7.99361e-15
50			8.88178e-15
51			8.43769e-15
52			9.32587e-15
53			8.88178e-15
54			9.76996e-15
55			1.06581e-14
56			1.02141e-14
57			1.11022e-14
58			1.06581e-14
59			1.15463e-14
60			1.24345e-14
61			1.19904e-14
62			1.28786e-14
63			1.24345e-14
64			1.33227e-14
65			1.42109e-14
66			1.37668e-14
67			1.46549e-14
68			1.42109e-14
69			1.5099e-14
70			1.59872e-14
71			1.55431e-14
72			1.64313e-14
73			1.59872e-14
74			1.68754e-14
75			1.77636e-14
76			1.73195e-14
77			1.82077e-14
78			1.77636e-14
79			1.86517e-14
80			1.95399e-14
81			2.04281e-14
82			1.86517e-14
83			1.95399e-14
84			2.04281e-14
85			2.13163e-14
86			2.22045e-14
87			2.04281e-14
88			2.13163e-14
89			2.22045e-14
90			2.30926e-14
91			2.39808e-14
92			2.22045e-14
93			2.30926e-14
94			2.39808e-14
95			2.4869e-14
96			2.30926e-14
97			2.39808e-14
98			2.4869e-14
99			2.57572e-14
100			2.4869e-14
101			2.13163e-14
102			2.04281e-14
103			1.95399e-14
104			1.86517e-14
105			1.77636e-14
106			1.42109e-14
107			1.33227e-14
108			1.24345e-14
109			1.15463e-14
110			1.06581e-14
111			7.10543e-15
112			6.21725e-15
113			5.32907e-15
114			4.44089e-15
115			3.55271e-15
116			0
117			8.88178e-16
118			1.77636e-15
119			2.66454e-15
120			3.55271e-15
121			7.10543e-15
122			7.99361e-15
123			8.88178e-15
124			9.76996e-15
125			1.06581e-14
126			1.42109e-14
127			1.5099e-14
128			1.59872e-14
129			1.68754e-14
130			1.77636e-14
131			2.13163e-14
132			2.22045e-14
133			2.30926e-14
134			2.39808e-14
135			2.4869e-14
136			2.84217e-14
137			2.93099e-14
138			3.01981e-14
139			3.10862e-14
140			3.19744e-14
141			3.55271e-14
142			3.64153e-14
143			3.73035e-14
144			3.81917e-14
145			3.90799e-14
146			4.26326e-14
147			4.35207e-14
148			4.44089e-14
149			4.52971e-14
150			4.61853e-14
151			4.9738e-14
152			5.06262e-14
153			5.15143e-14
154			5.24025e-14
155			5.32907e-14
156			5.68434e-14
157			5.77316e-14
158			5.86198e-14
159			5.9508e-14
160			6.03961e-14
161			6.39488e-14
162			6.21725e-14
163			6.57252e-14
164			6.92779e-14
165			6.75016e-14
166			7.10543e-14
167			6.92779e-14
168			7.28306e-14
169			7.63833e-14
170			7.4607e-14
171			7.81597e-14
172			7.63833e-14
173			7.99361e-14
174			8.34888e-14
175			8.17124e-14
176			8.52651e-14
177			8.34888e-14
178			8.70415e-14
179			9.05942e-14
180			8.88178e-14
181			9.23706e-14
182			9.05942e-14
183			9.41469e-14
184			9.76996e-14
185			9.59233e-14
186			9.9476e-14
187			9.76996e-14
188			1.01252e-13
189			1.04805e-13
190			1.03029e-13
191			1.06581e-13
192			1.10134e-13
193			1.08358e-13
194			1.1191e-13
195			1.10134e-13
196			1.13687e-13
197			1.1724e-13
198			1.15463e-13
199			1.19016e-13
200			1.1724e-13
201			1.20792e-13
202			1.24345e-13
203			1.22569e-13
204			1.26121e-13
205			1.24345e-13
206			1.27898e-13
207			1.27898e-13
208			1.26121e-13
209			1.29674e-13
210			1.27898e-13
211			1.3145e-13
212			1.35003e-13
213			1.33227e-13
214			1.36779e-13
215			1.35003e-13
216			1.38556e-13
217			1.42109e-13
218			1.40332e-13
219			1.43885e-13
220			1.42109e-13
221			1.45661e-13
222			1.49214e-13
223			1.47438e-13
224			1.5099e-13
225			1.49214e-13
226			1.52767e-13
227			1.56319e-13
228			1.54543e-13
229			1.58096e-13
230			1.56319e-13
231			1.59872e-13
232			1.63425e-13
233			1.61648e-13
234			1.65201e-13
235			1.63425e-13
236			1.66978e-13
237			1.7053e-13
238			1.68754e-13
239			1.72307e-13
240			1.7053e-13
241			1.74083e-13
242			1.77636e-13
243			1.75859e-13
244			1.79412e-13
245			1.77636e-13
246			1.81188e-13
247			1.84741e-13
248			1.82965e-13
249			1.86517e-13
250			1.84741e-13
251			1.88294e-13
252			1.91847e-13
253			1.9007e-13
254			1.93623e-13
255			1.91847e-13
256			1.95399e-13
257			1.98952e-13
258			1.97176e-13
259			2.00728e-13
260			1.98952e-13
261			2.02505e-13
262			2.06057e-13
263			2.04281e-13
264			2.07834e-13
265			2.06057e-13
266			2.0961e-13
267			2.13163e-13
268			2.11386e-13
269			2.14939e-13
270			2.13163e-13
271			2.16716e-13
272			2.20268e-13
273			2.18492e-13
274			2.22045e-13
275			2.20268e-13
276			2.23821e-13
277			2.27374e-13
278			2.25597e-13
279			2.2915e-13
280			2.27374e-13
281			2.30926e-13
282			2.34479e-13
283			2.32703e-13
284			2.36255e-13
285			2.34479e-13
286			2.38032e-13
287			2.41585e-13
288			2.39808e-13
289			2.43361e-13
290			2.41585e-13
291			2.45137e-13
292			2.4869e-13
293			2.46914e-13
294			2.50466e-13
295			2.4869e-13
296			2.52243e-13
297			2.55795e-13
298			2.54019e-13
299			2.57572e-13
300			2.55795e-13
301			2.59348e-13
302			2.62901e-13
303			2.61124e-13
304			2.64677e-13
305			2.62901e-13
306			2.66454e-13
307			2.70006e-13
308			2.6823e-13
309			2.71783e-13
310			2.70006e-13
311			2.73559e-13
312			2.77112e-13
313			2.75335e-13
314			2.78888e-13
315			2.77112e-13
316			2.80664e-13
317			2.84217e-13
318			2.82441e-13
319			2.85993e-13
320			2.84217e-13
321			2.8777e-13
322			2.91323e-13
323			2.94875e-13
324			2.8777e-13
325			2.91323e-13
326			2.94875e-13
327			2.98428e-13
328			3.01981e-13
329			2.94875e-13
330			2.98428e-13
331			3.01981e-13
332			3.05533e-13
333			3.09086e-13
334			3.01981e-13
335			3.05533e-13
336			3.09086e-13
337			3.12639e-13
338			3.16192e-13
339			3.09086e-13
340			3.12639e-13
341			3.16192e-13
342			3.19744e-13
343			3.23297e-13
344			3.16192e-13
345			3.19744e-13
346			3.23297e-13
347			3.2685e-13
348			3.30402e-13
349			3.23297e-13
350			3.2685e-13
351			3.30402e-13
352			3.33955e-13
353			3.37508e-13
354			3.30402e-13
355			3.33955e-13
356			3.37508e-13
357			3.41061e-13
358			3.44613e-13
359			3.37508e-13
360			3.41061e-13
361			3.44613e-13
362			3.48166e-13
363			3.51719e-13
364			3.44613e-13
365			3.48166e-13
366			3.51719e-13
367			3.55271e-13
368			3.58824e-13
369			3.51719e-13
370			3.55271e-13
371			3.58824e-13
372			3.62377e-13
373			3.6593e-13
374			3.58824e-13
375			3.62377e-13
376			3.6593e-13
377			3.69482e-13
378			3.73035e-13
379			3.6593e-13
380			3.69482e-13
381			3.73035e-13
382			3.76588e-13
383			3.8014e-13
384			3.83693e-13
385			3.76588e-13
386			3.8014e-13
387			3.83693e-13
388			3.87246e-13
389			3.90799e-13
390			3.83693e-13
391			3.87246e-13
392			3.90799e-13
393			3.94351e-13
394			3.97904e-13
395			3.90799e-13
396			3.94351e-13
397			3.97904e-13
398			4.01457e-13
399			4.05009e-13
400			3.97904e-13
401			4.01457e-13
402			4.05009e-13
403			4.08562e-13
404			4.12115e-13
405			4.05009e-13
406			4.08562e-13
407			4.12115e-13
408			4.15668e-13
409			4.1922e-13
410			4.12115e-13
411			4.15668e-13
412			4.1922e-13
413			4.22773e-13
414			4.26326e-13
415			4.1922e-13
416			4.22773e-13
417			4.26326e-13
418			4.29878e-13
419			4.33431e-13
420			4.26326e-13
421			4.22773e-13
422			4.1922e-13
423			4.15668e-13
424			4.12115e-13
425			3.97904e-13
426			3.94351e-13
427			3.90799e-13
428			3.87246e-13
429			3.83693e-13
430			3.69482e-13
431			3.6593e-13
432			3.62377e-13
433			3.58824e-13
434			3.55271e-13
435			3.41061e-13
436			3.37508e-13
437			3.33955e-13
438			3.30402e-13
439			3.2685e-13
440			3.12639e-13
441			3.09086e-13
442			3.05533e-13
443			3.01981e-13
444			2.98428e-13
445			2.84217e-13
446			2.80664e-13
447			2.77112e-13
448			2.73559e-13
449			2.70006e-13
450			2.55795e-13
451			2.52243e-13
452			2.4869e-13
453			2.45137e-13
454			2.41585e-13
455			2.27374e-13
456			2.23821e-13
457			2.20268e-13
458			2.16716e-13
459			2.13163e-13
460			1.98952e-13
461			1.95399e-13
462			1.91847e-13
463			1.88294e-13
464			1.84741e-13
465			1.7053e-13
466			1.66978e-13
467			1.63425e-13
468			1.59872e-13
469			1.56319e-13
470			1.42109e-13
471			1.38556e-13
472			1.35003e-13
473			1.3145e-13
474			1.27898e-13
475			1.13687e-13
476			1.10134e-13
477			1.06581e-13
478			1.03029e-13
479			9.9476e-14
480			8.52651e-14
481			8.17124e-14
482			7.81597e-14
483			7.4607e-14
484			7.10543e-14
485			5.68434e-14
486			5.32907e-14
487			4.9738e-14
488			4.61853e-14
489			4.26326e-14
490			2.84217e-14
491			2.4869e-14
492			2.13163e-14
493			1.77636e-14
494			1.42109e-14
495			0
496			3.55271e-15
497			7.10543e-15
498			1.06581e-14
499			1.42109e-14
500			2.84217e-14
501			3.19744e-14
502			3.55271e-14
503			3.90799e-14
504			4.26326e-14
505			5.68434e-14
506			6.03961e-14
507			6.39488e-14
508			6.75016e-14
509			7.10543e-14
510			8.52651e-14
511			8.88178e-14
512			9.23706e-14
513			9.59233e-14
514			9.9476e-14
515			1.13687e-13
516			1.1724e-13
517			1.20792e-13
518			1.24345e-13
519			1.27898e-13
520			1.42109e-13
521			1.45661e-13
522			1.49214e-13
523			1.52767e-13
524			1.56319e-13
525			1.7053e-13
526			1.74083e-13
527			1.77636e-13
528			1.81188e-13
529			1.84741e-13
530			1.98952e-13
531			2.02505e-13
532			2.06057e-13
533			2.0961e-13
534			2.13163e-13
535			2.27374e-13
536			2.30926e-13
537			2.34479e-13
538			2.38032e-13
539			2.41585e-13
540			2.55795e-13
541			2.59348e-13
542			2.62901e-13
543			2.66454e-13
544			2.70006e-13
545			2.84217e-13
546			2.8777e-13
547			2.91323e-13
548			2.94875e-13
549			2.98428e-13
550			3.12639e-13
551			3.16192e-13
552			3.19744e-13
553			3.23297e-13
554			3.2685e-13
555			3.41061e-13
556			3.44613e-13
557			3.48166e-13
558			3.51719e-13
559			3.55271e-13
560			3.69482e-13
561			3.73035e-13
562			3.76588e-13
563			3.8014e-13
564			3.83693e-13
565			3.97904e-13
566			4.01457e-13
567			4.05009e-13
568			4.08562e-13
569			4.12115e-13
570			4.26326e-13
571			4.29878e-13
572			4.33431e-13
573			4.36984e-13
574			4.40536e-13
575			4.54747e-13
576			4.583e-13
577			4.61853e-13
578			4.65405e-13
579			4.68958e-13
580			4.83169e-13
581			4.86722e-13
582			4.90274e-13
583			4.93827e-13
584			4.9738e-13
585			5.11591e-13
586			5.15143e-13
587			5.18696e-13
588			5.22249e-13
589			5.25802e-13
590			5.40012e-13
591			5.43565e-13
592			5.47118e-13
593			5.50671e-13
594			5.54223e-13
595			5.68434e-13
596			5.71987e-13
597			5.7554e-13
598			5.79092e-13
599			5.82645e-13
600			5.96856e-13
601			6.00409e-13
602			6.03961e-13
603			6.07514e-13
604			6.11067e-13
605			6.25278e-13
606			6.2883e-13
607			6.32383e-13
608			6.35936e-13
609			6.39488e-13
610			6.53699e-13
611			6.57252e-13
612			6.60805e-13
613			6.64357e-13
614			6.6791e-13
615			6.82121e-13
616			6.85674e-13
617			6.89226e-13
618			6.92779e-13
619			6.96332e-13
620			7.10543e-13
621			7.14095e-13
622			7.17648e-13
623			7.21201e-13
624			7.24754e-13
625			7.38964e-13
626			7.42517e-13
627			7.4607e-13
628			7.49623e-13
629			7.53175e-13
630			7.67386e-13
631			7.70939e-13
632			7.74492e-13
633			7.78044e-13
634			7.81597e-13
635			7.95808e-13
636			7.99361e-13
637			8.02913e-13
638			8.06466e-13
639			8.10019e-13
640			8.2423e-13
641			8.17124e-13
642			8.31335e-13
643			8.45546e-13
644			8.3844e-13
645			8.52651e-13
646			8.45546e-13
647			8.59757e-13
648			8.73968e-13
649			8.66862e-13
650			8.81073e-13
651			8.73968e-13
652			8.88178e-13
653			9.02389e-13
654			8.95284e-13
655			9.09495e-13
656			9.02389e-13
657			9.166e-13
658			9.30811e-13
659			9.23706e-13
660			9.37916e-13
661			9.30811e-13
662			9.45022e-13
663			9.59233e-13
664			9.52127e-13
665			9.66338e-13
666			9.59233e-13
667			9.73444e-13
668			9.87654e-13
669			9.80549e-13
670			9.9476e-13
671			9.87654e-13
672			1.00187e-12
673			1.01608e-12
674			1.00897e-12
675			1.02318e-12
676			1.01608e-12
677			1.03029e-12
678			1.0445e-12
679			1.03739e-12
680			1.0516e-12
681			1.0445e-12
682			1.05871e-12
683			1.07292e-12
684			1.06581e-12
685			1.08002e-12
686			1.07292e-12
687			1.08713e-12
688			1.10134e-12
689			1.09424e-12
690			1.10845e-12
691			1.10134e-12
692			1.11555e-12
693			1.12976e-12
694			1.12266e-12
695			1.13687e-12
696			1.12976e-12
697			1.14397e-12
698			1.15818e-12
699			1.15108e-12
700			1.16529e-12
701			1.15818e-12
702			1.1724e-12
703			1.18661e-12
704			1.1795e-12
705			1.19371e-12
706			1.18661e-12
707			1.20082e-12
708			1.21503e-12
709			1.20792e-12
710			1.22213e-12
711			1.21503e-12
712			1.22924e-12
713			1.24345e-12
714			1.23634e-12
715			1.25056e-12
716			1.24345e-12
717			1.25766e-12
718			1.27187e-12
719			1.26477e-12
720			1.27898e-12
721			1.27187e-12
722			1.28608e-12
723			1.30029e-12
724			1.29319e-12
725			1.3074e-12
726			1.30029e-12
727			1.3145e-12
728			1.32871e-12
729			1.32161e-12
730			1.33582e-12
731			1.32871e-12
732			1.34293e-12
733			1.35714e-12
734			1.35003e-12
735			1.36424e-12
736			1.35714e-12
737			1.37135e-12
738			1.38556e-12
739			1.37845e-12
740			1.39266e-12
741			1.38556e-12
742			1.39977e-12
743			1.41398e-12
744			1.40687e-12
745			1.42109e-12
746			1.41398e-12
747			1.42819e-12
748			1.4424e-12
749			1.4353e-12
750			1.44951e-12
751			1.4424e-12
752			1.45661e-12
753			1.47082e-12
754			1.46372e-12
755			1.47793e-12
756			1.47082e-12
757			1.48503e-12
758			1.49925e-12
759			1.49214e-12
760			1.50635e-12
761			1.49925e-12
762			1.51346e-12
763			1.52767e-12
764			1.52056e-12
765			1.53477e-12
766			1.52767e-12
767			1.54188e-12
768			1.53477e-12
769			1.54898e-12
770			1.56319e-12
771			1.55609e-12
772			1.5703e-12
773			1.56319e-12
774			1.5774e-12
775			1.59162e-12
776			1.58451e-12
777			1.59872e-12
778			1.59162e-12
779			1.60583e-12
780			1.62004e-12
781			1.61293e-12
782			1.62714e-12
783			1.62004e-12
784			1.63425e-12
785			1.64846e-12
786			1.64135e-12
787			1.65556e-12
788			1.64846e-12
789			1.66267e-12
790			1.67688e-12
791			1.66978e-12
792			1.68399e-12
793			1.67688e-12
794			1.69109e-12
795			1.7053e-12
796			1.6982e-12
797			1.71241e-12
798			1.7053e-12
799			1.71951e-12
800			1.73372e-12
801			1.72662e-12
802			1.74083e-12
803			1.73372e-12
804			1.74794e-12
805			1.76215e-12
806			1.75504e-12
807			1.76925e-12
808			1.76215e-12
809			1.77636e-12
810			1.79057e-12
811			1.78346e-12
812			1.79767e-12
813			1.79057e-12
814			1.80478e-12
815			1.81899e-12
816			1.81188e-12
817			1.82609e-12
818			1.81899e-12
819			1.8332e-12
820			1.84741e-12
821			1.84031e-12
822			1.85452e-12
823			1.84741e-12
824			1.86162e-12
825			1.87583e-12
826			1.86873e-12
827			1.88294e-12
828			1.87583e-12
829			1.89004e-12
830			1.90425e-12
831			1.89715e-12
832			1.91136e-12
833			1.90425e-12
834			1.91847e-12
835			1.93268e-12
836			1.92557e-12
837			1.93978e-12
838			1.93268e-12
839			1.94689e-12
840			1.9611e-12
841			1.95399e-12
842			1.9682e-12
843			1.9611e-12
844			1.97531e-12
845			1.98952e-12
846			1.98241e-12
847			1.99663e-12
848			1.98952e-12
849			2.00373e-12
850			2.01794e-12
851			2.01084e-12
852			2.02505e-12
853			2.01794e-12
854			2.03215e-12
855			2.04636e-12
856			2.03926e-12
857			2.05347e-12
858			2.04636e-12
859			2.06057e-12
860			2.07478e-12
861			2.06768e-12
862			2.08189e-12
863			2.07478e-12
864			2.089e-12
865			2.10321e-12
866			2.0961e-12
867			2.11031e-12
868			2.10321e-12
869			2.11742e-12
870			2.13163e-12
871			2.12452e-12
872			2.13873e-12
873			2.13163e-12
874			2.14584e-12
875			2.16005e-12
876			2.15294e-12
877			2.16716e-12
878			2.16005e-12
879			2.17426e-12
880			2.18847e-12
881			2.18137e-12
882			2.19558e-12
883			2.18847e-12
884			2.20268e-12
885			2.21689e-12
886			2.20979e-12
887			2.224e-12
888			2.21689e-12
889			2.2311e-12
890			2.24532e-12
891			2.23821e-12
892			2.25242e-12
893			2.24532e-12
894			2.25953e-12
895			2.27374e-12
896			2.26663e-12
897			2.28084e-12
898			2.27374e-12
899			2.28795e-12
900			2.30216e-12
901			2.29505e-12
902			2.30926e-12
903			2.30216e-12
904			2.31637e-12
905			2.33058e-12
906			2.32347e-12
907			2.33769e-12
908			2.33058e-12
909			2.34479e-12
910			2.359e-12
911			2.3519e-12
912			2.36611e-12
913			2.359e-12
914			2.37321e-12
915			2.38742e-12
916			2.38032e-12
917			2.39453e-12
918			2.38742e-12
919			2.40163e-12
920			2.41585e-12
921			2.40874e-12
922			2.42295e-12
923			2.41585e-12
924			2.43006e-12
925			2.44427e-12
926			2.43716e-12
927			2.45137e-12
928			2.44427e-12
929			2.45848e-12
930			2.47269e-12
931			2.46558e-12
932			2.47979e-12
933			2.47269e-12
934			2.4869e-12
935			2.50111e-12
936			2.49401e-12
937			2.50822e-12
938			2.50111e-12
939			2.51532e-12
940			2.52953e-12
941			2.52243e-12
942			2.53664e-12
943			2.52953e-12
944			2.54374e-12
945			2.55795e-12
946			2.55085e-12
947			2.56506e-12
948			2.55795e-12
949			2.57216e-12
950			2.58638e-12
951			2.57927e-12
952			2.59348e-12
953			2.58638e-12
954			2.60059e-12
955			2.6148e-12
956			2.60769e-12
957			2.6219e-12
958			2.6148e-12
959			2.62901e-12
960			2.64322e-12
961			2.63611e-12
962			2.65032e-12
963			2.64322e-12
964			2.65743e-12
965			2.67164e-12
966			2.66454e-12
967			2.67875e-12
968			2.67164e-12
969			2.68585e-12
970			2.70006e-12
971			2.69296e-12
972			2.70717e-12
973			2.70006e-12
974			2.71427e-12
975			2.72848e-12
976			2.72138e-12
977			2.73559e-12
978			2.72848e-12
979			2.74269e-12
980			2.75691e-12
981			2.7498e-12
982			2.76401e-12
983			2.75691e-12
984			2.77112e-12
985			2.78533e-12
986			2.77822e-12
987			2.79243e-12
988			2.78533e-12
989			2.79954e-12
990			2.81375e-12
991			2.80664e-12
992			2.82085e-12
993			2.81375e-12
994			2.82796e-12
995			2.84217e-12
996			2.83507e-12
997			2.84928e-12
998			2.84217e-12
999			2.85638e-12
1000			2.87059e-12
1001			2.86349e-12
1002			2.8777e-12
1003			2.87059e-12
1004			2.8848e-12
1005			2.89901e-12
1006			2.89191e-12
1007			2.90612e-12
1008			2.89901e-12
1009			2.91323e-12
1010			2.92744e-12
1011			2.92033e-12
1012			2.93454e-12
1013			2.92744e-12
1014			2.94165e-12
1015			2.95586e-12
1016			2.94875e-12
1017			2.96296e-12
1018			2.95586e-12
1019			2.97007e-12
1020			2.98428e-12
1021			2.97717e-12
1022			2.99138e-12
1023			2.98428e-12
1024			2.99849e-12
1025			3.0127e-12
1026			3.0056e-12
1027			3.01981e-12
1028			3.0127e-12
1029			3.02691e-12
1030			3.04112e-12
1031			3.03402e-12
1032			3.04823e-12
1033			3.04112e-12
1034			3.05533e-12
1035			3.06954e-12
1036			3.06244e-12
1037			3.07665e-12
1038			3.06954e-12
1039			3.08376e-12
1040			3.09797e-12
1041			3.09086e-12
1042			3.10507e-12
1043			3.09797e-12
1044			3.11218e-12
1045			3.12639e-12
1046			3.11928e-12
1047			3.13349e-12
1048			3.12639e-12
1049			3.1406e-12
1050			3.15481e-12
1051			3.1477e-12
1052			3.16192e-12
1053			3.15481e-12
1054			3.16902e-12
1055			3.18323e-12
1056			3.17613e-12
1057			3.19034e-12
1058			3.18323e-12
1059			3.19744e-12
1060			3.21165e-12
1061			3.20455e-12
1062			3.21876e-12
1063			3.21165e-12
1064			3.22586e-12
1065			3.24007e-12
1066			3.23297e-12
1067			3.24718e-12
1068			3.24007e-12
1069			3.25429e-12
1070			3.2685e-12
1071			3.26139e-12
1072			3.2756e-12
1073			3.2685e-12
1074			3.28271e-12
1075			3.29692e-12
1076			3.28981e-12
1077			3.30402e-12
1078			3.29692e-12
1079			3.31113e-12
1080			3.32534e-12
1081			3.31823e-12
1082			3.33245e-12
1083			3.32534e-12
1084			3.33955e-12
1085			3.35376e-12
1086			3.34666e-12
1087			3.36087e-12
1088			3.35376e-12
1089			3.36797e-12
1090			3.38218e-12
1091			3.37508e-12
1092			3.38929e-12
1093			3.38218e-12
1094			3.39639e-12
1095			3.41061e-12
1096			3.4035e-12
1097			3.41771e-12
1098			3.41061e-12
1099			3.42482e-12
1100			3.43903e-12
1101			3.43192e-12
1102			3.44613e-12
1103			3.43903e-12
1104			3.45324e-12
1105			3.46745e-12
1106			3.46034e-12
1107			3.47455e-12
1108			3.46745e-12
1109			3.48166e-12
1110			3.49587e-12
1111			3.48876e-12
1112			3.50298e-12
1113			3.49587e-12
1114			3.51008e-12
1115			3.52429e-12
1116			3.51719e-12
1117			3.5314e-12
1118			3.52429e-12
1119			3.5385e-12
1120			3.55271e-12
1121			3.54561e-12
1122			3.55982e-12
1123			3.55271e-12
1124			3.56692e-12
1125			3.58114e-12
1126			3.57403e-12
1127			3.58824e-12
1128			3.58114e-12
1129			3.59535e-12
1130			3.60956e-12
1131			3.60245e-12
1132			3.61666e-12
1133			3.60956e-12
1134			3.62377e-12
1135			3.63798e-12
1136			3.63087e-12
1137			3.64508e-12
1138			3.63798e-12
1139			3.65219e-12
1140			3.6664e-12
1141			3.6593e-12
1142			3.67351e-12
1143			3.6664e-12
1144			3.68061e-12
1145			3.69482e-12
1146			3.68772e-12
1147			3.70193e-12
1148			3.69482e-12
1149			3.70903e-12
1150			3.72324e-12
1151			3.71614e-12
1152			3.73035e-12
1153			3.72324e-12
1154			3.73745e-12
1155			3.75167e-12
1156			3.74456e-12
1157			3.75877e-12
1158			3.75167e-12
1159			3.76588e-12
1160			3.78009e-12
1161			3.77298e-12
1162			3.78719e-12
1163			3.78009e-12
1164			3.7943e-12
1165			3.80851e-12
1166			3.8014e-12
1167			3.81561e-12
1168			3.80851e-12
1169			3.82272e-12
1170			3.83693e-12
1171			3.82983e-12
1172			3.84404e-12
1173			3.83693e-12
1174			3.85114e-12
1175			3.86535e-12
1176			3.85825e-12
1177			3.87246e-12
1178			3.86535e-12
1179			3.87956e-12
1180			3.89377e-12
1181			3.88667e-12
1182			3.90088e-12
1183			3.89377e-12
1184			3.90799e-12
1185			3.9222e-12
1186			3.91509e-12
1187			3.9293e-12
1188			3.9222e-12
1189			3.93641e-12
1190			3.95062e-12
1191			3.94351e-12
1192			3.95772e-12
1193			3.95062e-12
1194			3.96483e-12
1195			3.97904e-12
1196			3.97193e-12
1197			3.98614e-12
1198			3.97904e-12
1199			3.99325e-12
1200			4.00746e-12
1201			4.00036e-12
1202			4.01457e-12
1203			4.00746e-12
1204			4.02167e-12
1205			4.03588e-12
1206			4.02878e-12
1207			4.04299e-12
1208			4.03588e-12
1209			4.05009e-12
1210			4.0643e-12
1211			4.0572e-12
1212			4.07141e-12
1213			4.0643e-12
1214			4.07852e-12
1215			4.09273e-12
1216			4.08562e-12
1217			4.09983e-12
1218			4.09273e-12
1219			4.10694e-12
1220			4.12115e-12
1221			4.11404e-12
1222			4.12825e-12
1223			4.12115e-12
1224			4.13536e-12
1225			4.14957e-12
1226			4.14246e-12
1227			4.15668e-12
1228			4.14957e-12
1229			4.16378e-12
1230			4.17799e-12
1231			4.17089e-12
1232			4.1851e-12
1233			4.17799e-12
1234			4.1922e-12
1235			4.20641e-12
1236			4.19931e-12
1237			4.21352e-12
1238			4.20641e-12
1239			4.22062e-12
1240			4.23483e-12
1241			4.22773e-12
1242			4.24194e-12
1243			4.23483e-12
1244			4.24905e-12
1245			4.26326e-12
1246			4.25615e-12
1247			4.27036e-12
1248			4.26326e-12
1249			4.27747e-12
1250			4.29168e-12
1251			4.28457e-12
1252			4.29878e-12
1253			4.29168e-12
1254			4.30589e-12
1255			4.3201e-12
1256			4.31299e-12
1257			4.32721e-12
1258			4.3201e-12
1259			4.33431e-12
1260			4.34852e-12
1261			4.34142e-12
1262			4.35563e-12
1263			4.34852e-12
1264			4.36273e-12
1265			4.37694e-12
1266			4.36984e-12
1267			4.38405e-12
1268			4.37694e-12
1269			4.39115e-12
1270			4.40536e-12
1271			4.39826e-12
1272			4.41247e-12
1273			4.40536e-12
1274			4.41958e-12
1275			4.43379e-12
1276			4.42668e-12
1277			4.44089e-12
1278			4.43379e-12
1279			4.448e-12
1280			4.46221e-12
1281			4.47642e-12
1282			4.448e-12
1283			4.46221e-12
1284			4.47642e-12
1285			4.49063e-12
1286			4.50484e-12
1287			4.47642e-12
1288			4.49063e-12
1289			4.50484e-12
1290			4.51905e-12
1291			4.53326e-12
1292			4.50484e-12
1293			4.51905e-12
1294			4.53326e-12
1295			4.54747e-12
1296			4.56168e-12
1297			4.53326e-12
1298			4.54747e-12
1299			4.56168e-12
1300			4.5759e-12
1301			4.59011e-12
1302			4.56168e-12
1303			4.5759e-12
1304			4.59011e-12
1305			4.60432e-12
1306			4.61853e-12
1307			4.59011e-12
1308			4.60432e-12
1309			4.61853e-12
1310			4.63274e-12
1311			4.64695e-12
1312			4.61853e-12
1313			4.63274e-12
1314			4.64695e-12
1315			4.66116e-12
1316			4.67537e-12
1317			4.64695e-12
1318			4.66116e-12
1319			4.67537e-12
1320			4.68958e-12
1321			4.70379e-12
1322			4.67537e-12
1323			4.68958e-12
1324			4.70379e-12
1325			4.718e-12
1326			4.73221e-12
1327			4.70379e-12
1328			4.718e-12
1329			4.73221e-12
1330			4.74643e-12
1331			4.76064e-12
1332			4.73221e-12
1333			4.74643e-12
1334			4.76064e-12
1335			4.77485e-12
1336			4.78906e-12
1337			4.76064e-12
1338			4.77485e-12
1339			4.78906e-12
1340			4.80327e-12
1341			4.81748e-12
1342			4.78906e-12
1343			4.80327e-12
1344			4.81748e-12
1345			4.83169e-12
1346			4.8459e-12
1347			4.81748e-12
1348			4.83169e-12
1349			4.8459e-12
1350			4.86011e-12
1351			4.87432e-12
1352			4.8459e-12
1353			4.86011e-12
1354			4.87432e-12
1355			4.88853e-12
1356			4.90274e-12
1357			4.87432e-12
1358			4.88853e-12
1359			4.90274e-12
1360			4.91696e-12
1361			4.93117e-12
1362			4.90274e-12
1363			4.91696e-12
1364			4.93117e-12
1365			4.94538e-12
1366			4.95959e-12
1367			4.93117e-12
1368			4.94538e-12
1369			4.95959e-12
1370			4.9738e-12
1371			4.98801e-12
1372			4.95959e-12
1373			4.9738e-12
1374			4.98801e-12
1375			5.00222e-12
1376			5.01643e-12
1377			4.98801e-12
1378			5.00222e-12
1379			5.01643e-12
1380			5.03064e-12
1381			5.04485e-12
1382			5.01643e-12
1383			5.03064e-12
1384			5.04485e-12
1385			5.05906e-12
1386			5.07328e-12
1387			5.04485e-12
1388			5.05906e-12
1389			5.07328e-12
1390			5.08749e-12
1391			5.1017e-12
1392			5.07328e-12
1393			5.08749e-12
1394			5.1017e-12
1395			5.11591e-12
1396			5.13012e-12
1397			5.1017e-12
1398			5.11591e-12
1399			5.13012e-12
1400			5.14433e-12
1401			5.15854e-12
1402			5.13012e-12
1403			5.14433e-12
1404			5.15854e-12
1405			5.17275e-12
1406			5.18696e-12
1407			5.15854e-12
1408			5.17275e-12
1409			5.18696e-12
1410			5.20117e-12
1411			5.21538e-12
1412			5.18696e-12
1413			5.20117e-12
1414			5.21538e-12
1415			5.22959e-12
1416			5.24381e-12
1417			5.21538e-12
1418			5.22959e-12
1419			5.24381e-12
1420			5.25802e-12
1421			5.27223e-12
1422			5.24381e-12
1423			5.25802e-12
1424			5.27223e-12
1425			5.28644e-12
1426			5.30065e-12
1427			5.27223e-12
1428			5.28644e-12
1429			5.30065e-12
1430			5.31486e-12
1431			5.32907e-12
1432			5.30065e-12
1433			5.31486e-12
1434			5.32907e-12
1435			5.34328e-12
1436			5.35749e-12
1437			5.32907e-12
1438			5.34328e-12
1439			5.35749e-12
1440			5.3717e-12
1441			5.38591e-12
1442			5.35749e-12
1443			5.3717e-12
1444			5.38591e-12
1445			5.40012e-12
1446			5.41434e-12
1447			5.38591e-12
1448			5.40012e-12
1449			5.41434e-12
1450			5.42855e-12
1451			5.44276e-12
1452			5.41434e-12
1453			5.42855e-12
1454			5.44276e-12
1455			5.45697e-12
1456			5.47118e-12
1457			5.44276e-12
1458			5.45697e-12
1459			5.47118e-12
1460			5.48539e-12
1461			5.4996e-12
1462			5.47118e-12
1463			5.48539e-12
1464			5.4996e-12
1465			5.51381e-12
1466			5.52802e-12
1467			5.4996e-12
1468			5.51381e-12
1469			5.52802e-12
1470			5.54223e-12
1471			5.55644e-12
1472			5.52802e-12
1473			5.54223e-12
1474			5.55644e-12
1475			5.57066e-12
1476			5.58487e-12
1477			5.55644e-12
1478			5.57066e-12
1479			5.58487e-12
1480			5.59908e-12
1481			5.61329e-12
1482			5.58487e-12
1483			5.59908e-12
1484			5.61329e-12
1485			5.6275e-12
1486			5.64171e-12
1487			5.61329e-12
1488			5.6275e-12
1489			5.64171e-12
1490			5.65592e-12
1491			5.67013e-12
1492			5.64171e-12
1493			5.65592e-12
1494			5.67013e-12
1495			5.68434e-12
1496			5.69855e-12
1497			5.67013e-12
1498			5.68434e-12
1499			5.69855e-12
1500			5.71276e-12
1501			5.72697e-12
1502			5.69855e-12
1503			5.71276e-12
1504			5.72697e-12
1505			5.74119e-12
1506			5.7554e-12
1507			5.72697e-12
1508			5.74119e-12
1509			5.7554e-12
1510			5.76961e-12
1511			5.78382e-12
1512			5.7554e-12
1513			5.76961e-12
1514			5.78382e-12
1515			5.79803e-12
1516			5.81224e-12
1517			5.78382e-12
1518			5.79803e-12
1519			5.81224e-12
1520			5.82645e-12
1521			5.84066e-12
1522			5.81224e-12
1523			5.82645e-12
1524			5.84066e-12
1525			5.85487e-12
1526			5.86908e-12
1527			5.84066e-12
1528			5.85487e-12
1529			5.86908e-12
1530			5.88329e-12
1531			5.8975e-12
1532			5.86908e-12
1533			5.88329e-12
1534			5.8975e-12
1535			5.91172e-12
1536			5.88329e-12
1537			5.8975e-12
1538			5.91172e-12
1539			5.92593e-12
1540			5.94014e-12
1541			5.91172e-12
1542			5.92593e-12
1543			5.94014e-12
1544			5.95435e-12
1545			5.96856e-12
1546			5.94014e-12
1547			5.95435e-12
1548			5.96856e-12
1549			5.98277e-12
1550			5.99698e-12
1551			5.96856e-12
1552			5.98277e-12
1553			5.99698e-12
1554			6.01119e-12
1555			6.0254e-12
1556			5.99698e-12
1557			6.01119e-12
1558			6.0254e-12
1559			6.03961e-12
1560			6.05382e-12
1561			6.0254e-12
1562			6.03961e-12
1563			6.05382e-12
1564			6.06803e-12
1565			6.08225e-12
1566			6.05382e-12
1567			6.06803e-12
1568			6.08225e-12
1569			6.09646e-12
1570			6.11067e-12
1571			6.08225e-12
1572			6.09646e-12
1573			6.11067e-12
1574			6.12488e-12
1575			6.13909e-12
1576			6.11067e-12
1577			6.12488e-12
1578			6.13909e-12
1579			6.1533e-12
1580			6.16751e-12
1581			6.13909e-12
1582			6.1533e-12
1583			6.16751e-12
1584			6.18172e-12
1585			6.19593e-12
1586			6.16751e-12
1587			6.18172e-12
1588			6.19593e-12
1589			6.21014e-12
1590			6.22435e-12
1591			6.19593e-12
1592			6.21014e-12
1593			6.22435e-12
1594			6.23857e-12
1595			6.25278e-12
1596			6.22435e-12
1597			6.23857e-12
1598			6.25278e-12
1599			6.26699e-12
1600			6.2812e-12
1601			6.25278e-12
1602			6.26699e-12
1603			6.2812e-12
1604			6.29541e-12
1605			6.30962e-12
1606			6.2812e-12
1607			6.29541e-12
1608			6.30962e-12
1609			6.32383e-12
1610			6.33804e-12
1611			6.30962e-12
1612			6.32383e-12
1613			6.33804e-12
1614			6.35225e-12
1615			6.36646e-12
1616			6.33804e-12
1617			6.35225e-12
1618			6.36646e-12
1619			6.38067e-12
1620			6.39488e-12
1621			6.36646e-12
1622			6.38067e-12
1623			6.39488e-12
1624			6.4091e-12
1625			6.42331e-12
1626			6.39488e-12
1627			6.4091e-12
1628			6.42331e-12
1629			6.43752e-12
1630			6.45173e-12
1631			6.42331e-12
1632			6.43752e-12
1633			6.45173e-12
1634			6.46594e-12
1635			6.48015e-12
1636			6.45173e-12
1637			6.46594e-12
1638			6.48015e-12
1639			6.49436e-12
1640			6.50857e-12
1641			6.48015e-12
1642			6.49436e-12
1643			6.50857e-12
1644			6.52278e-12
1645			6.53699e-12
1646			6.50857e-12
1647			6.52278e-12
1648			6.53699e-12
1649			6.5512e-12
1650			6.56541e-12
1651			6.53699e-12
1652			6.5512e-12
1653			6.56541e-12
1654			6.57963e-12
1655			6.59384e-12
1656			6.56541e-12
1657			6.57963e-12
1658			6.59384e-12
1659			6.60805e-12
1660			6.62226e-12
1661			6.59384e-12
1662			6.60805e-12
1663			6.62226e-12
1664			6.63647e-12
1665			6.65068e-12
1666			6.62226e-12
1667			6.63647e-12
1668			6.65068e-12
1669			6.66489e-12
1670			6.6791e-12
1671			6.65068e-12
1672			6.66489e-12
1673			6.6791e-12
1674			6.69331e-12
1675			6.70752e-12
1676			6.6791e-12
1677			6.69331e-12
1678			6.70752e-12
1679			6.72173e-12
1680			6.73595e-12
1681			6.70752e-12
1682			6.72173e-12
1683			6.73595e-12
1684			6.75016e-12
1685			6.76437e-12
1686			6.73595e-12
1687			6.75016e-12
1688			6.76437e-12
1689			6.77858e-12
1690			6.79279e-12
1691			6.76437e-12
1692			6.77858e-12
1693			6.79279e-12
1694			6.807e-12
1695			6.82121e-12
1696			6.79279e-12
1697			6.807e-12
1698			6.82121e-12
1699			6.83542e-12
1700			6.82121e-12
1701			6.76437e-12
1702			6.75016e-12
1703			6.73595e-12
1704			6.72173e-12
1705			6.70752e-12
1706			6.65068e-12
1707			6.63647e-12
1708			6.62226e-12
1709			6.60805e-12
1710			6.59384e-12
1711			6.53699e-12
1712			6.52278e-12
1713			6.50857e-12
1714			6.49436e-12
1715			6.48015e-12
1716			6.42331e-12
1717			6.4091e-12
1718			6.39488e-12
1719			6.38067e-12
1720			6.36646e-12
1721			6.30962e-12
1722			6.29541e-12
1723			6.2812e-12
1724			6.26699e-12
1725			6.25278e-12
1726			6.19593e-12
1727			6.18172e-12
1728			6.16751e-12
1729			6.1533e-12
1730			6.13909e-12
1731			6.08225e-12
1732			6.06803e-12
1733			6.05382e-12
1734			6.03961e-12
1735			6.0254e-12
1736			5.96856e-12
1737			5.95435e-12
1738			5.94014e-12
1739			5.92593e-12
1740			5.91172e-12
1741			5.85487e-12
1742			5.84066e-12
1743			5.82645e-12
1744			5.81224e-12
1745			5.79803e-12
1746			5.74119e-12
1747			5.72697e-12
1748			5.71276e-12
1749			5.69855e-12
1750			5.68434e-12
1751			5.6275e-12
1752			5.61329e-12
1753			5.59908e-12
1754			5.58487e-12
1755			5.57066e-12
1756			5.51381e-12
1757			5.4996e-12
1758			5.48539e-12
1759			5.47118e-12
1760			5.45697e-12
1761			5.40012e-12
1762			5.38591e-12
1763			5.3717e-12
1764			5.35749e-12
1765			5.34328e-12
1766			5.28644e-12
1767			5.27223e-12
1768			5.25802e-12
1769			5.24381e-12
1770			5.22959e-12
1771			5.17275e-12
1772			5.15854e-12
1773			5.14433e-12
1774			5.13012e-12
1775			5.11591e-12
1776			5.05906e-12
1777			5.04485e-12
1778			5.03064e-12
1779			5.01643e-12
1780			5.00222e-12
1781			4.94538e-12
1782			4.93117e-12
1783			4.91696e-12
1784			4.90274e-12
1785			4.88853e-12
1786			4.83169e-12
1787			4.81748e-12
1788			4.80327e-12
1789			4.78906e-12
1790			4.77485e-12
1791			4.718e-12
1792			4.70379e-12
1793			4.68958e-12
1794			4.67537e-12
1795			4.66116e-12
1796			4.60432e-12
1797			4.59011e-12
1798			4.5759e-12
1799			4.56168e-12
1800			4.54747e-12
1801			4.49063e-12
1802			4.47642e-12
1803			4.46221e-12
1804			4.448e-12
1805			4.43379e-12
1806			4.37694e-12
1807			4.36273e-12
1808			4.34852e-12
1809			4.33431e-12
1810			4.3201e-12
1811			4.26326e-12
1812			4.24905e-12
1813			4.23483e-12
1814			4.22062e-12
1815			4.20641e-12
1816			4.14957e-12
1817			4.13536e-12
1818			4.12115e-12
1819			4.10694e-12
1820			4.09273e-12
1821			4.03588e-12
1822			4.02167e-12
1823			4.00746e-12
1824			3.99325e-12
1825			3.97904e-12
1826			3.9222e-12
1827			3.90799e-12
1828			3.89377e-12
1829			3.87956e-12
1830			3.86535e-12
1831			3.80851e-12
1832			3.7943e-12
1833			3.78009e-12
1834			3.76588e-12
1835			3.75167e-12
1836			3.69482e-12
1837			3.68061e-12
1838			3.6664e-12
1839			3.65219e-12
1840			3.63798e-12
1841			3.58114e-12
1842			3.56692e-12
1843			3.55271e-12
1844			3.5385e-12
1845			3.52429e-12
1846			3.46745e-12
1847			3.45324e-12
1848			3.43903e-12
1849			3.42482e-12
1850			3.41061e-12
1851			3.35376e-12
1852			3.33955e-12
1853			3.32534e-12
1854			3.31113e-12
1855			3.29692e-12
1856			3.24007e-12
1857			3.22586e-12
1858			3.21165e-12
1859			3.19744e-12
1860			3.18323e-12
1861			3.12639e-12
1862			3.11218e-12
1863			3.09797e-12
1864			3.08376e-12
1865			3.06954e-12
1866			3.0127e-12
1867			2.99849e-12
1868			2.98428e-12
1869			2.97007e-12
1870			2.95586e-12
1871			2.89901e-12
1872			2.8848e-12
1873			2.87059e-12
1874			2.85638e-12
1875			2.84217e-12
1876			2.78533e-12
1877			2.77112e-12
1878			2.75691e-12
1879			2.74269e-12
1880			2.72848e-12
1881			2.67164e-12
1882			2.65743e-12
1883			2.64322e-12
1884			2.62901e-12
1885			2.6148e-12
1886			2.55795e-12
1887			2.54374e-12
1888			2.52953e-12
1889			2.51532e-12
1890			2.50111e-12
1891			2.44427e-12
1892			2.43006e-12
1893			2.41585e-12
1894			2.40163e-12
1895			2.38742e-12
1896			2.33058e-12
1897			2.31637e-12
1898			2.30216e-12
1899			2.28795e-12
1900			2.27374e-12
1901			2.21689e-12
1902			2.20268e-12
1903			2.18847e-12
1904			2.17426e-12
1905			2.16005e-12
1906			2.10321e-12
1907			2.089e-12
1908			2.07478e-12
1909			2.06057e-12
1910			2.04636e-12
1911			1.98952e-12
1912			1.97531e-12
1913			1.9611e-12
1914			1.94689e-12
1915			1.93268e-12
1916			1.87583e-12
1917			1.86162e-12
1918			1.84741e-12
1919			1.8332e-12
1920			1.81899e-12
1921			1.76215e-12
1922			1.74794e-12
1923			1.73372e-12
1924			1.71951e-12
1925			1.7053e-12
1926			1.64846e-12
1927			1.63425e-12
1928			1.62004e-12
1929			1.60583e-12
1930			1.59162e-12
1931			1.53477e-12
1932			1.52056e-12
1933			1.50635e-12
1934			1.49214e-12
1935			1.47793e-12
1936			1.42109e-12
1937			1.40687e-12
1938			1.39266e-12
1939			1.37845e-12
1940			1.36424e-12
1941			1.3074e-12
1942			1.29319e-12
1943			1.27898e-12
1944			1.26477e-12
1945			1.25056e-12
1946			1.19371e-12
1947			1.1795e-12
1948			1.16529e-12
1949			1.15108e-12
1950			1.13687e-12
1951			1.08002e-12
1952			1.06581e-12
1953			1.0516e-12
1954			1.03739e-12
1955			1.02318e-12
1956			9.66338e-13
1957			9.52127e-13
1958			9.37916e-13
1959			9.23706e-13
1960			9.09495e-13
1961			8.52651e-13
1962			8.3844e-13
1963			8.2423e-13
1964			8.10019e-13
1965			7.95808e-13
1966			7.38964e-13
1967			7.24754e-13
1968			7.10543e-13
1969			6.96332e-13
1970			6.82121e-13
1971			6.25278e-13
1972			6.11067e-13
1973			5.96856e-13
1974			5.82645e-13
1975			5.68434e-13
1976			5.11591e-13
1977			4.9738e-13
1978			4.83169e-13
1979			4.68958e-13
1980			4.54747e-13
1981			3.97904e-13
1982			3.83693e-13
1983			3.69482e-13
1984			3.55271e-13
1985			3.41061e-13
1986			2.84217e-13
1987			2.70006e-13
1988			2.55795e-13
1989			2.41585e-13
1990			2.27374e-13
1991			1.7053e-13
1992			1.56319e-13
1993			1.42109e-13
1994			1.27898e-13
1995			1.13687e-13
1996			5.68434e-14
1997			4.26326e-14
1998			2.84217e-14
1999			1.42109e-14
