0			0
1			8.06646e-17
2			1.00614e-16
3			6.245e-17
4			4.16334e-17
5			0
6			2.77556e-17
7			4.16334e-17
8			5.55112e-17
9			5.55112e-17
10			0
11			2.77556e-17
12			1.11022e-16
13			2.77556e-17
14			5.55112e-17
15			2.22045e-16
16			0
17			0
18			2.22045e-16
19			1.11022e-16
20			4.44089e-16
21			4.44089e-16
22			1.11022e-16
23			2.22045e-16
24			0
25			4.44089e-16
26			3.33067e-16
27			2.22045e-16
28			2.22045e-16
29			2.22045e-16
30			8.88178e-16
31			2.22045e-16
32			0
33			2.22045e-16
34			0
35			8.88178e-16
36			8.88178e-16
37			4.44089e-16
38			4.44089e-16
39			2.22045e-16
40			1.77636e-15
41			4.44089e-16
42			1.77636e-15
43			2.22045e-15
44			4.44089e-16
45			1.77636e-15
46			8.88178e-16
47			1.77636e-15
48			0
49			0
50			1.77636e-15
51			0
52			1.33227e-15
53			1.33227e-15
54			8.88178e-16
55			0
56			2.66454e-15
57			8.88178e-16
58			2.66454e-15
59			1.77636e-15
60			1.77636e-15
61			5.32907e-15
62			4.44089e-15
63			7.10543e-15
64			7.10543e-15
65			3.55271e-15
66			6.21725e-15
67			1.77636e-15
68			7.10543e-15
69			7.99361e-15
70			7.10543e-15
71			1.24345e-14
72			1.06581e-14
73			1.5099e-14
74			1.24345e-14
75			1.06581e-14
76			1.24345e-14
77			1.24345e-14
78			1.33227e-14
79			1.33227e-14
80			1.42109e-14
81			1.59872e-14
82			2.66454e-14
83			2.4869e-14
84			2.13163e-14
85			2.13163e-14
86			1.95399e-14
87			2.66454e-14
88			2.66454e-14
89			2.4869e-14
90			2.13163e-14
91			1.59872e-14
92			2.4869e-14
93			2.13163e-14
94			2.13163e-14
95			1.42109e-14
96			2.13163e-14
97			2.30926e-14
98			2.84217e-14
99			2.66454e-14
100			2.84217e-14
101			4.44089e-14
102			4.26326e-14
103			4.44089e-14
104			4.44089e-14
105			4.26326e-14
106			5.50671e-14
107			5.50671e-14
108			5.32907e-14
109			4.9738e-14
110			4.9738e-14
111			6.39488e-14
112			6.03961e-14
113			5.50671e-14
114			5.32907e-14
115			4.9738e-14
116			6.03961e-14
117			5.32907e-14
118			4.9738e-14
119			5.68434e-14
120			5.68434e-14
121			7.10543e-14
122			7.81597e-14
123			7.81597e-14
124			8.17124e-14
125			7.81597e-14
126			9.9476e-14
127			9.23706e-14
128			9.9476e-14
129			8.88178e-14
130			8.52651e-14
131			1.10134e-13
132			1.10134e-13
133			1.10134e-13
134			1.06581e-13
135			1.13687e-13
136			1.27898e-13
137			1.3145e-13
138			1.3145e-13
139			1.3145e-13
140			1.27898e-13
141			1.45661e-13
142			1.49214e-13
143			1.42109e-13
144			1.42109e-13
145			1.42109e-13
146			1.59872e-13
147			1.56319e-13
148			1.49214e-13
149			1.52767e-13
150			1.42109e-13
151			1.63425e-13
152			1.49214e-13
153			1.56319e-13
154			1.63425e-13
155			1.56319e-13
156			1.81188e-13
157			1.81188e-13
158			1.81188e-13
159			1.77636e-13
160			1.84741e-13
161			1.98952e-13
162			1.91847e-13
163			1.91847e-13
164			2.34479e-13
165			1.98952e-13
166			2.27374e-13
167			1.98952e-13
168			2.13163e-13
169			2.34479e-13
170			2.13163e-13
171			2.20268e-13
172			2.06057e-13
173			2.20268e-13
174			2.34479e-13
175			2.13163e-13
176			2.34479e-13
177			1.98952e-13
178			2.27374e-13
179			2.41585e-13
180			2.13163e-13
181			2.34479e-13
182			1.91847e-13
183			2.20268e-13
184			2.27374e-13
185			1.98952e-13
186			1.98952e-13
187			1.77636e-13
188			1.98952e-13
189			2.20268e-13
190			1.98952e-13
191			2.13163e-13
192			2.27374e-13
193			1.98952e-13
194			2.34479e-13
195			1.98952e-13
196			2.27374e-13
197			2.34479e-13
198			2.20268e-13
199			2.41585e-13
200			1.98952e-13
201			2.20268e-13
202			2.62901e-13
203			2.13163e-13
204			2.27374e-13
205			1.98952e-13
206			2.34479e-13
207			2.41585e-13
208			2.06057e-13
209			2.34479e-13
210			1.98952e-13
211			1.98952e-13
212			2.20268e-13
213			1.98952e-13
214			2.20268e-13
215			1.7053e-13
216			1.84741e-13
217			1.98952e-13
218			1.7053e-13
219			1.77636e-13
220			1.42109e-13
221			1.7053e-13
222			1.98952e-13
223			1.35003e-13
224			1.56319e-13
225			1.13687e-13
226			1.35003e-13
227			1.56319e-13
228			1.27898e-13
229			1.42109e-13
230			1.13687e-13
231			1.27898e-13
232			1.56319e-13
233			9.9476e-14
234			1.27898e-13
235			1.13687e-13
236			1.13687e-13
237			1.56319e-13
238			1.13687e-13
239			1.56319e-13
240			8.52651e-14
241			9.9476e-14
242			1.13687e-13
243			8.52651e-14
244			1.13687e-13
245			5.68434e-14
246			8.52651e-14
247			1.13687e-13
248			7.10543e-14
249			7.10543e-14
250			2.84217e-14
251			7.10543e-14
252			8.52651e-14
253			1.42109e-14
254			2.84217e-14
255			0
256			2.84217e-14
257			1.42109e-14
258			4.26326e-14
259			1.42109e-14
260			5.68434e-14
261			5.68434e-14
262			1.42109e-14
263			5.68434e-14
264			1.42109e-14
265			5.68434e-14
266			1.42109e-14
267			2.84217e-14
268			8.52651e-14
269			5.68434e-14
270			1.13687e-13
271			8.52651e-14
272			5.68434e-14
273			7.10543e-14
274			4.26326e-14
275			1.13687e-13
276			9.9476e-14
277			8.52651e-14
278			1.56319e-13
279			1.42109e-13
280			1.7053e-13
281			1.13687e-13
282			9.9476e-14
283			1.84741e-13
284			1.42109e-13
285			2.27374e-13
286			2.27374e-13
287			1.84741e-13
288			2.27374e-13
289			1.84741e-13
290			2.27374e-13
291			2.41585e-13
292			2.13163e-13
293			3.12639e-13
294			2.84217e-13
295			3.41061e-13
296			3.12639e-13
297			2.84217e-13
298			2.98428e-13
299			3.2685e-13
300			3.97904e-13
301			3.83693e-13
302			3.69482e-13
303			4.40536e-13
304			4.26326e-13
305			4.54747e-13
306			3.97904e-13
307			4.40536e-13
308			4.83169e-13
309			4.83169e-13
310			5.68434e-13
311			5.68434e-13
312			5.25802e-13
313			5.68434e-13
314			5.25802e-13
315			5.68434e-13
316			5.82645e-13
317			5.54223e-13
318			6.53699e-13
319			6.25278e-13
320			6.82121e-13
321			6.53699e-13
322			6.25278e-13
323			5.96856e-13
324			7.10543e-13
325			7.38964e-13
326			7.67386e-13
327			7.10543e-13
328			6.53699e-13
329			8.52651e-13
330			7.95808e-13
331			7.38964e-13
332			7.38964e-13
333			7.38964e-13
334			9.09495e-13
335			9.09495e-13
336			9.09495e-13
337			8.2423e-13
338			8.2423e-13
339			9.9476e-13
340			9.66338e-13
341			9.37916e-13
342			9.9476e-13
343			9.66338e-13
344			1.10845e-12
345			1.08002e-12
346			1.0516e-12
347			1.02318e-12
348			9.9476e-13
349			1.10845e-12
350			1.13687e-12
351			1.16529e-12
352			1.10845e-12
353			1.0516e-12
354			1.25056e-12
355			1.19371e-12
356			1.13687e-12
357			1.13687e-12
358			1.13687e-12
359			1.3074e-12
360			1.3074e-12
361			1.3074e-12
362			1.22213e-12
363			1.22213e-12
364			1.39266e-12
365			1.36424e-12
366			1.33582e-12
367			1.39266e-12
368			1.36424e-12
369			1.50635e-12
370			1.47793e-12
371			1.50635e-12
372			1.47793e-12
373			1.42109e-12
374			1.56319e-12
375			1.59162e-12
376			1.47793e-12
377			1.50635e-12
378			1.50635e-12
379			1.7053e-12
380			1.7053e-12
381			1.64846e-12
382			1.64846e-12
383			1.59162e-12
384			1.59162e-12
385			1.81899e-12
386			1.81899e-12
387			1.79057e-12
388			1.79057e-12
389			1.76215e-12
390			1.93268e-12
391			1.90425e-12
392			1.81899e-12
393			1.87583e-12
394			1.90425e-12
395			2.04636e-12
396			2.07478e-12
397			2.04636e-12
398			1.98952e-12
399			1.9611e-12
400			2.16005e-12
401			2.04636e-12
402			2.07478e-12
403			2.07478e-12
404			2.01794e-12
405			2.27374e-12
406			2.21689e-12
407			2.21689e-12
408			2.16005e-12
409			2.16005e-12
410			2.38742e-12
411			2.38742e-12
412			2.359e-12
413			2.359e-12
414			2.33058e-12
415			2.50111e-12
416			2.47269e-12
417			2.38742e-12
418			2.359e-12
419			2.38742e-12
420			2.6148e-12
421			2.64322e-12
422			2.6148e-12
423			2.55795e-12
424			2.52953e-12
425			2.72848e-12
426			2.72848e-12
427			2.75691e-12
428			2.75691e-12
429			2.70006e-12
430			2.95586e-12
431			2.89901e-12
432			2.89901e-12
433			2.84217e-12
434			2.84217e-12
435			3.06954e-12
436			3.06954e-12
437			3.04112e-12
438			3.04112e-12
439			3.0127e-12
440			3.18323e-12
441			3.15481e-12
442			3.06954e-12
443			3.04112e-12
444			3.06954e-12
445			3.29692e-12
446			3.32534e-12
447			3.29692e-12
448			3.24007e-12
449			3.21165e-12
450			3.41061e-12
451			3.41061e-12
452			3.43903e-12
453			3.35376e-12
454			3.46745e-12
455			3.63798e-12
456			3.58114e-12
457			3.58114e-12
458			3.52429e-12
459			3.52429e-12
460			3.75167e-12
461			3.75167e-12
462			3.80851e-12
463			3.63798e-12
464			3.69482e-12
465			3.86535e-12
466			3.9222e-12
467			3.75167e-12
468			3.80851e-12
469			3.75167e-12
470			3.97904e-12
471			3.9222e-12
472			3.97904e-12
473			3.9222e-12
474			3.80851e-12
475			4.09273e-12
476			4.09273e-12
477			4.03588e-12
478			4.03588e-12
479			3.97904e-12
480			4.3201e-12
481			4.26326e-12
482			4.26326e-12
483			4.20641e-12
484			4.20641e-12
485			4.43379e-12
486			4.43379e-12
487			4.49063e-12
488			4.3201e-12
489			4.37694e-12
490			4.54747e-12
491			4.60432e-12
492			4.54747e-12
493			4.60432e-12
494			4.54747e-12
495			4.77485e-12
496			4.718e-12
497			4.77485e-12
498			4.718e-12
499			4.60432e-12
500			4.88853e-12
501			4.88853e-12
502			4.83169e-12
503			4.83169e-12
504			4.77485e-12
505			5.11591e-12
506			5.05906e-12
507			5.05906e-12
508			5.00222e-12
509			5.00222e-12
510			5.22959e-12
511			5.22959e-12
512			5.11591e-12
513			5.11591e-12
514			5.17275e-12
515			5.34328e-12
516			5.40012e-12
517			5.34328e-12
518			5.40012e-12
519			5.34328e-12
520			5.57066e-12
521			5.51381e-12
522			5.57066e-12
523			5.40012e-12
524			5.28644e-12
525			5.68434e-12
526			5.68434e-12
527			5.6275e-12
528			5.51381e-12
529			5.57066e-12
530			5.91172e-12
531			5.85487e-12
532			5.74119e-12
533			5.79803e-12
534			5.79803e-12
535			5.91172e-12
536			6.0254e-12
537			5.91172e-12
538			5.91172e-12
539			5.85487e-12
540			6.13909e-12
541			6.19593e-12
542			6.0254e-12
543			6.19593e-12
544			6.13909e-12
545			6.36646e-12
546			6.19593e-12
547			6.36646e-12
548			6.30962e-12
549			6.19593e-12
550			6.59384e-12
551			6.59384e-12
552			6.53699e-12
553			6.42331e-12
554			6.48015e-12
555			6.82121e-12
556			6.76437e-12
557			6.65068e-12
558			6.70752e-12
559			6.53699e-12
560			6.82121e-12
561			6.9349e-12
562			6.82121e-12
563			6.82121e-12
564			6.76437e-12
565			7.04858e-12
566			7.10543e-12
567			6.9349e-12
568			6.9349e-12
569			7.04858e-12
570			7.27596e-12
571			7.10543e-12
572			7.27596e-12
573			7.21911e-12
574			7.10543e-12
575			7.50333e-12
576			7.50333e-12
577			7.44649e-12
578			7.3328e-12
579			7.38964e-12
580			7.7307e-12
581			7.67386e-12
582			7.78755e-12
583			7.84439e-12
584			7.67386e-12
585			7.95808e-12
586			8.07177e-12
587			7.95808e-12
588			7.95808e-12
589			7.90124e-12
590			8.18545e-12
591			8.2423e-12
592			8.07177e-12
593			8.07177e-12
594			8.18545e-12
595			8.41283e-12
596			8.2423e-12
597			8.41283e-12
598			8.35598e-12
599			8.2423e-12
600			8.6402e-12
601			8.6402e-12
602			8.58336e-12
603			8.46967e-12
604			8.52651e-12
605			8.86757e-12
606			8.81073e-12
607			8.92442e-12
608			8.98126e-12
609			8.81073e-12
610			9.09495e-12
611			9.20863e-12
612			9.09495e-12
613			9.09495e-12
614			9.0381e-12
615			9.32232e-12
616			9.20863e-12
617			9.20863e-12
618			9.20863e-12
619			9.32232e-12
620			9.54969e-12
621			9.37916e-12
622			9.54969e-12
623			9.49285e-12
624			9.37916e-12
625			9.77707e-12
626			9.77707e-12
627			9.72022e-12
628			9.60654e-12
629			9.66338e-12
630			1.00044e-11
631			9.9476e-12
632			1.00613e-11
633			1.01181e-11
634			9.9476e-12
635			1.02318e-11
636			1.03455e-11
637			1.02318e-11
638			1.02318e-11
639			1.00044e-11
640			1.04592e-11
641			1.00044e-11
642			1.03455e-11
643			1.06866e-11
644			1.04592e-11
645			1.06866e-11
646			1.03455e-11
647			1.06866e-11
648			1.08002e-11
649			1.03455e-11
650			1.09139e-11
651			1.05729e-11
652			1.10276e-11
653			1.1255e-11
654			1.08002e-11
655			1.11413e-11
656			1.05729e-11
657			1.10276e-11
658			1.15961e-11
659			1.1255e-11
660			1.13687e-11
661			1.11413e-11
662			1.13687e-11
663			1.17097e-11
664			1.11413e-11
665			1.15961e-11
666			1.11413e-11
667			1.14824e-11
668			1.18234e-11
669			1.15961e-11
670			1.18234e-11
671			1.14824e-11
672			1.18234e-11
673			1.19371e-11
674			1.14824e-11
675			1.20508e-11
676			1.17097e-11
677			1.21645e-11
678			1.23919e-11
679			1.19371e-11
680			1.22782e-11
681			1.17097e-11
682			1.19371e-11
683			1.25056e-11
684			1.21645e-11
685			1.22782e-11
686			1.20508e-11
687			1.22782e-11
688			1.26192e-11
689			1.20508e-11
690			1.25056e-11
691			1.20508e-11
692			1.23919e-11
693			1.27329e-11
694			1.25056e-11
695			1.27329e-11
696			1.23919e-11
697			1.27329e-11
698			1.28466e-11
699			1.23919e-11
700			1.27329e-11
701			1.23919e-11
702			1.28466e-11
703			1.3074e-11
704			1.26192e-11
705			1.29603e-11
706			1.23919e-11
707			1.26192e-11
708			1.31877e-11
709			1.28466e-11
710			1.29603e-11
711			1.27329e-11
712			1.29603e-11
713			1.33014e-11
714			1.27329e-11
715			1.31877e-11
716			1.27329e-11
717			1.3074e-11
718			1.31877e-11
719			1.29603e-11
720			1.31877e-11
721			1.25056e-11
722			1.31877e-11
723			1.33014e-11
724			1.28466e-11
725			1.31877e-11
726			1.28466e-11
727			1.33014e-11
728			1.35287e-11
729			1.3074e-11
730			1.3415e-11
731			1.28466e-11
732			1.3074e-11
733			1.36424e-11
734			1.33014e-11
735			1.3415e-11
736			1.29603e-11
737			1.31877e-11
738			1.35287e-11
739			1.29603e-11
740			1.31877e-11
741			1.27329e-11
742			1.33014e-11
743			1.3415e-11
744			1.31877e-11
745			1.31877e-11
746			1.25056e-11
747			1.31877e-11
748			1.3074e-11
749			1.26192e-11
750			1.31877e-11
751			1.26192e-11
752			1.27329e-11
753			1.35287e-11
754			1.28466e-11
755			1.31877e-11
756			1.28466e-11
757			1.3074e-11
758			1.36424e-11
759			1.27329e-11
760			1.31877e-11
761			1.29603e-11
762			1.29603e-11
763			1.33014e-11
764			1.29603e-11
765			1.31877e-11
766			1.27329e-11
767			1.33014e-11
768			1.27329e-11
769			1.31877e-11
770			1.31877e-11
771			1.25056e-11
772			1.31877e-11
773			1.23919e-11
774			1.26192e-11
775			1.31877e-11
776			1.26192e-11
777			1.27329e-11
778			1.25056e-11
779			1.28466e-11
780			1.31877e-11
781			1.23919e-11
782			1.26192e-11
783			1.21645e-11
784			1.22782e-11
785			1.27329e-11
786			1.25056e-11
787			1.25056e-11
788			1.21645e-11
789			1.25056e-11
790			1.27329e-11
791			1.22782e-11
792			1.28466e-11
793			1.22782e-11
794			1.27329e-11
795			1.27329e-11
796			1.20508e-11
797			1.27329e-11
798			1.19371e-11
799			1.21645e-11
800			1.27329e-11
801			1.21645e-11
802			1.22782e-11
803			1.20508e-11
804			1.23919e-11
805			1.27329e-11
806			1.19371e-11
807			1.21645e-11
808			1.17097e-11
809			1.18234e-11
810			1.22782e-11
811			1.20508e-11
812			1.20508e-11
813			1.17097e-11
814			1.20508e-11
815			1.22782e-11
816			1.18234e-11
817			1.23919e-11
818			1.18234e-11
819			1.22782e-11
820			1.22782e-11
821			1.15961e-11
822			1.22782e-11
823			1.14824e-11
824			1.17097e-11
825			1.22782e-11
826			1.17097e-11
827			1.18234e-11
828			1.15961e-11
829			1.19371e-11
830			1.22782e-11
831			1.14824e-11
832			1.17097e-11
833			1.1255e-11
834			1.13687e-11
835			1.18234e-11
836			1.1255e-11
837			1.15961e-11
838			1.09139e-11
839			1.15961e-11
840			1.18234e-11
841			1.13687e-11
842			1.14824e-11
843			1.09139e-11
844			1.13687e-11
845			1.13687e-11
846			1.06866e-11
847			1.13687e-11
848			1.05729e-11
849			1.08002e-11
850			1.13687e-11
851			1.08002e-11
852			1.09139e-11
853			1.06866e-11
854			1.10276e-11
855			1.13687e-11
856			1.05729e-11
857			1.08002e-11
858			1.03455e-11
859			1.04592e-11
860			1.09139e-11
861			1.03455e-11
862			1.06866e-11
863			1.00044e-11
864			1.06866e-11
865			1.09139e-11
866			1.04592e-11
867			1.05729e-11
868			1.00044e-11
869			1.04592e-11
870			1.04592e-11
871			9.77707e-12
872			1.04592e-11
873			9.66338e-12
874			9.89075e-12
875			1.04592e-11
876			9.89075e-12
877			1.00044e-11
878			9.32232e-12
879			9.66338e-12
880			1.00044e-11
881			9.20863e-12
882			9.43601e-12
883			8.98126e-12
884			9.09495e-12
885			9.54969e-12
886			8.98126e-12
887			9.32232e-12
888			8.6402e-12
889			9.32232e-12
890			9.54969e-12
891			9.09495e-12
892			9.20863e-12
893			8.6402e-12
894			9.09495e-12
895			9.09495e-12
896			8.41283e-12
897			9.09495e-12
898			8.29914e-12
899			8.52651e-12
900			9.09495e-12
901			8.52651e-12
902			8.6402e-12
903			7.95808e-12
904			8.29914e-12
905			8.6402e-12
906			7.50333e-12
907			8.41283e-12
908			7.95808e-12
909			7.7307e-12
910			8.18545e-12
911			7.95808e-12
912			7.95808e-12
913			7.27596e-12
914			7.50333e-12
915			7.7307e-12
916			7.27596e-12
917			7.04858e-12
918			6.82121e-12
919			7.27596e-12
920			7.27596e-12
921			6.59384e-12
922			7.27596e-12
923			6.13909e-12
924			7.04858e-12
925			7.27596e-12
926			6.36646e-12
927			6.82121e-12
928			6.13909e-12
929			6.13909e-12
930			6.82121e-12
931			5.68434e-12
932			6.59384e-12
933			6.13909e-12
934			5.91172e-12
935			6.36646e-12
936			6.13909e-12
937			6.13909e-12
938			5.45697e-12
939			5.68434e-12
940			5.91172e-12
941			5.45697e-12
942			5.22959e-12
943			5.00222e-12
944			5.45697e-12
945			5.45697e-12
946			4.77485e-12
947			5.45697e-12
948			4.3201e-12
949			5.22959e-12
950			5.00222e-12
951			4.09273e-12
952			4.54747e-12
953			3.86535e-12
954			3.86535e-12
955			4.54747e-12
956			3.41061e-12
957			4.3201e-12
958			3.18323e-12
959			3.63798e-12
960			4.09273e-12
961			3.86535e-12
962			3.86535e-12
963			3.18323e-12
964			3.41061e-12
965			3.63798e-12
966			3.18323e-12
967			2.95586e-12
968			2.72848e-12
969			3.18323e-12
970			3.18323e-12
971			2.50111e-12
972			3.18323e-12
973			2.04636e-12
974			2.95586e-12
975			2.72848e-12
976			1.81899e-12
977			2.27374e-12
978			1.59162e-12
979			1.59162e-12
980			2.27374e-12
981			1.13687e-12
982			2.04636e-12
983			9.09495e-13
984			1.36424e-12
985			1.81899e-12
986			1.59162e-12
987			1.59162e-12
988			9.09495e-13
989			1.13687e-12
990			1.36424e-12
991			9.09495e-13
992			6.82121e-13
993			4.54747e-13
994			9.09495e-13
995			9.09495e-13
996			2.27374e-13
997			9.09495e-13
998			2.27374e-13
999			0
1000			4.54747e-13
1001			4.54747e-13
1002			0
1003			6.82121e-13
1004			6.82121e-13
1005			0
1006			1.13687e-12
1007			2.27374e-13
1008			1.36424e-12
1009			9.09495e-13
1010			4.54747e-13
1011			1.13687e-12
1012			1.13687e-12
1013			1.81899e-12
1014			1.59162e-12
1015			1.36424e-12
1016			1.81899e-12
1017			2.04636e-12
1018			2.27374e-12
1019			1.81899e-12
1020			1.81899e-12
1021			2.50111e-12
1022			1.81899e-12
1023			2.95586e-12
1024			2.72848e-12
1025			2.27374e-12
1026			3.18323e-12
1027			2.72848e-12
1028			3.41061e-12
1029			3.41061e-12
1030			2.72848e-12
1031			3.86535e-12
1032			2.95586e-12
1033			4.09273e-12
1034			3.63798e-12
1035			3.18323e-12
1036			3.86535e-12
1037			3.86535e-12
1038			4.54747e-12
1039			4.3201e-12
1040			4.09273e-12
1041			4.54747e-12
1042			4.77485e-12
1043			5.00222e-12
1044			4.54747e-12
1045			4.54747e-12
1046			5.68434e-12
1047			5.00222e-12
1048			6.13909e-12
1049			6.36646e-12
1050			5.45697e-12
1051			6.36646e-12
1052			6.36646e-12
1053			6.59384e-12
1054			6.59384e-12
1055			6.36646e-12
1056			7.04858e-12
1057			6.13909e-12
1058			7.7307e-12
1059			6.82121e-12
1060			6.36646e-12
1061			7.04858e-12
1062			6.59384e-12
1063			7.27596e-12
1064			7.04858e-12
1065			7.27596e-12
1066			7.7307e-12
1067			7.95808e-12
1068			8.6402e-12
1069			8.18545e-12
1070			8.18545e-12
1071			9.32232e-12
1072			8.6402e-12
1073			9.77707e-12
1074			1.00044e-11
1075			9.09495e-12
1076			1.00044e-11
1077			1.00044e-11
1078			1.02318e-11
1079			1.02318e-11
1080			1.00044e-11
1081			1.06866e-11
1082			9.77707e-12
1083			1.13687e-11
1084			1.04592e-11
1085			1.00044e-11
1086			1.06866e-11
1087			1.02318e-11
1088			1.09139e-11
1089			1.06866e-11
1090			1.09139e-11
1091			1.13687e-11
1092			1.15961e-11
1093			1.22782e-11
1094			1.18234e-11
1095			1.18234e-11
1096			1.29603e-11
1097			1.22782e-11
1098			1.3415e-11
1099			1.36424e-11
1100			1.27329e-11
1101			1.36424e-11
1102			1.36424e-11
1103			1.38698e-11
1104			1.38698e-11
1105			1.36424e-11
1106			1.43245e-11
1107			1.3415e-11
1108			1.50067e-11
1109			1.40972e-11
1110			1.36424e-11
1111			1.50067e-11
1112			1.38698e-11
1113			1.45519e-11
1114			1.43245e-11
1115			1.45519e-11
1116			1.50067e-11
1117			1.5234e-11
1118			1.65983e-11
1119			1.54614e-11
1120			1.54614e-11
1121			1.65983e-11
1122			1.59162e-11
1123			1.7053e-11
1124			1.72804e-11
1125			1.63709e-11
1126			1.72804e-11
1127			1.72804e-11
1128			1.75078e-11
1129			1.75078e-11
1130			1.72804e-11
1131			1.79625e-11
1132			1.7053e-11
1133			1.86446e-11
1134			1.77351e-11
1135			1.72804e-11
1136			1.86446e-11
1137			1.75078e-11
1138			1.81899e-11
1139			1.79625e-11
1140			1.81899e-11
1141			1.86446e-11
1142			1.8872e-11
1143			2.02363e-11
1144			1.90994e-11
1145			1.90994e-11
1146			2.02363e-11
1147			1.95541e-11
1148			2.0691e-11
1149			2.09184e-11
1150			2.00089e-11
1151			2.09184e-11
1152			2.09184e-11
1153			2.11458e-11
1154			2.11458e-11
1155			2.09184e-11
1156			2.16005e-11
1157			2.0691e-11
1158			2.22826e-11
1159			2.13731e-11
1160			2.09184e-11
1161			2.22826e-11
1162			2.20552e-11
1163			2.27374e-11
1164			2.251e-11
1165			2.27374e-11
1166			2.31921e-11
1167			2.34195e-11
1168			2.47837e-11
1169			2.36469e-11
1170			2.36469e-11
1171			2.47837e-11
1172			2.41016e-11
1173			2.52385e-11
1174			2.54659e-11
1175			2.45564e-11
1176			2.54659e-11
1177			2.54659e-11
1178			2.56932e-11
1179			2.56932e-11
1180			2.54659e-11
1181			2.6148e-11
1182			2.52385e-11
1183			2.68301e-11
1184			2.59206e-11
1185			2.54659e-11
1186			2.68301e-11
1187			2.66027e-11
1188			2.72848e-11
1189			2.70575e-11
1190			2.72848e-11
1191			2.77396e-11
1192			2.7967e-11
1193			2.93312e-11
1194			2.81943e-11
1195			2.81943e-11
1196			2.93312e-11
1197			2.86491e-11
1198			2.9786e-11
1199			3.00133e-11
1200			2.91038e-11
1201			3.00133e-11
1202			3.00133e-11
1203			3.02407e-11
1204			3.02407e-11
1205			3.00133e-11
1206			3.06954e-11
1207			2.9786e-11
1208			3.13776e-11
1209			3.04681e-11
1210			3.00133e-11
1211			3.13776e-11
1212			3.11502e-11
1213			3.18323e-11
1214			3.16049e-11
1215			3.18323e-11
1216			3.22871e-11
1217			3.25144e-11
1218			3.38787e-11
1219			3.27418e-11
1220			3.27418e-11
1221			3.38787e-11
1222			3.31966e-11
1223			3.43334e-11
1224			3.45608e-11
1225			3.36513e-11
1226			3.45608e-11
1227			3.45608e-11
1228			3.47882e-11
1229			3.47882e-11
1230			3.45608e-11
1231			3.52429e-11
1232			3.50155e-11
1233			3.5925e-11
1234			3.5925e-11
1235			3.54703e-11
1236			3.68345e-11
1237			3.66072e-11
1238			3.72893e-11
1239			3.70619e-11
1240			3.72893e-11
1241			3.7744e-11
1242			3.79714e-11
1243			3.93356e-11
1244			3.81988e-11
1245			3.81988e-11
1246			3.93356e-11
1247			3.86535e-11
1248			3.97904e-11
1249			4.00178e-11
1250			3.91083e-11
1251			4.00178e-11
1252			4.00178e-11
1253			4.02451e-11
1254			4.02451e-11
1255			4.00178e-11
1256			4.06999e-11
1257			4.04725e-11
1258			4.1382e-11
1259			4.1382e-11
1260			4.09273e-11
1261			4.22915e-11
1262			4.20641e-11
1263			4.27463e-11
1264			4.25189e-11
1265			4.27463e-11
1266			4.3201e-11
1267			4.34284e-11
1268			4.47926e-11
1269			4.36557e-11
1270			4.36557e-11
1271			4.47926e-11
1272			4.41105e-11
1273			4.52474e-11
1274			4.54747e-11
1275			4.45652e-11
1276			4.54747e-11
1277			4.54747e-11
1278			4.63842e-11
1279			4.57021e-11
1280			4.54747e-11
1281			4.41105e-11
1282			4.72937e-11
1283			4.6839e-11
1284			4.6839e-11
1285			4.63842e-11
1286			4.63842e-11
1287			4.95675e-11
1288			4.82032e-11
1289			4.8658e-11
1290			4.82032e-11
1291			4.72937e-11
1292			4.95675e-11
1293			4.95675e-11
1294			4.91127e-11
1295			4.91127e-11
1296			4.95675e-11
1297			5.09317e-11
1298			5.13865e-11
1299			5.09317e-11
1300			5.00222e-11
1301			4.95675e-11
1302			5.22959e-11
1303			5.18412e-11
1304			5.0477e-11
1305			5.09317e-11
1306			4.95675e-11
1307			5.27507e-11
1308			5.22959e-11
1309			5.22959e-11
1310			5.18412e-11
1311			5.18412e-11
1312			5.50244e-11
1313			5.36602e-11
1314			5.41149e-11
1315			5.36602e-11
1316			5.27507e-11
1317			5.50244e-11
1318			5.50244e-11
1319			5.45697e-11
1320			5.45697e-11
1321			5.50244e-11
1322			5.63887e-11
1323			5.68434e-11
1324			5.63887e-11
1325			5.54792e-11
1326			5.50244e-11
1327			5.77529e-11
1328			5.72982e-11
1329			5.59339e-11
1330			5.63887e-11
1331			5.59339e-11
1332			5.91172e-11
1333			5.86624e-11
1334			5.86624e-11
1335			5.82077e-11
1336			5.82077e-11
1337			6.13909e-11
1338			6.00267e-11
1339			6.04814e-11
1340			6.00267e-11
1341			5.91172e-11
1342			6.13909e-11
1343			6.13909e-11
1344			6.09361e-11
1345			6.09361e-11
1346			6.13909e-11
1347			6.27551e-11
1348			6.32099e-11
1349			6.27551e-11
1350			6.18456e-11
1351			6.13909e-11
1352			6.41194e-11
1353			6.36646e-11
1354			6.23004e-11
1355			6.27551e-11
1356			6.23004e-11
1357			6.54836e-11
1358			6.50289e-11
1359			6.50289e-11
1360			6.45741e-11
1361			6.45741e-11
1362			6.77574e-11
1363			6.63931e-11
1364			6.68479e-11
1365			6.63931e-11
1366			6.54836e-11
1367			6.77574e-11
1368			6.77574e-11
1369			6.73026e-11
1370			6.73026e-11
1371			6.77574e-11
1372			6.91216e-11
1373			6.95763e-11
1374			6.91216e-11
1375			6.82121e-11
1376			6.77574e-11
1377			7.04858e-11
1378			7.00311e-11
1379			6.86668e-11
1380			6.91216e-11
1381			6.86668e-11
1382			7.18501e-11
1383			7.13953e-11
1384			7.13953e-11
1385			7.09406e-11
1386			7.09406e-11
1387			7.41238e-11
1388			7.27596e-11
1389			7.32143e-11
1390			7.27596e-11
1391			7.18501e-11
1392			7.41238e-11
1393			7.41238e-11
1394			7.36691e-11
1395			7.36691e-11
1396			7.41238e-11
1397			7.54881e-11
1398			7.59428e-11
1399			7.54881e-11
1400			7.45786e-11
1401			7.41238e-11
1402			7.68523e-11
1403			7.7307e-11
1404			7.59428e-11
1405			7.63976e-11
1406			7.59428e-11
1407			7.9126e-11
1408			7.86713e-11
1409			7.86713e-11
1410			7.82165e-11
1411			7.82165e-11
1412			8.13998e-11
1413			8.00355e-11
1414			8.04903e-11
1415			8.00355e-11
1416			7.9126e-11
1417			8.13998e-11
1418			8.13998e-11
1419			8.0945e-11
1420			8.0945e-11
1421			8.13998e-11
1422			8.2764e-11
1423			8.32188e-11
1424			8.2764e-11
1425			8.18545e-11
1426			8.13998e-11
1427			8.41283e-11
1428			8.4583e-11
1429			8.32188e-11
1430			8.36735e-11
1431			8.32188e-11
1432			8.6402e-11
1433			8.59472e-11
1434			8.59472e-11
1435			8.54925e-11
1436			8.54925e-11
1437			8.86757e-11
1438			8.73115e-11
1439			8.77662e-11
1440			8.73115e-11
1441			8.6402e-11
1442			9.004e-11
1443			8.86757e-11
1444			8.8221e-11
1445			8.8221e-11
1446			8.86757e-11
1447			9.004e-11
1448			9.04947e-11
1449			9.004e-11
1450			8.91305e-11
1451			8.86757e-11
1452			9.14042e-11
1453			9.1859e-11
1454			9.04947e-11
1455			9.09495e-11
1456			9.04947e-11
1457			9.3678e-11
1458			9.32232e-11
1459			9.32232e-11
1460			9.27685e-11
1461			9.27685e-11
1462			9.59517e-11
1463			9.45874e-11
1464			9.50422e-11
1465			9.45874e-11
1466			9.3678e-11
1467			9.73159e-11
1468			9.59517e-11
1469			9.54969e-11
1470			9.54969e-11
1471			9.59517e-11
1472			9.73159e-11
1473			9.77707e-11
1474			9.73159e-11
1475			9.64064e-11
1476			9.59517e-11
1477			9.86802e-11
1478			9.91349e-11
1479			1.00044e-10
1480			9.82254e-11
1481			9.68612e-11
1482			1.00044e-10
1483			9.95897e-11
1484			9.95897e-11
1485			1.00044e-10
1486			9.91349e-11
1487			1.01409e-10
1488			1.00044e-10
1489			1.00499e-10
1490			1.00044e-10
1491			1.00044e-10
1492			1.04592e-10
1493			1.02318e-10
1494			1.01863e-10
1495			1.01863e-10
1496			1.02318e-10
1497			1.04592e-10
1498			1.05956e-10
1499			1.04592e-10
1500			1.03682e-10
1501			1.03228e-10
1502			1.05956e-10
1503			1.06411e-10
1504			1.0732e-10
1505			1.05501e-10
1506			1.04137e-10
1507			1.0732e-10
1508			1.06866e-10
1509			1.06866e-10
1510			1.0732e-10
1511			1.06411e-10
1512			1.08685e-10
1513			1.0732e-10
1514			1.07775e-10
1515			1.0732e-10
1516			1.0732e-10
1517			1.11868e-10
1518			1.10958e-10
1519			1.09139e-10
1520			1.09139e-10
1521			1.09594e-10
1522			1.11868e-10
1523			1.13232e-10
1524			1.11868e-10
1525			1.10958e-10
1526			1.10504e-10
1527			1.13232e-10
1528			1.13687e-10
1529			1.14596e-10
1530			1.12777e-10
1531			1.11413e-10
1532			1.14596e-10
1533			1.14142e-10
1534			1.14142e-10
1535			1.14596e-10
1536			1.18234e-10
1537			1.1778e-10
1538			1.16415e-10
1539			1.1687e-10
1540			1.16415e-10
1541			1.20508e-10
1542			1.20963e-10
1543			1.20053e-10
1544			1.18234e-10
1545			1.18234e-10
1546			1.21418e-10
1547			1.20963e-10
1548			1.22327e-10
1549			1.20963e-10
1550			1.20053e-10
1551			1.22327e-10
1552			1.22327e-10
1553			1.22782e-10
1554			1.23691e-10
1555			1.21872e-10
1556			1.24601e-10
1557			1.23691e-10
1558			1.23237e-10
1559			1.23237e-10
1560			1.23691e-10
1561			1.27329e-10
1562			1.26875e-10
1563			1.2551e-10
1564			1.25965e-10
1565			1.2551e-10
1566			1.29603e-10
1567			1.30058e-10
1568			1.29148e-10
1569			1.27329e-10
1570			1.27329e-10
1571			1.30512e-10
1572			1.30058e-10
1573			1.31422e-10
1574			1.30058e-10
1575			1.29148e-10
1576			1.31422e-10
1577			1.31422e-10
1578			1.31877e-10
1579			1.32786e-10
1580			1.30967e-10
1581			1.33696e-10
1582			1.32786e-10
1583			1.32331e-10
1584			1.32331e-10
1585			1.32786e-10
1586			1.36424e-10
1587			1.35969e-10
1588			1.34605e-10
1589			1.3506e-10
1590			1.34605e-10
1591			1.38698e-10
1592			1.39153e-10
1593			1.38243e-10
1594			1.36424e-10
1595			1.36424e-10
1596			1.39607e-10
1597			1.39153e-10
1598			1.40517e-10
1599			1.39153e-10
1600			1.38243e-10
1601			1.40517e-10
1602			1.40517e-10
1603			1.40972e-10
1604			1.41881e-10
1605			1.40062e-10
1606			1.42791e-10
1607			1.41881e-10
1608			1.41426e-10
1609			1.41426e-10
1610			1.41881e-10
1611			1.45519e-10
1612			1.45064e-10
1613			1.437e-10
1614			1.44155e-10
1615			1.437e-10
1616			1.47793e-10
1617			1.48248e-10
1618			1.47338e-10
1619			1.45519e-10
1620			1.45519e-10
1621			1.48702e-10
1622			1.48248e-10
1623			1.49612e-10
1624			1.48248e-10
1625			1.47338e-10
1626			1.49612e-10
1627			1.49612e-10
1628			1.50067e-10
1629			1.50976e-10
1630			1.49157e-10
1631			1.51886e-10
1632			1.50976e-10
1633			1.50521e-10
1634			1.50521e-10
1635			1.50976e-10
1636			1.54614e-10
1637			1.54159e-10
1638			1.52795e-10
1639			1.5325e-10
1640			1.52795e-10
1641			1.56888e-10
1642			1.57343e-10
1643			1.56433e-10
1644			1.54614e-10
1645			1.54614e-10
1646			1.57797e-10
1647			1.58707e-10
1648			1.58707e-10
1649			1.57343e-10
1650			1.56433e-10
1651			1.60071e-10
1652			1.58707e-10
1653			1.59162e-10
1654			1.60071e-10
1655			1.58252e-10
1656			1.60981e-10
1657			1.60071e-10
1658			1.59616e-10
1659			1.59616e-10
1660			1.60071e-10
1661			1.63709e-10
1662			1.63254e-10
1663			1.6189e-10
1664			1.62345e-10
1665			1.6189e-10
1666			1.65983e-10
1667			1.66438e-10
1668			1.65528e-10
1669			1.63709e-10
1670			1.63709e-10
1671			1.66892e-10
1672			1.67802e-10
1673			1.67802e-10
1674			1.66438e-10
1675			1.65528e-10
1676			1.69166e-10
1677			1.67802e-10
1678			1.68257e-10
1679			1.69166e-10
1680			1.67347e-10
1681			1.70076e-10
1682			1.69166e-10
1683			1.68711e-10
1684			1.68711e-10
1685			1.69166e-10
1686			1.72804e-10
1687			1.72349e-10
1688			1.70985e-10
1689			1.7144e-10
1690			1.70985e-10
1691			1.75078e-10
1692			1.75532e-10
1693			1.74623e-10
1694			1.72804e-10
1695			1.72804e-10
1696			1.75987e-10
1697			1.76897e-10
1698			1.76897e-10
1699			1.75532e-10
1700			1.74623e-10
1701			1.78261e-10
1702			1.76897e-10
1703			1.77351e-10
1704			1.78261e-10
1705			1.78261e-10
1706			1.80989e-10
1707			1.8008e-10
1708			1.79625e-10
1709			1.79625e-10
1710			1.8008e-10
1711			1.83718e-10
1712			1.83263e-10
1713			1.81899e-10
1714			1.82354e-10
1715			1.81899e-10
1716			1.85992e-10
1717			1.86446e-10
1718			1.85537e-10
1719			1.83718e-10
1720			1.83718e-10
1721			1.86901e-10
1722			1.87811e-10
1723			1.87811e-10
1724			1.86446e-10
1725			1.85537e-10
1726			1.89175e-10
1727			1.87811e-10
1728			1.88265e-10
1729			1.89175e-10
1730			1.89175e-10
1731			1.91903e-10
1732			1.90994e-10
1733			1.90539e-10
1734			1.90539e-10
1735			1.90994e-10
1736			1.94632e-10
1737			1.94177e-10
1738			1.92813e-10
1739			1.93268e-10
1740			1.92813e-10
1741			1.96906e-10
1742			1.9736e-10
1743			1.96451e-10
1744			1.94632e-10
1745			1.94632e-10
1746			1.97815e-10
1747			1.98725e-10
1748			1.98725e-10
1749			1.9736e-10
1750			1.96451e-10
1751			2.00089e-10
1752			1.98725e-10
1753			1.99179e-10
1754			2.00089e-10
1755			2.00089e-10
1756			2.02817e-10
1757			2.01908e-10
1758			2.01453e-10
1759			2.01453e-10
1760			2.01908e-10
1761			2.05546e-10
1762			2.05091e-10
1763			2.03727e-10
1764			2.04182e-10
1765			2.03727e-10
1766			2.0782e-10
1767			2.08274e-10
1768			2.07365e-10
1769			2.05546e-10
1770			2.05546e-10
1771			2.08729e-10
1772			2.09639e-10
1773			2.09639e-10
1774			2.08274e-10
1775			2.07365e-10
1776			2.11003e-10
1777			2.09639e-10
1778			2.10093e-10
1779			2.11003e-10
1780			2.11003e-10
1781			2.13731e-10
1782			2.12822e-10
1783			2.12367e-10
1784			2.12367e-10
1785			2.12822e-10
1786			2.1646e-10
1787			2.16005e-10
1788			2.14641e-10
1789			2.15095e-10
1790			2.14641e-10
1791			2.18733e-10
1792			2.19188e-10
1793			2.18279e-10
1794			2.1646e-10
1795			2.1646e-10
1796			2.19643e-10
1797			2.20552e-10
1798			2.20552e-10
1799			2.19188e-10
1800			2.18279e-10
1801			2.21917e-10
1802			2.20552e-10
1803			2.21007e-10
1804			2.21917e-10
1805			2.21917e-10
1806			2.24645e-10
1807			2.23736e-10
1808			2.23281e-10
1809			2.23281e-10
1810			2.23736e-10
1811			2.27374e-10
1812			2.28283e-10
1813			2.25555e-10
1814			2.24645e-10
1815			2.25555e-10
1816			2.28283e-10
1817			2.30102e-10
1818			2.29193e-10
1819			2.27374e-10
1820			2.27374e-10
1821			2.31921e-10
1822			2.30102e-10
1823			2.30102e-10
1824			2.30102e-10
1825			2.29193e-10
1826			2.32831e-10
1827			2.32831e-10
1828			2.31921e-10
1829			2.32831e-10
1830			2.32831e-10
1831			2.35559e-10
1832			2.3465e-10
1833			2.35559e-10
1834			2.35559e-10
1835			2.3465e-10
1836			2.38288e-10
1837			2.39197e-10
1838			2.36469e-10
1839			2.35559e-10
1840			2.36469e-10
1841			2.39197e-10
1842			2.41016e-10
1843			2.40107e-10
1844			2.38288e-10
1845			2.38288e-10
1846			2.42835e-10
1847			2.41016e-10
1848			2.41016e-10
1849			2.41016e-10
1850			2.40107e-10
1851			2.43745e-10
1852			2.43745e-10
1853			2.42835e-10
1854			2.43745e-10
1855			2.43745e-10
1856			2.46473e-10
1857			2.45564e-10
1858			2.46473e-10
1859			2.46473e-10
1860			2.45564e-10
1861			2.49202e-10
1862			2.50111e-10
1863			2.47383e-10
1864			2.46473e-10
1865			2.47383e-10
1866			2.50111e-10
1867			2.5193e-10
1868			2.51021e-10
1869			2.49202e-10
1870			2.49202e-10
1871			2.53749e-10
1872			2.5193e-10
1873			2.5193e-10
1874			2.53749e-10
1875			2.5284e-10
1876			2.56478e-10
1877			2.56478e-10
1878			2.55568e-10
1879			2.56478e-10
1880			2.56478e-10
1881			2.59206e-10
1882			2.58296e-10
1883			2.59206e-10
1884			2.59206e-10
1885			2.58296e-10
1886			2.61934e-10
1887			2.62844e-10
1888			2.60115e-10
1889			2.59206e-10
1890			2.60115e-10
1891			2.65572e-10
1892			2.64663e-10
1893			2.63753e-10
1894			2.61934e-10
1895			2.61934e-10
1896			2.66482e-10
1897			2.64663e-10
1898			2.64663e-10
1899			2.66482e-10
1900			2.65572e-10
1901			2.6921e-10
1902			2.6921e-10
1903			2.68301e-10
1904			2.6921e-10
1905			2.6921e-10
1906			2.71939e-10
1907			2.71029e-10
1908			2.71939e-10
1909			2.71939e-10
1910			2.71029e-10
1911			2.74667e-10
1912			2.75577e-10
1913			2.72848e-10
1914			2.71939e-10
1915			2.72848e-10
1916			2.78305e-10
1917			2.77396e-10
1918			2.76486e-10
1919			2.74667e-10
1920			2.74667e-10
1921			2.79215e-10
1922			2.77396e-10
1923			2.77396e-10
1924			2.79215e-10
1925			2.78305e-10
1926			2.81943e-10
1927			2.81943e-10
1928			2.81034e-10
1929			2.81943e-10
1930			2.81943e-10
1931			2.84672e-10
1932			2.83762e-10
1933			2.84672e-10
1934			2.84672e-10
1935			2.83762e-10
1936			2.874e-10
1937			2.8831e-10
1938			2.85581e-10
1939			2.84672e-10
1940			2.85581e-10
1941			2.91038e-10
1942			2.90129e-10
1943			2.89219e-10
1944			2.874e-10
1945			2.874e-10
1946			2.91948e-10
1947			2.90129e-10
1948			2.90129e-10
1949			2.91948e-10
1950			2.91038e-10
1951			2.94676e-10
1952			2.94676e-10
1953			2.93767e-10
1954			2.94676e-10
1955			2.94676e-10
1956			2.97405e-10
1957			2.96495e-10
1958			2.97405e-10
1959			2.97405e-10
1960			2.96495e-10
1961			3.00133e-10
1962			3.01043e-10
1963			2.98314e-10
1964			2.97405e-10
1965			2.98314e-10
1966			3.03771e-10
1967			3.02862e-10
1968			3.01952e-10
1969			3.00133e-10
1970			3.00133e-10
1971			3.04681e-10
1972			3.02862e-10
1973			3.02862e-10
1974			3.04681e-10
1975			3.03771e-10
1976			3.07409e-10
1977			3.07409e-10
1978			3.065e-10
1979			3.07409e-10
1980			3.07409e-10
1981			3.10138e-10
1982			3.09228e-10
1983			3.10138e-10
1984			3.10138e-10
1985			3.09228e-10
1986			3.12866e-10
1987			3.13776e-10
1988			3.11047e-10
1989			3.10138e-10
1990			3.11047e-10
1991			3.16504e-10
1992			3.15595e-10
1993			3.14685e-10
1994			3.12866e-10
1995			3.12866e-10
1996			3.17414e-10
1997			3.15595e-10
1998			3.18323e-10
1999			3.17414e-10
