0			0
1			6.64616e-17
2			1.74773e-16
3			2.7452e-16
4			3.54426e-16
5			4.44089e-16
6			3.95083e-16
7			3.10516e-16
8			3.41741e-16
9			2.34188e-16
10			2.22045e-16
11			1.49186e-16
12			1.04083e-16
13			1.249e-16
14			8.32667e-17
15			0
16			8.32667e-17
17			5.55112e-17
18			2.498e-16
19			2.77556e-16
20			6.66134e-16
21			5.55112e-16
22			7.21645e-16
23			4.44089e-16
24			1.11022e-16
25			1.33227e-15
26			1.11022e-15
27			9.99201e-16
28			8.88178e-16
29			8.88178e-16
30			3.55271e-15
31			3.55271e-15
32			3.9968e-15
33			3.9968e-15
34			4.44089e-15
35			8.88178e-15
36			9.32587e-15
37			8.88178e-15
38			9.76996e-15
39			9.76996e-15
40			1.59872e-14
41			9.76996e-15
42			1.59872e-14
43			1.95399e-14
44			1.5099e-14
45			2.13163e-14
46			1.06581e-14
47			1.77636e-14
48			5.32907e-15
49			7.10543e-15
50			1.42109e-14
51			5.32907e-15
52			3.55271e-15
53			2.13163e-14
54			1.95399e-14
55			1.42109e-14
56			3.55271e-14
57			2.84217e-14
58			6.39488e-14
59			6.03961e-14
60			5.68434e-14
61			9.23706e-14
62			8.52651e-14
63			1.24345e-13
64			1.20792e-13
65			1.27898e-13
66			1.77636e-13
67			1.7053e-13
68			2.27374e-13
69			2.41585e-13
70			2.41585e-13
71			2.98428e-13
72			2.91323e-13
73			3.76588e-13
74			3.69482e-13
75			3.69482e-13
76			4.40536e-13
77			4.40536e-13
78			5.25802e-13
79			5.40012e-13
80			5.40012e-13
81			5.25802e-13
82			7.53175e-13
83			7.38964e-13
84			7.67386e-13
85			7.67386e-13
86			8.2423e-13
87			1.03739e-12
88			1.06581e-12
89			1.10845e-12
90			1.13687e-12
91			1.10845e-12
92			1.42109e-12
93			1.46372e-12
94			1.47793e-12
95			1.53477e-12
96			1.84741e-12
97			1.93268e-12
98			1.98952e-12
99			2.01794e-12
100			2.04636e-12
101			2.44427e-12
102			2.52953e-12
103			2.58638e-12
104			2.67164e-12
105			2.72848e-12
106			3.18323e-12
107			3.2685e-12
108			3.38218e-12
109			3.43903e-12
110			3.52429e-12
111			4.00746e-12
112			4.09273e-12
113			4.17799e-12
114			4.20641e-12
115			4.3201e-12
116			5.00222e-12
117			5.11591e-12
118			5.17275e-12
119			5.17275e-12
120			5.34328e-12
121			6.0254e-12
122			6.0254e-12
123			6.19593e-12
124			6.36646e-12
125			6.59384e-12
126			7.44649e-12
127			7.56017e-12
128			7.61702e-12
129			7.78755e-12
130			7.95808e-12
131			8.92442e-12
132			8.98126e-12
133			9.0381e-12
134			9.09495e-12
135			9.09495e-12
136			1.00044e-11
137			1.02318e-11
138			1.04592e-11
139			1.05729e-11
140			1.06866e-11
141			1.18234e-11
142			1.20508e-11
143			1.22782e-11
144			1.23919e-11
145			1.27329e-11
146			1.42109e-11
147			1.40972e-11
148			1.45519e-11
149			1.50067e-11
150			1.50067e-11
151			1.61435e-11
152			1.65983e-11
153			1.6712e-11
154			1.7053e-11
155			1.72804e-11
156			1.8872e-11
157			1.94404e-11
158			2.00089e-11
159			2.01226e-11
160			2.04636e-11
161			2.22826e-11
162			2.0691e-11
163			2.27374e-11
164			2.47837e-11
165			2.31921e-11
166			2.50111e-11
167			2.41016e-11
168			2.59206e-11
169			2.70575e-11
170			2.59206e-11
171			2.75122e-11
172			2.59206e-11
173			2.72848e-11
174			2.84217e-11
175			2.72848e-11
176			2.88765e-11
177			2.77396e-11
178			2.95586e-11
179			3.06954e-11
180			2.91038e-11
181			3.09228e-11
182			2.77396e-11
183			3.02407e-11
184			3.18323e-11
185			3.00133e-11
186			3.16049e-11
187			2.88765e-11
188			3.00133e-11
189			3.18323e-11
190			2.91038e-11
191			3.13776e-11
192			3.31966e-11
193			3.04681e-11
194			3.27418e-11
195			2.91038e-11
196			3.18323e-11
197			3.31966e-11
198			3.04681e-11
199			3.22871e-11
200			2.81943e-11
201			3.04681e-11
202			3.18323e-11
203			2.72848e-11
204			2.95586e-11
205			2.54659e-11
206			2.68301e-11
207			2.91038e-11
208			2.45564e-11
209			2.54659e-11
210			2.00089e-11
211			2.22826e-11
212			2.36469e-11
213			1.77351e-11
214			2.13731e-11
215			1.63709e-11
216			1.77351e-11
217			1.90994e-11
218			1.31877e-11
219			1.54614e-11
220			9.09495e-12
221			1.04592e-11
222			1.13687e-11
223			6.36646e-12
224			7.27596e-12
225			1.81899e-12
226			3.18323e-12
227			4.54747e-12
228			0
229			2.72848e-12
230			3.63798e-12
231			3.63798e-12
232			0
233			8.18545e-12
234			5.45697e-12
235			1.27329e-11
236			1.18234e-11
237			1.09139e-11
238			1.90994e-11
239			1.63709e-11
240			2.36469e-11
241			2.27374e-11
242			2.00089e-11
243			2.81943e-11
244			2.72848e-11
245			3.63798e-11
246			3.54703e-11
247			3.18323e-11
248			4.36557e-11
249			4.27463e-11
250			5.09317e-11
251			5.00222e-11
252			4.82032e-11
253			5.63887e-11
254			5.72982e-11
255			6.54836e-11
256			6.36646e-11
257			6.00267e-11
258			7.18501e-11
259			6.91216e-11
260			8.00355e-11
261			8.00355e-11
262			7.54881e-11
263			8.91305e-11
264			8.54925e-11
265			9.82254e-11
266			9.54969e-11
267			9.3678e-11
268			1.05501e-10
269			1.06411e-10
270			1.16415e-10
271			1.14596e-10
272			1.12777e-10
273			1.2551e-10
274			1.23691e-10
275			1.38243e-10
276			1.34605e-10
277			1.38243e-10
278			1.50976e-10
279			1.50976e-10
280			1.67347e-10
281			1.67347e-10
282			1.67347e-10
283			1.83718e-10
284			1.85537e-10
285			2.00089e-10
286			2.00089e-10
287			1.96451e-10
288			2.1646e-10
289			2.11003e-10
290			2.25555e-10
291			2.23736e-10
292			2.23736e-10
293			2.41926e-10
294			2.40107e-10
295			2.54659e-10
296			2.54659e-10
297			2.5284e-10
298			2.6921e-10
299			2.76486e-10
300			2.91038e-10
301			2.874e-10
302			2.874e-10
303			3.07409e-10
304			3.09228e-10
305			3.27418e-10
306			3.29237e-10
307			3.29237e-10
308			3.52884e-10
309			3.56522e-10
310			3.7835e-10
311			3.7835e-10
312			3.81988e-10
313			4.00178e-10
314			4.01997e-10
315			4.29281e-10
316			4.29281e-10
317			4.36557e-10
318			4.56566e-10
319			4.62023e-10
320			4.87489e-10
321			4.91127e-10
322			4.94765e-10
323			5.02041e-10
324			5.49335e-10
325			5.45697e-10
326			5.45697e-10
327			5.49335e-10
328			5.42059e-10
329			5.92991e-10
330			5.96629e-10
331			6.03904e-10
332			6.03904e-10
333			6.00267e-10
334			6.54836e-10
335			6.62112e-10
336			6.62112e-10
337			6.69388e-10
338			6.73026e-10
339			7.27596e-10
340			7.27596e-10
341			7.34872e-10
342			7.3851e-10
343			7.3851e-10
344			7.93079e-10
345			8.00355e-10
346			8.00355e-10
347			8.07631e-10
348			8.11269e-10
349			8.65839e-10
350			8.73115e-10
351			8.84029e-10
352			8.91305e-10
353			8.91305e-10
354			9.5315e-10
355			9.60426e-10
356			9.67702e-10
357			9.74978e-10
358			9.78616e-10
359			1.03319e-09
360			1.04774e-09
361			1.04774e-09
362			1.04774e-09
363			1.06593e-09
364			1.14233e-09
365			1.1496e-09
366			1.14596e-09
367			1.15688e-09
368			1.16415e-09
369			1.22964e-09
370			1.23691e-09
371			1.24419e-09
372			1.24055e-09
373			1.25146e-09
374			1.32786e-09
375			1.33878e-09
376			1.35333e-09
377			1.35697e-09
378			1.35333e-09
379			1.437e-09
380			1.44064e-09
381			1.43336e-09
382			1.44792e-09
383			1.44792e-09
384			1.46247e-09
385			1.5425e-09
386			1.54978e-09
387			1.5425e-09
388			1.55705e-09
389			1.57161e-09
390			1.65892e-09
391			1.68075e-09
392			1.67347e-09
393			1.68802e-09
394			1.6953e-09
395			1.78989e-09
396			1.79716e-09
397			1.80444e-09
398			1.81171e-09
399			1.81899e-09
400			1.92085e-09
401			1.92813e-09
402			1.94268e-09
403			1.95723e-09
404			1.96451e-09
405			2.06637e-09
406			2.08092e-09
407			2.08092e-09
408			2.0882e-09
409			2.09548e-09
410			2.21189e-09
411			2.21189e-09
412			2.21917e-09
413			2.20462e-09
414			2.21189e-09
415			2.32831e-09
416			2.34286e-09
417			2.37196e-09
418			2.38651e-09
419			2.40107e-09
420			2.50293e-09
421			2.50293e-09
422			2.52476e-09
423			2.55386e-09
424			2.56114e-09
425			2.67755e-09
426			2.71393e-09
427			2.71393e-09
428			2.71393e-09
429			2.75759e-09
430			2.85218e-09
431			2.88128e-09
432			2.88856e-09
433			2.90311e-09
434			2.92493e-09
435			3.0559e-09
436			3.07773e-09
437			3.10683e-09
438			3.09956e-09
439			3.12139e-09
440			3.23053e-09
441			3.25963e-09
442			3.2669e-09
443			3.28873e-09
444			3.31056e-09
445			3.43425e-09
446			3.4488e-09
447			3.47791e-09
448			3.49246e-09
449			3.52156e-09
450			3.66708e-09
451			3.68163e-09
452			3.70346e-09
453			3.71074e-09
454			3.73984e-09
455			3.87081e-09
456			3.89991e-09
457			3.91447e-09
458			3.91447e-09
459			3.95812e-09
460			4.10364e-09
461			4.11819e-09
462			4.16185e-09
463			4.19095e-09
464			4.16185e-09
465			4.33647e-09
466			4.35102e-09
467			4.36557e-09
468			4.39468e-09
469			4.42378e-09
470			4.59841e-09
471			4.64206e-09
472			4.64206e-09
473			4.68572e-09
474			4.71482e-09
475			4.86034e-09
476			4.904e-09
477			4.904e-09
478			4.94765e-09
479			4.99131e-09
480			5.15138e-09
481			5.18048e-09
482			5.22414e-09
483			5.23869e-09
484			5.26779e-09
485			5.44242e-09
486			5.45697e-09
487			5.51518e-09
488			5.50062e-09
489			5.51518e-09
490			5.70435e-09
491			5.76256e-09
492			5.74801e-09
493			5.76256e-09
494			5.80621e-09
495			5.99539e-09
496			6.0536e-09
497			6.06815e-09
498			6.09725e-09
499			6.17001e-09
500			6.34464e-09
501			6.34464e-09
502			6.38829e-09
503			6.41739e-09
504			6.4756e-09
505			6.69388e-09
506			6.72298e-09
507			6.75209e-09
508			6.79574e-09
509			6.82485e-09
510			7.04313e-09
511			7.07223e-09
512			7.13044e-09
513			7.15954e-09
514			7.18865e-09
515			7.39237e-09
516			7.43603e-09
517			7.45058e-09
518			7.45058e-09
519			7.49424e-09
520			7.68341e-09
521			7.69796e-09
522			7.74162e-09
523			7.75617e-09
524			7.78527e-09
525			8.03266e-09
526			8.06176e-09
527			8.10542e-09
528			8.11997e-09
529			8.16362e-09
530			8.3819e-09
531			8.41101e-09
532			8.45466e-09
533			8.52742e-09
534			8.54197e-09
535			8.78936e-09
536			8.78936e-09
537			8.86212e-09
538			8.92032e-09
539			8.96398e-09
540			9.19681e-09
541			9.28412e-09
542			9.28412e-09
543			9.31323e-09
544			9.37143e-09
545			9.66247e-09
546			9.69158e-09
547			9.77889e-09
548			9.77889e-09
549			9.8953e-09
550			1.01281e-08
551			1.01863e-08
552			1.01863e-08
553			1.02737e-08
554			1.03028e-08
555			1.05356e-08
556			1.05647e-08
557			1.05647e-08
558			1.06229e-08
559			1.07102e-08
560			1.10012e-08
561			1.10304e-08
562			1.11177e-08
563			1.1205e-08
564			1.11759e-08
565			1.14669e-08
566			1.1496e-08
567			1.15251e-08
568			1.15833e-08
569			1.16415e-08
570			1.19326e-08
571			1.20199e-08
572			1.2049e-08
573			1.20781e-08
574			1.21072e-08
575			1.24564e-08
576			1.25438e-08
577			1.25438e-08
578			1.25729e-08
579			1.26311e-08
580			1.29221e-08
581			1.30094e-08
582			1.30094e-08
583			1.31549e-08
584			1.31258e-08
585			1.35042e-08
586			1.36497e-08
587			1.36788e-08
588			1.3737e-08
589			1.38243e-08
590			1.40863e-08
591			1.41445e-08
592			1.42027e-08
593			1.42027e-08
594			1.41736e-08
595			1.45519e-08
596			1.45519e-08
597			1.46101e-08
598			1.46683e-08
599			1.46392e-08
600			1.50176e-08
601			1.49885e-08
602			1.50758e-08
603			1.51922e-08
604			1.53086e-08
605			1.55997e-08
606			1.56288e-08
607			1.5687e-08
608			1.57743e-08
609			1.58325e-08
610			1.61817e-08
611			1.62981e-08
612			1.63272e-08
613			1.64437e-08
614			1.64437e-08
615			1.67638e-08
616			1.6822e-08
617			1.68511e-08
618			1.68802e-08
619			1.69093e-08
620			1.72295e-08
621			1.73459e-08
622			1.73459e-08
623			1.73459e-08
624			1.74041e-08
625			1.78115e-08
626			1.78115e-08
627			1.78989e-08
628			1.79571e-08
629			1.81026e-08
630			1.851e-08
631			1.85973e-08
632			1.86265e-08
633			1.87429e-08
634			1.88593e-08
635			1.92085e-08
636			1.92958e-08
637			1.9354e-08
638			1.94996e-08
639			1.95287e-08
640			2.00234e-08
641			1.97324e-08
642			2.01981e-08
643			2.07219e-08
644			2.03727e-08
645			2.08383e-08
646			2.06055e-08
647			2.1013e-08
648			2.14786e-08
649			2.1013e-08
650			2.15368e-08
651			2.11294e-08
652			2.16532e-08
653			2.21771e-08
654			2.18279e-08
655			2.22353e-08
656			2.18279e-08
657			2.23517e-08
658			2.27592e-08
659			2.24099e-08
660			2.29338e-08
661			2.26428e-08
662			2.30502e-08
663			2.35741e-08
664			2.31666e-08
665			2.35159e-08
666			2.31084e-08
667			2.36323e-08
668			2.39816e-08
669			2.36905e-08
670			2.4098e-08
671			2.36905e-08
672			2.4098e-08
673			2.45054e-08
674			2.42144e-08
675			2.45636e-08
676			2.42726e-08
677			2.45054e-08
678			2.51457e-08
679			2.47383e-08
680			2.51457e-08
681			2.468e-08
682			2.51457e-08
683			2.56696e-08
684			2.52039e-08
685			2.56114e-08
686			2.52039e-08
687			2.56114e-08
688			2.59606e-08
689			2.55532e-08
690			2.6077e-08
691			2.55532e-08
692			2.58442e-08
693			2.61934e-08
694			2.57278e-08
695			2.6077e-08
696			2.55532e-08
697			2.59024e-08
698			2.64263e-08
699			2.59606e-08
700			2.63099e-08
701			2.59606e-08
702			2.64845e-08
703			2.70666e-08
704			2.66009e-08
705			2.70084e-08
706			2.66009e-08
707			2.70084e-08
708			2.73576e-08
709			2.67755e-08
710			2.72412e-08
711			2.67755e-08
712			2.71248e-08
713			2.75904e-08
714			2.70084e-08
715			2.7474e-08
716			2.70666e-08
717			2.75322e-08
718			2.79397e-08
719			2.73576e-08
720			2.79397e-08
721			2.72412e-08
722			2.77068e-08
723			2.80561e-08
724			2.7474e-08
725			2.79397e-08
726			2.75322e-08
727			2.79397e-08
728			2.85218e-08
729			2.79979e-08
730			2.84053e-08
731			2.76486e-08
732			2.81143e-08
733			2.86382e-08
734			2.80561e-08
735			2.84053e-08
736			2.79397e-08
737			2.82889e-08
738			2.87546e-08
739			2.79979e-08
740			2.84053e-08
741			2.78815e-08
742			2.82889e-08
743			2.86964e-08
744			2.79979e-08
745			2.84053e-08
746			2.77068e-08
747			2.81143e-08
748			2.86964e-08
749			2.79979e-08
750			2.84053e-08
751			2.77068e-08
752			2.81725e-08
753			2.858e-08
754			2.79979e-08
755			2.84053e-08
756			2.77068e-08
757			2.82307e-08
758			2.88128e-08
759			2.79979e-08
760			2.86382e-08
761			2.79397e-08
762			2.82889e-08
763			2.89874e-08
764			2.82889e-08
765			2.8871e-08
766			2.80561e-08
767			2.86382e-08
768			2.78233e-08
769			2.81725e-08
770			2.86382e-08
771			2.79397e-08
772			2.82889e-08
773			2.7474e-08
774			2.79397e-08
775			2.86382e-08
776			2.77068e-08
777			2.80561e-08
778			2.7474e-08
779			2.78233e-08
780			2.84053e-08
781			2.73576e-08
782			2.80561e-08
783			2.72412e-08
784			2.7474e-08
785			2.81725e-08
786			2.72412e-08
787			2.75904e-08
788			2.68919e-08
789			2.75904e-08
790			2.79397e-08
791			2.70084e-08
792			2.73576e-08
793			2.67755e-08
794			2.70084e-08
795			2.7474e-08
796			2.64263e-08
797			2.72412e-08
798			2.6077e-08
799			2.67755e-08
800			2.70084e-08
801			2.61934e-08
802			2.66591e-08
803			2.57278e-08
804			2.61934e-08
805			2.67755e-08
806			2.59606e-08
807			2.61934e-08
808			2.53785e-08
809			2.57278e-08
810			2.63099e-08
811			2.51457e-08
812			2.58442e-08
813			2.47965e-08
814			2.51457e-08
815			2.56114e-08
816			2.45636e-08
817			2.52621e-08
818			2.37487e-08
819			2.45636e-08
820			2.468e-08
821			2.38651e-08
822			2.42144e-08
823			2.30502e-08
824			2.33995e-08
825			2.37487e-08
826			2.2701e-08
827			2.31666e-08
828			2.18861e-08
829			2.22353e-08
830			2.28174e-08
831			2.18861e-08
832			2.21189e-08
833			2.09548e-08
834			2.16532e-08
835			2.18861e-08
836			2.04891e-08
837			2.09548e-08
838			1.97906e-08
839			2.04891e-08
840			2.09548e-08
841			2.00234e-08
842			2.04891e-08
843			1.92085e-08
844			1.9907e-08
845			2.04891e-08
846			1.94414e-08
847			2.01399e-08
848			1.86265e-08
849			1.90921e-08
850			1.95578e-08
851			1.81608e-08
852			1.87429e-08
853			1.74623e-08
854			1.78115e-08
855			1.81608e-08
856			1.68802e-08
857			1.73459e-08
858			1.61817e-08
859			1.66474e-08
860			1.67638e-08
861			1.53668e-08
862			1.58325e-08
863			1.46683e-08
864			1.50176e-08
865			1.53668e-08
866			1.43191e-08
867			1.45519e-08
868			1.32713e-08
869			1.33878e-08
870			1.39698e-08
871			1.234e-08
872			1.29221e-08
873			1.14087e-08
874			1.19908e-08
875			1.25729e-08
876			1.0943e-08
877			1.11759e-08
878			9.8953e-09
879			1.01281e-08
880			1.07102e-08
881			9.42964e-09
882			9.77889e-09
883			8.26549e-09
884			8.49832e-09
885			8.84756e-09
886			7.45058e-09
887			7.91624e-09
888			6.40284e-09
889			7.10133e-09
890			7.45058e-09
891			6.28643e-09
892			6.28643e-09
893			5.00586e-09
894			5.3551e-09
895			5.58794e-09
896			4.19095e-09
897			4.30737e-09
898			2.79397e-09
899			3.0268e-09
900			3.25963e-09
901			1.74623e-09
902			2.09548e-09
903			4.65661e-10
904			1.04774e-09
905			1.39698e-09
906			2.32831e-10
907			4.65661e-10
908			1.62981e-09
909			1.62981e-09
910			1.39698e-09
911			3.25963e-09
912			2.79397e-09
913			4.65661e-09
914			3.95812e-09
915			3.25963e-09
916			5.3551e-09
917			4.88944e-09
918			6.51926e-09
919			6.28643e-09
920			6.0536e-09
921			7.68341e-09
922			7.21775e-09
923			9.0804e-09
924			8.3819e-09
925			8.3819e-09
926			9.77889e-09
927			9.31323e-09
928			1.16415e-08
929			1.11759e-08
930			1.07102e-08
931			1.30385e-08
932			1.234e-08
933			1.42027e-08
934			1.44355e-08
935			1.39698e-08
936			1.58325e-08
937			1.53668e-08
938			1.72295e-08
939			1.6531e-08
940			1.62981e-08
941			1.81608e-08
942			1.74623e-08
943			1.97906e-08
944			1.93249e-08
945			1.90921e-08
946			2.09548e-08
947			2.09548e-08
948			2.28174e-08
949			2.28174e-08
950			2.23517e-08
951			2.39816e-08
952			2.35159e-08
953			2.58442e-08
954			2.58442e-08
955			2.51457e-08
956			2.70084e-08
957			2.67755e-08
958			2.81725e-08
959			2.79397e-08
960			2.79397e-08
961			3.0268e-08
962			2.98023e-08
963			3.1665e-08
964			3.14321e-08
965			3.11993e-08
966			3.35276e-08
967			3.3062e-08
968			3.53903e-08
969			3.51574e-08
970			3.49246e-08
971			3.72529e-08
972			3.70201e-08
973			3.88827e-08
974			3.84171e-08
975			3.81842e-08
976			4.05125e-08
977			4.02797e-08
978			4.21423e-08
979			4.14439e-08
980			4.09782e-08
981			4.33065e-08
982			4.28408e-08
983			4.5402e-08
984			4.49363e-08
985			4.47035e-08
986			4.74975e-08
987			4.65661e-08
988			4.95929e-08
989			4.93601e-08
990			4.84288e-08
991			5.00586e-08
992			5.02914e-08
993			5.21541e-08
994			5.28526e-08
995			5.21541e-08
996			5.42495e-08
997			5.33182e-08
998			5.58794e-08
999			5.61122e-08
1000			5.58794e-08
1001			5.79748e-08
1002			5.7742e-08
1003			5.96046e-08
1004			5.98375e-08
1005			5.96046e-08
1006			6.21658e-08
1007			6.14673e-08
1008			6.40284e-08
1009			6.37956e-08
1010			6.33299e-08
1011			6.61239e-08
1012			6.56582e-08
1013			6.8685e-08
1014			6.79865e-08
1015			6.79865e-08
1016			7.0082e-08
1017			7.05477e-08
1018			7.24103e-08
1019			7.2876e-08
1020			7.26432e-08
1021			7.49715e-08
1022			7.49715e-08
1023			7.82311e-08
1024			7.77654e-08
1025			7.72998e-08
1026			8.00937e-08
1027			7.98609e-08
1028			8.2422e-08
1029			8.19564e-08
1030			8.19564e-08
1031			8.49832e-08
1032			8.49832e-08
1033			8.82428e-08
1034			8.75443e-08
1035			8.75443e-08
1036			9.03383e-08
1037			9.03383e-08
1038			9.33651e-08
1039			9.31323e-08
1040			9.31323e-08
1041			9.56934e-08
1042			9.56934e-08
1043			9.82545e-08
1044			9.77889e-08
1045			9.77889e-08
1046			1.0035e-07
1047			1.0035e-07
1048			1.0361e-07
1049			1.02911e-07
1050			1.02445e-07
1051			1.05239e-07
1052			1.05705e-07
1053			1.08266e-07
1054			1.07801e-07
1055			1.08033e-07
1056			1.11293e-07
1057			1.1106e-07
1058			1.1432e-07
1059			1.13854e-07
1060			1.13621e-07
1061			1.16415e-07
1062			1.1595e-07
1063			1.18976e-07
1064			1.19908e-07
1065			1.19209e-07
1066			1.22469e-07
1067			1.22702e-07
1068			1.25961e-07
1069			1.25263e-07
1070			1.25729e-07
1071			1.28523e-07
1072			1.28523e-07
1073			1.31782e-07
1074			1.31084e-07
1075			1.31316e-07
1076			1.33878e-07
1077			1.3411e-07
1078			1.35973e-07
1079			1.36439e-07
1080			1.35973e-07
1081			1.38767e-07
1082			1.38301e-07
1083			1.41561e-07
1084			1.42027e-07
1085			1.41561e-07
1086			1.45286e-07
1087			1.45286e-07
1088			1.49012e-07
1089			1.4808e-07
1090			1.4808e-07
1091			1.51806e-07
1092			1.52271e-07
1093			1.55531e-07
1094			1.546e-07
1095			1.546e-07
1096			1.58325e-07
1097			1.57859e-07
1098			1.61119e-07
1099			1.61119e-07
1100			1.61119e-07
1101			1.64378e-07
1102			1.63913e-07
1103			1.67172e-07
1104			1.67638e-07
1105			1.66707e-07
1106			1.69966e-07
1107			1.69966e-07
1108			1.73226e-07
1109			1.73226e-07
1110			1.73226e-07
1111			1.76951e-07
1112			1.76486e-07
1113			1.80211e-07
1114			1.81142e-07
1115			1.80677e-07
1116			1.84868e-07
1117			1.84868e-07
1118			1.89058e-07
1119			1.88593e-07
1120			1.89058e-07
1121			1.92318e-07
1122			1.93249e-07
1123			1.96509e-07
1124			1.96509e-07
1125			1.96509e-07
1126			1.99769e-07
1127			2.007e-07
1128			2.04891e-07
1129			2.04891e-07
1130			2.04891e-07
1131			2.07685e-07
1132			2.08151e-07
1133			2.1141e-07
1134			2.12342e-07
1135			2.1141e-07
1136			2.15136e-07
1137			2.15136e-07
1138			2.18861e-07
1139			2.19326e-07
1140			2.18861e-07
1141			2.23517e-07
1142			2.23052e-07
1143			2.27243e-07
1144			2.28174e-07
1145			2.28174e-07
1146			2.32365e-07
1147			2.32831e-07
1148			2.37487e-07
1149			2.37487e-07
1150			2.37487e-07
1151			2.42144e-07
1152			2.41678e-07
1153			2.47266e-07
1154			2.47266e-07
1155			2.468e-07
1156			2.51457e-07
1157			2.50991e-07
1158			2.54251e-07
1159			2.55648e-07
1160			2.55182e-07
1161			2.59839e-07
1162			2.59373e-07
1163			2.63099e-07
1164			2.64961e-07
1165			2.64496e-07
1166			2.68221e-07
1167			2.68687e-07
1168			2.74274e-07
1169			2.74274e-07
1170			2.73809e-07
1171			2.78931e-07
1172			2.78931e-07
1173			2.84519e-07
1174			2.85916e-07
1175			2.84985e-07
1176			2.8871e-07
1177			2.8871e-07
1178			2.92901e-07
1179			2.93832e-07
1180			2.94298e-07
1181			2.9942e-07
1182			2.98955e-07
1183			3.04542e-07
1184			3.05474e-07
1185			3.05474e-07
1186			3.09199e-07
1187			3.09199e-07
1188			3.1339e-07
1189			3.12459e-07
1190			3.12924e-07
1191			3.17115e-07
1192			3.18512e-07
1193			3.21772e-07
1194			3.23169e-07
1195			3.241e-07
1196			3.27826e-07
1197			3.29223e-07
1198			3.33879e-07
1199			3.32948e-07
1200			3.33413e-07
1201			3.38536e-07
1202			3.39467e-07
1203			3.42727e-07
1204			3.43658e-07
1205			3.42727e-07
1206			3.47383e-07
1207			3.48315e-07
1208			3.52971e-07
1209			3.54834e-07
1210			3.53903e-07
1211			3.58559e-07
1212			3.59025e-07
1213			3.64147e-07
1214			3.63681e-07
1215			3.65078e-07
1216			3.69735e-07
1217			3.70666e-07
1218			3.76254e-07
1219			3.75789e-07
1220			3.76254e-07
1221			3.81842e-07
1222			3.81842e-07
1223			3.8743e-07
1224			3.88827e-07
1225			3.89293e-07
1226			3.94415e-07
1227			3.94415e-07
1228			4.00003e-07
1229			3.99537e-07
1230			4.00469e-07
1231			4.0466e-07
1232			4.05125e-07
1233			4.10713e-07
1234			4.1211e-07
1235			4.11645e-07
1236			4.17233e-07
1237			4.18164e-07
1238			4.24217e-07
1239			4.24217e-07
1240			4.24683e-07
1241			4.29805e-07
1242			4.30271e-07
1243			4.34928e-07
1244			4.35859e-07
1245			4.35859e-07
1246			4.41447e-07
1247			4.41447e-07
1248			4.46104e-07
1249			4.46569e-07
1250			4.47035e-07
1251			4.53554e-07
1252			4.54485e-07
1253			4.59142e-07
1254			4.58676e-07
1255			4.58211e-07
1256			4.65196e-07
1257			4.65661e-07
1258			4.70318e-07
1259			4.71249e-07
1260			4.73112e-07
1261			4.77768e-07
1262			4.79165e-07
1263			4.84288e-07
1264			4.8615e-07
1265			4.8615e-07
1266			4.91738e-07
1267			4.91738e-07
1268			4.97326e-07
1269			4.97792e-07
1270			4.97326e-07
1271			5.0338e-07
1272			5.0338e-07
1273			5.10365e-07
1274			5.11762e-07
1275			5.12227e-07
1276			5.18747e-07
1277			5.18747e-07
1278			5.25732e-07
1279			5.27129e-07
1280			5.27129e-07
1281			5.2806e-07
1282			5.39236e-07
1283			5.39236e-07
1284			5.41098e-07
1285			5.4203e-07
1286			5.4203e-07
1287			5.53206e-07
1288			5.55068e-07
1289			5.56e-07
1290			5.56931e-07
1291			5.56e-07
1292			5.68107e-07
1293			5.69038e-07
1294			5.70901e-07
1295			5.71832e-07
1296			5.70901e-07
1297			5.83939e-07
1298			5.85802e-07
1299			5.84871e-07
1300			5.86733e-07
1301			5.87665e-07
1302			6.00703e-07
1303			6.01634e-07
1304			6.01634e-07
1305			6.01634e-07
1306			6.00703e-07
1307			6.14673e-07
1308			6.13742e-07
1309			6.16536e-07
1310			6.16536e-07
1311			6.17467e-07
1312			6.30505e-07
1313			6.28643e-07
1314			6.31437e-07
1315			6.31437e-07
1316			6.32368e-07
1317			6.45407e-07
1318			6.45407e-07
1319			6.44475e-07
1320			6.46338e-07
1321			6.47269e-07
1322			6.60308e-07
1323			6.60308e-07
1324			6.61239e-07
1325			6.63102e-07
1326			6.6217e-07
1327			6.7614e-07
1328			6.7614e-07
1329			6.7614e-07
1330			6.78003e-07
1331			6.78003e-07
1332			6.91973e-07
1333			6.91973e-07
1334			6.92904e-07
1335			6.94767e-07
1336			6.96629e-07
1337			7.08736e-07
1338			7.10599e-07
1339			7.10599e-07
1340			7.1153e-07
1341			7.13393e-07
1342			7.27363e-07
1343			7.28294e-07
1344			7.28294e-07
1345			7.28294e-07
1346			7.29226e-07
1347			7.42264e-07
1348			7.41333e-07
1349			7.43195e-07
1350			7.43195e-07
1351			7.42264e-07
1352			7.55303e-07
1353			7.59028e-07
1354			7.59028e-07
1355			7.58097e-07
1356			7.58097e-07
1357			7.72998e-07
1358			7.72066e-07
1359			7.73929e-07
1360			7.7486e-07
1361			7.75792e-07
1362			7.89762e-07
1363			7.90693e-07
1364			7.89762e-07
1365			7.91624e-07
1366			7.92556e-07
1367			8.07457e-07
1368			8.07457e-07
1369			8.07457e-07
1370			8.10251e-07
1371			8.13045e-07
1372			8.27946e-07
1373			8.27946e-07
1374			8.28877e-07
1375			8.28877e-07
1376			8.32602e-07
1377			8.4471e-07
1378			8.46572e-07
1379			8.48435e-07
1380			8.49366e-07
1381			8.50298e-07
1382			8.65199e-07
1383			8.65199e-07
1384			8.67993e-07
1385			8.67993e-07
1386			8.69855e-07
1387			8.85688e-07
1388			8.84756e-07
1389			8.85688e-07
1390			8.86619e-07
1391			8.8755e-07
1392			9.02452e-07
1393			9.03383e-07
1394			9.04314e-07
1395			9.05246e-07
1396			9.07108e-07
1397			9.22941e-07
1398			9.22009e-07
1399			9.22009e-07
1400			9.23872e-07
1401			9.25735e-07
1402			9.40636e-07
1403			9.39704e-07
1404			9.39704e-07
1405			9.42498e-07
1406			9.41567e-07
1407			9.59262e-07
1408			9.60194e-07
1409			9.61125e-07
1410			9.6485e-07
1411			9.65782e-07
1412			9.7882e-07
1413			9.81614e-07
1414			9.83477e-07
1415			9.87202e-07
1416			9.89065e-07
1417			1.0049e-06
1418			1.00955e-06
1419			1.00769e-06
1420			1.00955e-06
1421			1.00955e-06
1422			1.02445e-06
1423			1.02725e-06
1424			1.03004e-06
1425			1.03191e-06
1426			1.03377e-06
1427			1.05053e-06
1428			1.05053e-06
1429			1.05239e-06
1430			1.05053e-06
1431			1.05053e-06
1432			1.06823e-06
1433			1.07009e-06
1434			1.07195e-06
1435			1.07288e-06
1436			1.07661e-06
1437			1.09337e-06
1438			1.0971e-06
1439			1.09617e-06
1440			1.09896e-06
1441			1.09803e-06
1442			1.11759e-06
1443			1.12038e-06
1444			1.12131e-06
1445			1.12131e-06
1446			1.12318e-06
1447			1.13994e-06
1448			1.14366e-06
1449			1.14553e-06
1450			1.14739e-06
1451			1.14925e-06
1452			1.16508e-06
1453			1.16602e-06
1454			1.16974e-06
1455			1.16974e-06
1456			1.1716e-06
1457			1.19209e-06
1458			1.19116e-06
1459			1.19396e-06
1460			1.19582e-06
1461			1.19582e-06
1462			1.21538e-06
1463			1.21351e-06
1464			1.21538e-06
1465			1.21444e-06
1466			1.21444e-06
1467			1.23493e-06
1468			1.23493e-06
1469			1.23587e-06
1470			1.2368e-06
1471			1.23773e-06
1472			1.25542e-06
1473			1.25729e-06
1474			1.26101e-06
1475			1.26287e-06
1476			1.26474e-06
1477			1.28243e-06
1478			1.28429e-06
1479			1.28336e-06
1480			1.28523e-06
1481			1.28802e-06
1482			1.30478e-06
1483			1.30478e-06
1484			1.30571e-06
1485			1.30758e-06
1486			1.30665e-06
1487			1.32713e-06
1488			1.329e-06
1489			1.33179e-06
1490			1.33365e-06
1491			1.33738e-06
1492			1.35601e-06
1493			1.35694e-06
1494			1.36066e-06
1495			1.36346e-06
1496			1.36625e-06
1497			1.38581e-06
1498			1.3886e-06
1499			1.3886e-06
1500			1.39326e-06
1501			1.39512e-06
1502			1.41561e-06
1503			1.4184e-06
1504			1.41934e-06
1505			1.42306e-06
1506			1.42399e-06
1507			1.44355e-06
1508			1.44448e-06
1509			1.44634e-06
1510			1.44914e-06
1511			1.451e-06
1512			1.47149e-06
1513			1.47149e-06
1514			1.47428e-06
1515			1.47521e-06
1516			1.47615e-06
1517			1.4985e-06
1518			1.50036e-06
1519			1.50129e-06
1520			1.50502e-06
1521			1.50595e-06
1522			1.52737e-06
1523			1.52737e-06
1524			1.53296e-06
1525			1.53482e-06
1526			1.53668e-06
1527			1.55903e-06
1528			1.56276e-06
1529			1.56276e-06
1530			1.56835e-06
1531			1.57021e-06
1532			1.59256e-06
1533			1.59442e-06
1534			1.59442e-06
1535			1.59442e-06
1536			1.61491e-06
1537			1.61678e-06
1538			1.6205e-06
1539			1.62423e-06
1540			1.62423e-06
1541			1.64844e-06
1542			1.64658e-06
1543			1.65217e-06
1544			1.65589e-06
1545			1.65775e-06
1546			1.68011e-06
1547			1.68011e-06
1548			1.68383e-06
1549			1.68569e-06
1550			1.68383e-06
1551			1.70805e-06
1552			1.70991e-06
1553			1.70805e-06
1554			1.71177e-06
1555			1.70991e-06
1556			1.73226e-06
1557			1.73226e-06
1558			1.73785e-06
1559			1.73599e-06
1560			1.73971e-06
1561			1.76579e-06
1562			1.76765e-06
1563			1.76951e-06
1564			1.76765e-06
1565			1.77324e-06
1566			1.79186e-06
1567			1.79932e-06
1568			1.80304e-06
1569			1.80304e-06
1570			1.80304e-06
1571			1.82725e-06
1572			1.82912e-06
1573			1.83098e-06
1574			1.83471e-06
1575			1.83284e-06
1576			1.85706e-06
1577			1.85519e-06
1578			1.85706e-06
1579			1.86265e-06
1580			1.86265e-06
1581			1.88313e-06
1582			1.88872e-06
1583			1.89245e-06
1584			1.89431e-06
1585			1.89617e-06
1586			1.91852e-06
1587			1.92411e-06
1588			1.9297e-06
1589			1.93156e-06
1590			1.93343e-06
1591			1.95578e-06
1592			1.96137e-06
1593			1.9595e-06
1594			1.9595e-06
1595			1.96323e-06
1596			1.98931e-06
1597			1.99303e-06
1598			1.99303e-06
1599			1.99862e-06
1600			1.99676e-06
1601			2.02097e-06
1602			2.0247e-06
1603			2.03028e-06
1604			2.03215e-06
1605			2.03401e-06
1606			2.06195e-06
1607			2.06195e-06
1608			2.06567e-06
1609			2.0694e-06
1610			2.07126e-06
1611			2.09548e-06
1612			2.09548e-06
1613			2.10106e-06
1614			2.10293e-06
1615			2.10479e-06
1616			2.13087e-06
1617			2.13459e-06
1618			2.13645e-06
1619			2.13645e-06
1620			2.14204e-06
1621			2.16998e-06
1622			2.17184e-06
1623			2.17557e-06
1624			2.17557e-06
1625			2.17929e-06
1626			2.20351e-06
1627			2.2091e-06
1628			2.21282e-06
1629			2.21282e-06
1630			2.21655e-06
1631			2.24262e-06
1632			2.24821e-06
1633			2.25008e-06
1634			2.25194e-06
1635			2.25753e-06
1636			2.28733e-06
1637			2.29105e-06
1638			2.28919e-06
1639			2.29105e-06
1640			2.29478e-06
1641			2.32458e-06
1642			2.33017e-06
1643			2.33389e-06
1644			2.33948e-06
1645			2.33948e-06
1646			2.36556e-06
1647			2.36928e-06
1648			2.36742e-06
1649			2.37301e-06
1650			2.37674e-06
1651			2.40654e-06
1652			2.4084e-06
1653			2.40654e-06
1654			2.4084e-06
1655			2.41399e-06
1656			2.44379e-06
1657			2.44007e-06
1658			2.44565e-06
1659			2.45124e-06
1660			2.45124e-06
1661			2.48104e-06
1662			2.48849e-06
1663			2.49408e-06
1664			2.49967e-06
1665			2.5034e-06
1666			2.5332e-06
1667			2.5332e-06
1668			2.53692e-06
1669			2.54251e-06
1670			2.54065e-06
1671			2.56859e-06
1672			2.57045e-06
1673			2.57604e-06
1674			2.5779e-06
1675			2.58535e-06
1676			2.61143e-06
1677			2.60957e-06
1678			2.61515e-06
1679			2.61515e-06
1680			2.6226e-06
1681			2.65054e-06
1682			2.65241e-06
1683			2.65241e-06
1684			2.65241e-06
1685			2.65241e-06
1686			2.68035e-06
1687			2.67848e-06
1688			2.68407e-06
1689			2.6878e-06
1690			2.68966e-06
1691			2.71946e-06
1692			2.72132e-06
1693			2.72505e-06
1694			2.72505e-06
1695			2.73436e-06
1696			2.76417e-06
1697			2.77162e-06
1698			2.77162e-06
1699			2.77534e-06
1700			2.77907e-06
1701			2.80887e-06
1702			2.80887e-06
1703			2.80887e-06
1704			2.81446e-06
1705			2.82377e-06
1706			2.84985e-06
1707			2.8573e-06
1708			2.85916e-06
1709			2.86102e-06
1710			2.86847e-06
1711			2.89641e-06
1712			2.90386e-06
1713			2.90386e-06
1714			2.91131e-06
1715			2.91318e-06
1716			2.93739e-06
1717			2.93925e-06
1718			2.94484e-06
1719			2.95043e-06
1720			2.95788e-06
1721			2.98955e-06
1722			2.99513e-06
1723			3.00258e-06
1724			3.00258e-06
1725			3.01003e-06
1726			3.03611e-06
1727			3.04542e-06
1728			3.05288e-06
1729			3.0566e-06
1730			3.05474e-06
1731			3.08454e-06
1732			3.0864e-06
1733			3.08827e-06
1734			3.09013e-06
1735			3.09199e-06
1736			3.12552e-06
1737			3.13111e-06
1738			3.13856e-06
1739			3.13669e-06
1740			3.14415e-06
1741			3.17581e-06
1742			3.18512e-06
1743			3.18512e-06
1744			3.19071e-06
1745			3.1963e-06
1746			3.22983e-06
1747			3.23355e-06
1748			3.23541e-06
1749			3.23728e-06
1750			3.241e-06
1751			3.27639e-06
1752			3.28198e-06
1753			3.28384e-06
1754			3.28571e-06
1755			3.28571e-06
1756			3.31365e-06
1757			3.3211e-06
1758			3.32482e-06
1759			3.32855e-06
1760			3.33041e-06
1761			3.36207e-06
1762			3.3658e-06
1763			3.37325e-06
1764			3.37511e-06
1765			3.38256e-06
1766			3.41423e-06
1767			3.41795e-06
1768			3.4254e-06
1769			3.43099e-06
1770			3.43472e-06
1771			3.47011e-06
1772			3.47942e-06
1773			3.4757e-06
1774			3.47942e-06
1775			3.48687e-06
1776			3.51854e-06
1777			3.5204e-06
1778			3.52226e-06
1779			3.52971e-06
1780			3.53158e-06
1781			3.57069e-06
1782			3.57255e-06
1783			3.57628e-06
1784			3.58745e-06
1785			3.59118e-06
1786			3.62284e-06
1787			3.62843e-06
1788			3.63216e-06
1789			3.64333e-06
1790			3.64333e-06
1791			3.675e-06
1792			3.68059e-06
1793			3.68245e-06
1794			3.69363e-06
1795			3.69549e-06
1796			3.73274e-06
1797			3.74019e-06
1798			3.74392e-06
1799			3.74392e-06
1800			3.74764e-06
1801			3.78303e-06
1802			3.78676e-06
1803			3.79048e-06
1804			3.79607e-06
1805			3.7998e-06
1806			3.83705e-06
1807			3.8445e-06
1808			3.85009e-06
1809			3.85568e-06
1810			3.8594e-06
1811			3.89665e-06
1812			3.90038e-06
1813			3.9041e-06
1814			3.91901e-06
1815			3.91901e-06
1816			3.95253e-06
1817			3.96371e-06
1818			3.96743e-06
1819			3.97861e-06
1820			3.97861e-06
1821			4.02331e-06
1822			4.02331e-06
1823			4.02704e-06
1824			4.03076e-06
1825			4.03821e-06
1826			4.08292e-06
1827			4.08292e-06
1828			4.08664e-06
1829			4.09037e-06
1830			4.09037e-06
1831			4.13135e-06
1832			4.1388e-06
1833			4.1388e-06
1834			4.14625e-06
1835			4.14997e-06
1836			4.18723e-06
1837			4.19468e-06
1838			4.20585e-06
1839			4.20585e-06
1840			4.21703e-06
1841			4.25056e-06
1842			4.25801e-06
1843			4.26173e-06
1844			4.27291e-06
1845			4.27663e-06
1846			4.31016e-06
1847			4.32134e-06
1848			4.32134e-06
1849			4.33251e-06
1850			4.33624e-06
1851			4.37722e-06
1852			4.37349e-06
1853			4.38467e-06
1854			4.38839e-06
1855			4.39584e-06
1856			4.44055e-06
1857			4.448e-06
1858			4.448e-06
1859			4.44427e-06
1860			4.45545e-06
1861			4.49643e-06
1862			4.5076e-06
1863			4.5076e-06
1864			4.51133e-06
1865			4.51505e-06
1866			4.54858e-06
1867			4.56348e-06
1868			4.56721e-06
1869			4.56721e-06
1870			4.57466e-06
1871			4.61563e-06
1872			4.61936e-06
1873			4.61936e-06
1874			4.62681e-06
1875			4.63426e-06
1876			4.67896e-06
1877			4.69014e-06
1878			4.69014e-06
1879			4.69759e-06
1880			4.70132e-06
1881			4.73857e-06
1882			4.74602e-06
1883			4.75347e-06
1884			4.7572e-06
1885			4.76837e-06
1886			4.80935e-06
1887			4.8168e-06
1888			4.8168e-06
1889			4.82425e-06
1890			4.82798e-06
1891			4.86895e-06
1892			4.87268e-06
1893			4.88386e-06
1894			4.89503e-06
1895			4.89503e-06
1896			4.93228e-06
1897			4.94719e-06
1898			4.95464e-06
1899			4.95836e-06
1900			4.96209e-06
1901			5.00306e-06
1902			5.01052e-06
1903			5.01797e-06
1904			5.02542e-06
1905			5.03659e-06
1906			5.07757e-06
1907			5.08502e-06
1908			5.09247e-06
1909			5.0962e-06
1910			5.0962e-06
1911			5.13718e-06
1912			5.14835e-06
1913			5.1558e-06
1914			5.16698e-06
1915			5.1707e-06
1916			5.21168e-06
1917			5.22286e-06
1918			5.22286e-06
1919			5.22658e-06
1920			5.23776e-06
1921			5.28246e-06
1922			5.28991e-06
1923			5.29736e-06
1924			5.29736e-06
1925			5.30481e-06
1926			5.34952e-06
1927			5.36442e-06
1928			5.36069e-06
1929			5.37187e-06
1930			5.37932e-06
1931			5.42402e-06
1932			5.43147e-06
1933			5.4352e-06
1934			5.44637e-06
1935			5.45382e-06
1936			5.49853e-06
1937			5.50225e-06
1938			5.5097e-06
1939			5.50598e-06
1940			5.52088e-06
1941			5.56186e-06
1942			5.57303e-06
1943			5.58048e-06
1944			5.58421e-06
1945			5.58794e-06
1946			5.62891e-06
1947			5.64009e-06
1948			5.63636e-06
1949			5.65127e-06
1950			5.66244e-06
1951			5.71087e-06
1952			5.7295e-06
1953			5.7444e-06
1954			5.75557e-06
1955			5.75185e-06
1956			5.80028e-06
1957			5.80028e-06
1958			5.804e-06
1959			5.81145e-06
1960			5.81145e-06
1961			5.86361e-06
1962			5.86361e-06
1963			5.87851e-06
1964			5.88596e-06
1965			5.90086e-06
1966			5.94184e-06
1967			5.94929e-06
1968			5.96419e-06
1969			5.97537e-06
1970			5.97537e-06
1971			6.02379e-06
1972			6.03497e-06
1973			6.0387e-06
1974			6.04987e-06
1975			6.04987e-06
1976			6.0983e-06
1977			6.10203e-06
1978			6.12438e-06
1979			6.12065e-06
1980			6.12438e-06
1981			6.17281e-06
1982			6.18026e-06
1983			6.19143e-06
1984			6.19888e-06
1985			6.21378e-06
1986			6.25849e-06
1987			6.26221e-06
1988			6.28456e-06
1989			6.28084e-06
1990			6.28829e-06
1991			6.34417e-06
1992			6.35162e-06
1993			6.34789e-06
1994			6.35162e-06
1995			6.3628e-06
1996			6.4075e-06
1997			6.42985e-06
1998			6.44103e-06
1999			6.44848e-06
