0			0
1			7.8125e-09
2			1.5625e-08
3			2.34375e-08
4			3.125e-08
5			3.90625e-08
6			4.6875e-08
7			5.46875e-08
8			6.25e-08
9			7.03125e-08
10			7.8125e-08
11			8.59375e-08
12			9.375e-08
13			1.01562e-07
14			1.09375e-07
15			1.17187e-07
16			1.25e-07
17			1.32812e-07
18			1.40625e-07
19			1.48437e-07
20			1.5625e-07
21			1.64063e-07
22			1.71875e-07
23			1.79688e-07
24			1.875e-07
25			1.95313e-07
26			2.03125e-07
27			2.10938e-07
28			2.1875e-07
29			2.26563e-07
30			2.34375e-07
31			2.42188e-07
32			2.5e-07
33			2.57813e-07
34			2.65625e-07
35			2.73438e-07
36			2.8125e-07
37			2.89063e-07
38			2.96875e-07
39			3.04688e-07
40			3.125e-07
41			3.20313e-07
42			3.28125e-07
43			3.35938e-07
44			3.4375e-07
45			3.51563e-07
46			3.59375e-07
47			3.67188e-07
48			3.75e-07
49			3.82813e-07
50			3.90625e-07
51			3.98437e-07
52			4.0625e-07
53			4.14062e-07
54			4.21875e-07
55			4.29687e-07
56			4.375e-07
57			4.45312e-07
58			4.53125e-07
59			4.60937e-07
60			4.6875e-07
61			4.76562e-07
62			4.84375e-07
63			4.92187e-07
64			5e-07
65			5.07812e-07
66			5.15624e-07
67			5.23437e-07
68			5.31249e-07
69			5.39062e-07
70			5.46874e-07
71			5.54686e-07
72			5.62499e-07
73			5.70311e-07
74			5.78123e-07
75			5.85936e-07
76			5.93748e-07
77			6.0156e-07
78			6.09373e-07
79			6.17185e-07
80			6.24997e-07
81			6.3281e-07
82			6.40621e-07
83			6.48434e-07
84			6.56246e-07
85			6.64059e-07
86			6.71871e-07
87			6.79683e-07
88			6.87495e-07
89			6.95307e-07
90			7.03119e-07
91			7.10931e-07
92			7.18743e-07
93			7.26555e-07
94			7.34367e-07
95			7.42179e-07
96			7.4999e-07
97			7.57802e-07
98			7.65614e-07
99			7.73426e-07
100			7.81239e-07
101			7.89049e-07
102			7.96861e-07
103			8.04673e-07
104			8.12486e-07
105			8.20298e-07
106			8.28108e-07
107			8.35919e-07
108			8.43731e-07
109			8.51543e-07
110			8.59355e-07
111			8.67165e-07
112			8.74976e-07
113			8.82788e-07
114			8.906e-07
115			8.98412e-07
116			9.0622e-07
117			9.14032e-07
118			9.21843e-07
119			9.29655e-07
120			9.37467e-07
121			9.45275e-07
122			9.53086e-07
123			9.60896e-07
124			9.68709e-07
125			9.76519e-07
126			9.84327e-07
127			9.92137e-07
128			9.99948e-07
129			1.00776e-06
130			1.01557e-06
131			1.02338e-06
132			1.03119e-06
133			1.039e-06
134			1.04681e-06
135			1.05462e-06
136			1.06242e-06
137			1.07023e-06
138			1.07804e-06
139			1.08586e-06
140			1.09367e-06
141			1.10147e-06
142			1.10928e-06
143			1.11709e-06
144			1.1249e-06
145			1.13271e-06
146			1.14051e-06
147			1.14832e-06
148			1.15613e-06
149			1.16394e-06
150			1.17175e-06
151			1.17955e-06
152			1.18736e-06
153			1.19517e-06
154			1.20298e-06
155			1.21079e-06
156			1.21859e-06
157			1.2264e-06
158			1.23421e-06
159			1.24201e-06
160			1.24982e-06
161			1.25762e-06
162			1.26544e-06
163			1.27324e-06
164			1.28103e-06
165			1.28885e-06
166			1.29665e-06
167			1.30447e-06
168			1.31227e-06
169			1.32007e-06
170			1.32789e-06
171			1.33569e-06
172			1.34352e-06
173			1.35131e-06
174			1.35911e-06
175			1.36694e-06
176			1.37473e-06
177			1.38256e-06
178			1.39035e-06
179			1.39815e-06
180			1.40598e-06
181			1.41377e-06
182			1.4216e-06
183			1.4294e-06
184			1.4372e-06
185			1.44503e-06
186			1.45283e-06
187			1.46067e-06
188			1.46846e-06
189			1.47625e-06
190			1.48409e-06
191			1.49189e-06
192			1.49969e-06
193			1.50752e-06
194			1.51531e-06
195			1.52316e-06
196			1.53095e-06
197			1.53875e-06
198			1.5466e-06
199			1.55439e-06
200			1.56224e-06
201			1.57003e-06
202			1.57782e-06
203			1.58568e-06
204			1.59347e-06
205			1.60132e-06
206			1.60912e-06
207			1.61691e-06
208			1.62476e-06
209			1.63255e-06
210			1.64041e-06
211			1.64821e-06
212			1.65601e-06
213			1.66387e-06
214			1.67166e-06
215			1.67954e-06
216			1.68733e-06
217			1.69514e-06
218			1.703e-06
219			1.71081e-06
220			1.71868e-06
221			1.72646e-06
222			1.73427e-06
223			1.74214e-06
224			1.74994e-06
225			1.75782e-06
226			1.76562e-06
227			1.77341e-06
228			1.78131e-06
229			1.78911e-06
230			1.79701e-06
231			1.80482e-06
232			1.81263e-06
233			1.82052e-06
234			1.82832e-06
235			1.83621e-06
236			1.84402e-06
237			1.85182e-06
238			1.85973e-06
239			1.86753e-06
240			1.87544e-06
241			1.88324e-06
242			1.89106e-06
243			1.89898e-06
244			1.90681e-06
245			1.91472e-06
246			1.92251e-06
247			1.93032e-06
248			1.93827e-06
249			1.94606e-06
250			1.95401e-06
251			1.9618e-06
252			1.96961e-06
253			1.97758e-06
254			1.98539e-06
255			1.99335e-06
256			2.00117e-06
257			2.00896e-06
258			2.01693e-06
259			2.02474e-06
260			2.03272e-06
261			2.04052e-06
262			2.04835e-06
263			2.05633e-06
264			2.06415e-06
265			2.07213e-06
266			2.07993e-06
267			2.08778e-06
268			2.09576e-06
269			2.1036e-06
270			2.11159e-06
271			2.11943e-06
272			2.12726e-06
273			2.13529e-06
274			2.14311e-06
275			2.15113e-06
276			2.15894e-06
277			2.16679e-06
278			2.17482e-06
279			2.18268e-06
280			2.19074e-06
281			2.19859e-06
282			2.2064e-06
283			2.21441e-06
284			2.22224e-06
285			2.23029e-06
286			2.23811e-06
287			2.24597e-06
288			2.254e-06
289			2.26184e-06
290			2.26989e-06
291			2.27774e-06
292			2.28559e-06
293			2.2937e-06
294			2.30152e-06
295			2.30967e-06
296			2.31753e-06
297			2.32534e-06
298			2.33346e-06
299			2.34129e-06
300			2.34945e-06
301			2.35729e-06
302			2.36518e-06
303			2.37331e-06
304			2.38113e-06
305			2.38929e-06
306			2.39717e-06
307			2.40504e-06
308			2.41318e-06
309			2.42113e-06
310			2.4293e-06
311			2.43722e-06
312			2.44504e-06
313			2.45319e-06
314			2.46109e-06
315			2.46926e-06
316			2.47718e-06
317			2.485e-06
318			2.49327e-06
319			2.50114e-06
320			2.50933e-06
321			2.51723e-06
322			2.52524e-06
323			2.53306e-06
324			2.54177e-06
325			2.54975e-06
326			2.55772e-06
327			2.56554e-06
328			2.57336e-06
329			2.582e-06
330			2.58994e-06
331			2.59795e-06
332			2.60582e-06
333			2.61383e-06
334			2.62249e-06
335			2.63048e-06
336			2.63833e-06
337			2.64634e-06
338			2.65432e-06
339			2.66312e-06
340			2.67102e-06
341			2.67891e-06
342			2.68678e-06
343			2.69474e-06
344			2.70376e-06
345			2.71167e-06
346			2.71971e-06
347			2.7276e-06
348			2.73559e-06
349			2.74443e-06
350			2.75244e-06
351			2.76043e-06
352			2.76851e-06
353			2.77645e-06
354			2.7856e-06
355			2.79345e-06
356			2.80155e-06
357			2.80956e-06
358			2.81766e-06
359			2.82693e-06
360			2.8348e-06
361			2.84286e-06
362			2.85091e-06
363			2.85911e-06
364			2.86819e-06
365			2.87639e-06
366			2.8843e-06
367			2.89241e-06
368			2.90056e-06
369			2.90978e-06
370			2.91774e-06
371			2.92589e-06
372			2.93399e-06
373			2.942e-06
374			2.95146e-06
375			2.95956e-06
376			2.9678e-06
377			2.97581e-06
378			2.98378e-06
379			2.99328e-06
380			3.00138e-06
381			3.00958e-06
382			3.01754e-06
383			3.02564e-06
384			3.03384e-06
385			3.0432e-06
386			3.05121e-06
387			3.05927e-06
388			3.06733e-06
389			3.07552e-06
390			3.08502e-06
391			3.09317e-06
392			3.10109e-06
393			3.10933e-06
394			3.11767e-06
395			3.12731e-06
396			3.13541e-06
397			3.14351e-06
398			3.15199e-06
399			3.16019e-06
400			3.17006e-06
401			3.17802e-06
402			3.18631e-06
403			3.19446e-06
404			3.20243e-06
405			3.21258e-06
406			3.22082e-06
407			3.22893e-06
408			3.23745e-06
409			3.24555e-06
410			3.2558e-06
411			3.26399e-06
412			3.272e-06
413			3.27992e-06
414			3.28803e-06
415			3.29808e-06
416			3.30656e-06
417			3.31485e-06
418			3.32295e-06
419			3.33124e-06
420			3.34177e-06
421			3.35015e-06
422			3.35826e-06
423			3.36655e-06
424			3.37512e-06
425			3.38545e-06
426			3.39374e-06
427			3.40222e-06
428			3.41042e-06
429			3.41871e-06
430			3.4296e-06
431			3.43771e-06
432			3.44618e-06
433			3.45475e-06
434			3.46332e-06
435			3.47375e-06
436			3.48195e-06
437			3.49061e-06
438			3.49881e-06
439			3.50673e-06
440			3.51791e-06
441			3.52657e-06
442			3.53467e-06
443			3.54352e-06
444			3.55218e-06
445			3.56299e-06
446			3.57128e-06
447			3.58003e-06
448			3.58832e-06
449			3.59689e-06
450			3.60807e-06
451			3.61655e-06
452			3.62493e-06
453			3.63331e-06
454			3.64188e-06
455			3.65362e-06
456			3.66219e-06
457			3.67076e-06
458			3.67896e-06
459			3.68762e-06
460			3.69917e-06
461			3.70793e-06
462			3.71668e-06
463			3.72553e-06
464			3.73401e-06
465			3.74565e-06
466			3.75431e-06
467			3.76298e-06
468			3.77145e-06
469			3.78021e-06
470			3.79213e-06
471			3.8007e-06
472			3.80927e-06
473			3.81821e-06
474			3.82697e-06
475			3.83908e-06
476			3.84728e-06
477			3.85678e-06
478			3.86572e-06
479			3.87429e-06
480			3.88696e-06
481			3.89609e-06
482			3.90484e-06
483			3.91416e-06
484			3.9231e-06
485			3.93577e-06
486			3.94471e-06
487			3.95421e-06
488			3.96316e-06
489			3.97135e-06
490			3.98365e-06
491			3.99241e-06
492			4.00079e-06
493			4.01029e-06
494			4.01979e-06
495			4.03246e-06
496			4.04233e-06
497			4.05146e-06
498			4.05985e-06
499			4.06805e-06
500			4.08127e-06
501			4.08984e-06
502			4.0986e-06
503			4.10866e-06
504			4.11779e-06
505			4.13102e-06
506			4.14089e-06
507			4.14946e-06
508			4.15878e-06
509			4.16772e-06
510			4.18169e-06
511			4.19101e-06
512			4.19995e-06
513			4.20982e-06
514			4.2184e-06
515			4.23237e-06
516			4.24131e-06
517			4.25063e-06
518			4.25957e-06
519			4.26963e-06
520			4.28304e-06
521			4.2918e-06
522			4.30074e-06
523			4.31006e-06
524			4.31938e-06
525			4.33372e-06
526			4.34266e-06
527			4.35254e-06
528			4.36185e-06
529			4.37136e-06
530			4.38626e-06
531			4.39483e-06
532			4.40415e-06
533			4.41439e-06
534			4.42352e-06
535			4.43787e-06
536			4.447e-06
537			4.45669e-06
538			4.46582e-06
539			4.47513e-06
540			4.49041e-06
541			4.5001e-06
542			4.51053e-06
543			4.52022e-06
544			4.52991e-06
545			4.54482e-06
546			4.55413e-06
547			4.56307e-06
548			4.57165e-06
549			4.58134e-06
550			4.59736e-06
551			4.60742e-06
552			4.61636e-06
553			4.62642e-06
554			4.63649e-06
555			4.65363e-06
556			4.66257e-06
557			4.67375e-06
558			4.68307e-06
559			4.69462e-06
560			4.70989e-06
561			4.71958e-06
562			4.73002e-06
563			4.73896e-06
564			4.74902e-06
565			4.76616e-06
566			4.77623e-06
567			4.78703e-06
568			4.79598e-06
569			4.80753e-06
570			4.8243e-06
571			4.83473e-06
572			4.84368e-06
573			4.85411e-06
574			4.86417e-06
575			4.88057e-06
576			4.89026e-06
577			4.90069e-06
578			4.91001e-06
579			4.9197e-06
580			4.93684e-06
581			4.94764e-06
582			4.95882e-06
583			4.96889e-06
584			4.97895e-06
585			4.99683e-06
586			5.00764e-06
587			5.01696e-06
588			5.02702e-06
589			5.03708e-06
590			5.05683e-06
591			5.06801e-06
592			5.07919e-06
593			5.08963e-06
594			5.10006e-06
595			5.11869e-06
596			5.12876e-06
597			5.13807e-06
598			5.14851e-06
599			5.16043e-06
600			5.17869e-06
601			5.1895e-06
602			5.20031e-06
603			5.21223e-06
604			5.22192e-06
605			5.24242e-06
606			5.25285e-06
607			5.26515e-06
608			5.2741e-06
609			5.28602e-06
610			5.30614e-06
611			5.31733e-06
612			5.32925e-06
613			5.3408e-06
614			5.35199e-06
615			5.37173e-06
616			5.38142e-06
617			5.39223e-06
618			5.40304e-06
619			5.41571e-06
620			5.43732e-06
621			5.44851e-06
622			5.46341e-06
623			5.47608e-06
624			5.48652e-06
625			5.51037e-06
626			5.52006e-06
627			5.53273e-06
628			5.5454e-06
629			5.55807e-06
630			5.57968e-06
631			5.5931e-06
632			5.60577e-06
633			5.61621e-06
634			5.62888e-06
635			5.65273e-06
636			5.66614e-06
637			5.67732e-06
638			5.69074e-06
639			5.70043e-06
640			5.72205e-06
641			5.7228e-06
642			5.74366e-06
643			5.76602e-06
644			5.76901e-06
645			5.79137e-06
646			5.78839e-06
647			5.81522e-06
648			5.83609e-06
649			5.83758e-06
650			5.86069e-06
651			5.86144e-06
652			5.88454e-06
653			5.90988e-06
654			5.90765e-06
655			5.93001e-06
656			5.92704e-06
657			5.94865e-06
658			5.9725e-06
659			5.9725e-06
660			5.99561e-06
661			5.99561e-06
662			6.02095e-06
663			6.04182e-06
664			6.04183e-06
665			6.06493e-06
666			6.06345e-06
667			6.08432e-06
668			6.10965e-06
669			6.10743e-06
670			6.13053e-06
671			6.12383e-06
672			6.14693e-06
673			6.17153e-06
674			6.16856e-06
675			6.19241e-06
676			6.18943e-06
677			6.2103e-06
678			6.23639e-06
679			6.22745e-06
680			6.25428e-06
681			6.24758e-06
682			6.27218e-06
683			6.29677e-06
684			6.28933e-06
685			6.31616e-06
686			6.30946e-06
687			6.33704e-06
688			6.35939e-06
689			6.35419e-06
690			6.37804e-06
691			6.37134e-06
692			6.40041e-06
693			6.42276e-06
694			6.4183e-06
695			6.44364e-06
696			6.43918e-06
697			6.46154e-06
698			6.4839e-06
699			6.47497e-06
700			6.5018e-06
701			6.49212e-06
702			6.51523e-06
703			6.53908e-06
704			6.53536e-06
705			6.55623e-06
706			6.5473e-06
707			6.5704e-06
708			6.59798e-06
709			6.58309e-06
710			6.60694e-06
711			6.59949e-06
712			6.62036e-06
713			6.64571e-06
714			6.63826e-06
715			6.6651e-06
716			6.6517e-06
717			6.67555e-06
718			6.70238e-06
719			6.69046e-06
720			6.71581e-06
721			6.70688e-06
722			6.72775e-06
723			6.75458e-06
724			6.74714e-06
725			6.77397e-06
726			6.76354e-06
727			6.7874e-06
728			6.80827e-06
729			6.79636e-06
730			6.81723e-06
731			6.80383e-06
732			6.8247e-06
733			6.84557e-06
734			6.83068e-06
735			6.85304e-06
736			6.83815e-06
737			6.85902e-06
738			6.88735e-06
739			6.87245e-06
740			6.89631e-06
741			6.87695e-06
742			6.91123e-06
743			6.9321e-06
744			6.92466e-06
745			6.94702e-06
746			6.93511e-06
747			6.96195e-06
748			6.99176e-06
749			6.97687e-06
750			6.99774e-06
751			6.97987e-06
752			7.0082e-06
753			7.03652e-06
754			7.01865e-06
755			7.04101e-06
756			7.02016e-06
757			7.0455e-06
758			7.0783e-06
759			7.06639e-06
760			7.08428e-06
761			7.0679e-06
762			7.09324e-06
763			7.11263e-06
764			7.09476e-06
765			7.1201e-06
766			7.10074e-06
767			7.12758e-06
768			7.10971e-06
769			7.13356e-06
770			7.15593e-06
771			7.13508e-06
772			7.15893e-06
773			7.13808e-06
774			7.15597e-06
775			7.1843e-06
776			7.16047e-06
777			7.1888e-06
778			7.16199e-06
779			7.17988e-06
780			7.20522e-06
781			7.1799e-06
782			7.20525e-06
783			7.17844e-06
784			7.20528e-06
785			7.2336e-06
786			7.20828e-06
787			7.24108e-06
788			7.21427e-06
789			7.24111e-06
790			7.26198e-06
791			7.23666e-06
792			7.26052e-06
793			7.23669e-06
794			7.2516e-06
795			7.28291e-06
796			7.25461e-06
797			7.27102e-06
798			7.24868e-06
799			7.26658e-06
800			7.29639e-06
801			7.26065e-06
802			7.28301e-06
803			7.25173e-06
804			7.28006e-06
805			7.30242e-06
806			7.27264e-06
807			7.29351e-06
808			7.25926e-06
809			7.2846e-06
810			7.30846e-06
811			7.27718e-06
812			7.30402e-06
813			7.26529e-06
814			7.28766e-06
815			7.32195e-06
816			7.29216e-06
817			7.31602e-06
818			7.26835e-06
819			7.29519e-06
820			7.31308e-06
821			7.28627e-06
822			7.30715e-06
823			7.26544e-06
824			7.29526e-06
825			7.31912e-06
826			7.2804e-06
827			7.30127e-06
828			7.25659e-06
829			7.27448e-06
830			7.29536e-06
831			7.2477e-06
832			7.28347e-06
833			7.24773e-06
834			7.26563e-06
835			7.28651e-06
836			7.24182e-06
837			7.27462e-06
838			7.22397e-06
839			7.24485e-06
840			7.26274e-06
841			7.22104e-06
842			7.24788e-06
843			7.20021e-06
844			7.22407e-06
845			7.2539e-06
846			7.20622e-06
847			7.23307e-06
848			7.19733e-06
849			7.21523e-06
850			7.24504e-06
851			7.20632e-06
852			7.2272e-06
853			7.18251e-06
854			7.20041e-06
855			7.22129e-06
856			7.16469e-06
857			7.20345e-06
858			7.14685e-06
859			7.16176e-06
860			7.19754e-06
861			7.14988e-06
862			7.15884e-06
863			7.11714e-06
864			7.13205e-06
865			7.15889e-06
866			7.10825e-06
867			7.11721e-06
868			7.08445e-06
869			7.09937e-06
870			7.13515e-06
871			7.09345e-06
872			7.11433e-06
873			7.06369e-06
874			7.09351e-06
875			7.11141e-06
876			7.05779e-06
877			7.06675e-06
878			7.01313e-06
879			7.05189e-06
880			7.07277e-06
881			7.01021e-06
882			7.03705e-06
883			6.97747e-06
884			6.98345e-06
885			7.00433e-06
886			6.93879e-06
887			6.95967e-06
888			6.90307e-06
889			6.92395e-06
890			6.93589e-06
891			6.88525e-06
892			6.90316e-06
893			6.82569e-06
894			6.85552e-06
895			6.88236e-06
896			6.82278e-06
897			6.84366e-06
898			6.76918e-06
899			6.79602e-06
900			6.81393e-06
901			6.75434e-06
902			6.77225e-06
903			6.69777e-06
904			6.72759e-06
905			6.7455e-06
906			6.66804e-06
907			6.68892e-06
908			6.61443e-06
909			6.63234e-06
910			6.66217e-06
911			6.58769e-06
912			6.60857e-06
913			6.52515e-06
914			6.55498e-06
915			6.56394e-06
916			6.47456e-06
917			6.50737e-06
918			6.42394e-06
919			6.45377e-06
920			6.46571e-06
921			6.3823e-06
922			6.40318e-06
923			6.3287e-06
924			6.35555e-06
925			6.3675e-06
926			6.296e-06
927			6.30794e-06
928			6.23942e-06
929			6.26329e-06
930			6.26928e-06
931			6.18883e-06
932			6.20377e-06
933			6.12332e-06
934			6.13825e-06
935			6.15616e-06
936			6.06678e-06
937			6.09065e-06
938			6.01915e-06
939			6.04302e-06
940			6.07285e-06
941			5.97154e-06
942			5.98945e-06
943			5.90604e-06
944			5.90605e-06
945			5.92993e-06
946			5.83459e-06
947			5.85846e-06
948			5.75716e-06
949			5.78699e-06
950			5.78702e-06
951			5.67976e-06
952			5.69171e-06
953			5.60233e-06
954			5.60832e-06
955			5.6143e-06
956			5.50706e-06
957			5.53689e-06
958			5.45346e-06
959			5.47137e-06
960			5.4714e-06
961			5.37606e-06
962			5.40589e-06
963			5.32248e-06
964			5.32847e-06
965			5.35831e-06
966			5.26893e-06
967			5.28684e-06
968			5.19746e-06
969			5.20346e-06
970			5.21541e-06
971			5.09623e-06
972			5.11414e-06
973			5.00688e-06
974			5.03076e-06
975			5.0427e-06
976			4.95929e-06
977			4.97124e-06
978			4.86399e-06
979			4.88786e-06
980			4.89982e-06
981			4.77467e-06
982			4.79259e-06
983			4.68534e-06
984			4.67345e-06
985			4.69731e-06
986			4.59007e-06
987			4.63182e-06
988			4.50668e-06
989			4.50076e-06
990			4.52463e-06
991			4.39353e-06
992			4.42337e-06
993			4.29823e-06
994			4.29827e-06
995			4.29233e-06
996			4.17912e-06
997			4.19108e-06
998			4.05402e-06
999			4.05406e-06
1000			4.08986e-06
1001			3.95876e-06
1002			3.97667e-06
1003			3.86346e-06
1004			3.83965e-06
1005			3.85757e-06
1006			3.74437e-06
1007			3.75036e-06
1008			3.61927e-06
1009			3.60141e-06
1010			3.62529e-06
1011			3.50016e-06
1012			3.52404e-06
1013			3.3691e-06
1014			3.35126e-06
1015			3.36321e-06
1016			3.23213e-06
1017			3.23812e-06
1018			3.10107e-06
1019			3.11302e-06
1020			3.13095e-06
1021			2.98793e-06
1022			2.98201e-06
1023			2.82111e-06
1024			2.85095e-06
1025			2.83906e-06
1026			2.7199e-06
1027			2.69609e-06
1028			2.54712e-06
1029			2.56505e-06
1030			2.577e-06
1031			2.434e-06
1032			2.41616e-06
1033			2.27314e-06
1034			2.26722e-06
1035			2.28515e-06
1036			2.13616e-06
1037			2.12429e-06
1038			2.01107e-06
1039			1.9694e-06
1040			1.99328e-06
1041			1.85623e-06
1042			1.85627e-06
1043			1.68345e-06
1044			1.69541e-06
1045			1.70142e-06
1046			1.51669e-06
1047			1.51077e-06
1048			1.36776e-06
1049			1.37973e-06
1050			1.37977e-06
1051			1.23079e-06
1052			1.21891e-06
1053			1.07591e-06
1054			1.05807e-06
1055			1.05811e-06
1056			8.79343e-07
1057			8.91305e-07
1058			7.06568e-07
1059			7.0066e-07
1060			7.06656e-07
1061			5.27885e-07
1062			5.04093e-07
1063			3.37241e-07
1064			3.25366e-07
1065			3.2541e-07
1066			1.76442e-07
1067			1.64568e-07
1068			8.23638e-09
1069			8.19273e-09
1070			2.60334e-08
1071			1.92871e-07
1072			2.10712e-07
1073			3.95448e-07
1074			3.7752e-07
1075			4.07279e-07
1076			6.21803e-07
1077			5.97909e-07
1078			8.0053e-07
1079			8.3624e-07
1080			8.48115e-07
1081			1.0388e-06
1082			1.07451e-06
1083			1.22943e-06
1084			1.21747e-06
1085			1.22935e-06
1086			1.44387e-06
1087			1.43191e-06
1088			1.61066e-06
1089			1.63447e-06
1090			1.67018e-06
1091			1.87277e-06
1092			1.84888e-06
1093			2.07534e-06
1094			2.09914e-06
1095			2.11099e-06
1096			2.30168e-06
1097			2.27778e-06
1098			2.46847e-06
1099			2.49228e-06
1100			2.49222e-06
1101			2.68291e-06
1102			2.70669e-06
1103			2.92121e-06
1104			2.95692e-06
1105			2.99263e-06
1106			3.23102e-06
1107			3.23096e-06
1108			3.44549e-06
1109			3.45736e-06
1110			3.49307e-06
1111			3.7195e-06
1112			3.74331e-06
1113			3.95783e-06
1114			3.98161e-06
1115			3.99348e-06
1116			4.21991e-06
1117			4.26755e-06
1118			4.44631e-06
1119			4.44625e-06
1120			4.49389e-06
1121			4.70842e-06
1122			4.72026e-06
1123			4.97056e-06
1124			4.98243e-06
1125			4.99428e-06
1126			5.23264e-06
1127			5.22067e-06
1128			5.4471e-06
1129			5.45898e-06
1130			5.49469e-06
1131			5.75688e-06
1132			5.76876e-06
1133			5.93558e-06
1134			5.95936e-06
1135			5.99507e-06
1136			6.2692e-06
1137			6.2453e-06
1138			6.4956e-06
1139			6.53128e-06
1140			6.55508e-06
1141			6.81728e-06
1142			6.81722e-06
1143			7.04365e-06
1144			7.12703e-06
1145			7.11507e-06
1146			7.32957e-06
1147			7.32951e-06
1148			7.60364e-06
1149			7.65125e-06
1150			7.67503e-06
1151			7.93725e-06
1152			7.96103e-06
1153			8.18746e-06
1154			8.22317e-06
1155			8.29462e-06
1156			8.52105e-06
1157			8.52099e-06
1158			8.80705e-06
1159			8.8189e-06
1160			8.85461e-06
1161			9.15254e-06
1162			9.16442e-06
1163			9.43855e-06
1164			9.46232e-06
1165			9.53377e-06
1166			9.79597e-06
1167			9.90319e-06
1168			1.01296e-05
1169			1.01773e-05
1170			1.02129e-05
1171			1.05347e-05
1172			1.05228e-05
1173			1.08446e-05
1174			1.09399e-05
1175			1.09517e-05
1176			1.12735e-05
1177			1.12854e-05
1178			1.16072e-05
1179			1.16786e-05
1180			1.16905e-05
1181			1.19884e-05
1182			1.19884e-05
1183			1.22744e-05
1184			1.22862e-05
1185			1.23696e-05
1186			1.26676e-05
1187			1.26556e-05
1188			1.29893e-05
1189			1.30131e-05
1190			1.30488e-05
1191			1.33587e-05
1192			1.33824e-05
1193			1.37042e-05
1194			1.37995e-05
1195			1.38471e-05
1196			1.41808e-05
1197			1.42523e-05
1198			1.45145e-05
1199			1.46098e-05
1200			1.46455e-05
1201			1.5003e-05
1202			1.50149e-05
1203			1.53247e-05
1204			1.53843e-05
1205			1.54438e-05
1206			1.57775e-05
1207			1.58609e-05
1208			1.61827e-05
1209			1.62065e-05
1210			1.62421e-05
1211			1.65759e-05
1212			1.66235e-05
1213			1.69691e-05
1214			1.70048e-05
1215			1.71001e-05
1216			1.74934e-05
1217			1.75053e-05
1218			1.78866e-05
1219			1.797e-05
1220			1.80176e-05
1221			1.83394e-05
1222			1.84347e-05
1223			1.88042e-05
1224			1.88279e-05
1225			1.89351e-05
1226			1.92331e-05
1227			1.93284e-05
1228			1.96501e-05
1229			1.97097e-05
1230			1.9793e-05
1231			2.02102e-05
1232			2.02578e-05
1233			2.06392e-05
1234			2.06868e-05
1235			2.07702e-05
1236			2.11754e-05
1237			2.12945e-05
1238			2.16044e-05
1239			2.16758e-05
1240			2.17473e-05
1241			2.21287e-05
1242			2.22239e-05
1243			2.25576e-05
1244			2.25814e-05
1245			2.27244e-05
1246			2.31296e-05
1247			2.3201e-05
1248			2.36301e-05
1249			2.36777e-05
1250			2.37015e-05
1251			2.41067e-05
1252			2.42258e-05
1253			2.46549e-05
1254			2.46548e-05
1255			2.47977e-05
1256			2.5203e-05
1257			2.52267e-05
1258			2.5632e-05
1259			2.56557e-05
1260			2.57749e-05
1261			2.61086e-05
1262			2.618e-05
1263			2.65614e-05
1264			2.6609e-05
1265			2.67519e-05
1266			2.72287e-05
1267			2.72763e-05
1268			2.76577e-05
1269			2.77053e-05
1270			2.7729e-05
1271			2.82057e-05
1272			2.82534e-05
1273			2.87062e-05
1274			2.873e-05
1275			2.88252e-05
1276			2.92544e-05
1277			2.93496e-05
1278			2.97787e-05
1279			2.98024e-05
1280			2.99215e-05
1281			3.00645e-05
1282			3.08512e-05
1283			3.08749e-05
1284			3.10179e-05
1285			3.1137e-05
1286			3.11369e-05
1287			3.19474e-05
1288			3.1995e-05
1289			3.21618e-05
1290			3.22332e-05
1291			3.23047e-05
1292			3.31629e-05
1293			3.31151e-05
1294			3.32581e-05
1295			3.33295e-05
1296			3.34248e-05
1297			3.42591e-05
1298			3.43305e-05
1299			3.43305e-05
1300			3.45449e-05
1301			3.46163e-05
1302			3.54745e-05
1303			3.56414e-05
1304			3.56889e-05
1305			3.58796e-05
1306			3.5951e-05
1307			3.68807e-05
1308			3.6976e-05
1309			3.70474e-05
1310			3.72142e-05
1311			3.74048e-05
1312			3.8263e-05
1313			3.83583e-05
1314			3.85251e-05
1315			3.85488e-05
1316			3.87156e-05
1317			3.9693e-05
1318			3.96691e-05
1319			3.98597e-05
1320			4.00027e-05
1321			4.01695e-05
1322			4.10753e-05
1323			4.12898e-05
1324			4.13374e-05
1325			4.14565e-05
1326			4.16233e-05
1327			4.2553e-05
1328			4.25768e-05
1329			4.2672e-05
1330			4.27911e-05
1331			4.29102e-05
1332			4.37922e-05
1333			4.39829e-05
1334			4.41973e-05
1335			4.42449e-05
1336			4.43402e-05
1337			4.51984e-05
1338			4.53651e-05
1339			4.54842e-05
1340			4.55795e-05
1341			4.56986e-05
1342			4.67475e-05
1343			4.69143e-05
1344			4.70811e-05
1345			4.71525e-05
1346			4.73669e-05
1347			4.82967e-05
1348			4.84158e-05
1349			4.84872e-05
1350			4.86062e-05
1351			4.87015e-05
1352			4.97743e-05
1353			4.99411e-05
1354			5.01794e-05
1355			5.02985e-05
1356			5.04176e-05
1357			5.14665e-05
1358			5.16571e-05
1359			5.18239e-05
1360			5.19907e-05
1361			5.20859e-05
1362			5.31587e-05
1363			5.33016e-05
1364			5.34445e-05
1365			5.35636e-05
1366			5.37304e-05
1367			5.47793e-05
1368			5.50415e-05
1369			5.50175e-05
1370			5.52558e-05
1371			5.54941e-05
1372			5.6543e-05
1373			5.67097e-05
1374			5.68527e-05
1375			5.70671e-05
1376			5.72101e-05
1377			5.8259e-05
1378			5.83304e-05
1379			5.8521e-05
1380			5.86401e-05
1381			5.87592e-05
1382			5.99273e-05
1383			6.01179e-05
1384			6.01893e-05
1385			6.03322e-05
1386			6.05467e-05
1387			6.16194e-05
1388			6.17623e-05
1389			6.18814e-05
1390			6.20243e-05
1391			6.20958e-05
1392			6.324e-05
1393			6.34783e-05
1394			6.35974e-05
1395			6.37165e-05
1396			6.39547e-05
1397			6.50514e-05
1398			6.53135e-05
1399			6.5361e-05
1400			6.55278e-05
1401			6.56946e-05
1402			6.69103e-05
1403			6.71725e-05
1404			6.73631e-05
1405			6.74583e-05
1406			6.76728e-05
1407			6.88885e-05
1408			6.89838e-05
1409			6.93174e-05
1410			6.93888e-05
1411			6.95556e-05
1412			7.07475e-05
1413			7.10335e-05
1414			7.12003e-05
1415			7.13193e-05
1416			7.13907e-05
1417			7.27019e-05
1418			7.30593e-05
1419			7.31546e-05
1420			7.32498e-05
1421			7.35834e-05
1422			7.46801e-05
1423			7.49183e-05
1424			7.52043e-05
1425			7.52995e-05
1426			7.55854e-05
1427			7.69205e-05
1428			7.70157e-05
1429			7.73016e-05
1430			7.75876e-05
1431			7.77305e-05
1432			7.89701e-05
1433			7.90177e-05
1434			7.91606e-05
1435			7.93989e-05
1436			7.94941e-05
1437			8.08768e-05
1438			8.10673e-05
1439			8.11148e-05
1440			8.14485e-05
1441			8.1639e-05
1442			8.29264e-05
1443			8.33077e-05
1444			8.34506e-05
1445			8.34982e-05
1446			8.37841e-05
1447			8.52145e-05
1448			8.54527e-05
1449			8.55479e-05
1450			8.57862e-05
1451			8.60245e-05
1452			8.73118e-05
1453			8.76454e-05
1454			8.77406e-05
1455			8.80742e-05
1456			8.82648e-05
1457			8.96952e-05
1458			8.98381e-05
1459			8.9981e-05
1460			9.01239e-05
1461			9.05052e-05
1462			9.19832e-05
1463			9.21261e-05
1464			9.25075e-05
1465			9.26503e-05
1466			9.27933e-05
1467			9.42713e-05
1468			9.44618e-05
1469			9.47e-05
1470			9.49383e-05
1471			9.5272e-05
1472			9.66069e-05
1473			9.67499e-05
1474			9.71311e-05
1475			9.72264e-05
1476			9.74169e-05
1477			9.88472e-05
1478			9.90855e-05
1479			9.94192e-05
1480			9.95144e-05
1481			9.9705e-05
1482			0.000101326
1483			0.000101707
1484			0.000101659
1485			0.000102041
1486			0.000102184
1487			0.000103614
1488			0.000103852
1489			0.000104281
1490			0.000104567
1491			0.000104758
1492			0.000106379
1493			0.000106617
1494			0.000106951
1495			0.000107332
1496			0.000107427
1497			0.000109144
1498			0.000109334
1499			0.000109382
1500			0.000109858
1501			0.000110097
1502			0.000111622
1503			0.00011186
1504			0.000112146
1505			0.000112385
1506			0.000112671
1507			0.00011453
1508			0.000114673
1509			0.000114959
1510			0.000115149
1511			0.000115531
1512			0.000117247
1513			0.000117485
1514			0.000117867
1515			0.000117914
1516			0.000118248
1517			0.000120107
1518			0.000120059
1519			0.000120393
1520			0.000120679
1521			0.000121156
1522			0.000122634
1523			0.000123063
1524			0.000123253
1525			0.000123682
1526			0.000124063
1527			0.000125637
1528			0.000125827
1529			0.000126256
1530			0.000126447
1531			0.000126971
1532			0.000128735
1533			0.000128783
1534			0.000129307
1535			0.00012945
1536			0.000131071
1537			0.000131595
1538			0.000131976
1539			0.000132262
1540			0.000132691
1541			0.000134456
1542			0.000134789
1543			0.00013517
1544			0.000135456
1545			0.000135694
1546			0.000137315
1547			0.000137649
1548			0.000138173
1549			0.000138221
1550			0.000138698
1551			0.000140509
1552			0.000140891
1553			0.000141177
1554			0.000141176
1555			0.000141701
1556			0.000143465
1557			0.000143941
1558			0.000144323
1559			0.000144752
1560			0.000144942
1561			0.000146754
1562			0.000147183
1563			0.000147612
1564			0.000148041
1565			0.000148422
1566			0.000150329
1567			0.000150758
1568			0.000151139
1569			0.00015133
1570			0.000151663
1571			0.000153618
1572			0.000154143
1573			0.000154667
1574			0.000154762
1575			0.000155143
1576			0.00015705
1577			0.000157622
1578			0.000157861
1579			0.000158194
1580			0.000158623
1581			0.000160578
1582			0.000160864
1583			0.000161197
1584			0.000161531
1585			0.000161864
1586			0.000163724
1587			0.000164296
1588			0.000164677
1589			0.000164915
1590			0.000165344
1591			0.000167442
1592			0.00016768
1593			0.000168252
1594			0.000168586
1595			0.000168824
1596			0.00017097
1597			0.000171399
1598			0.000171828
1599			0.000171923
1600			0.000172542
1601			0.00017464
1602			0.000175117
1603			0.000175498
1604			0.00017607
1605			0.00017626
1606			0.000178501
1607			0.000178787
1608			0.000179264
1609			0.000179407
1610			0.000179979
1611			0.000181981
1612			0.000182601
1613			0.000183077
1614			0.000183602
1615			0.000183935
1616			0.000186367
1617			0.000186605
1618			0.000186986
1619			0.000187368
1620			0.000187892
1621			0.000190085
1622			0.000190323
1623			0.0001908
1624			0.000191133
1625			0.00019161
1626			0.000194042
1627			0.000194566
1628			0.000194995
1629			0.000195233
1630			0.000195805
1631			0.000197903
1632			0.000198188
1633			0.000198665
1634			0.000198856
1635			0.000199523
1636			0.000201812
1637			0.000201907
1638			0.000202383
1639			0.00020286
1640			0.000203241
1641			0.000205816
1642			0.000206006
1643			0.000206387
1644			0.000206769
1645			0.000207436
1646			0.000210011
1647			0.000210296
1648			0.000210487
1649			0.000210963
1650			0.000211631
1651			0.000214206
1652			0.000214777
1653			0.000214873
1654			0.00021554
1655			0.000215826
1656			0.0002184
1657			0.000218877
1658			0.000219258
1659			0.000219926
1660			0.000220497
1661			0.000222881
1662			0.000223453
1663			0.000223548
1664			0.000224216
1665			0.000224692
1666			0.000227267
1667			0.000228125
1668			0.000228602
1669			0.000228983
1670			0.000229364
1671			0.000231939
1672			0.000232224
1673			0.00023251
1674			0.000233082
1675			0.000233559
1676			0.000236133
1677			0.000236705
1678			0.000236896
1679			0.000237372
1680			0.000237754
1681			0.000240137
1682			0.000240996
1683			0.000241186
1684			0.000241567
1685			0.000241948
1686			0.000244523
1687			0.000245
1688			0.000245667
1689			0.000245953
1690			0.00024662
1691			0.000249576
1692			0.000250053
1693			0.000250243
1694			0.000251101
1695			0.000251292
1696			0.000253675
1697			0.000254152
1698			0.00025501
1699			0.000255391
1700			0.000255963
1701			0.000258919
1702			0.00025911
1703			0.000260063
1704			0.000260349
1705			0.000261111
1706			0.000263686
1707			0.000264353
1708			0.000265021
1709			0.000265497
1710			0.00026626
1711			0.000269121
1712			0.000269979
1713			0.00027055
1714			0.000270646
1715			0.000271408
1716			0.000274364
1717			0.000274841
1718			0.000275794
1719			0.000276175
1720			0.000276556
1721			0.000279608
1722			0.000279989
1723			0.000280943
1724			0.00028161
1725			0.000282182
1726			0.000285328
1727			0.000286186
1728			0.000286758
1729			0.000287521
1730			0.000287807
1731			0.000290381
1732			0.000291335
1733			0.000292097
1734			0.000292955
1735			0.000293432
1736			0.000296388
1737			0.000297055
1738			0.000298295
1739			0.000298676
1740			0.000299057
1741			0.000302013
1742			0.000302776
1743			0.000303824
1744			0.000304015
1745			0.000304682
1746			0.000307543
1747			0.000308019
1748			0.000308496
1749			0.00030964
1750			0.000310307
1751			0.000313263
1752			0.00031393
1753			0.000315075
1754			0.000315551
1755			0.000315932
1756			0.000319174
1757			0.000319555
1758			0.000319841
1759			0.000320699
1760			0.000321557
1761			0.000324799
1762			0.000325467
1763			0.000326134
1764			0.000326992
1765			0.000327659
1766			0.000330806
1767			0.000331568
1768			0.000332045
1769			0.000332235
1770			0.000332807
1771			0.000336049
1772			0.000336812
1773			0.000337765
1774			0.000338528
1775			0.000338909
1776			0.000342246
1777			0.000343009
1778			0.000343486
1779			0.000344343
1780			0.000345488
1781			0.00034892
1782			0.000349492
1783			0.000350732
1784			0.000351303
1785			0.000352066
1786			0.00035569
1787			0.000356071
1788			0.000356643
1789			0.000357691
1790			0.000358168
1791			0.000361601
1792			0.000362459
1793			0.000363317
1794			0.000363698
1795			0.000364746
1796			0.000367989
1797			0.000368751
1798			0.000369037
1799			0.000370181
1800			0.000370848
1801			0.000374186
1802			0.000375139
1803			0.000375997
1804			0.00037695
1805			0.000377903
1806			0.000381718
1807			0.000382099
1808			0.000383148
1809			0.000383624
1810			0.000384482
1811			0.00038801
1812			0.000388868
1813			0.000389726
1814			0.000390107
1815			0.00039106
1816			0.000394875
1817			0.000395542
1818			0.000396686
1819			0.000397544
1820			0.000398116
1821			0.00040193
1822			0.000402883
1823			0.000403932
1824			0.000404599
1825			0.000405171
1826			0.000409176
1827			0.000409557
1828			0.000410129
1829			0.000410892
1830			0.00041175
1831			0.000415468
1832			0.000416517
1833			0.000417184
1834			0.000417851
1835			0.000418805
1836			0.000422905
1837			0.000423286
1838			0.000424335
1839			0.000425383
1840			0.00042586
1841			0.000430151
1842			0.000430914
1843			0.000431676
1844			0.000432629
1845			0.000433392
1846			0.000437397
1847			0.000438255
1848			0.000438922
1849			0.000439875
1850			0.000440447
1851			0.000444643
1852			0.000445119
1853			0.000446359
1854			0.000447121
1855			0.000447979
1856			0.000451698
1857			0.000453033
1858			0.000453318
1859			0.000454844
1860			0.000455511
1861			0.00045923
1862			0.000460469
1863			0.000461613
1864			0.000462376
1865			0.000463043
1866			0.000466857
1867			0.000467906
1868			0.000468764
1869			0.000469526
1870			0.000470575
1871			0.000474389
1872			0.000475342
1873			0.000476105
1874			0.00047744
1875			0.000478584
1876			0.000482589
1877			0.000483924
1878			0.000484686
1879			0.000485639
1880			0.000486592
1881			0.000490979
1882			0.000491742
1883			0.000493076
1884			0.000494029
1885			0.000495555
1886			0.00049956
1887			0.000500322
1888			0.000501466
1889			0.000501656
1890			0.00050261
1891			0.000506615
1892			0.000507568
1893			0.000508903
1894			0.000509665
1895			0.000510619
1896			0.000514814
1897			0.000515576
1898			0.000515767
1899			0.000517292
1900			0.000518627
1901			0.000523014
1902			0.000523967
1903			0.000525111
1904			0.000526445
1905			0.000527589
1906			0.000532167
1907			0.00053312
1908			0.000533882
1909			0.000534645
1910			0.000535598
1911			0.000539984
1912			0.000540937
1913			0.000541891
1914			0.000542844
1915			0.000543606
1916			0.000548374
1917			0.000549518
1918			0.000550662
1919			0.000552188
1920			0.000552569
1921			0.000556764
1922			0.000557527
1923			0.000558098
1924			0.000559433
1925			0.000560577
1926			0.000564964
1927			0.000566107
1928			0.000567633
1929			0.000568014
1930			0.000569539
1931			0.000574498
1932			0.00057526
1933			0.000575832
1934			0.000577548
1935			0.000578501
1936			0.000583269
1937			0.000584604
1938			0.000585938
1939			0.000586701
1940			0.000587463
1941			0.000592613
1942			0.000594138
1943			0.000594519
1944			0.000595472
1945			0.000596425
1946			0.000601766
1947			0.000602147
1948			0.000602909
1949			0.000603862
1950			0.000604434
1951			0.000609392
1952			0.000610918
1953			0.000612252
1954			0.000613397
1955			0.00061435
1956			0.000619689
1957			0.000621024
1958			0.000621787
1959			0.000623121
1960			0.000624265
1961			0.000629033
1962			0.000631131
1963			0.000632084
1964			0.000633419
1965			0.000634181
1966			0.000638758
1967			0.000640856
1968			0.000641999
1969			0.000642953
1970			0.000644097
1971			0.000649627
1972			0.00065039
1973			0.000651343
1974			0.000651915
1975			0.000654012
1976			0.000659734
1977			0.000660878
1978			0.000662784
1979			0.000663928
1980			0.000664881
1981			0.000670221
1982			0.000671938
1983			0.0006727
1984			0.000673844
1985			0.00067575
1986			0.000680709
1987			0.000682044
1988			0.000682615
1989			0.000684332
1990			0.000684713
1991			0.000690434
1992			0.000691196
1993			0.00069234
1994			0.000693675
1995			0.000694628
1996			0.000700922
1997			0.000702256
1998			0.000703781
1999			0.000704353
