0 	 0.73925956856352721420 
2 	 0.75633320854433128746 
4 	 0.77423039608430558114 
6 	 0.78872725752150311214 
8 	 0.79646496023386858523 
10 	 0.79887532547270028837 
12 	 0.79935880545662196155 
14 	 0.79943991352499637736 
16 	 0.79945299536963022874 
18 	 0.79945509118022265425 
20 	 0.79945542657959516681 
22 	 0.79945548024527918483 
24 	 0.79945548883183431153 
26 	 0.79945549020568430130 
28 	 0.79945549042550032964 
30 	 0.79945549046067089489 
32 	 0.79945549046629818535 
34 	 0.79945549046719855183 
36 	 0.79945549046734261047 
38 	 0.79945549046736565985 
40 	 0.79945549046736934777 
42 	 0.79945549046736993779 
44 	 0.79945549046737003222 
46 	 0.79945549046737004729 
48 	 0.79945549046737004979 
50 	 0.79945549046737005017 
52 	 0.79945549046737005017 
54 	 0.79945549046737005017 
56 	 0.79945549046737005017 
58 	 0.79945549046737005017 
60 	 0.79945549046737005017 
62 	 0.79945549046737005017 
