0 	 0.73925956856352721420 
1 	 0.61681554832254345837 
2 	 0.75633320854433128746 
3 	 0.58973851583157880217 
4 	 0.77423039608430558114 
5 	 0.55935260756302364126 
6 	 0.78872725752150311214 
7 	 0.53323702644515722816 
8 	 0.79646496023386858523 
9 	 0.51874728753129832772 
10 	 0.79887532547270028837 
11 	 0.51415532743547993298 
12 	 0.79935880545662196155 
13 	 0.51322977790586999747 
14 	 0.79943991352499637736 
15 	 0.51307436220205664162 
16 	 0.79945299536963022874 
17 	 0.51304929140529992223 
18 	 0.79945509118022265425 
19 	 0.51304527477198254466 
20 	 0.79945542657959516681 
21 	 0.51304463197450463167 
22 	 0.79945548024527918483 
23 	 0.51304452912342149375 
24 	 0.79945548883183431153 
25 	 0.51304451266715892741 
26 	 0.79945549020568430130 
27 	 0.51304451003415463164 
28 	 0.79945549042550032964 
29 	 0.51304450961287388579 
30 	 0.79945549046067089489 
31 	 0.51304450954546896506 
32 	 0.79945549046629818535 
33 	 0.51304450953468417771 
34 	 0.79945549046719855183 
35 	 0.51304450953295861174 
36 	 0.79945549046734261047 
37 	 0.51304450953268252112 
38 	 0.79945549046736565985 
39 	 0.51304450953263834665 
40 	 0.79945549046736934777 
41 	 0.51304450953263127869 
42 	 0.79945549046736993779 
43 	 0.51304450953263014792 
44 	 0.79945549046737003222 
45 	 0.51304450953262996691 
46 	 0.79945549046737004729 
47 	 0.51304450953262993802 
48 	 0.79945549046737004979 
49 	 0.51304450953262993324 
50 	 0.79945549046737005017 
51 	 0.51304450953262993249 
52 	 0.79945549046737005017 
53 	 0.51304450953262993249 
54 	 0.79945549046737005017 
55 	 0.51304450953262993249 
56 	 0.79945549046737005017 
57 	 0.51304450953262993249 
58 	 0.79945549046737005017 
59 	 0.51304450953262993249 
60 	 0.79945549046737005017 
61 	 0.51304450953262993249 
62 	 0.79945549046737005017 
63 	 0.51304450953262993249 
