1 	 0.61681554832254345837 
3 	 0.58973851583157880217 
5 	 0.55935260756302364126 
7 	 0.53323702644515722816 
9 	 0.51874728753129832772 
11 	 0.51415532743547993298 
13 	 0.51322977790586999747 
15 	 0.51307436220205664162 
17 	 0.51304929140529992223 
19 	 0.51304527477198254466 
21 	 0.51304463197450463167 
23 	 0.51304452912342149375 
25 	 0.51304451266715892741 
27 	 0.51304451003415463164 
29 	 0.51304450961287388579 
31 	 0.51304450954546896506 
33 	 0.51304450953468417771 
35 	 0.51304450953295861174 
37 	 0.51304450953268252112 
39 	 0.51304450953263834665 
41 	 0.51304450953263127869 
43 	 0.51304450953263014792 
45 	 0.51304450953262996691 
47 	 0.51304450953262993802 
49 	 0.51304450953262993324 
51 	 0.51304450953262993249 
53 	 0.51304450953262993249 
55 	 0.51304450953262993249 
57 	 0.51304450953262993249 
59 	 0.51304450953262993249 
61 	 0.51304450953262993249 
63 	 0.51304450953262993249 
