0 	 0.87690274110639642189 
1 	 0.37888457635016131928 
2 	 0.82601200008096149096 
3 	 0.50444377706927115787 
4 	 0.87743068748720870232 
5 	 0.37748672726169480815 
6 	 0.82481664799035320695 
7 	 0.50717444961097148782 
8 	 0.87731933072745645177 
9 	 0.37778173053443900168 
10 	 0.82507005807704070552 
11 	 0.50659639526968070275 
12 	 0.87734727136875587718 
13 	 0.37770771913484631077 
14 	 0.82500653912320221043 
15 	 0.50674133084032606196 
16 	 0.87734048614933939992 
17 	 0.37772569286915648077 
18 	 0.82502196829300919538 
19 	 0.50670612764555278895 
20 	 0.87734214776052539639 
21 	 0.37772129136739308026 
22 	 0.82501819012714844699 
23 	 0.50671474806351944029 
24 	 0.87734174167613649808 
25 	 0.37772236706075772731 
26 	 0.82501911349454347530 
27 	 0.50671264127990591581 
28 	 0.87734184096913598049 
29 	 0.37772210403962172808 
30 	 0.82501888771985515381 
31 	 0.50671315641497211154 
32 	 0.87734181669362784368 
33 	 0.37772216834397747388 
34 	 0.82501894291810991803 
35 	 0.50671303047282433696 
36 	 0.87734182262876691757 
37 	 0.37772215262215270374 
38 	 0.82501892942264593955 
39 	 0.50671306126451938175 
40 	 0.87734182117769036785 
41 	 0.37772215646596682403 
42 	 0.82501893272213936846 
43 	 0.50671305373628663379 
44 	 0.87734182153246333228 
45 	 0.37772215552619467459 
46 	 0.82501893191544791616 
47 	 0.50671305557686039544 
48 	 0.87734182144572510896 
49 	 0.37772215575595898801 
50 	 0.82501893211267541265 
51 	 0.50671305512685965012 
52 	 0.87734182146693168592 
53 	 0.37772215569978404679 
54 	 0.82501893206445537862 
55 	 0.50671305523688006634 
56 	 0.87734182146174690255 
57 	 0.37772215571351822470 
58 	 0.82501893207624466594 
59 	 0.50671305520998124051 
60 	 0.87734182146301452722 
61 	 0.37772215571016036354 
62 	 0.82501893207336230996 
63 	 0.50671305521655771875 
