0 	 0.88734001885829099314 
1 	 0.35488536975754864341 
2 	 0.81274319151806796794 
3 	 0.54028052136478033534 
4 	 0.88174005257496419194 
5 	 0.37017458952322567135 
6 	 0.82766603792060650162 
7 	 0.50635413495661137513 
8 	 0.88735666863978370682 
9 	 0.35483957997402524269 
10 	 0.81269600622548314190 
11 	 0.54038528730174573194 
12 	 0.88171005142192182091 
13 	 0.37025590008433196886 
14 	 0.82774096330660964387 
15 	 0.50617980644653718075 
16 	 0.88736442547260580374 
17 	 0.35481824666788696726 
18 	 0.81267401767291783576 
19 	 0.54043410328657929338 
20 	 0.88169604568450629932 
21 	 0.37029385691628002573 
22 	 0.82777592338452670042 
23 	 0.50609845137544410773 
24 	 0.88736797156241572636 
25 	 0.35480849385704914023 
26 	 0.81266396423099215206 
27 	 0.54045642142333102638 
28 	 0.88168963677794329631 
29 	 0.37031122517594207397 
30 	 0.82779191698045349515 
31 	 0.50606123002609214144 
32 	 0.88736957829152629225 
33 	 0.35480407484057002442 
34 	 0.81265940877569505278 
35 	 0.54046653406931649609 
36 	 0.88168673165247976381 
37 	 0.37031909802559003495 
38 	 0.82779916600401728998 
39 	 0.50604435902310101434 
40 	 0.88737030332019944923 
41 	 0.35480208077493918047 
42 	 0.81265735309713009286 
43 	 0.54047109741775260311 
44 	 0.88168542047199981984 
45 	 0.37032265128685006942 
46 	 0.82780243756908475637 
47 	 0.50603674482937030657 
48 	 0.88737062987712095720 
49 	 0.35480118263553908598 
50 	 0.81265642719766478867 
51 	 0.54047315278856922221 
52 	 0.88168482985690357228 
53 	 0.37032425183272830977 
54 	 0.82780391119726704028 
55 	 0.50603331510339861305 
56 	 0.88737077683646396840 
57 	 0.35480077844855620957 
58 	 0.81265601051603429027 
59 	 0.54047407776310093928 
60 	 0.88168456405375388198 
61 	 0.37032497214899024891 
62 	 0.82780457438903140967 
63 	 0.50603177158417217814 
