0 	 0.24085361438100801711 
1 	 0.18284315082061270520 
2 	 0.14941153301860338063 
3 	 0.12708772681963417239 
4 	 0.11093643651145220947 
5 	 0.09862954356559274260 
6 	 0.08890175670163558583 
7 	 0.08099823435699877804 
8 	 0.07443752038804748079 
9 	 0.06889657594652649641 
10 	 0.06414983776937100302 
11 	 0.06003463608353438455 
12 	 0.05643047855385197581 
13 	 0.05324607964403522803 
14 	 0.05041093464657628535 
15 	 0.04786967231463490004 
16 	 0.04557816678712437701 
17 	 0.04350079749944944935 
18 	 0.04160847811636134189 
19 	 0.03987721266520162120 
20 	 0.03828702057525590462 
21 	 0.03682112463072583564 
22 	 0.03546532941165439083 
23 	 0.03420753982137723285 
24 	 0.03303738404074612373 
25 	 0.03194591529649037705 
26 	 0.03092537379235983920 
27 	 0.02996899504816266241 
28 	 0.02907085438396586423 
29 	 0.02822573980935211693 
30 	 0.02742904742156687205 
31 	 0.02667669477911230778 
32 	 0.02596504873477438992 
33 	 0.02529086497897518077 
34 	 0.02465123712759042750 
35 	 0.02404355363566973475 
36 	 0.02346546116423840743 
37 	 0.02291483329658802651 
38 	 0.02238974371157760723 
39 	 0.02188844308810747822 
40 	 0.02140933914728615819 
41 	 0.02095097934456263858 
42 	 0.02051203580906634825 
43 	 0.02009129219603392809 
44 	 0.01968763217392751427 
45 	 0.01930002931331164845 
46 	 0.01892753818181695955 
47 	 0.01856928648019282070 
48 	 0.01822446807980934882 
49 	 0.01789233684301735897 
50 	 0.01757220112531336258 
51 	 0.01726341887292489837 
52 	 0.01696539324174283880 
53 	 0.01667756867389586521 
54 	 0.01639942737702335253 
55 	 0.01613048615872908949 
56 	 0.01587029357501213875 
57 	 0.01561842735685506718 
58 	 0.01537449208375370842 
59 	 0.01513811707692030297 
60 	 0.01490895448828575688 
61 	 0.01468667756435198086 
62 	 0.01447097906647274103 
63 	 0.01426156983133044875 
