0 	 0.02811635491455306788 
1 	 0.05465165100174391086 
2 	 0.10332969608905498929 
3 	 0.18530533999039704667 
4 	 0.30193454192288080747 
5 	 0.42154014863340187925 
6 	 0.48768810344706266198 
7 	 0.49969683440653953939 
8 	 0.49999981618124588354 
9 	 0.49999999999993242130 
10 	 0.50000000000000000000 
11 	 0.50000000000000000000 
12 	 0.50000000000000000000 
13 	 0.50000000000000000000 
14 	 0.50000000000000000000 
15 	 0.50000000000000000000 
16 	 0.50000000000000000000 
17 	 0.50000000000000000000 
18 	 0.50000000000000000000 
19 	 0.50000000000000000000 
20 	 0.50000000000000000000 
21 	 0.50000000000000000000 
22 	 0.50000000000000000000 
23 	 0.50000000000000000000 
24 	 0.50000000000000000000 
25 	 0.50000000000000000000 
26 	 0.50000000000000000000 
27 	 0.50000000000000000000 
28 	 0.50000000000000000000 
29 	 0.50000000000000000000 
30 	 0.50000000000000000000 
31 	 0.50000000000000000000 
32 	 0.50000000000000000000 
33 	 0.50000000000000000000 
34 	 0.50000000000000000000 
35 	 0.50000000000000000000 
36 	 0.50000000000000000000 
37 	 0.50000000000000000000 
38 	 0.50000000000000000000 
39 	 0.50000000000000000000 
40 	 0.50000000000000000000 
41 	 0.50000000000000000000 
42 	 0.50000000000000000000 
43 	 0.50000000000000000000 
44 	 0.50000000000000000000 
45 	 0.50000000000000000000 
46 	 0.50000000000000000000 
47 	 0.50000000000000000000 
48 	 0.50000000000000000000 
49 	 0.50000000000000000000 
50 	 0.50000000000000000000 
51 	 0.50000000000000000000 
52 	 0.50000000000000000000 
53 	 0.50000000000000000000 
54 	 0.50000000000000000000 
55 	 0.50000000000000000000 
56 	 0.50000000000000000000 
57 	 0.50000000000000000000 
58 	 0.50000000000000000000 
59 	 0.50000000000000000000 
60 	 0.50000000000000000000 
61 	 0.50000000000000000000 
62 	 0.50000000000000000000 
63 	 0.50000000000000000000 
