0 	 0.75000000000000000000 
1 	 0.56250000000000000000 
2 	 0.73828125000000000000 
3 	 0.57966613769531250000 
4 	 0.73095991951413452625 
5 	 0.58997254673407350498 
6 	 0.72571482250255487723 
7 	 0.59715845670792043926 
8 	 0.72168070287040544936 
9 	 0.60257299792464903948 
10 	 0.71843634029024983155 
11 	 0.60685669572180653438 
12 	 0.71574493973825175931 
13 	 0.61036236293201435066 
14 	 0.71346044654418703444 
15 	 0.61330391328346880862 
16 	 0.71148666970395654140 
17 	 0.61582016561258877115 
18 	 0.70975706771241752857 
19 	 0.61800591763406486387 
20 	 0.70822381021002689763 
21 	 0.61992853458485609492 
22 	 0.70685143977698692658 
23 	 0.62163744558656265209 
24 	 0.70561299549352802997 
25 	 0.62316988825253526613 
26 	 0.70448753588357392513 
27 	 0.62455454300479219901 
28 	 0.70345849745060211208 
29 	 0.62581391944543000156 
30 	 0.70251257302133655159 
31 	 0.62696597330483349323 
32 	 0.70163892486826892630 
33 	 0.62802523193390579745 
34 	 0.70082861996480888165 
35 	 0.62900359620909110245 
36 	 0.70007421649536532725 
37 	 0.62991092368129705434 
38 	 0.69936945572481663662 
39 	 0.63075546037197113657 
40 	 0.69870902874874165717 
41 	 0.63154416568119528481 
42 	 0.69808839742571473391 
43 	 0.63228296041593627712 
44 	 0.69750365515078750799 
45 	 0.63297691860623642114 
46 	 0.69695141735397112172 
47 	 0.63363041760678564862 
48 	 0.69642873447070821635 
49 	 0.63424725682270801719 
50 	 0.69593302210673362718 
51 	 0.63483075254436669522 
52 	 0.69546200450495926181 
53 	 0.63538381438470985571 
54 	 0.69501366840793928629 
55 	 0.63590900740223490822 
56 	 0.69458622512081777075 
57 	 0.63640860297969128144 
58 	 0.69417807909938687656 
59 	 0.63688462079181676036 
60 	 0.69378780177204158001 
61 	 0.63733886365307975482 
62 	 0.69341410959144230585 
63 	 0.63777294663284863632 
