#T_D = 0.1

1	3.44213e-07	2.83102e-07	
2	1.3768e-06	1.13236e-06	
3	3.09759e-06	2.54762e-06	
4	5.50629e-06	4.52863e-06	
5	8.60249e-06	7.07505e-06	
6	1.23857e-05	1.01864e-05	
7	1.68551e-05	1.38622e-05	
8	2.20101e-05	1.81018e-05	
9	2.78497e-05	2.29043e-05	
10	3.43729e-05	2.82691e-05	
11	4.15786e-05	3.4195e-05	
12	4.94655e-05	4.06811e-05	
13	5.80322e-05	4.77263e-05	
14	6.72772e-05	5.53293e-05	
15	7.71989e-05	6.34888e-05	
16	8.77955e-05	7.22033e-05	
17	9.90653e-05	8.14713e-05	
18	0.000111006	9.12912e-05	
19	0.000123616	0.000101661	
20	0.000136893	0.00011258	
21	0.000150834	0.000124045	
22	0.000165437	0.000136054	
23	0.0001807	0.000148606	
24	0.00019662	0.000161698	
25	0.000213194	0.000175328	
26	0.000230419	0.000189493	
27	0.000248292	0.000204192	
28	0.00026681	0.000219421	
29	0.000285971	0.000235178	
30	0.000305769	0.00025146	
31	0.000326203	0.000268265	
32	0.000347269	0.000285589	
33	0.000368962	0.00030343	
34	0.00039128	0.000321785	
35	0.000414218	0.00034065	
36	0.000437772	0.000360022	
37	0.000461939	0.000379898	
38	0.000486714	0.000400275	
39	0.000512093	0.000421148	
40	0.000538072	0.000442516	
41	0.000564645	0.000464373	
42	0.00059181	0.000486717	
43	0.000619561	0.000509543	
44	0.000647892	0.000532849	
45	0.000676801	0.000556629	
46	0.000706281	0.00058088	
47	0.000736328	0.000605598	
48	0.000766937	0.000630779	
49	0.000798102	0.000656419	
50	0.000829818	0.000682514	
51	0.00086208	0.000709059	
52	0.000894883	0.000736049	
53	0.000928221	0.000763482	
54	0.000962088	0.000791351	
55	0.00099648	0.000819654	
56	0.00103139	0.000848384	
57	0.00106681	0.000877538	
58	0.00110274	0.000907111	
59	0.00113917	0.000937099	
60	0.0011761	0.000967495	
61	0.00121351	0.000998297	
62	0.0012514	0.0010295	
63	0.00128978	0.00106109	
64	0.00132862	0.00109308	
65	0.00136793	0.00112545	
66	0.00140769	0.0011582	
67	0.00144791	0.00119133	
68	0.00148857	0.00122483	
69	0.00152967	0.00125869	
70	0.0015712	0.00129291	
71	0.00161316	0.00132749	
72	0.00165554	0.00136241	
73	0.00169832	0.00139768	
74	0.00174152	0.00143329	
75	0.00178511	0.00146923	
76	0.00182909	0.0015055	
77	0.00187346	0.00154209	
78	0.00191821	0.00157901	
79	0.00196333	0.00161623	
80	0.00200881	0.00165376	
81	0.00205465	0.00169159	
82	0.00210084	0.00172972	
83	0.00214738	0.00176814	
84	0.00219425	0.00180684	
85	0.00224145	0.00184583	
86	0.00228897	0.00188509	
87	0.00233681	0.00192462	
88	0.00238496	0.00196441	
89	0.0024334	0.00200446	
90	0.00248214	0.00204476	
91	0.00253117	0.00208531	
92	0.00258048	0.0021261	
93	0.00263006	0.00216713	
94	0.0026799	0.00220839	
95	0.00273001	0.00224988	
96	0.00278036	0.00229158	
97	0.00283096	0.0023335	
98	0.00288179	0.00237563	
99	0.00293285	0.00241797	
100	0.00298414	0.0024605	
101	0.00303564	0.00250322	
102	0.00308735	0.00254614	
103	0.00313925	0.00258923	
104	0.00319136	0.0026325	
105	0.00324365	0.00267595	
106	0.00329611	0.00271956	
107	0.00334875	0.00276333	
108	0.00340156	0.00280726	
109	0.00345452	0.00285134	
110	0.00350763	0.00289557	
111	0.00356089	0.00293993	
112	0.00361428	0.00298444	
113	0.00366781	0.00302907	
114	0.00372146	0.00307383	
115	0.00377522	0.0031187	
116	0.00382909	0.0031637	
117	0.00388306	0.0032088	
118	0.00393713	0.00325401	
119	0.00399129	0.00329932	
120	0.00404553	0.00334473	
121	0.00409985	0.00339022	
122	0.00415423	0.00343581	
123	0.00420868	0.00348147	
124	0.00426317	0.00352721	
125	0.00431772	0.00357302	
126	0.00437231	0.0036189	
127	0.00442694	0.00366485	
128	0.00448159	0.00371085	
129	0.00453627	0.0037569	
130	0.00459096	0.00380301	
131	0.00464567	0.00384916	
132	0.00470037	0.00389535	
133	0.00475508	0.00394158	
134	0.00480977	0.00398783	
135	0.00486445	0.00403412	
136	0.00491911	0.00408043	
137	0.00497374	0.00412676	
138	0.00502834	0.00417311	
139	0.0050829	0.00421946	
140	0.00513741	0.00426583	
141	0.00519188	0.0043122	
142	0.00524628	0.00435857	
143	0.00530063	0.00440493	
144	0.00535491	0.00445129	
145	0.00540911	0.00449763	
146	0.00546324	0.00454396	
147	0.00551728	0.00459028	
148	0.00557123	0.00463657	
149	0.00562509	0.00468283	
150	0.00567885	0.00472907	
151	0.0057325	0.00477527	
152	0.00578605	0.00482144	
153	0.00583947	0.00486757	
154	0.00589278	0.00491366	
155	0.00594596	0.0049597	
156	0.00599902	0.00500569	
157	0.00605193	0.00505163	
158	0.00610471	0.00509752	
159	0.00615735	0.00514336	
160	0.00620983	0.00518913	
161	0.00626216	0.00523484	
162	0.00631434	0.00528048	
163	0.00636635	0.00532606	
164	0.0064182	0.00537157	
165	0.00646988	0.005417	
166	0.00652138	0.00546236	
167	0.00657271	0.00550764	
168	0.00662385	0.00555283	
169	0.0066748	0.00559795	
170	0.00672557	0.00564298	
171	0.00677614	0.00568793	
172	0.00682652	0.00573278	
173	0.00687669	0.00577755	
174	0.00692666	0.00582222	
175	0.00697642	0.00586679	
176	0.00702597	0.00591127	
177	0.00707531	0.00595565	
178	0.00712443	0.00599993	
179	0.00717333	0.00604411	
180	0.007222	0.00608818	
181	0.00727044	0.00613215	
182	0.00731866	0.006176	
183	0.00736664	0.00621975	
184	0.00741439	0.00626339	
185	0.0074619	0.00630692	
186	0.00750917	0.00635034	
187	0.0075562	0.00639364	
188	0.00760298	0.00643682	
189	0.00764951	0.00647989	
190	0.00769579	0.00652284	
191	0.00774182	0.00656567	
192	0.0077876	0.00660838	
193	0.00783312	0.00665097	
194	0.00787838	0.00669344	
195	0.00792338	0.00673579	
196	0.00796811	0.00677801	
197	0.00801258	0.00682011	
198	0.00805679	0.00686208	
199	0.00810073	0.00690392	
200	0.0081444	0.00694564	
201	0.0081878	0.00698724	
202	0.00823092	0.0070287	
203	0.00827378	0.00707004	
204	0.00831635	0.00711125	
205	0.00835866	0.00715233	
206	0.00840068	0.00719328	
207	0.00844243	0.0072341	
208	0.0084839	0.00727479	
209	0.00852509	0.00731535	
210	0.008566	0.00735578	
211	0.00860662	0.00739608	
212	0.00864697	0.00743625	
213	0.00868703	0.00747628	
214	0.00872681	0.00751619	
215	0.0087663	0.00755597	
216	0.00880551	0.00759561	
217	0.00884444	0.00763513	
218	0.00888308	0.00767451	
219	0.00892143	0.00771377	
220	0.0089595	0.00775289	
221	0.00899728	0.00779189	
222	0.00903478	0.00783075	
223	0.00907199	0.00786949	
224	0.00910892	0.00790809	
225	0.00914556	0.00794657	
226	0.00918192	0.00798492	
227	0.00921799	0.00802314	
228	0.00925377	0.00806124	
229	0.00928928	0.0080992	
230	0.00932449	0.00813704	
231	0.00935943	0.00817476	
232	0.00939408	0.00821235	
233	0.00942845	0.00824981	
234	0.00946253	0.00828715	
235	0.00949634	0.00832437	
236	0.00952987	0.00836146	
237	0.00956311	0.00839844	
238	0.00959608	0.00843529	
239	0.00962877	0.00847202	
240	0.00966118	0.00850863	
241	0.00969332	0.00854512	
242	0.00972518	0.00858149	
243	0.00975676	0.00861774	
244	0.00978808	0.00865388	
245	0.00981912	0.0086899	
246	0.0098499	0.00872581	
247	0.0098804	0.0087616	
248	0.00991064	0.00879728	
249	0.00994061	0.00883284	
250	0.00997031	0.0088683	
251	0.00999975	0.00890364	
252	0.0100289	0.00893888	
253	0.0100578	0.008974	
254	0.0100865	0.00900902	
255	0.0101149	0.00904394	
256	0.0101431	0.00907874	
257	0.0101709	0.00911344	
258	0.0101986	0.00914804	
259	0.010226	0.00918254	
260	0.0102531	0.00921693	
261	0.01028	0.00925122	
262	0.0103066	0.00928542	
263	0.010333	0.00931951	
264	0.0103592	0.00935351	
265	0.0103851	0.00938742	
266	0.0104108	0.00942122	
267	0.0104362	0.00945494	
268	0.0104614	0.00948856	
269	0.0104864	0.00952209	
270	0.0105112	0.00955552	
271	0.0105357	0.00958887	
272	0.01056	0.00962213	
273	0.010584	0.00965531	
274	0.0106079	0.00968839	
275	0.0106315	0.00972139	
276	0.0106549	0.00975431	
277	0.0106781	0.00978714	
278	0.0107011	0.0098199	
279	0.0107238	0.00985257	
280	0.0107464	0.00988516	
281	0.0107687	0.00991767	
282	0.0107909	0.00995011	
283	0.0108128	0.00998247	
284	0.0108346	0.0100148	
285	0.0108561	0.010047	
286	0.0108775	0.0100791	
287	0.0108986	0.0101112	
288	0.0109196	0.0101432	
289	0.0109403	0.0101751	
290	0.0109609	0.0102069	
291	0.0109813	0.0102387	
292	0.0110015	0.0102705	
293	0.0110216	0.0103021	
294	0.0110414	0.0103337	
295	0.0110611	0.0103652	
296	0.0110806	0.0103967	
297	0.0111	0.0104281	
298	0.0111191	0.0104594	
299	0.0111381	0.0104907	
300	0.011157	0.010522	
301	0.0111757	0.0105531	
302	0.0111942	0.0105842	
303	0.0112125	0.0106153	
304	0.0112308	0.0106463	
305	0.0112488	0.0106772	
306	0.0112667	0.0107081	
307	0.0112845	0.010739	
308	0.0113021	0.0107698	
309	0.0113196	0.0108005	
310	0.0113369	0.0108312	
311	0.0113541	0.0108619	
312	0.0113711	0.0108925	
313	0.0113881	0.010923	
314	0.0114048	0.0109535	
315	0.0114215	0.010984	
316	0.011438	0.0110144	
317	0.0114544	0.0110448	
318	0.0114707	0.0110751	
319	0.0114869	0.0111054	
320	0.0115029	0.0111356	
321	0.0115188	0.0111659	
322	0.0115346	0.011196	
323	0.0115503	0.0112262	
324	0.0115659	0.0112563	
325	0.0115814	0.0112863	
326	0.0115968	0.0113163	
327	0.011612	0.0113463	
328	0.0116272	0.0113763	
329	0.0116423	0.0114062	
330	0.0116572	0.0114361	
331	0.0116721	0.0114659	
332	0.0116869	0.0114957	
333	0.0117016	0.0115255	
334	0.0117162	0.0115553	
335	0.0117307	0.011585	
336	0.0117451	0.0116147	
337	0.0117594	0.0116444	
338	0.0117737	0.011674	
339	0.0117878	0.0117036	
340	0.0118019	0.0117332	
341	0.011816	0.0117627	
342	0.0118299	0.0117922	
343	0.0118438	0.0118217	
344	0.0118575	0.0118512	
345	0.0118713	0.0118807	
346	0.0118849	0.0119101	
347	0.0118985	0.0119395	
348	0.011912	0.0119689	
349	0.0119255	0.0119982	
350	0.0119389	0.0120275	
351	0.0119522	0.0120568	
352	0.0119655	0.0120861	
353	0.0119787	0.0121154	
354	0.0119918	0.0121446	
355	0.012005	0.0121738	
356	0.012018	0.012203	
357	0.012031	0.0122322	
358	0.0120439	0.0122613	
359	0.0120568	0.0122905	
360	0.0120697	0.0123196	
361	0.0120825	0.0123487	
362	0.0120953	0.0123777	
363	0.012108	0.0124068	
364	0.0121206	0.0124358	
365	0.0121333	0.0124648	
366	0.0121459	0.0124938	
367	0.0121584	0.0125228	
368	0.0121709	0.0125518	
369	0.0121834	0.0125807	
370	0.0121958	0.0126096	
371	0.0122082	0.0126385	
372	0.0122206	0.0126674	
373	0.0122329	0.0126963	
374	0.0122452	0.0127251	
375	0.0122575	0.012754	
376	0.0122697	0.0127828	
377	0.012282	0.0128116	
378	0.0122941	0.0128404	
379	0.0123063	0.0128691	
380	0.0123184	0.0128979	
381	0.0123305	0.0129266	
382	0.0123426	0.0129554	
383	0.0123547	0.0129841	
384	0.0123667	0.0130127	
385	0.0123787	0.0130414	
386	0.0123907	0.0130701	
387	0.0124027	0.0130987	
388	0.0124146	0.0131273	
389	0.0124265	0.0131559	
390	0.0124384	0.0131845	
391	0.0124503	0.0132131	
392	0.0124622	0.0132417	
393	0.012474	0.0132702	
394	0.0124859	0.0132988	
395	0.0124977	0.0133273	
396	0.0125095	0.0133558	
397	0.0125213	0.0133842	
398	0.012533	0.0134127	
399	0.0125448	0.0134412	
400	0.0125565	0.0134696	
401	0.0125682	0.013498	
402	0.0125799	0.0135264	
403	0.0125916	0.0135548	
404	0.0126033	0.0135832	
405	0.012615	0.0136115	
406	0.0126266	0.0136399	
407	0.0126383	0.0136682	
408	0.0126499	0.0136965	
409	0.0126615	0.0137248	
410	0.0126731	0.0137531	
411	0.0126847	0.0137813	
412	0.0126963	0.0138096	
413	0.0127078	0.0138378	
414	0.0127194	0.013866	
415	0.0127309	0.0138942	
416	0.0127425	0.0139224	
417	0.012754	0.0139506	
418	0.0127655	0.0139787	
419	0.012777	0.0140068	
420	0.0127885	0.0140349	
421	0.0128	0.014063	
422	0.0128114	0.0140911	
423	0.0128229	0.0141192	
424	0.0128343	0.0141472	
425	0.0128458	0.0141752	
426	0.0128572	0.0142033	
427	0.0128686	0.0142312	
428	0.01288	0.0142592	
429	0.0128914	0.0142872	
430	0.0129027	0.0143151	
431	0.0129141	0.014343	
432	0.0129254	0.0143709	
433	0.0129368	0.0143988	
434	0.0129481	0.0144267	
435	0.0129594	0.0144545	
436	0.0129707	0.0144824	
437	0.012982	0.0145102	
438	0.0129932	0.014538	
439	0.0130045	0.0145657	
440	0.0130157	0.0145935	
441	0.013027	0.0146212	
442	0.0130382	0.014649	
443	0.0130494	0.0146767	
444	0.0130605	0.0147043	
445	0.0130717	0.014732	
446	0.0130829	0.0147596	
447	0.013094	0.0147873	
448	0.0131051	0.0148149	
449	0.0131162	0.0148425	
450	0.0131273	0.01487	
451	0.0131384	0.0148976	
452	0.0131495	0.0149251	
453	0.0131605	0.0149526	
454	0.0131715	0.0149801	
455	0.0131825	0.0150076	
456	0.0131935	0.015035	
457	0.0132045	0.0150624	
458	0.0132154	0.0150898	
459	0.0132263	0.0151172	
460	0.0132373	0.0151446	
461	0.0132481	0.0151719	
462	0.013259	0.0151993	
463	0.0132699	0.0152266	
464	0.0132807	0.0152539	
465	0.0132915	0.0152811	
466	0.0133023	0.0153084	
467	0.013313	0.0153356	
468	0.0133238	0.0153628	
469	0.0133345	0.01539	
470	0.0133452	0.0154171	
471	0.0133559	0.0154443	
472	0.0133665	0.0154714	
473	0.0133772	0.0154985	
474	0.0133878	0.0155256	
475	0.0133983	0.0155526	
476	0.0134089	0.0155796	
477	0.0134194	0.0156066	
478	0.0134299	0.0156336	
479	0.0134404	0.0156606	
480	0.0134509	0.0156876	
481	0.0134613	0.0157145	
482	0.0134717	0.0157414	
483	0.0134821	0.0157683	
484	0.0134924	0.0157951	
485	0.0135028	0.015822	
486	0.0135131	0.0158488	
487	0.0135233	0.0158756	
488	0.0135336	0.0159024	
489	0.0135438	0.0159291	
490	0.013554	0.0159558	
491	0.0135641	0.0159826	
492	0.0135743	0.0160092	
493	0.0135844	0.0160359	
494	0.0135944	0.0160626	
495	0.0136045	0.0160892	
496	0.0136145	0.0161158	
497	0.0136245	0.0161424	
498	0.0136344	0.0161689	
499	0.0136444	0.0161954	
500	0.0136543	0.016222	
501	0.0136641	0.0162485	
502	0.013674	0.0162749	
503	0.0136838	0.0163014	
504	0.0136936	0.0163278	
505	0.0137033	0.0163542	
506	0.013713	0.0163806	
507	0.0137227	0.0164069	
508	0.0137323	0.0164333	
509	0.013742	0.0164596	
510	0.0137516	0.0164859	
511	0.0137611	0.0165122	
512	0.0137707	0.0165384	
513	0.0137802	0.0165647	
514	0.0137896	0.0165909	
515	0.0137991	0.0166171	
516	0.0138085	0.0166432	
517	0.0138178	0.0166694	
518	0.0138272	0.0166955	
519	0.0138365	0.0167216	
520	0.0138458	0.0167477	
521	0.013855	0.0167737	
522	0.0138642	0.0167998	
523	0.0138734	0.0168258	
524	0.0138826	0.0168518	
525	0.0138917	0.0168778	
526	0.0139008	0.0169037	
527	0.0139099	0.0169296	
528	0.0139189	0.0169555	
529	0.0139279	0.0169814	
530	0.0139369	0.0170073	
531	0.0139459	0.0170331	
532	0.0139548	0.017059	
533	0.0139637	0.0170848	
534	0.0139725	0.0171106	
535	0.0139814	0.0171363	
536	0.0139902	0.0171621	
537	0.0139989	0.0171878	
538	0.0140077	0.0172135	
539	0.0140164	0.0172391	
540	0.0140251	0.0172648	
541	0.0140337	0.0172904	
542	0.0140424	0.0173161	
543	0.014051	0.0173416	
544	0.0140596	0.0173672	
545	0.0140681	0.0173928	
546	0.0140766	0.0174183	
547	0.0140852	0.0174438	
548	0.0140936	0.0174693	
549	0.0141021	0.0174948	
550	0.0141105	0.0175202	
551	0.0141189	0.0175456	
552	0.0141273	0.017571	
553	0.0141356	0.0175964	
554	0.014144	0.0176218	
555	0.0141523	0.0176471	
556	0.0141606	0.0176725	
557	0.0141688	0.0176978	
558	0.0141771	0.017723	
559	0.0141853	0.0177483	
560	0.0141935	0.0177735	
561	0.0142017	0.0177988	
562	0.0142098	0.017824	
563	0.0142179	0.0178491	
564	0.0142261	0.0178743	
565	0.0142342	0.0178994	
566	0.0142422	0.0179246	
567	0.0142503	0.0179497	
568	0.0142584	0.0179747	
569	0.0142664	0.0179998	
570	0.0142744	0.0180248	
571	0.0142824	0.0180498	
572	0.0142904	0.0180748	
573	0.0142983	0.0180998	
574	0.0143063	0.0181248	
575	0.0143142	0.0181497	
576	0.0143221	0.0181746	
577	0.0143301	0.0181995	
578	0.014338	0.0182244	
579	0.0143458	0.0182492	
580	0.0143537	0.018274	
581	0.0143616	0.0182988	
582	0.0143694	0.0183236	
583	0.0143773	0.0183484	
584	0.0143851	0.0183731	
585	0.0143929	0.0183979	
586	0.0144008	0.0184226	
587	0.0144086	0.0184473	
588	0.0144164	0.0184719	
589	0.0144242	0.0184966	
590	0.014432	0.0185212	
591	0.0144397	0.0185458	
592	0.0144475	0.0185704	
593	0.0144553	0.0185949	
594	0.0144631	0.0186195	
595	0.0144708	0.018644	
596	0.0144786	0.0186685	
597	0.0144864	0.0186929	
598	0.0144941	0.0187174	
599	0.0145019	0.0187418	
600	0.0145097	0.0187662	
601	0.0145174	0.0187906	
602	0.0145252	0.018815	
603	0.0145329	0.0188393	
604	0.0145407	0.0188637	
605	0.0145485	0.018888	
606	0.0145563	0.0189122	
607	0.014564	0.0189365	
608	0.0145718	0.0189607	
609	0.0145796	0.018985	
610	0.0145874	0.0190091	
611	0.0145952	0.0190333	
612	0.014603	0.0190575	
613	0.0146108	0.0190816	
614	0.0146186	0.0191057	
615	0.0146264	0.0191298	
616	0.0146342	0.0191539	
617	0.0146421	0.0191779	
618	0.0146499	0.0192019	
619	0.0146578	0.0192259	
620	0.0146657	0.0192499	
621	0.0146735	0.0192738	
622	0.0146814	0.0192978	
623	0.0146893	0.0193217	
624	0.0146972	0.0193456	
625	0.0147052	0.0193694	
626	0.0147131	0.0193933	
627	0.0147211	0.0194171	
628	0.014729	0.0194409	
629	0.014737	0.0194646	
630	0.014745	0.0194884	
631	0.014753	0.0195121	
632	0.0147611	0.0195358	
633	0.0147691	0.0195595	
634	0.0147772	0.0195832	
635	0.0147852	0.0196068	
636	0.0147933	0.0196304	
637	0.0148014	0.019654	
638	0.0148096	0.0196776	
639	0.0148177	0.0197011	
640	0.0148259	0.0197246	
641	0.0148341	0.0197481	
642	0.0148423	0.0197716	
643	0.0148505	0.0197951	
644	0.0148588	0.0198185	
645	0.014867	0.0198419	
646	0.0148753	0.0198653	
647	0.0148836	0.0198886	
648	0.0148919	0.019912	
649	0.0149003	0.0199353	
650	0.0149087	0.0199586	
651	0.0149171	0.0199819	
652	0.0149255	0.0200051	
653	0.0149339	0.0200283	
654	0.0149424	0.0200515	
655	0.0149509	0.0200747	
656	0.0149594	0.0200979	
657	0.0149679	0.020121	
658	0.0149765	0.0201441	
659	0.0149851	0.0201672	
660	0.0149937	0.0201902	
661	0.0150023	0.0202133	
662	0.015011	0.0202363	
663	0.0150196	0.0202593	
664	0.0150283	0.0202823	
665	0.0150371	0.0203052	
666	0.0150458	0.0203281	
667	0.0150546	0.020351	
668	0.0150634	0.0203739	
669	0.0150722	0.0203968	
670	0.0150811	0.0204196	
671	0.01509	0.0204424	
672	0.0150989	0.0204652	
673	0.0151078	0.020488	
674	0.0151168	0.0205107	
675	0.0151258	0.0205334	
676	0.0151348	0.0205561	
677	0.0151438	0.0205788	
678	0.0151529	0.0206015	
679	0.015162	0.0206241	
680	0.0151711	0.0206467	
681	0.0151802	0.0206693	
682	0.0151894	0.0206919	
683	0.0151986	0.0207144	
684	0.0152078	0.0207369	
685	0.015217	0.0207594	
686	0.0152263	0.0207819	
687	0.0152356	0.0208044	
688	0.0152449	0.0208268	
689	0.0152543	0.0208492	
690	0.0152636	0.0208716	
691	0.015273	0.020894	
692	0.0152824	0.0209164	
693	0.0152919	0.0209387	
694	0.0153013	0.020961	
695	0.0153108	0.0209833	
696	0.0153203	0.0210056	
697	0.0153299	0.0210279	
698	0.0153394	0.0210501	
699	0.015349	0.0210723	
700	0.0153586	0.0210945	
701	0.0153683	0.0211167	
702	0.0153779	0.0211388	
703	0.0153876	0.021161	
704	0.0153973	0.0211831	
705	0.015407	0.0212052	
706	0.0154168	0.0212273	
707	0.0154265	0.0212493	
708	0.0154363	0.0212714	
709	0.0154461	0.0212934	
710	0.0154559	0.0213154	
711	0.0154658	0.0213374	
712	0.0154756	0.0213594	
713	0.0154855	0.0213813	
714	0.0154954	0.0214033	
715	0.0155054	0.0214252	
716	0.0155153	0.0214471	
717	0.0155253	0.021469	
718	0.0155352	0.0214908	
719	0.0155452	0.0215127	
720	0.0155552	0.0215345	
721	0.0155653	0.0215563	
722	0.0155753	0.0215781	
723	0.0155854	0.0215999	
724	0.0155955	0.0216217	
725	0.0156055	0.0216434	
726	0.0156157	0.0216652	
727	0.0156258	0.0216869	
728	0.0156359	0.0217086	
729	0.0156461	0.0217303	
730	0.0156562	0.021752	
731	0.0156664	0.0217737	
732	0.0156766	0.0217953	
733	0.0156868	0.021817	
734	0.015697	0.0218386	
735	0.0157072	0.0218602	
736	0.0157174	0.0218818	
737	0.0157277	0.0219034	
738	0.0157379	0.021925	
739	0.0157482	0.0219465	
740	0.0157584	0.0219681	
741	0.0157687	0.0219896	
742	0.015779	0.0220111	
743	0.0157893	0.0220326	
744	0.0157995	0.0220541	
745	0.0158098	0.0220756	
746	0.0158201	0.0220971	
747	0.0158304	0.0221186	
748	0.0158408	0.02214	
749	0.0158511	0.0221615	
750	0.0158614	0.0221829	
751	0.0158717	0.0222043	
752	0.015882	0.0222258	
753	0.0158923	0.0222472	
754	0.0159027	0.0222686	
755	0.015913	0.02229	
756	0.0159233	0.0223113	
757	0.0159336	0.0223327	
758	0.015944	0.0223541	
759	0.0159543	0.0223754	
760	0.0159646	0.0223968	
761	0.0159749	0.0224181	
762	0.0159852	0.0224394	
763	0.0159955	0.0224608	
764	0.0160058	0.0224821	
765	0.0160161	0.0225034	
766	0.0160264	0.0225247	
767	0.0160367	0.022546	
768	0.016047	0.0225673	
769	0.0160573	0.0225885	
770	0.0160675	0.0226098	
771	0.0160778	0.0226311	
772	0.016088	0.0226524	
773	0.0160983	0.0226736	
774	0.0161085	0.0226949	
775	0.0161187	0.0227161	
776	0.0161289	0.0227374	
777	0.0161391	0.0227586	
778	0.0161493	0.0227798	
779	0.0161595	0.0228011	
780	0.0161696	0.0228223	
781	0.0161798	0.0228435	
782	0.0161899	0.0228647	
783	0.0162	0.0228859	
784	0.0162101	0.0229071	
785	0.0162202	0.0229284	
786	0.0162303	0.0229496	
787	0.0162403	0.0229708	
788	0.0162504	0.022992	
789	0.0162604	0.0230132	
790	0.0162704	0.0230343	
791	0.0162804	0.0230555	
792	0.0162903	0.0230767	
793	0.0163003	0.0230979	
794	0.0163102	0.0231191	
795	0.0163201	0.0231403	
796	0.01633	0.0231615	
797	0.0163398	0.0231826	
798	0.0163496	0.0232038	
799	0.0163595	0.023225	
800	0.0163692	0.0232462	
801	0.016379	0.0232673	
802	0.0163888	0.0232885	
803	0.0163985	0.0233097	
804	0.0164082	0.0233309	
805	0.0164178	0.023352	
806	0.0164275	0.0233732	
807	0.0164371	0.0233944	
808	0.0164467	0.0234156	
809	0.0164562	0.0234367	
810	0.0164658	0.0234579	
811	0.0164753	0.0234791	
812	0.0164848	0.0235003	
813	0.0164942	0.0235214	
814	0.0165036	0.0235426	
815	0.016513	0.0235638	
816	0.0165224	0.023585	
817	0.0165317	0.0236061	
818	0.016541	0.0236273	
819	0.0165503	0.0236485	
820	0.0165595	0.0236697	
821	0.0165687	0.0236909	
822	0.0165779	0.023712	
823	0.016587	0.0237332	
824	0.0165962	0.0237544	
825	0.0166052	0.0237756	
826	0.0166143	0.0237968	
827	0.0166233	0.023818	
828	0.0166323	0.0238392	
829	0.0166412	0.0238604	
830	0.0166501	0.0238816	
831	0.016659	0.0239028	
832	0.0166678	0.023924	
833	0.0166767	0.0239452	
834	0.0166854	0.0239664	
835	0.0166942	0.0239876	
836	0.0167029	0.0240088	
837	0.0167115	0.0240301	
838	0.0167202	0.0240513	
839	0.0167288	0.0240725	
840	0.0167373	0.0240937	
841	0.0167458	0.024115	
842	0.0167543	0.0241362	
843	0.0167628	0.0241574	
844	0.0167712	0.0241787	
845	0.0167796	0.0241999	
846	0.0167879	0.0242212	
847	0.0167962	0.0242424	
848	0.0168044	0.0242636	
849	0.0168127	0.0242849	
850	0.0168209	0.0243062	
851	0.016829	0.0243274	
852	0.0168371	0.0243487	
853	0.0168452	0.02437	
854	0.0168532	0.0243912	
855	0.0168612	0.0244125	
856	0.0168692	0.0244338	
857	0.0168771	0.0244551	
858	0.016885	0.0244763	
859	0.0168928	0.0244976	
860	0.0169006	0.0245189	
861	0.0169084	0.0245402	
862	0.0169161	0.0245615	
863	0.0169238	0.0245828	
864	0.0169315	0.0246041	
865	0.0169391	0.0246254	
866	0.0169467	0.0246467	
867	0.0169542	0.0246681	
868	0.0169617	0.0246894	
869	0.0169692	0.0247107	
870	0.0169766	0.024732	
871	0.016984	0.0247534	
872	0.0169913	0.0247747	
873	0.0169986	0.024796	
874	0.0170059	0.0248174	
875	0.0170131	0.0248387	
876	0.0170203	0.0248601	
877	0.0170275	0.0248814	
878	0.0170346	0.0249028	
879	0.0170417	0.0249241	
880	0.0170487	0.0249455	
881	0.0170557	0.0249669	
882	0.0170627	0.0249882	
883	0.0170696	0.0250096	
884	0.0170765	0.025031	
885	0.0170834	0.0250524	
886	0.0170902	0.0250738	
887	0.017097	0.0250951	
888	0.0171038	0.0251165	
889	0.0171105	0.0251379	
890	0.0171172	0.0251593	
891	0.0171238	0.0251807	
892	0.0171304	0.0252021	
893	0.017137	0.0252235	
894	0.0171436	0.025245	
895	0.0171501	0.0252664	
896	0.0171566	0.0252878	
897	0.017163	0.0253092	
898	0.0171694	0.0253306	
899	0.0171758	0.0253521	
900	0.0171821	0.0253735	
901	0.0171884	0.0253949	
902	0.0171947	0.0254164	
903	0.0172009	0.0254378	
904	0.0172072	0.0254592	
905	0.0172133	0.0254807	
906	0.0172195	0.0255021	
907	0.0172256	0.0255236	
908	0.0172317	0.025545	
909	0.0172377	0.0255665	
910	0.0172438	0.0255879	
911	0.0172498	0.0256094	
912	0.0172557	0.0256308	
913	0.0172617	0.0256523	
914	0.0172676	0.0256738	
915	0.0172735	0.0256952	
916	0.0172793	0.0257167	
917	0.0172851	0.0257382	
918	0.0172909	0.0257596	
919	0.0172967	0.0257811	
920	0.0173024	0.0258026	
921	0.0173082	0.0258241	
922	0.0173138	0.0258456	
923	0.0173195	0.025867	
924	0.0173251	0.0258885	
925	0.0173308	0.02591	
926	0.0173363	0.0259315	
927	0.0173419	0.025953	
928	0.0173474	0.0259744	
929	0.017353	0.0259959	
930	0.0173584	0.0260174	
931	0.0173639	0.0260389	
932	0.0173694	0.0260604	
933	0.0173748	0.0260819	
934	0.0173802	0.0261034	
935	0.0173856	0.0261249	
936	0.0173909	0.0261464	
937	0.0173963	0.0261678	
938	0.0174016	0.0261893	
939	0.0174069	0.0262108	
940	0.0174121	0.0262323	
941	0.0174174	0.0262538	
942	0.0174226	0.0262753	
943	0.0174279	0.0262968	
944	0.0174331	0.0263183	
945	0.0174382	0.0263398	
946	0.0174434	0.0263613	
947	0.0174486	0.0263827	
948	0.0174537	0.0264042	
949	0.0174588	0.0264257	
950	0.0174639	0.0264472	
951	0.017469	0.0264687	
952	0.0174741	0.0264902	
953	0.0174791	0.0265116	
954	0.0174842	0.0265331	
955	0.0174892	0.0265546	
956	0.0174942	0.0265761	
957	0.0174992	0.0265975	
958	0.0175042	0.026619	
959	0.0175092	0.0266405	
960	0.0175141	0.026662	
961	0.0175191	0.0266834	
962	0.017524	0.0267049	
963	0.0175289	0.0267264	
964	0.0175338	0.0267478	
965	0.0175387	0.0267693	
966	0.0175436	0.0267907	
967	0.0175485	0.0268122	
968	0.0175534	0.0268336	
969	0.0175583	0.0268551	
970	0.0175631	0.0268765	
971	0.017568	0.026898	
972	0.0175728	0.0269194	
973	0.0175777	0.0269408	
974	0.0175825	0.0269623	
975	0.0175873	0.0269837	
976	0.0175921	0.0270051	
977	0.0175969	0.0270266	
978	0.0176017	0.027048	
979	0.0176065	0.0270694	
980	0.0176113	0.0270908	
981	0.0176161	0.0271122	
982	0.0176208	0.0271336	
983	0.0176256	0.027155	
984	0.0176304	0.0271764	
985	0.0176351	0.0271978	
986	0.0176399	0.0272192	
987	0.0176447	0.0272406	
988	0.0176494	0.0272619	
989	0.0176542	0.0272833	
990	0.0176589	0.0273047	
991	0.0176637	0.027326	
992	0.0176684	0.0273474	
993	0.0176731	0.0273688	
994	0.0176779	0.0273901	
995	0.0176826	0.0274115	
996	0.0176874	0.0274328	
997	0.0176921	0.0274541	
998	0.0176968	0.0274755	
999	0.0177016	0.0274968	
1000	0.0177063	0.0275181	
1001	0.017711	0.0275394	
1002	0.0177158	0.0275607	
1003	0.0177205	0.027582	
1004	0.0177252	0.0276033	
1005	0.01773	0.0276246	
1006	0.0177347	0.0276459	
1007	0.0177395	0.0276672	
1008	0.0177442	0.0276885	
1009	0.0177489	0.0277097	
1010	0.0177537	0.027731	
1011	0.0177584	0.0277523	
1012	0.0177632	0.0277735	
1013	0.0177679	0.0277948	
1014	0.0177727	0.027816	
1015	0.0177774	0.0278372	
1016	0.0177822	0.0278585	
1017	0.017787	0.0278797	
1018	0.0177917	0.0279009	
1019	0.0177965	0.0279221	
1020	0.0178013	0.0279433	
1021	0.0178061	0.0279645	
1022	0.0178108	0.0279857	
1023	0.0178156	0.0280069	
1024	0.0178204	0.028028	
1025	0.0178252	0.0280492	
1026	0.01783	0.0280704	
1027	0.0178348	0.0280915	
1028	0.0178396	0.0281127	
1029	0.0178444	0.0281338	
1030	0.0178492	0.028155	
1031	0.0178541	0.0281761	
1032	0.0178589	0.0281972	
1033	0.0178637	0.0282183	
1034	0.0178686	0.0282394	
1035	0.0178734	0.0282606	
1036	0.0178783	0.0282816	
1037	0.0178831	0.0283027	
1038	0.017888	0.0283238	
1039	0.0178928	0.0283449	
1040	0.0178977	0.028366	
1041	0.0179026	0.028387	
1042	0.0179075	0.0284081	
1043	0.0179124	0.0284291	
1044	0.0179172	0.0284502	
1045	0.0179221	0.0284712	
1046	0.0179271	0.0284922	
1047	0.017932	0.0285132	
1048	0.0179369	0.0285343	
1049	0.0179418	0.0285553	
1050	0.0179467	0.0285763	
1051	0.0179517	0.0285972	
1052	0.0179566	0.0286182	
1053	0.0179616	0.0286392	
1054	0.0179665	0.0286602	
1055	0.0179715	0.0286811	
1056	0.0179765	0.0287021	
1057	0.0179814	0.028723	
1058	0.0179864	0.028744	
1059	0.0179914	0.0287649	
1060	0.0179964	0.0287858	
1061	0.0180014	0.0288068	
1062	0.0180064	0.0288277	
1063	0.0180114	0.0288486	
1064	0.0180164	0.0288695	
1065	0.0180214	0.0288904	
1066	0.0180265	0.0289113	
1067	0.0180315	0.0289321	
1068	0.0180365	0.028953	
1069	0.0180416	0.0289739	
1070	0.0180466	0.0289947	
1071	0.0180517	0.0290156	
1072	0.0180568	0.0290364	
1073	0.0180618	0.0290573	
1074	0.0180669	0.0290781	
1075	0.018072	0.0290989	
1076	0.0180771	0.0291197	
1077	0.0180822	0.0291405	
1078	0.0180873	0.0291613	
1079	0.0180924	0.0291821	
1080	0.0180975	0.0292029	
1081	0.0181026	0.0292237	
1082	0.0181077	0.0292445	
1083	0.0181129	0.0292652	
1084	0.018118	0.029286	
1085	0.0181231	0.0293067	
1086	0.0181283	0.0293275	
1087	0.0181334	0.0293482	
1088	0.0181385	0.029369	
1089	0.0181437	0.0293897	
1090	0.0181489	0.0294104	
1091	0.018154	0.0294311	
1092	0.0181592	0.0294518	
1093	0.0181644	0.0294725	
1094	0.0181695	0.0294932	
1095	0.0181747	0.0295139	
1096	0.0181799	0.0295346	
1097	0.0181851	0.0295553	
1098	0.0181903	0.0295759	
1099	0.0181955	0.0295966	
1100	0.0182007	0.0296172	
1101	0.0182059	0.0296379	
1102	0.0182111	0.0296585	
1103	0.0182163	0.0296792	
1104	0.0182215	0.0296998	
1105	0.0182267	0.0297204	
1106	0.0182319	0.029741	
1107	0.0182371	0.0297616	
1108	0.0182424	0.0297822	
1109	0.0182476	0.0298028	
1110	0.0182528	0.0298234	
1111	0.018258	0.029844	
1112	0.0182633	0.0298646	
1113	0.0182685	0.0298851	
1114	0.0182737	0.0299057	
1115	0.018279	0.0299263	
1116	0.0182842	0.0299468	
1117	0.0182895	0.0299674	
1118	0.0182947	0.0299879	
1119	0.0182999	0.0300084	
1120	0.0183052	0.030029	
1121	0.0183104	0.0300495	
1122	0.0183157	0.03007	
1123	0.0183209	0.0300905	
1124	0.0183262	0.030111	
1125	0.0183314	0.0301315	
1126	0.0183367	0.030152	
1127	0.018342	0.0301725	
1128	0.0183472	0.030193	
1129	0.0183525	0.0302134	
1130	0.0183577	0.0302339	
1131	0.018363	0.0302543	
1132	0.0183682	0.0302748	
1133	0.0183735	0.0302952	
1134	0.0183787	0.0303157	
1135	0.018384	0.0303361	
1136	0.0183892	0.0303565	
1137	0.0183945	0.030377	
1138	0.0183998	0.0303974	
1139	0.018405	0.0304178	
1140	0.0184103	0.0304382	
1141	0.0184155	0.0304586	
1142	0.0184208	0.030479	
1143	0.018426	0.0304994	
1144	0.0184313	0.0305197	
1145	0.0184365	0.0305401	
1146	0.0184418	0.0305605	
1147	0.018447	0.0305808	
1148	0.0184523	0.0306012	
1149	0.0184575	0.0306216	
1150	0.0184628	0.0306419	
1151	0.018468	0.0306622	
1152	0.0184732	0.0306826	
1153	0.0184785	0.0307029	
1154	0.0184837	0.0307232	
1155	0.018489	0.0307435	
1156	0.0184942	0.0307638	
1157	0.0184994	0.0307841	
1158	0.0185047	0.0308044	
1159	0.0185099	0.0308247	
1160	0.0185151	0.030845	
1161	0.0185203	0.0308652	
1162	0.0185256	0.0308855	
1163	0.0185308	0.0309058	
1164	0.018536	0.030926	
1165	0.0185412	0.0309463	
1166	0.0185465	0.0309665	
1167	0.0185517	0.0309867	
1168	0.0185569	0.031007	
1169	0.0185621	0.0310272	
1170	0.0185673	0.0310474	
1171	0.0185725	0.0310676	
1172	0.0185777	0.0310878	
1173	0.0185829	0.031108	
1174	0.0185881	0.0311282	
1175	0.0185933	0.0311484	
1176	0.0185985	0.0311686	
1177	0.0186037	0.0311888	
1178	0.0186089	0.0312089	
1179	0.0186141	0.0312291	
1180	0.0186193	0.0312492	
1181	0.0186244	0.0312694	
1182	0.0186296	0.0312895	
1183	0.0186348	0.0313096	
1184	0.01864	0.0313298	
1185	0.0186451	0.0313499	
1186	0.0186503	0.03137	
1187	0.0186555	0.0313901	
1188	0.0186606	0.0314102	
1189	0.0186658	0.0314303	
1190	0.018671	0.0314504	
1191	0.0186761	0.0314705	
1192	0.0186813	0.0314906	
1193	0.0186864	0.0315106	
1194	0.0186916	0.0315307	
1195	0.0186967	0.0315507	
1196	0.0187019	0.0315708	
1197	0.018707	0.0315908	
1198	0.0187122	0.0316109	
1199	0.0187173	0.0316309	
1200	0.0187225	0.0316509	
1201	0.0187276	0.0316709	
1202	0.0187327	0.0316909	
1203	0.0187379	0.0317109	
1204	0.018743	0.0317309	
1205	0.0187481	0.0317509	
1206	0.0187533	0.0317709	
1207	0.0187584	0.0317909	
1208	0.0187635	0.0318109	
1209	0.0187686	0.0318308	
1210	0.0187738	0.0318508	
1211	0.0187789	0.0318707	
1212	0.018784	0.0318907	
1213	0.0187891	0.0319106	
1214	0.0187942	0.0319305	
1215	0.0187993	0.0319504	
1216	0.0188045	0.0319704	
1217	0.0188096	0.0319903	
1218	0.0188147	0.0320102	
1219	0.0188198	0.0320301	
1220	0.0188249	0.03205	
1221	0.01883	0.0320698	
1222	0.0188351	0.0320897	
1223	0.0188402	0.0321096	
1224	0.0188453	0.0321294	
1225	0.0188504	0.0321493	
1226	0.0188555	0.0321692	
1227	0.0188606	0.032189	
1228	0.0188657	0.0322088	
1229	0.0188708	0.0322287	
1230	0.0188759	0.0322485	
1231	0.018881	0.0322683	
1232	0.0188861	0.0322881	
1233	0.0188912	0.0323079	
1234	0.0188963	0.0323277	
1235	0.0189014	0.0323475	
1236	0.0189065	0.0323673	
1237	0.0189116	0.032387	
1238	0.0189167	0.0324068	
1239	0.0189218	0.0324266	
1240	0.0189269	0.0324463	
1241	0.018932	0.0324661	
1242	0.0189371	0.0324858	
1243	0.0189422	0.0325056	
1244	0.0189473	0.0325253	
1245	0.0189524	0.032545	
1246	0.0189575	0.0325647	
1247	0.0189626	0.0325844	
1248	0.0189677	0.0326041	
1249	0.0189728	0.0326238	
1250	0.0189779	0.0326435	
1251	0.018983	0.0326632	
1252	0.0189881	0.0326829	
1253	0.0189932	0.0327025	
1254	0.0189983	0.0327222	
1255	0.0190034	0.0327419	
1256	0.0190085	0.0327615	
1257	0.0190136	0.0327812	
1258	0.0190187	0.0328008	
1259	0.0190238	0.0328204	
1260	0.0190289	0.0328401	
1261	0.019034	0.0328597	
1262	0.0190392	0.0328793	
1263	0.0190443	0.0328989	
1264	0.0190494	0.0329185	
1265	0.0190545	0.0329381	
1266	0.0190596	0.0329577	
1267	0.0190648	0.0329772	
1268	0.0190699	0.0329968	
1269	0.019075	0.0330164	
1270	0.0190801	0.0330359	
1271	0.0190853	0.0330555	
1272	0.0190904	0.033075	
1273	0.0190955	0.0330946	
1274	0.0191007	0.0331141	
1275	0.0191058	0.0331337	
1276	0.019111	0.0331532	
1277	0.0191161	0.0331727	
1278	0.0191212	0.0331922	
1279	0.0191264	0.0332117	
1280	0.0191315	0.0332312	
1281	0.0191367	0.0332507	
1282	0.0191419	0.0332702	
1283	0.019147	0.0332897	
1284	0.0191522	0.0333092	
1285	0.0191573	0.0333286	
1286	0.0191625	0.0333481	
1287	0.0191677	0.0333675	
1288	0.0191729	0.033387	
1289	0.019178	0.0334064	
1290	0.0191832	0.0334259	
1291	0.0191884	0.0334453	
1292	0.0191936	0.0334648	
1293	0.0191988	0.0334842	
1294	0.019204	0.0335036	
1295	0.0192092	0.033523	
1296	0.0192144	0.0335424	
1297	0.0192196	0.0335618	
1298	0.0192248	0.0335812	
1299	0.01923	0.0336006	
1300	0.0192352	0.03362	
1301	0.0192404	0.0336394	
1302	0.0192456	0.0336588	
1303	0.0192508	0.0336781	
1304	0.019256	0.0336975	
1305	0.0192613	0.0337168	
1306	0.0192665	0.0337362	
1307	0.0192717	0.0337556	
1308	0.019277	0.0337749	
1309	0.0192822	0.0337942	
1310	0.0192874	0.0338136	
1311	0.0192927	0.0338329	
1312	0.0192979	0.0338522	
1313	0.0193032	0.0338716	
1314	0.0193085	0.0338909	
1315	0.0193137	0.0339102	
1316	0.019319	0.0339295	
1317	0.0193242	0.0339488	
1318	0.0193295	0.0339681	
1319	0.0193348	0.0339874	
1320	0.0193401	0.0340067	
1321	0.0193453	0.034026	
1322	0.0193506	0.0340452	
1323	0.0193559	0.0340645	
1324	0.0193612	0.0340838	
1325	0.0193665	0.0341031	
1326	0.0193718	0.0341223	
1327	0.0193771	0.0341416	
1328	0.0193824	0.0341608	
1329	0.0193877	0.0341801	
1330	0.019393	0.0341993	
1331	0.0193983	0.0342186	
1332	0.0194036	0.0342378	
1333	0.0194089	0.0342571	
1334	0.0194143	0.0342763	
1335	0.0194196	0.0342955	
1336	0.0194249	0.0343147	
1337	0.0194302	0.034334	
1338	0.0194356	0.0343532	
1339	0.0194409	0.0343724	
1340	0.0194463	0.0343916	
1341	0.0194516	0.0344108	
1342	0.0194569	0.03443	
1343	0.0194623	0.0344492	
1344	0.0194676	0.0344684	
1345	0.019473	0.0344876	
1346	0.0194784	0.0345068	
1347	0.0194837	0.034526	
1348	0.0194891	0.0345451	
1349	0.0194944	0.0345643	
1350	0.0194998	0.0345835	
1351	0.0195052	0.0346027	
1352	0.0195106	0.0346218	
1353	0.0195159	0.034641	
1354	0.0195213	0.0346602	
1355	0.0195267	0.0346793	
1356	0.0195321	0.0346985	
1357	0.0195375	0.0347176	
1358	0.0195428	0.0347368	
1359	0.0195482	0.0347559	
1360	0.0195536	0.0347751	
1361	0.019559	0.0347942	
1362	0.0195644	0.0348133	
1363	0.0195698	0.0348325	
1364	0.0195752	0.0348516	
1365	0.0195806	0.0348707	
1366	0.019586	0.0348899	
1367	0.0195914	0.034909	
1368	0.0195968	0.0349281	
1369	0.0196023	0.0349472	
1370	0.0196077	0.0349663	
1371	0.0196131	0.0349855	
1372	0.0196185	0.0350046	
1373	0.0196239	0.0350237	
1374	0.0196293	0.0350428	
1375	0.0196348	0.0350619	
1376	0.0196402	0.035081	
1377	0.0196456	0.0351001	
1378	0.019651	0.0351192	
1379	0.0196565	0.0351383	
1380	0.0196619	0.0351574	
1381	0.0196673	0.0351765	
1382	0.0196727	0.0351955	
1383	0.0196782	0.0352146	
1384	0.0196836	0.0352337	
1385	0.019689	0.0352528	
1386	0.0196945	0.0352719	
1387	0.0196999	0.0352909	
1388	0.0197054	0.03531	
1389	0.0197108	0.0353291	
1390	0.0197162	0.0353482	
1391	0.0197217	0.0353672	
1392	0.0197271	0.0353863	
1393	0.0197326	0.0354054	
1394	0.019738	0.0354244	
1395	0.0197434	0.0354435	
1396	0.0197489	0.0354626	
1397	0.0197543	0.0354816	
1398	0.0197598	0.0355007	
1399	0.0197652	0.0355197	
1400	0.0197707	0.0355388	
1401	0.0197761	0.0355578	
1402	0.0197816	0.0355769	
1403	0.019787	0.0355959	
1404	0.0197925	0.035615	
1405	0.0197979	0.035634	
1406	0.0198033	0.0356531	
1407	0.0198088	0.0356721	
1408	0.0198142	0.0356911	
1409	0.0198197	0.0357102	
1410	0.0198251	0.0357292	
1411	0.0198306	0.0357483	
1412	0.019836	0.0357673	
1413	0.0198415	0.0357863	
1414	0.0198469	0.0358054	
1415	0.0198524	0.0358244	
1416	0.0198578	0.0358434	
1417	0.0198633	0.0358625	
1418	0.0198687	0.0358815	
1419	0.0198741	0.0359005	
1420	0.0198796	0.0359196	
1421	0.019885	0.0359386	
1422	0.0198905	0.0359576	
1423	0.0198959	0.0359766	
1424	0.0199014	0.0359957	
1425	0.0199068	0.0360147	
1426	0.0199122	0.0360337	
1427	0.0199177	0.0360527	
1428	0.0199231	0.0360717	
1429	0.0199286	0.0360908	
1430	0.019934	0.0361098	
1431	0.0199394	0.0361288	
1432	0.0199449	0.0361478	
1433	0.0199503	0.0361668	
1434	0.0199557	0.0361859	
1435	0.0199612	0.0362049	
1436	0.0199666	0.0362239	
1437	0.019972	0.0362429	
1438	0.0199775	0.0362619	
1439	0.0199829	0.0362809	
1440	0.0199883	0.0363	
1441	0.0199937	0.036319	
1442	0.0199992	0.036338	
1443	0.0200046	0.036357	
1444	0.02001	0.036376	
1445	0.0200154	0.036395	
1446	0.0200208	0.0364141	
1447	0.0200263	0.0364331	
1448	0.0200317	0.0364521	
1449	0.0200371	0.0364711	
1450	0.0200425	0.0364901	
1451	0.0200479	0.0365091	
1452	0.0200533	0.0365281	
1453	0.0200588	0.0365472	
1454	0.0200642	0.0365662	
1455	0.0200696	0.0365852	
1456	0.020075	0.0366042	
1457	0.0200804	0.0366232	
1458	0.0200858	0.0366422	
1459	0.0200912	0.0366612	
1460	0.0200966	0.0366803	
1461	0.020102	0.0366993	
1462	0.0201074	0.0367183	
1463	0.0201128	0.0367373	
1464	0.0201182	0.0367563	
1465	0.0201236	0.0367753	
1466	0.020129	0.0367944	
1467	0.0201344	0.0368134	
1468	0.0201398	0.0368324	
1469	0.0201452	0.0368514	
1470	0.0201506	0.0368704	
1471	0.020156	0.0368895	
1472	0.0201614	0.0369085	
1473	0.0201668	0.0369275	
1474	0.0201722	0.0369465	
1475	0.0201776	0.0369655	
1476	0.0201829	0.0369846	
1477	0.0201883	0.0370036	
1478	0.0201937	0.0370226	
1479	0.0201991	0.0370416	
1480	0.0202045	0.0370607	
1481	0.0202099	0.0370797	
1482	0.0202152	0.0370987	
1483	0.0202206	0.0371178	
1484	0.020226	0.0371368	
1485	0.0202314	0.0371558	
1486	0.0202368	0.0371748	
1487	0.0202422	0.0371939	
1488	0.0202475	0.0372129	
1489	0.0202529	0.0372319	
1490	0.0202583	0.037251	
1491	0.0202637	0.03727	
1492	0.020269	0.037289	
1493	0.0202744	0.0373081	
1494	0.0202798	0.0373271	
1495	0.0202852	0.0373461	
1496	0.0202906	0.0373652	
1497	0.0202959	0.0373842	
1498	0.0203013	0.0374032	
1499	0.0203067	0.0374223	
1500	0.0203121	0.0374413	
1501	0.0203174	0.0374604	
1502	0.0203228	0.0374794	
1503	0.0203282	0.0374984	
1504	0.0203336	0.0375175	
1505	0.020339	0.0375365	
1506	0.0203443	0.0375556	
1507	0.0203497	0.0375746	
1508	0.0203551	0.0375936	
1509	0.0203605	0.0376127	
1510	0.0203659	0.0376317	
1511	0.0203712	0.0376508	
1512	0.0203766	0.0376698	
1513	0.020382	0.0376889	
1514	0.0203874	0.0377079	
1515	0.0203928	0.0377269	
1516	0.0203982	0.037746	
1517	0.0204036	0.037765	
1518	0.0204089	0.0377841	
1519	0.0204143	0.0378031	
1520	0.0204197	0.0378222	
1521	0.0204251	0.0378412	
1522	0.0204305	0.0378603	
1523	0.0204359	0.0378793	
1524	0.0204413	0.0378984	
1525	0.0204467	0.0379174	
1526	0.0204521	0.0379364	
1527	0.0204575	0.0379555	
1528	0.0204629	0.0379745	
1529	0.0204683	0.0379936	
1530	0.0204737	0.0380126	
1531	0.0204792	0.0380317	
1532	0.0204846	0.0380507	
1533	0.02049	0.0380698	
1534	0.0204954	0.0380888	
1535	0.0205008	0.0381078	
1536	0.0205062	0.0381269	
1537	0.0205117	0.0381459	
1538	0.0205171	0.038165	
1539	0.0205225	0.038184	
1540	0.020528	0.0382031	
1541	0.0205334	0.0382221	
1542	0.0205388	0.0382411	
1543	0.0205443	0.0382602	
1544	0.0205497	0.0382792	
1545	0.0205552	0.0382982	
1546	0.0205606	0.0383173	
1547	0.0205661	0.0383363	
1548	0.0205715	0.0383553	
1549	0.020577	0.0383744	
1550	0.0205824	0.0383934	
1551	0.0205879	0.0384124	
1552	0.0205934	0.0384314	
1553	0.0205989	0.0384505	
1554	0.0206043	0.0384695	
1555	0.0206098	0.0384885	
1556	0.0206153	0.0385075	
1557	0.0206208	0.0385265	
1558	0.0206263	0.0385456	
1559	0.0206318	0.0385646	
1560	0.0206373	0.0385836	
1561	0.0206428	0.0386026	
1562	0.0206483	0.0386216	
1563	0.0206538	0.0386406	
1564	0.0206593	0.0386596	
1565	0.0206648	0.0386786	
1566	0.0206704	0.0386976	
1567	0.0206759	0.0387166	
1568	0.0206814	0.0387356	
1569	0.020687	0.0387546	
1570	0.0206925	0.0387736	
1571	0.0206981	0.0387925	
1572	0.0207036	0.0388115	
1573	0.0207092	0.0388305	
1574	0.0207147	0.0388495	
1575	0.0207203	0.0388684	
1576	0.0207259	0.0388874	
1577	0.0207314	0.0389064	
1578	0.020737	0.0389253	
1579	0.0207426	0.0389443	
1580	0.0207482	0.0389632	
1581	0.0207538	0.0389822	
1582	0.0207594	0.0390011	
1583	0.020765	0.0390201	
1584	0.0207706	0.039039	
1585	0.0207762	0.0390579	
1586	0.0207818	0.0390769	
1587	0.0207875	0.0390958	
1588	0.0207931	0.0391147	
1589	0.0207987	0.0391336	
1590	0.0208044	0.0391525	
1591	0.02081	0.0391714	
1592	0.0208156	0.0391903	
1593	0.0208213	0.0392092	
1594	0.020827	0.0392281	
1595	0.0208326	0.039247	
1596	0.0208383	0.0392659	
1597	0.020844	0.0392848	
1598	0.0208496	0.0393036	
1599	0.0208553	0.0393225	
1600	0.020861	0.0393414	
1601	0.0208667	0.0393602	
1602	0.0208724	0.0393791	
1603	0.0208781	0.0393979	
1604	0.0208838	0.0394168	
1605	0.0208895	0.0394356	
1606	0.0208953	0.0394544	
1607	0.020901	0.0394733	
1608	0.0209067	0.0394921	
1609	0.0209124	0.0395109	
1610	0.0209182	0.0395297	
1611	0.0209239	0.0395485	
1612	0.0209297	0.0395673	
1613	0.0209354	0.0395861	
1614	0.0209412	0.0396049	
1615	0.0209469	0.0396237	
1616	0.0209527	0.0396424	
1617	0.0209585	0.0396612	
1618	0.0209643	0.03968	
1619	0.02097	0.0396987	
1620	0.0209758	0.0397175	
1621	0.0209816	0.0397362	
1622	0.0209874	0.0397549	
1623	0.0209932	0.0397737	
1624	0.020999	0.0397924	
1625	0.0210048	0.0398111	
1626	0.0210106	0.0398298	
1627	0.0210164	0.0398485	
1628	0.0210223	0.0398672	
1629	0.0210281	0.0398859	
1630	0.0210339	0.0399046	
1631	0.0210398	0.0399232	
1632	0.0210456	0.0399419	
1633	0.0210514	0.0399606	
1634	0.0210573	0.0399792	
1635	0.0210631	0.0399979	
1636	0.021069	0.0400165	
1637	0.0210748	0.0400351	
1638	0.0210807	0.0400538	
1639	0.0210865	0.0400724	
1640	0.0210924	0.040091	
1641	0.0210983	0.0401096	
1642	0.0211041	0.0401282	
1643	0.02111	0.0401468	
1644	0.0211159	0.0401654	
1645	0.0211218	0.0401839	
1646	0.0211277	0.0402025	
1647	0.0211335	0.0402211	
1648	0.0211394	0.0402396	
1649	0.0211453	0.0402582	
1650	0.0211512	0.0402767	
1651	0.0211571	0.0402952	
1652	0.021163	0.0403138	
1653	0.0211689	0.0403323	
1654	0.0211748	0.0403508	
1655	0.0211807	0.0403693	
1656	0.0211866	0.0403878	
1657	0.0211925	0.0404063	
1658	0.0211984	0.0404248	
1659	0.0212043	0.0404432	
1660	0.0212102	0.0404617	
1661	0.0212161	0.0404801	
1662	0.0212221	0.0404986	
1663	0.021228	0.040517	
1664	0.0212339	0.0405355	
1665	0.0212398	0.0405539	
1666	0.0212457	0.0405723	
1667	0.0212516	0.0405907	
1668	0.0212576	0.0406091	
1669	0.0212635	0.0406275	
1670	0.0212694	0.0406459	
1671	0.0212753	0.0406643	
1672	0.0212812	0.0406826	
1673	0.0212871	0.040701	
1674	0.021293	0.0407194	
1675	0.021299	0.0407377	
1676	0.0213049	0.040756	
1677	0.0213108	0.0407744	
1678	0.0213167	0.0407927	
1679	0.0213226	0.040811	
1680	0.0213285	0.0408293	
1681	0.0213344	0.0408476	
1682	0.0213403	0.0408659	
1683	0.0213462	0.0408842	
1684	0.0213521	0.0409025	
1685	0.021358	0.0409207	
1686	0.0213639	0.040939	
1687	0.0213698	0.0409572	
1688	0.0213757	0.0409755	
1689	0.0213816	0.0409937	
1690	0.0213875	0.0410119	
1691	0.0213934	0.0410302	
1692	0.0213993	0.0410484	
1693	0.0214052	0.0410666	
1694	0.021411	0.0410848	
1695	0.0214169	0.0411029	
1696	0.0214228	0.0411211	
1697	0.0214287	0.0411393	
1698	0.0214345	0.0411574	
1699	0.0214404	0.0411756	
1700	0.0214462	0.0411937	
1701	0.0214521	0.0412119	
1702	0.0214579	0.04123	
1703	0.0214638	0.0412481	
1704	0.0214696	0.0412662	
1705	0.0214754	0.0412843	
1706	0.0214813	0.0413024	
1707	0.0214871	0.0413205	
1708	0.0214929	0.0413385	
1709	0.0214987	0.0413566	
1710	0.0215045	0.0413747	
1711	0.0215103	0.0413927	
1712	0.0215161	0.0414108	
1713	0.0215219	0.0414288	
1714	0.0215277	0.0414468	
1715	0.0215334	0.0414648	
1716	0.0215392	0.0414828	
1717	0.021545	0.0415008	
1718	0.0215507	0.0415188	
1719	0.0215565	0.0415368	
1720	0.0215622	0.0415547	
1721	0.0215679	0.0415727	
1722	0.0215737	0.0415906	
1723	0.0215794	0.0416086	
1724	0.0215851	0.0416265	
1725	0.0215908	0.0416444	
1726	0.0215965	0.0416623	
1727	0.0216022	0.0416802	
1728	0.0216078	0.0416981	
1729	0.0216135	0.041716	
1730	0.0216192	0.0417339	
1731	0.0216248	0.0417518	
1732	0.0216305	0.0417696	
1733	0.0216361	0.0417875	
1734	0.0216417	0.0418053	
1735	0.0216474	0.0418231	
1736	0.021653	0.0418409	
1737	0.0216586	0.0418587	
1738	0.0216641	0.0418765	
1739	0.0216697	0.0418943	
1740	0.0216753	0.0419121	
1741	0.0216809	0.0419299	
1742	0.0216864	0.0419476	
1743	0.0216919	0.0419654	
1744	0.0216975	0.0419831	
1745	0.021703	0.0420008	
1746	0.0217085	0.0420186	
1747	0.021714	0.0420363	
1748	0.0217195	0.042054	
1749	0.021725	0.0420716	
1750	0.0217304	0.0420893	
1751	0.0217359	0.042107	
1752	0.0217413	0.0421246	
1753	0.0217468	0.0421423	
1754	0.0217522	0.0421599	
1755	0.0217576	0.0421775	
1756	0.021763	0.0421951	
1757	0.0217684	0.0422127	
1758	0.0217738	0.0422303	
1759	0.0217792	0.0422479	
1760	0.0217845	0.0422655	
1761	0.0217899	0.042283	
1762	0.0217952	0.0423006	
1763	0.0218005	0.0423181	
1764	0.0218058	0.0423356	
1765	0.0218111	0.0423531	
1766	0.0218164	0.0423706	
1767	0.0218217	0.0423881	
1768	0.0218269	0.0424056	
1769	0.0218322	0.0424231	
1770	0.0218374	0.0424405	
1771	0.0218426	0.0424579	
1772	0.0218479	0.0424754	
1773	0.0218531	0.0424928	
1774	0.0218582	0.0425102	
1775	0.0218634	0.0425276	
1776	0.0218686	0.042545	
1777	0.0218737	0.0425623	
1778	0.0218789	0.0425797	
1779	0.021884	0.042597	
1780	0.0218891	0.0426144	
1781	0.0218942	0.0426317	
1782	0.0218993	0.042649	
1783	0.0219044	0.0426663	
1784	0.0219094	0.0426835	
1785	0.0219145	0.0427008	
1786	0.0219195	0.0427181	
1787	0.0219245	0.0427353	
1788	0.0219295	0.0427525	
1789	0.0219345	0.0427697	
1790	0.0219395	0.0427869	
1791	0.0219445	0.0428041	
1792	0.0219495	0.0428213	
1793	0.0219544	0.0428384	
1794	0.0219593	0.0428556	
1795	0.0219643	0.0428727	
1796	0.0219692	0.0428898	
1797	0.0219741	0.0429069	
1798	0.021979	0.042924	
1799	0.0219838	0.0429411	
1800	0.0219887	0.0429582	
1801	0.0219935	0.0429752	
1802	0.0219984	0.0429923	
1803	0.0220032	0.0430093	
1804	0.022008	0.0430263	
1805	0.0220128	0.0430433	
1806	0.0220176	0.0430602	
1807	0.0220224	0.0430772	
1808	0.0220271	0.0430941	
1809	0.0220319	0.0431111	
1810	0.0220366	0.043128	
1811	0.0220413	0.0431449	
1812	0.022046	0.0431618	
1813	0.0220507	0.0431787	
1814	0.0220554	0.0431955	
1815	0.0220601	0.0432124	
1816	0.0220648	0.0432292	
1817	0.0220694	0.043246	
1818	0.0220741	0.0432628	
1819	0.0220787	0.0432796	
1820	0.0220833	0.0432963	
1821	0.0220879	0.0433131	
1822	0.0220925	0.0433298	
1823	0.0220971	0.0433465	
1824	0.0221017	0.0433632	
1825	0.0221063	0.0433799	
1826	0.0221108	0.0433966	
1827	0.0221153	0.0434132	
1828	0.0221199	0.0434299	
1829	0.0221244	0.0434465	
1830	0.0221289	0.0434631	
1831	0.0221334	0.0434797	
1832	0.0221379	0.0434963	
1833	0.0221424	0.0435128	
1834	0.0221469	0.0435294	
1835	0.0221513	0.0435459	
1836	0.0221558	0.0435624	
1837	0.0221602	0.0435789	
1838	0.0221646	0.0435954	
1839	0.0221691	0.0436118	
1840	0.0221735	0.0436283	
1841	0.0221779	0.0436447	
1842	0.0221823	0.0436611	
1843	0.0221867	0.0436775	
1844	0.022191	0.0436939	
1845	0.0221954	0.0437103	
1846	0.0221998	0.0437266	
1847	0.0222041	0.0437429	
1848	0.0222085	0.0437592	
1849	0.0222128	0.0437755	
1850	0.0222171	0.0437918	
1851	0.0222215	0.0438081	
1852	0.0222258	0.0438243	
1853	0.0222301	0.0438405	
1854	0.0222344	0.0438567	
1855	0.0222387	0.0438729	
1856	0.022243	0.0438891	
1857	0.0222473	0.0439053	
1858	0.0222515	0.0439214	
1859	0.0222558	0.0439375	
1860	0.0222601	0.0439536	
1861	0.0222643	0.0439697	
1862	0.0222686	0.0439858	
1863	0.0222728	0.0440018	
1864	0.0222771	0.0440179	
1865	0.0222813	0.0440339	
1866	0.0222855	0.0440499	
1867	0.0222897	0.0440659	
1868	0.022294	0.0440818	
1869	0.0222982	0.0440978	
1870	0.0223024	0.0441137	
1871	0.0223066	0.0441296	
1872	0.0223108	0.0441455	
1873	0.022315	0.0441614	
1874	0.0223192	0.0441773	
1875	0.0223234	0.0441931	
1876	0.0223276	0.0442089	
1877	0.0223317	0.0442247	
1878	0.0223359	0.0442405	
1879	0.0223401	0.0442563	
1880	0.0223443	0.0442721	
1881	0.0223484	0.0442878	
1882	0.0223526	0.0443035	
1883	0.0223568	0.0443192	
1884	0.0223609	0.0443349	
1885	0.0223651	0.0443506	
1886	0.0223693	0.0443662	
1887	0.0223734	0.0443818	
1888	0.0223776	0.0443975	
1889	0.0223817	0.0444131	
1890	0.0223859	0.0444286	
1891	0.0223901	0.0444442	
1892	0.0223942	0.0444597	
1893	0.0223984	0.0444753	
1894	0.0224025	0.0444908	
1895	0.0224067	0.0445063	
1896	0.0224108	0.0445217	
1897	0.022415	0.0445372	
1898	0.0224191	0.0445526	
1899	0.0224233	0.044568	
1900	0.0224274	0.0445834	
1901	0.0224316	0.0445988	
1902	0.0224358	0.0446142	
1903	0.0224399	0.0446295	
1904	0.0224441	0.0446449	
1905	0.0224482	0.0446602	
1906	0.0224524	0.0446755	
1907	0.0224566	0.0446908	
1908	0.0224607	0.044706	
1909	0.0224649	0.0447213	
1910	0.0224691	0.0447365	
1911	0.0224733	0.0447517	
1912	0.0224774	0.0447669	
1913	0.0224816	0.0447821	
1914	0.0224858	0.0447972	
1915	0.02249	0.0448124	
1916	0.0224942	0.0448275	
1917	0.0224984	0.0448426	
1918	0.0225026	0.0448577	
1919	0.0225068	0.0448727	
1920	0.022511	0.0448878	
1921	0.0225152	0.0449028	
1922	0.0225194	0.0449179	
1923	0.0225236	0.0449329	
1924	0.0225279	0.0449478	
1925	0.0225321	0.0449628	
1926	0.0225363	0.0449778	
1927	0.0225406	0.0449927	
1928	0.0225448	0.0450076	
1929	0.022549	0.0450225	
1930	0.0225533	0.0450374	
1931	0.0225576	0.0450523	
1932	0.0225618	0.0450671	
1933	0.0225661	0.045082	
1934	0.0225704	0.0450968	
1935	0.0225747	0.0451116	
1936	0.0225789	0.0451264	
1937	0.0225832	0.0451412	
1938	0.0225875	0.0451559	
1939	0.0225918	0.0451707	
1940	0.0225962	0.0451854	
1941	0.0226005	0.0452001	
1942	0.0226048	0.0452148	
1943	0.0226091	0.0452295	
1944	0.0226135	0.0452441	
1945	0.0226178	0.0452588	
1946	0.0226222	0.0452734	
1947	0.0226266	0.045288	
1948	0.0226309	0.0453026	
1949	0.0226353	0.0453172	
1950	0.0226397	0.0453318	
1951	0.0226441	0.0453463	
1952	0.0226485	0.0453608	
1953	0.0226529	0.0453754	
1954	0.0226573	0.0453899	
1955	0.0226618	0.0454044	
1956	0.0226662	0.0454188	
1957	0.0226706	0.0454333	
1958	0.0226751	0.0454477	
1959	0.0226796	0.0454622	
1960	0.022684	0.0454766	
1961	0.0226885	0.045491	
1962	0.022693	0.0455054	
1963	0.0226975	0.0455197	
1964	0.022702	0.0455341	
1965	0.0227065	0.0455484	
1966	0.022711	0.0455628	
1967	0.0227156	0.0455771	
1968	0.0227201	0.0455914	
1969	0.0227247	0.0456056	
1970	0.0227292	0.0456199	
1971	0.0227338	0.0456342	
1972	0.0227384	0.0456484	
1973	0.022743	0.0456626	
1974	0.0227476	0.0456768	
1975	0.0227522	0.045691	
1976	0.0227568	0.0457052	
1977	0.0227614	0.0457194	
1978	0.022766	0.0457335	
1979	0.0227707	0.0457477	
1980	0.0227753	0.0457618	
1981	0.02278	0.0457759	
1982	0.0227847	0.04579	
1983	0.0227894	0.0458041	
1984	0.022794	0.0458182	
1985	0.0227987	0.0458322	
1986	0.0228035	0.0458463	
1987	0.0228082	0.0458603	
1988	0.0228129	0.0458743	
1989	0.0228176	0.0458883	
1990	0.0228224	0.0459023	
1991	0.0228272	0.0459163	
1992	0.0228319	0.0459303	
1993	0.0228367	0.0459442	
1994	0.0228415	0.0459582	
1995	0.0228463	0.0459721	
1996	0.0228511	0.045986	
1997	0.0228559	0.0459999	
1998	0.0228607	0.0460138	
1999	0.0228656	0.0460277	
