0.001	8.19219e-09	2.59299e-08	
0.002	2.45526e-08	5.33202e-08	
0.003	4.8944e-08	8.6469e-08	
0.004	8.13376e-08	1.28075e-07	
0.005	1.21937e-07	1.77807e-07	
0.006	1.70323e-07	2.33812e-07	
0.007	2.2651e-07	2.96043e-07	
0.008	2.90459e-07	3.64621e-07	
0.009	3.62235e-07	4.39371e-07	
0.01	4.41616e-07	5.1953e-07	
0.011	5.28584e-07	6.05724e-07	
0.012	6.23115e-07	6.9687e-07	
0.013	7.2515e-07	7.93181e-07	
0.014	8.35181e-07	8.96765e-07	
0.015	9.52669e-07	1.00635e-06	
0.016	1.07772e-06	1.12238e-06	
0.017	1.21048e-06	1.246e-06	
0.018	1.35078e-06	1.37606e-06	
0.019	1.49856e-06	1.51304e-06	
0.02	1.65367e-06	1.65615e-06	
0.021	1.81612e-06	1.80547e-06	
0.022	1.98597e-06	1.96118e-06	
0.023	2.16327e-06	2.12393e-06	
0.024	2.34785e-06	2.29296e-06	
0.025	2.53986e-06	2.4683e-06	
0.026	2.73946e-06	2.65045e-06	
0.027	2.94595e-06	2.83819e-06	
0.028	3.15934e-06	3.03163e-06	
0.029	3.3799e-06	3.23183e-06	
0.03	3.60722e-06	3.43729e-06	
0.031	3.84124e-06	3.64829e-06	
0.032	4.08231e-06	3.86536e-06	
0.033	4.33126e-06	4.09033e-06	
0.034	4.5869e-06	4.32034e-06	
0.035	4.84924e-06	4.55552e-06	
0.036	5.11873e-06	4.79681e-06	
0.037	5.39525e-06	5.04512e-06	
0.038	5.67819e-06	5.29677e-06	
0.039	5.96802e-06	5.55434e-06	
0.04	6.26465e-06	5.81837e-06	
0.041	6.56749e-06	6.08661e-06	
0.042	6.87704e-06	6.36123e-06	
0.043	7.19304e-06	6.64024e-06	
0.044	7.5153e-06	6.9246e-06	
0.045	7.8442e-06	7.214e-06	
0.046	8.17995e-06	7.50821e-06	
0.047	8.52224e-06	7.80807e-06	
0.048	8.871e-06	8.11272e-06	
0.049	9.22613e-06	8.42277e-06	
0.05	9.58728e-06	8.7388e-06	
0.051	9.95443e-06	9.05903e-06	
0.052	1.03278e-05	9.38442e-06	
0.053	1.07074e-05	9.71611e-06	
0.054	1.10932e-05	1.00534e-05	
0.055	1.14851e-05	1.03964e-05	
0.056	1.18829e-05	1.07436e-05	
0.057	1.22873e-05	1.10962e-05	
0.058	1.26975e-05	1.14536e-05	
0.059	1.31135e-05	1.18152e-05	
0.06	1.35355e-05	1.21826e-05	
0.061	1.39639e-05	1.25563e-05	
0.062	1.43983e-05	1.2935e-05	
0.063	1.48389e-05	1.33187e-05	
0.064	1.52852e-05	1.37063e-05	
0.065	1.57369e-05	1.40983e-05	
0.066	1.61944e-05	1.44946e-05	
0.067	1.6658e-05	1.48954e-05	
0.068	1.71275e-05	1.53005e-05	
0.069	1.76023e-05	1.57092e-05	
0.07	1.80825e-05	1.61216e-05	
0.071	1.85687e-05	1.65395e-05	
0.072	1.90605e-05	1.69622e-05	
0.073	1.95573e-05	1.73884e-05	
0.074	2.00593e-05	1.78182e-05	
0.075	2.05675e-05	1.82533e-05	
0.076	2.10809e-05	1.8693e-05	
0.077	2.15996e-05	1.91372e-05	
0.078	2.21241e-05	1.95873e-05	
0.079	2.26539e-05	2.00424e-05	
0.08	2.3189e-05	2.05018e-05	
0.081	2.37293e-05	2.09654e-05	
0.082	2.42747e-05	2.14324e-05	
0.083	2.48255e-05	2.19038e-05	
0.084	2.53814e-05	2.23788e-05	
0.085	2.59421e-05	2.28571e-05	
0.086	2.65081e-05	2.3339e-05	
0.087	2.70783e-05	2.38238e-05	
0.088	2.76537e-05	2.43136e-05	
0.089	2.82348e-05	2.48071e-05	
0.09	2.88207e-05	2.53047e-05	
0.091	2.94118e-05	2.58069e-05	
0.092	3.00074e-05	2.63132e-05	
0.093	3.06081e-05	2.68237e-05	
0.094	3.1214e-05	2.73383e-05	
0.095	3.18251e-05	2.78577e-05	
0.096	3.24413e-05	2.83818e-05	
0.097	3.30632e-05	2.89109e-05	
0.098	3.36903e-05	2.94441e-05	
0.099	3.43233e-05	2.9982e-05	
0.1	3.49616e-05	3.05237e-05	
0.101	3.56047e-05	3.10695e-05	
0.102	3.62525e-05	3.16194e-05	
0.103	3.69064e-05	3.21756e-05	
0.104	3.75647e-05	3.27362e-05	
0.105	3.82273e-05	3.33e-05	
0.106	3.8894e-05	3.38668e-05	
0.107	3.9565e-05	3.44369e-05	
0.108	4.02408e-05	3.50106e-05	
0.109	4.09206e-05	3.55873e-05	
0.11	4.16049e-05	3.61673e-05	
0.111	4.22937e-05	3.6751e-05	
0.112	4.29883e-05	3.73402e-05	
0.113	4.36872e-05	3.79337e-05	
0.114	4.43909e-05	3.85321e-05	
0.115	4.5098e-05	3.9132e-05	
0.116	4.58124e-05	3.97399e-05	
0.117	4.65309e-05	4.03513e-05	
0.118	4.72539e-05	4.09663e-05	
0.119	4.79822e-05	4.15865e-05	
0.12	4.87155e-05	4.22117e-05	
0.121	4.94529e-05	4.28405e-05	
0.122	5.01943e-05	4.3473e-05	
0.123	5.09402e-05	4.41097e-05	
0.124	5.16904e-05	4.47495e-05	
0.125	5.24444e-05	4.53914e-05	
0.126	5.32018e-05	4.60373e-05	
0.127	5.39634e-05	4.66872e-05	
0.128	5.47278e-05	4.73382e-05	
0.129	5.54965e-05	4.79934e-05	
0.13	5.62689e-05	4.86513e-05	
0.131	5.70454e-05	4.93136e-05	
0.132	5.78257e-05	4.99787e-05	
0.133	5.86099e-05	5.06467e-05	
0.134	5.93984e-05	5.13182e-05	
0.135	6.01907e-05	5.19932e-05	
0.136	6.09872e-05	5.26714e-05	
0.137	6.17878e-05	5.33533e-05	
0.138	6.25923e-05	5.40385e-05	
0.139	6.34012e-05	5.47283e-05	
0.14	6.42138e-05	5.54211e-05	
0.141	6.50299e-05	5.61165e-05	
0.142	6.58507e-05	5.68162e-05	
0.143	6.66734e-05	5.75169e-05	
0.144	6.74997e-05	5.82209e-05	
0.145	6.83298e-05	5.89285e-05	
0.146	6.91638e-05	5.96396e-05	
0.147	7.0001e-05	6.03522e-05	
0.148	7.08427e-05	6.10691e-05	
0.149	7.16902e-05	6.17923e-05	
0.15	7.25419e-05	6.2519e-05	
0.151	7.33975e-05	6.32494e-05	
0.152	7.42567e-05	6.39831e-05	
0.153	7.51194e-05	6.47199e-05	
0.154	7.59874e-05	6.5462e-05	
0.155	7.68589e-05	6.62072e-05	
0.156	7.77336e-05	6.69543e-05	
0.157	7.86119e-05	6.77045e-05	
0.158	7.94936e-05	6.84577e-05	
0.159	8.03783e-05	6.92128e-05	
0.16	8.12675e-05	6.99719e-05	
0.161	8.21603e-05	7.07339e-05	
0.162	8.30573e-05	7.15002e-05	
0.163	8.39575e-05	7.22693e-05	
0.164	8.48602e-05	7.30395e-05	
0.165	8.57661e-05	7.38117e-05	
0.166	8.66748e-05	7.45861e-05	
0.167	8.75865e-05	7.53621e-05	
0.168	8.85017e-05	7.61412e-05	
0.169	8.94202e-05	7.69224e-05	
0.17	9.03418e-05	7.77061e-05	
0.171	9.12658e-05	7.84911e-05	
0.172	9.2194e-05	7.92799e-05	
0.173	9.31258e-05	8.00722e-05	
0.174	9.40597e-05	8.08666e-05	
0.175	9.49968e-05	8.16628e-05	
0.176	9.5937e-05	8.24611e-05	
0.177	9.68792e-05	8.32609e-05	
0.178	9.78241e-05	8.40628e-05	
0.179	9.87718e-05	8.48677e-05	
0.18	9.97225e-05	8.56747e-05	
0.181	0.000100676	8.64837e-05	
0.182	0.000101631	8.72946e-05	
0.183	0.000102589	8.81075e-05	
0.184	0.00010355	8.89222e-05	
0.185	0.000104515	8.97414e-05	
0.186	0.000105485	9.05654e-05	
0.187	0.000106458	9.1391e-05	
0.188	0.000107434	9.22194e-05	
0.189	0.000108414	9.30507e-05	
0.19	0.000109395	9.38831e-05	
0.191	0.000110379	9.47174e-05	
0.192	0.000111365	9.55535e-05	
0.193	0.000112355	9.63917e-05	
0.194	0.000113347	9.72314e-05	
0.195	0.000114341	9.80737e-05	
0.196	0.000115339	9.89195e-05	
0.197	0.00011634	9.97683e-05	
0.198	0.000117344	0.000100618	
0.199	0.00011835	0.000101471	
0.2	0.000119358	0.000102324	
0.201	0.000120369	0.000103179	
0.202	0.000121382	0.000104035	
0.203	0.000122397	0.000104892	
0.204	0.000123412	0.00010575	
0.205	0.000124431	0.000106613	
0.206	0.000125452	0.000107477	
0.207	0.000126474	0.000108343	
0.208	0.000127499	0.000109211	
0.209	0.000128526	0.000110082	
0.21	0.000129555	0.000110954	
0.211	0.000130587	0.000111828	
0.212	0.00013162	0.000112702	
0.213	0.000132657	0.00011358	
0.214	0.000133698	0.000114461	
0.215	0.00013474	0.000115344	
0.216	0.000135784	0.000116228	
0.217	0.00013683	0.000117113	
0.218	0.000137879	0.000118002	
0.219	0.00013893	0.000118894	
0.22	0.000139984	0.000119786	
0.221	0.000141039	0.000120681	
0.222	0.000142098	0.000121578	
0.223	0.000143157	0.000122477	
0.224	0.000144218	0.000123377	
0.225	0.000145281	0.000124279	
0.226	0.000146347	0.000125183	
0.227	0.000147415	0.00012609	
0.228	0.000148486	0.000126998	
0.229	0.000149559	0.000127909	
0.23	0.000150635	0.000128823	
0.231	0.000151712	0.000129737	
0.232	0.000152792	0.000130655	
0.233	0.000153873	0.000131573	
0.234	0.000154957	0.000132494	
0.235	0.000156042	0.000133416	
0.236	0.000157127	0.000134337	
0.237	0.000158212	0.000135259	
0.238	0.000159299	0.000136182	
0.239	0.000160388	0.000137106	
0.24	0.00016148	0.000138035	
0.241	0.000162575	0.000138966	
0.242	0.000163671	0.000139898	
0.243	0.000164769	0.000140831	
0.244	0.00016587	0.000141768	
0.245	0.000166972	0.000142705	
0.246	0.000168076	0.000143643	
0.247	0.000169183	0.000144584	
0.248	0.000170291	0.000145526	
0.249	0.000171401	0.000146469	
0.25	0.000172514	0.000147415	
0.251	0.000173628	0.000148361	
0.252	0.000174742	0.000149309	
0.253	0.000175858	0.000150258	
0.254	0.000176975	0.000151208	
0.255	0.000178094	0.00015216	
0.256	0.000179209	0.000153109	
0.257	0.000180325	0.000154061	
0.258	0.000181444	0.000155014	
0.259	0.000182567	0.00015597	
0.26	0.00018369	0.000156927	
0.261	0.000184813	0.000157884	
0.262	0.000185937	0.000158842	
0.263	0.000187063	0.000159802	
0.264	0.000188191	0.000160763	
0.265	0.00018932	0.000161726	
0.266	0.00019045	0.00016269	
0.267	0.000191582	0.000163654	
0.268	0.000192715	0.00016462	
0.269	0.000193851	0.000165589	
0.27	0.000194989	0.00016656	
0.271	0.000196129	0.000167533	
0.272	0.000197271	0.000168507	
0.273	0.000198414	0.000169484	
0.274	0.00019956	0.000170464	
0.275	0.000200707	0.000171444	
0.276	0.000201857	0.000172427	
0.277	0.000203007	0.00017341	
0.278	0.000204158	0.000174392	
0.279	0.000205309	0.000175376	
0.28	0.000206462	0.000176361	
0.281	0.000207616	0.000177346	
0.282	0.00020877	0.000178332	
0.283	0.000209927	0.00017932	
0.284	0.000211085	0.000180311	
0.285	0.000212245	0.000181302	
0.286	0.000213407	0.000182296	
0.287	0.000214569	0.000183289	
0.288	0.000215732	0.000184284	
0.289	0.000216897	0.00018528	
0.29	0.000218062	0.000186276	
0.291	0.000219227	0.000187272	
0.292	0.000220394	0.00018827	
0.293	0.000221565	0.000189273	
0.294	0.000222736	0.000190276	
0.295	0.000223909	0.00019128	
0.296	0.000225083	0.000192286	
0.297	0.000226259	0.000193293	
0.298	0.000227436	0.000194302	
0.299	0.000228615	0.000195313	
0.3	0.000229794	0.000196325	
0.301	0.000230975	0.000197338	
0.302	0.000232158	0.000198352	
0.303	0.00023334	0.000199366	
0.304	0.000234523	0.000200381	
0.305	0.000235707	0.000201396	
0.306	0.000236892	0.000202412	
0.307	0.000238077	0.000203428	
0.308	0.000239264	0.000204446	
0.309	0.000240452	0.000205464	
0.31	0.00024164	0.000206483	
0.311	0.00024283	0.000207503	
0.312	0.000244019	0.000208523	
0.313	0.000245211	0.000209544	
0.314	0.000246403	0.000210565	
0.315	0.000247597	0.000211588	
0.316	0.000248792	0.000212612	
0.317	0.000249987	0.000213637	
0.318	0.000251183	0.000214661	
0.319	0.000252379	0.000215686	
0.32	0.000253575	0.000216711	
0.321	0.000254772	0.000217737	
0.322	0.00025597	0.000218764	
0.323	0.000257169	0.000219791	
0.324	0.000258368	0.000220819	
0.325	0.000259568	0.000221847	
0.326	0.000260768	0.000222877	
0.327	0.000261968	0.000223906	
0.328	0.00026317	0.000224937	
0.329	0.000264374	0.000225969	
0.33	0.000265577	0.000227002	
0.331	0.000266781	0.000228035	
0.332	0.000267987	0.000229071	
0.333	0.000269195	0.000230107	
0.334	0.000270403	0.000231145	
0.335	0.000271611	0.000232183	
0.336	0.000272821	0.000233222	
0.337	0.000274032	0.000234262	
0.338	0.000275243	0.000235303	
0.339	0.000276454	0.000236343	
0.34	0.000277666	0.000237385	
0.341	0.000278878	0.000238426	
0.342	0.000280093	0.00023947	
0.343	0.000281308	0.000240515	
0.344	0.000282523	0.00024156	
0.345	0.000283738	0.000242606	
0.346	0.000284953	0.000243653	
0.347	0.00028617	0.000244701	
0.348	0.000287384	0.000245747	
0.349	0.000288599	0.000246794	
0.35	0.000289813	0.000247841	
0.351	0.000291027	0.000248888	
0.352	0.000292242	0.000249934	
0.353	0.000293458	0.000250984	
0.354	0.000294676	0.000252034	
0.355	0.000295894	0.000253084	
0.356	0.000297113	0.000254135	
0.357	0.000298331	0.000255186	
0.358	0.000299548	0.000256237	
0.359	0.000300766	0.000257288	
0.36	0.000301983	0.00025834	
0.361	0.000303203	0.000259393	
0.362	0.000304423	0.000260447	
0.363	0.000305645	0.000261503	
0.364	0.000306867	0.000262561	
0.365	0.000308091	0.000263619	
0.366	0.000309316	0.000264679	
0.367	0.000310543	0.000265741	
0.368	0.000311771	0.000266804	
0.369	0.000312999	0.000267867	
0.37	0.000314227	0.00026893	
0.371	0.000315456	0.000269993	
0.372	0.000316685	0.000271057	
0.373	0.000317915	0.000272121	
0.374	0.000319144	0.000273185	
0.375	0.000320375	0.00027425	
0.376	0.000321605	0.000275315	
0.377	0.000322835	0.00027638	
0.378	0.000324067	0.000277447	
0.379	0.000325302	0.000278517	
0.38	0.000326538	0.000279589	
0.381	0.000327773	0.00028066	
0.382	0.000329008	0.000281731	
0.383	0.000330244	0.000282802	
0.384	0.000331478	0.000283872	
0.385	0.000332713	0.000284943	
0.386	0.000333949	0.000286017	
0.387	0.000335186	0.00028709	
0.388	0.000336424	0.000288165	
0.389	0.000337662	0.00028924	
0.39	0.000338901	0.000290316	
0.391	0.00034014	0.000291391	
0.392	0.000341379	0.000292467	
0.393	0.000342619	0.000293544	
0.394	0.000343859	0.000294621	
0.395	0.000345099	0.000295697	
0.396	0.00034634	0.000296774	
0.397	0.00034758	0.000297851	
0.398	0.000348819	0.000298928	
0.399	0.00035006	0.000300006	
0.4	0.000351302	0.000301084	
0.401	0.000352545	0.000302164	
0.402	0.000353788	0.000303244	
0.403	0.000355032	0.000304325	
0.404	0.000356276	0.000305406	
0.405	0.000357519	0.000306487	
0.406	0.000358762	0.000307567	
0.407	0.000360004	0.000308646	
0.408	0.000361246	0.000309726	
0.409	0.000362488	0.000310806	
0.41	0.000363731	0.000311887	
0.411	0.000364974	0.000312968	
0.412	0.000366215	0.000314048	
0.413	0.000367457	0.000315128	
0.414	0.000368699	0.000316208	
0.415	0.000369942	0.000317289	
0.416	0.000371184	0.00031837	
0.417	0.000372427	0.000319451	
0.418	0.00037367	0.000320532	
0.419	0.000374913	0.000321613	
0.42	0.000376156	0.000322693	
0.421	0.000377398	0.000323773	
0.422	0.000378641	0.000324853	
0.423	0.000379884	0.000325933	
0.424	0.000381128	0.000327014	
0.425	0.000382372	0.000328095	
0.426	0.000383616	0.000329176	
0.427	0.000384861	0.000330257	
0.428	0.000386104	0.000331337	
0.429	0.000387347	0.000332416	
0.43	0.000388591	0.000333496	
0.431	0.000389836	0.000334577	
0.432	0.000391081	0.000335658	
0.433	0.000392326	0.00033674	
0.434	0.000393571	0.00033782	
0.435	0.000394818	0.000338902	
0.436	0.000396063	0.000339983	
0.437	0.000397308	0.000341063	
0.438	0.000398553	0.000342144	
0.439	0.000399798	0.000343223	
0.44	0.000401043	0.000344303	
0.441	0.000402287	0.000345382	
0.442	0.000403532	0.000346461	
0.443	0.000404777	0.000347541	
0.444	0.000406023	0.00034862	
0.445	0.000407269	0.000349699	
0.446	0.000408514	0.000350779	
0.447	0.00040976	0.000351859	
0.448	0.000411005	0.000352938	
0.449	0.000412249	0.000354017	
0.45	0.000413494	0.000355095	
0.451	0.000414741	0.000356176	
0.452	0.000415988	0.000357257	
0.453	0.000417235	0.000358337	
0.454	0.000418484	0.000359419	
0.455	0.000419733	0.0003605	
0.456	0.000420983	0.000361583	
0.457	0.000422233	0.000362666	
0.458	0.000423484	0.00036375	
0.459	0.000424736	0.000364835	
0.46	0.000425989	0.00036592	
0.461	0.000427241	0.000367004	
0.462	0.000428494	0.000368089	
0.463	0.000429747	0.000369173	
0.464	0.000431	0.000370258	
0.465	0.000432254	0.000371342	
0.466	0.000433507	0.000372426	
0.467	0.000434761	0.000373509	
0.468	0.000436014	0.000374592	
0.469	0.000437267	0.000375674	
0.47	0.000438519	0.000376757	
0.471	0.000439772	0.000377839	
0.472	0.000441023	0.000378921	
0.473	0.000442275	0.000380001	
0.474	0.000443526	0.000381082	
0.475	0.000444778	0.000382162	
0.476	0.00044603	0.000383242	
0.477	0.000447282	0.000384323	
0.478	0.000448534	0.000385403	
0.479	0.000449786	0.000386482	
0.48	0.000451037	0.000387562	
0.481	0.000452289	0.00038864	
0.482	0.000453539	0.000389718	
0.483	0.000454791	0.000390797	
0.484	0.000456041	0.000391873	
0.485	0.00045729	0.00039295	
0.486	0.00045854	0.000394026	
0.487	0.000459789	0.0003951	
0.488	0.000461037	0.000396175	
0.489	0.000462285	0.000397249	
0.49	0.000463532	0.000398323	
0.491	0.00046478	0.000399396	
0.492	0.000466027	0.000400469	
0.493	0.000467273	0.000401541	
0.494	0.000468519	0.000402614	
0.495	0.000469766	0.000403686	
0.496	0.000471013	0.000404759	
0.497	0.000472261	0.000405832	
0.498	0.000473509	0.000406906	
0.499	0.000474753	0.000407976	
0.5	0.000475997	0.000409046	
0.501	0.000477242	0.000410115	
0.502	0.000478486	0.000411185	
0.503	0.000479729	0.000412254	
0.504	0.000480973	0.000413323	
0.505	0.000482217	0.000414392	
0.506	0.000483461	0.00041546	
0.507	0.000484702	0.000416526	
0.508	0.000485944	0.000417592	
0.509	0.000487185	0.000418657	
0.51	0.000488426	0.000419722	
0.511	0.000489668	0.000420787	
0.512	0.000490909	0.000421852	
0.513	0.00049215	0.000422915	
0.514	0.000493391	0.000423978	
0.515	0.000494631	0.00042504	
0.516	0.000495871	0.000426102	
0.517	0.000497111	0.000427164	
0.518	0.000498351	0.000428225	
0.519	0.000499589	0.000429284	
0.52	0.000500827	0.000430342	
0.521	0.000502063	0.000431399	
0.522	0.000503301	0.000432457	
0.523	0.000504542	0.000433519	
0.524	0.000505783	0.00043458	
0.525	0.000507023	0.00043564	
0.526	0.000508265	0.000436701	
0.527	0.000509507	0.000437762	
0.528	0.000510749	0.000438823	
0.529	0.00051199	0.000439882	
0.53	0.000513231	0.000440941	
0.531	0.000514473	0.000442001	
0.532	0.000515714	0.000443059	
0.533	0.000516956	0.000444118	
0.534	0.000518197	0.000445175	
0.535	0.000519438	0.000446232	
0.536	0.000520678	0.000447288	
0.537	0.000521916	0.000448343	
0.538	0.000523154	0.000449396	
0.539	0.000524391	0.000450449	
0.54	0.000525629	0.000451502	
0.541	0.000526865	0.000452555	
0.542	0.000528101	0.000453607	
0.543	0.000529337	0.000454657	
0.544	0.000530572	0.000455708	
0.545	0.000531809	0.000456759	
0.546	0.000533045	0.00045781	
0.547	0.000534281	0.000458861	
0.548	0.000535515	0.000459909	
0.549	0.000536749	0.000460958	
0.55	0.000537983	0.000462006	
0.551	0.000539217	0.000463054	
0.552	0.00054045	0.000464101	
0.553	0.000541682	0.000465148	
0.554	0.000542915	0.000466194	
0.555	0.000544148	0.00046724	
0.556	0.00054538	0.000468285	
0.557	0.000546612	0.000469331	
0.558	0.000547843	0.000470375	
0.559	0.000549074	0.000471419	
0.56	0.000550304	0.000472462	
0.561	0.000551534	0.000473504	
0.562	0.000552762	0.000474545	
0.563	0.00055399	0.000475586	
0.564	0.000555217	0.000476626	
0.565	0.000556445	0.000477666	
0.566	0.000557673	0.000478705	
0.567	0.000558901	0.000479745	
0.568	0.000560128	0.000480783	
0.569	0.000561354	0.00048182	
0.57	0.000562579	0.000482856	
0.571	0.000563804	0.000483892	
0.572	0.000565029	0.000484927	
0.573	0.000566252	0.000485961	
0.574	0.000567476	0.000486994	
0.575	0.000568699	0.000488028	
0.576	0.000569925	0.000489063	
0.577	0.000571151	0.000490098	
0.578	0.000572377	0.000491133	
0.579	0.000573601	0.000492166	
0.58	0.000574825	0.000493199	
0.581	0.000576051	0.000494235	
0.582	0.000577277	0.000495269	
0.583	0.000578502	0.000496303	
0.584	0.000579725	0.000497335	
0.585	0.000580946	0.000498366	
0.586	0.000582167	0.000499396	
0.587	0.000583386	0.000500424	
0.588	0.000584603	0.000501451	
0.589	0.00058582	0.000502477	
0.59	0.000587034	0.000503501	
0.591	0.000588248	0.000504524	
0.592	0.000589463	0.000505548	
0.593	0.000590678	0.000506572	
0.594	0.000591892	0.000507596	
0.595	0.000593105	0.000508617	
0.596	0.000594315	0.000509637	
0.597	0.000595527	0.000510659	
0.598	0.00059674	0.000511681	
0.599	0.000597952	0.000512702	
0.6	0.000599162	0.000513721	
0.601	0.000600372	0.00051474	
0.602	0.000601582	0.000515759	
0.603	0.000602791	0.000516777	
0.604	0.000604	0.000517795	
0.605	0.000605209	0.000518812	
0.606	0.000606418	0.000519829	
0.607	0.000607626	0.000520844	
0.608	0.000608834	0.00052186	
0.609	0.00061004	0.000522874	
0.61	0.000611246	0.000523887	
0.611	0.00061245	0.000524899	
0.612	0.000613653	0.000525909	
0.613	0.000614854	0.000526918	
0.614	0.000616054	0.000527926	
0.615	0.000617254	0.000528934	
0.616	0.000618453	0.000529941	
0.617	0.000619652	0.000530947	
0.618	0.00062085	0.000531951	
0.619	0.000622048	0.000532957	
0.62	0.000623245	0.00053396	
0.621	0.000624441	0.000534963	
0.622	0.000625635	0.000535964	
0.623	0.000626831	0.000536966	
0.624	0.000628027	0.000537968	
0.625	0.000629222	0.000538969	
0.626	0.000630416	0.00053997	
0.627	0.000631609	0.000540969	
0.628	0.000632801	0.000541967	
0.629	0.000633992	0.000542965	
0.63	0.000635183	0.000543962	
0.631	0.000636372	0.000544957	
0.632	0.000637562	0.000545953	
0.633	0.000638751	0.000546947	
0.634	0.00063994	0.000547941	
0.635	0.000641128	0.000548934	
0.636	0.000642314	0.000549925	
0.637	0.000643498	0.000550915	
0.638	0.000644682	0.000551904	
0.639	0.000645866	0.000552893	
0.64	0.00064705	0.000553881	
0.641	0.000648233	0.000554869	
0.642	0.000649415	0.000555855	
0.643	0.000650597	0.000556841	
0.644	0.000651777	0.000557825	
0.645	0.000652956	0.000558808	
0.646	0.000654136	0.000559791	
0.647	0.000655314	0.000560773	
0.648	0.000656492	0.000561754	
0.649	0.000657668	0.000562732	
0.65	0.000658842	0.00056371	
0.651	0.000660016	0.000564686	
0.652	0.000661191	0.000565664	
0.653	0.000662366	0.00056664	
0.654	0.000663539	0.000567616	
0.655	0.000664711	0.00056859	
0.656	0.000665883	0.000569564	
0.657	0.000667054	0.000570536	
0.658	0.000668223	0.000571507	
0.659	0.000669393	0.000572478	
0.66	0.000670561	0.000573448	
0.661	0.000671729	0.000574416	
0.662	0.000672895	0.000575384	
0.663	0.000674061	0.00057635	
0.664	0.000675226	0.000577316	
0.665	0.000676387	0.000578279	
0.666	0.000677547	0.00057924	
0.667	0.000678707	0.0005802	
0.668	0.000679867	0.000581161	
0.669	0.000681026	0.00058212	
0.67	0.000682184	0.000583078	
0.671	0.000683341	0.000584036	
0.672	0.000684498	0.000584992	
0.673	0.000685654	0.000585948	
0.674	0.00068681	0.000586903	
0.675	0.000687964	0.000587857	
0.676	0.000689118	0.00058881	
0.677	0.000690271	0.000589761	
0.678	0.000691424	0.000590713	
0.679	0.000692576	0.000591663	
0.68	0.000693727	0.000592612	
0.681	0.000694877	0.00059356	
0.682	0.000696025	0.000594507	
0.683	0.000697173	0.000595453	
0.684	0.000698321	0.000596398	
0.685	0.000699468	0.000597343	
0.686	0.000700613	0.000598286	
0.687	0.000701758	0.000599228	
0.688	0.000702901	0.000600169	
0.689	0.000704045	0.00060111	
0.69	0.000705188	0.00060205	
0.691	0.00070633	0.000602988	
0.692	0.000707471	0.000603926	
0.693	0.000708612	0.000604862	
0.694	0.000709751	0.000605798	
0.695	0.00071089	0.000606732	
0.696	0.000712027	0.000607666	
0.697	0.000713164	0.000608598	
0.698	0.0007143	0.000609529	
0.699	0.000715435	0.00061046	
0.7	0.000716568	0.000611388	
0.701	0.000717699	0.000612315	
0.702	0.000718829	0.00061324	
0.703	0.000719957	0.000614164	
0.704	0.000721086	0.000615088	
0.705	0.000722214	0.000616011	
0.706	0.00072334	0.000616932	
0.707	0.000724464	0.000617851	
0.708	0.000725587	0.000618769	
0.709	0.000726709	0.000619686	
0.71	0.000727829	0.000620601	
0.711	0.000728948	0.000621515	
0.712	0.000730067	0.000622429	
0.713	0.000731186	0.000623342	
0.714	0.000732305	0.000624255	
0.715	0.000733423	0.000625167	
0.716	0.000734541	0.000626078	
0.717	0.000735657	0.000626988	
0.718	0.000736773	0.000627897	
0.719	0.000737888	0.000628805	
0.72	0.000739004	0.000629713	
0.721	0.000740118	0.00063062	
0.722	0.000741233	0.000631526	
0.723	0.000742346	0.000632431	
0.724	0.000743459	0.000633336	
0.725	0.000744569	0.000634238	
0.726	0.000745678	0.00063514	
0.727	0.000746788	0.000636041	
0.728	0.000747898	0.000636942	
0.729	0.000749006	0.000637841	
0.73	0.000750114	0.00063874	
0.731	0.000751222	0.000639638	
0.732	0.000752328	0.000640535	
0.733	0.000753434	0.000641432	
0.734	0.000754539	0.000642327	
0.735	0.000755645	0.000643222	
0.736	0.00075675	0.000644117	
0.737	0.000757854	0.00064501	
0.738	0.000758957	0.000645903	
0.739	0.00076006	0.000646794	
0.74	0.00076116	0.000647684	
0.741	0.000762259	0.000648572	
0.742	0.000763355	0.000649458	
0.743	0.00076445	0.000650343	
0.744	0.000765543	0.000651226	
0.745	0.000766635	0.000652109	
0.746	0.000767728	0.000652991	
0.747	0.000768821	0.000653873	
0.748	0.000769912	0.000654754	
0.749	0.000771003	0.000655634	
0.75	0.000772094	0.000656514	
0.751	0.000773184	0.000657393	
0.752	0.000774271	0.000658269	
0.753	0.000775357	0.000659144	
0.754	0.000776442	0.000660019	
0.755	0.000777526	0.000660892	
0.756	0.000778609	0.000661764	
0.757	0.000779691	0.000662636	
0.758	0.000780773	0.000663507	
0.759	0.000781853	0.000664377	
0.76	0.000782933	0.000665246	
0.761	0.000784012	0.000666115	
0.762	0.000785091	0.000666983	
0.763	0.000786169	0.00066785	
0.764	0.000787247	0.000668717	
0.765	0.000788324	0.000669583	
0.766	0.0007894	0.000670449	
0.767	0.000790476	0.000671314	
0.768	0.000791551	0.000672178	
0.769	0.000792626	0.000673041	
0.77	0.000793699	0.000673904	
0.771	0.000794772	0.000674766	
0.772	0.000795844	0.000675628	
0.773	0.000796915	0.000676488	
0.774	0.000797985	0.000677348	
0.775	0.000799055	0.000678208	
0.776	0.000800124	0.000679067	
0.777	0.000801193	0.000679926	
0.778	0.000802261	0.000680783	
0.779	0.000803327	0.00068164	
0.78	0.000804394	0.000682497	
0.781	0.00080546	0.000683354	
0.782	0.000806525	0.00068421	
0.783	0.000807589	0.000685065	
0.784	0.000808653	0.000685919	
0.785	0.000809716	0.000686773	
0.786	0.000810778	0.000687627	
0.787	0.00081184	0.00068848	
0.788	0.000812901	0.000689332	
0.789	0.000813961	0.000690184	
0.79	0.000815019	0.000691035	
0.791	0.000816078	0.000691885	
0.792	0.000817136	0.000692735	
0.793	0.000818194	0.000693585	
0.794	0.000819251	0.000694435	
0.795	0.000820309	0.000695284	
0.796	0.000821365	0.000696132	
0.797	0.000822421	0.00069698	
0.798	0.000823476	0.000697828	
0.799	0.000824531	0.000698674	
0.8	0.000825584	0.00069952	
0.801	0.000826637	0.000700365	
0.802	0.000827689	0.00070121	
0.803	0.00082874	0.000702054	
0.804	0.000829791	0.000702898	
0.805	0.000830841	0.000703741	
0.806	0.000831891	0.000704585	
0.807	0.000832941	0.000705427	
0.808	0.00083399	0.00070627	
0.809	0.000835039	0.000707111	
0.81	0.000836087	0.000707953	
0.811	0.000837134	0.000708793	
0.812	0.000838181	0.000709633	
0.813	0.000839227	0.000710473	
0.814	0.000840273	0.000711311	
0.815	0.000841317	0.000712149	
0.816	0.000842361	0.000712987	
0.817	0.000843404	0.000713824	
0.818	0.000844445	0.000714659	
0.819	0.000845485	0.000715494	
0.82	0.000846526	0.000716329	
0.821	0.000847566	0.000717164	
0.822	0.000848606	0.000717998	
0.823	0.000849646	0.000718832	
0.824	0.000850685	0.000719665	
0.825	0.000851723	0.000720499	
0.826	0.000852762	0.000721332	
0.827	0.000853801	0.000722165	
0.828	0.000854839	0.000722997	
0.829	0.000855877	0.00072383	
0.83	0.000856914	0.000724661	
0.831	0.00085795	0.000725492	
0.832	0.000858984	0.000726321	
0.833	0.000860018	0.00072715	
0.834	0.00086105	0.000727979	
0.835	0.000862083	0.000728807	
0.836	0.000863115	0.000729635	
0.837	0.000864146	0.000730462	
0.838	0.000865178	0.00073129	
0.839	0.000866209	0.000732117	
0.84	0.00086724	0.000732944	
0.841	0.00086827	0.000733771	
0.842	0.0008693	0.000734597	
0.843	0.000870329	0.000735423	
0.844	0.000871358	0.000736249	
0.845	0.000872386	0.000737074	
0.846	0.000873413	0.000737899	
0.847	0.000874439	0.000738722	
0.848	0.000875464	0.000739545	
0.849	0.000876489	0.000740369	
0.85	0.000877514	0.000741192	
0.851	0.000878538	0.000742015	
0.852	0.000879561	0.000742837	
0.853	0.000880584	0.000743659	
0.854	0.000881607	0.00074448	
0.855	0.000882628	0.000745301	
0.856	0.000883649	0.000746122	
0.857	0.000884669	0.000746942	
0.858	0.000885688	0.000747761	
0.859	0.000886706	0.000748579	
0.86	0.000887721	0.000749396	
0.861	0.000888736	0.000750214	
0.862	0.000889752	0.000751032	
0.863	0.000890768	0.00075185	
0.864	0.000891782	0.000752667	
0.865	0.000892796	0.000753484	
0.866	0.000893808	0.000754299	
0.867	0.00089482	0.000755115	
0.868	0.000895831	0.000755929	
0.869	0.000896842	0.000756744	
0.87	0.000897852	0.000757558	
0.871	0.000898861	0.000758371	
0.872	0.000899869	0.000759184	
0.873	0.000900878	0.000759996	
0.874	0.000901886	0.000760809	
0.875	0.000902894	0.000761621	
0.876	0.000903902	0.000762434	
0.877	0.000904909	0.000763247	
0.878	0.000905917	0.00076406	
0.879	0.000906923	0.000764872	
0.88	0.00090793	0.000765684	
0.881	0.000908935	0.000766496	
0.882	0.000909941	0.000767307	
0.883	0.000910945	0.000768118	
0.884	0.000911948	0.000768928	
0.885	0.000912951	0.000769738	
0.886	0.000913953	0.000770548	
0.887	0.000914954	0.000771356	
0.888	0.000915955	0.000772165	
0.889	0.000916954	0.000772972	
0.89	0.000917953	0.000773779	
0.891	0.000918951	0.000774586	
0.892	0.000919949	0.000775393	
0.893	0.000920947	0.000776199	
0.894	0.000921943	0.000777005	
0.895	0.000922939	0.00077781	
0.896	0.000923933	0.000778614	
0.897	0.000924927	0.000779418	
0.898	0.00092592	0.000780221	
0.899	0.000926912	0.000781024	
0.9	0.000927905	0.000781827	
0.901	0.000928897	0.00078263	
0.902	0.000929888	0.000783432	
0.903	0.000930878	0.000784233	
0.904	0.000931867	0.000785033	
0.905	0.000932856	0.000785833	
0.906	0.000933844	0.000786632	
0.907	0.00093483	0.000787431	
0.908	0.000935817	0.00078823	
0.909	0.000936804	0.000789029	
0.91	0.000937791	0.000789828	
0.911	0.000938775	0.000790626	
0.912	0.000939762	0.000791425	
0.913	0.000940747	0.000792224	
0.914	0.000941731	0.000793022	
0.915	0.000942714	0.000793819	
0.916	0.000943697	0.000794615	
0.917	0.000944678	0.000795411	
0.918	0.00094566	0.000796206	
0.919	0.00094664	0.000797003	
0.92	0.000947621	0.000797799	
0.921	0.000948599	0.000798593	
0.922	0.000949576	0.000799388	
0.923	0.000950553	0.000800181	
0.924	0.000951528	0.000800974	
0.925	0.000952502	0.000801766	
0.926	0.000953475	0.000802557	
0.927	0.000954446	0.000803348	
0.928	0.000955417	0.000804138	
0.929	0.000956388	0.000804929	
0.93	0.00095736	0.00080572	
0.931	0.000958331	0.000806511	
0.932	0.000959304	0.000807303	
0.933	0.000960276	0.000808096	
0.934	0.000961247	0.000808887	
0.935	0.000962217	0.000809678	
0.936	0.000963187	0.000810469	
0.937	0.000964155	0.000811258	
0.938	0.000965123	0.000812048	
0.939	0.00096609	0.000812837	
0.94	0.000967057	0.000813625	
0.941	0.000968023	0.000814413	
0.942	0.000968988	0.0008152	
0.943	0.000969954	0.000815987	
0.944	0.000970918	0.000816774	
0.945	0.000971882	0.00081756	
0.946	0.000972845	0.000818345	
0.947	0.000973807	0.00081913	
0.948	0.00097477	0.000819915	
0.949	0.000975732	0.0008207	
0.95	0.000976693	0.000821483	
0.951	0.000977653	0.000822266	
0.952	0.000978612	0.000823048	
0.953	0.00097957	0.000823829	
0.954	0.000980526	0.000824608	
0.955	0.000981482	0.000825387	
0.956	0.000982438	0.000826166	
0.957	0.000983393	0.000826944	
0.958	0.000984348	0.000827722	
0.959	0.000985302	0.000828499	
0.96	0.000986256	0.000829276	
0.961	0.000987208	0.000830051	
0.962	0.000988161	0.000830827	
0.963	0.000989111	0.000831601	
0.964	0.000990062	0.000832375	
0.965	0.000991011	0.000833147	
0.966	0.000991959	0.00083392	
0.967	0.000992908	0.000834692	
0.968	0.000993855	0.000835463	
0.969	0.000994802	0.000836233	
0.97	0.000995747	0.000837002	
0.971	0.000996692	0.000837771	
0.972	0.000997636	0.000838539	
0.973	0.000998578	0.000839306	
0.974	0.000999519	0.000840071	
0.975	0.00100046	0.000840835	
0.976	0.00100139	0.000841598	
0.977	0.00100233	0.00084236	
0.978	0.00100326	0.00084312	
0.979	0.0010042	0.000843879	
0.98	0.00100513	0.000844637	
0.981	0.00100606	0.000845394	
0.982	0.00100698	0.00084615	
0.983	0.00100791	0.000846906	
0.984	0.00100884	0.000847661	
0.985	0.00100977	0.000848415	
0.986	0.00101069	0.000849169	
0.987	0.00101162	0.000849922	
0.988	0.00101254	0.000850673	
0.989	0.00101347	0.000851424	
0.99	0.00101439	0.000852173	
0.991	0.00101531	0.000852921	
0.992	0.00101623	0.000853669	
0.993	0.00101715	0.000854416	
0.994	0.00101807	0.000855162	
0.995	0.00101898	0.000855906	
0.996	0.0010199	0.000856649	
0.997	0.00102081	0.000857392	
0.998	0.00102172	0.000858133	
0.999	0.00102263	0.000858874	
1	0.00102354	0.000859615	
1.001	0.00102445	0.000860354	
1.002	0.00102536	0.000861093	
1.003	0.00102627	0.00086183	
1.004	0.00102718	0.000862568	
1.005	0.00102809	0.000863304	
1.006	0.001029	0.00086404	
1.007	0.0010299	0.000864775	
1.008	0.00103081	0.000865509	
1.009	0.00103171	0.000866242	
1.01	0.00103262	0.000866974	
1.011	0.00103352	0.000867705	
1.012	0.00103442	0.000868436	
1.013	0.00103532	0.000869166	
1.014	0.00103622	0.000869896	
1.015	0.00103712	0.000870626	
1.016	0.00103802	0.000871355	
1.017	0.00103892	0.000872083	
1.018	0.00103982	0.000872811	
1.019	0.00104072	0.000873539	
1.02	0.00104161	0.000874266	
1.021	0.00104251	0.000874991	
1.022	0.0010434	0.000875716	
1.023	0.0010443	0.000876441	
1.024	0.00104519	0.000877163	
1.025	0.00104609	0.000877886	
1.026	0.00104698	0.000878607	
1.027	0.00104787	0.000879327	
1.028	0.00104876	0.000880047	
1.029	0.00104965	0.000880766	
1.03	0.00105054	0.000881485	
1.031	0.00105143	0.000882202	
1.032	0.00105232	0.00088292	
1.033	0.00105321	0.000883637	
1.034	0.00105409	0.000884355	
1.035	0.00105498	0.000885071	
1.036	0.00105587	0.000885787	
1.037	0.00105676	0.000886502	
1.038	0.00105764	0.000887217	
1.039	0.00105853	0.00088793	
1.04	0.00105941	0.000888644	
1.041	0.0010603	0.000889357	
1.042	0.00106118	0.000890069	
1.043	0.00106206	0.00089078	
1.044	0.00106295	0.000891491	
1.045	0.00106383	0.000892201	
1.046	0.00106471	0.00089291	
1.047	0.00106559	0.000893618	
1.048	0.00106647	0.000894325	
1.049	0.00106735	0.000895032	
1.05	0.00106823	0.000895739	
1.051	0.00106911	0.000896445	
1.052	0.00106999	0.000897152	
1.053	0.00107087	0.000897859	
1.054	0.00107175	0.000898565	
1.055	0.00107263	0.000899271	
1.056	0.0010735	0.000899977	
1.057	0.00107438	0.000900682	
1.058	0.00107526	0.000901388	
1.059	0.00107614	0.000902094	
1.06	0.00107702	0.0009028	
1.061	0.00107789	0.000903505	
1.062	0.00107877	0.000904209	
1.063	0.00107965	0.000904912	
1.064	0.00108052	0.000905614	
1.065	0.00108139	0.000906315	
1.066	0.00108227	0.000907016	
1.067	0.00108314	0.000907716	
1.068	0.00108401	0.000908415	
1.069	0.00108489	0.000909113	
1.07	0.00108576	0.000909811	
1.071	0.00108662	0.000910507	
1.072	0.00108749	0.000911203	
1.073	0.00108836	0.000911898	
1.074	0.00108923	0.000912592	
1.075	0.0010901	0.000913285	
1.076	0.00109096	0.000913977	
1.077	0.00109183	0.000914669	
1.078	0.0010927	0.000915361	
1.079	0.00109356	0.000916053	
1.08	0.00109443	0.000916743	
1.081	0.00109529	0.000917432	
1.082	0.00109615	0.000918121	
1.083	0.00109701	0.000918809	
1.084	0.00109787	0.000919496	
1.085	0.00109874	0.000920182	
1.086	0.00109959	0.000920867	
1.087	0.00110045	0.000921551	
1.088	0.00110131	0.000922235	
1.089	0.00110217	0.000922917	
1.09	0.00110302	0.000923598	
1.091	0.00110388	0.000924278	
1.092	0.00110473	0.000924957	
1.093	0.00110558	0.000925635	
1.094	0.00110644	0.000926312	
1.095	0.00110729	0.000926987	
1.096	0.00110814	0.000927662	
1.097	0.00110898	0.000928336	
1.098	0.00110983	0.000929009	
1.099	0.00111068	0.000929681	
1.1	0.00111153	0.000930353	
1.101	0.00111237	0.000931024	
1.102	0.00111322	0.000931694	
1.103	0.00111407	0.000932363	
1.104	0.00111491	0.000933032	
1.105	0.00111576	0.0009337	
1.106	0.0011166	0.000934368	
1.107	0.00111745	0.000935034	
1.108	0.00111829	0.0009357	
1.109	0.00111913	0.000936365	
1.11	0.00111997	0.000937029	
1.111	0.00112082	0.000937692	
1.112	0.00112166	0.000938354	
1.113	0.0011225	0.000939015	
1.114	0.00112334	0.000939674	
1.115	0.00112417	0.000940333	
1.116	0.00112501	0.00094099	
1.117	0.00112584	0.000941646	
1.118	0.00112668	0.000942301	
1.119	0.00112751	0.000942955	
1.12	0.00112834	0.000943608	
1.121	0.00112918	0.000944259	
1.122	0.00113001	0.00094491	
1.123	0.00113083	0.000945559	
1.124	0.00113166	0.000946208	
1.125	0.00113249	0.000946855	
1.126	0.00113332	0.000947502	
1.127	0.00113414	0.000948147	
1.128	0.00113497	0.000948792	
1.129	0.0011358	0.000949436	
1.13	0.00113662	0.000950078	
1.131	0.00113744	0.00095072	
1.132	0.00113826	0.00095136	
1.133	0.00113909	0.000951999	
1.134	0.00113991	0.000952637	
1.135	0.00114073	0.000953274	
1.136	0.00114154	0.00095391	
1.137	0.00114236	0.000954545	
1.138	0.00114318	0.000955179	
1.139	0.001144	0.000955813	
1.14	0.00114481	0.000956445	
1.141	0.00114563	0.000957075	
1.142	0.00114644	0.000957705	
1.143	0.00114725	0.000958334	
1.144	0.00114806	0.000958961	
1.145	0.00114888	0.000959588	
1.146	0.00114969	0.000960214	
1.147	0.0011505	0.000960839	
1.148	0.00115131	0.000961464	
1.149	0.00115212	0.000962087	
1.15	0.00115292	0.000962709	
1.151	0.00115373	0.000963331	
1.152	0.00115454	0.000963951	
1.153	0.00115534	0.00096457	
1.154	0.00115615	0.000965189	
1.155	0.00115695	0.000965807	
1.156	0.00115776	0.000966424	
1.157	0.00115856	0.00096704	
1.158	0.00115936	0.000967656	
1.159	0.00116017	0.00096827	
1.16	0.00116097	0.000968884	
1.161	0.00116177	0.000969499	
1.162	0.00116257	0.000970112	
1.163	0.00116338	0.000970724	
1.164	0.00116418	0.000971336	
1.165	0.00116498	0.000971946	
1.166	0.00116578	0.000972556	
1.167	0.00116657	0.000973164	
1.168	0.00116737	0.000973771	
1.169	0.00116817	0.000974378	
1.17	0.00116896	0.000974983	
1.171	0.00116976	0.000975589	
1.172	0.00117056	0.000976193	
1.173	0.00117135	0.000976797	
1.174	0.00117215	0.000977399	
1.175	0.00117294	0.000978001	
1.176	0.00117373	0.000978602	
1.177	0.00117452	0.000979202	
1.178	0.00117532	0.000979801	
1.179	0.00117611	0.000980398	
1.18	0.00117689	0.000980994	
1.181	0.00117768	0.00098159	
1.182	0.00117847	0.000982184	
1.183	0.00117926	0.000982778	
1.184	0.00118004	0.000983371	
1.185	0.00118083	0.000983965	
1.186	0.00118162	0.000984557	
1.187	0.0011824	0.000985148	
1.188	0.00118319	0.000985739	
1.189	0.00118397	0.000986329	
1.19	0.00118476	0.000986918	
1.191	0.00118554	0.000987507	
1.192	0.00118633	0.000988095	
1.193	0.00118711	0.000988682	
1.194	0.00118789	0.000989267	
1.195	0.00118867	0.000989851	
1.196	0.00118945	0.000990434	
1.197	0.00119023	0.000991017	
1.198	0.00119101	0.000991598	
1.199	0.00119179	0.000992179	
1.2	0.00119256	0.000992758	
1.201	0.00119334	0.000993337	
1.202	0.00119412	0.000993914	
1.203	0.00119489	0.00099449	
1.204	0.00119566	0.000995065	
1.205	0.00119643	0.000995639	
1.206	0.00119721	0.000996215	
1.207	0.00119798	0.00099679	
1.208	0.00119876	0.000997364	
1.209	0.00119953	0.000997938	
1.21	0.0012003	0.00099851	
1.211	0.00120107	0.000999082	
1.212	0.00120184	0.000999653	
1.213	0.00120261	0.00100022	
1.214	0.00120338	0.00100079	
1.215	0.00120415	0.00100136	
1.216	0.00120492	0.00100193	
1.217	0.00120568	0.00100249	
1.218	0.00120645	0.00100306	
1.219	0.00120721	0.00100362	
1.22	0.00120798	0.00100419	
1.221	0.00120874	0.00100475	
1.222	0.00120951	0.00100531	
1.223	0.00121027	0.00100587	
1.224	0.00121103	0.00100643	
1.225	0.0012118	0.00100699	
1.226	0.00121256	0.00100755	
1.227	0.00121332	0.00100811	
1.228	0.00121408	0.00100867	
1.229	0.00121484	0.00100922	
1.23	0.0012156	0.00100978	
1.231	0.00121635	0.00101033	
1.232	0.00121711	0.00101089	
1.233	0.00121787	0.00101144	
1.234	0.00121862	0.00101199	
1.235	0.00121938	0.00101254	
1.236	0.00122013	0.00101309	
1.237	0.00122088	0.00101364	
1.238	0.00122164	0.00101419	
1.239	0.00122239	0.00101474	
1.24	0.00122314	0.00101529	
1.241	0.0012239	0.00101584	
1.242	0.00122465	0.00101638	
1.243	0.0012254	0.00101693	
1.244	0.00122615	0.00101747	
1.245	0.0012269	0.00101802	
1.246	0.00122765	0.00101856	
1.247	0.0012284	0.00101911	
1.248	0.00122915	0.00101965	
1.249	0.0012299	0.00102019	
1.25	0.00123065	0.00102073	
1.251	0.0012314	0.00102127	
1.252	0.00123215	0.00102181	
1.253	0.0012329	0.00102235	
1.254	0.00123364	0.00102289	
1.255	0.00123439	0.00102343	
1.256	0.00123513	0.00102397	
1.257	0.00123588	0.0010245	
1.258	0.00123662	0.00102504	
1.259	0.00123736	0.00102557	
1.26	0.0012381	0.00102611	
1.261	0.00123885	0.00102664	
1.262	0.00123958	0.00102717	
1.263	0.00124032	0.0010277	
1.264	0.00124106	0.00102823	
1.265	0.00124179	0.00102876	
1.266	0.00124253	0.00102929	
1.267	0.00124326	0.00102981	
1.268	0.00124399	0.00103034	
1.269	0.00124473	0.00103086	
1.27	0.00124546	0.00103139	
1.271	0.00124619	0.00103191	
1.272	0.00124692	0.00103243	
1.273	0.00124765	0.00103295	
1.274	0.00124837	0.00103347	
1.275	0.0012491	0.00103399	
1.276	0.00124982	0.00103451	
1.277	0.00125055	0.00103503	
1.278	0.00125127	0.00103555	
1.279	0.00125199	0.00103606	
1.28	0.00125271	0.00103658	
1.281	0.00125344	0.00103709	
1.282	0.00125416	0.00103761	
1.283	0.00125488	0.00103812	
1.284	0.0012556	0.00103863	
1.285	0.00125631	0.00103914	
1.286	0.00125703	0.00103965	
1.287	0.00125775	0.00104017	
1.288	0.00125847	0.00104068	
1.289	0.00125918	0.00104118	
1.29	0.00125989	0.00104169	
1.291	0.00126061	0.0010422	
1.292	0.00126132	0.00104271	
1.293	0.00126204	0.00104322	
1.294	0.00126275	0.00104372	
1.295	0.00126346	0.00104423	
1.296	0.00126418	0.00104474	
1.297	0.00126489	0.00104524	
1.298	0.0012656	0.00104575	
1.299	0.00126631	0.00104625	
1.3	0.00126702	0.00104675	
1.301	0.00126773	0.00104726	
1.302	0.00126844	0.00104776	
1.303	0.00126915	0.00104826	
1.304	0.00126986	0.00104876	
1.305	0.00127057	0.00104926	
1.306	0.00127127	0.00104976	
1.307	0.00127198	0.00105026	
1.308	0.00127268	0.00105076	
1.309	0.00127339	0.00105125	
1.31	0.00127409	0.00105175	
1.311	0.00127479	0.00105224	
1.312	0.00127549	0.00105273	
1.313	0.00127619	0.00105322	
1.314	0.00127689	0.00105372	
1.315	0.00127759	0.00105421	
1.316	0.00127829	0.0010547	
1.317	0.00127899	0.00105519	
1.318	0.00127968	0.00105567	
1.319	0.00128038	0.00105616	
1.32	0.00128107	0.00105665	
1.321	0.00128177	0.00105713	
1.322	0.00128246	0.00105762	
1.323	0.00128316	0.0010581	
1.324	0.00128385	0.00105859	
1.325	0.00128454	0.00105907	
1.326	0.00128523	0.00105955	
1.327	0.00128592	0.00106003	
1.328	0.00128661	0.00106051	
1.329	0.0012873	0.00106099	
1.33	0.00128799	0.00106147	
1.331	0.00128867	0.00106195	
1.332	0.00128936	0.00106242	
1.333	0.00129005	0.0010629	
1.334	0.00129073	0.00106337	
1.335	0.00129141	0.00106385	
1.336	0.0012921	0.00106432	
1.337	0.00129278	0.00106479	
1.338	0.00129346	0.00106526	
1.339	0.00129414	0.00106573	
1.34	0.00129482	0.0010662	
1.341	0.0012955	0.00106667	
1.342	0.00129618	0.00106714	
1.343	0.00129686	0.00106761	
1.344	0.00129753	0.00106808	
1.345	0.00129821	0.00106854	
1.346	0.00129889	0.00106901	
1.347	0.00129956	0.00106947	
1.348	0.00130024	0.00106994	
1.349	0.00130091	0.0010704	
1.35	0.00130159	0.00107087	
1.351	0.00130226	0.00107133	
1.352	0.00130294	0.0010718	
1.353	0.00130361	0.00107226	
1.354	0.00130428	0.00107272	
1.355	0.00130495	0.00107318	
1.356	0.00130563	0.00107364	
1.357	0.0013063	0.00107411	
1.358	0.00130697	0.00107457	
1.359	0.00130764	0.00107503	
1.36	0.00130831	0.00107549	
1.361	0.00130898	0.00107595	
1.362	0.00130964	0.00107641	
1.363	0.00131031	0.00107686	
1.364	0.00131098	0.00107732	
1.365	0.00131164	0.00107778	
1.366	0.00131231	0.00107823	
1.367	0.00131298	0.00107869	
1.368	0.00131364	0.00107914	
1.369	0.0013143	0.0010796	
1.37	0.00131497	0.00108005	
1.371	0.00131563	0.0010805	
1.372	0.00131629	0.00108096	
1.373	0.00131696	0.00108141	
1.374	0.00131762	0.00108186	
1.375	0.00131828	0.00108232	
1.376	0.00131894	0.00108277	
1.377	0.0013196	0.00108322	
1.378	0.00132026	0.00108367	
1.379	0.00132092	0.00108412	
1.38	0.00132158	0.00108457	
1.381	0.00132223	0.00108502	
1.382	0.00132289	0.00108547	
1.383	0.00132355	0.00108592	
1.384	0.0013242	0.00108637	
1.385	0.00132486	0.00108682	
1.386	0.00132552	0.00108727	
1.387	0.00132617	0.00108771	
1.388	0.00132683	0.00108816	
1.389	0.00132748	0.00108861	
1.39	0.00132813	0.00108905	
1.391	0.00132878	0.0010895	
1.392	0.00132943	0.00108994	
1.393	0.00133008	0.00109039	
1.394	0.00133073	0.00109083	
1.395	0.00133138	0.00109128	
1.396	0.00133203	0.00109172	
1.397	0.00133268	0.00109216	
1.398	0.00133332	0.0010926	
1.399	0.00133397	0.00109305	
1.4	0.00133462	0.00109349	
1.401	0.00133526	0.00109393	
1.402	0.0013359	0.00109437	
1.403	0.00133655	0.00109481	
1.404	0.00133719	0.00109526	
1.405	0.00133784	0.0010957	
1.406	0.00133848	0.00109614	
1.407	0.00133912	0.00109658	
1.408	0.00133976	0.00109702	
1.409	0.00134041	0.00109746	
1.41	0.00134105	0.0010979	
1.411	0.00134169	0.00109834	
1.412	0.00134233	0.00109878	
1.413	0.00134296	0.00109922	
1.414	0.0013436	0.00109965	
1.415	0.00134424	0.00110009	
1.416	0.00134487	0.00110053	
1.417	0.00134551	0.00110096	
1.418	0.00134614	0.0011014	
1.419	0.00134678	0.00110184	
1.42	0.00134741	0.00110227	
1.421	0.00134804	0.00110271	
1.422	0.00134867	0.00110314	
1.423	0.00134931	0.00110358	
1.424	0.00134994	0.00110401	
1.425	0.00135057	0.00110445	
1.426	0.0013512	0.00110489	
1.427	0.00135184	0.00110532	
1.428	0.00135247	0.00110576	
1.429	0.0013531	0.00110619	
1.43	0.00135372	0.00110663	
1.431	0.00135435	0.00110706	
1.432	0.00135498	0.00110749	
1.433	0.00135561	0.00110793	
1.434	0.00135624	0.00110836	
1.435	0.00135687	0.0011088	
1.436	0.00135749	0.00110923	
1.437	0.00135812	0.00110966	
1.438	0.00135874	0.00111009	
1.439	0.00135937	0.00111052	
1.44	0.00135999	0.00111095	
1.441	0.00136061	0.00111138	
1.442	0.00136123	0.00111181	
1.443	0.00136185	0.00111224	
1.444	0.00136247	0.00111267	
1.445	0.00136309	0.00111309	
1.446	0.00136371	0.00111352	
1.447	0.00136433	0.00111395	
1.448	0.00136494	0.00111437	
1.449	0.00136556	0.0011148	
1.45	0.00136617	0.00111522	
1.451	0.00136679	0.00111565	
1.452	0.0013674	0.00111607	
1.453	0.00136802	0.0011165	
1.454	0.00136863	0.00111692	
1.455	0.00136924	0.00111734	
1.456	0.00136985	0.00111776	
1.457	0.00137046	0.00111819	
1.458	0.00137107	0.00111861	
1.459	0.00137168	0.00111903	
1.46	0.00137229	0.00111945	
1.461	0.00137289	0.00111987	
1.462	0.0013735	0.00112028	
1.463	0.00137411	0.0011207	
1.464	0.00137471	0.00112112	
1.465	0.00137531	0.00112154	
1.466	0.00137592	0.00112195	
1.467	0.00137652	0.00112236	
1.468	0.00137712	0.00112278	
1.469	0.00137772	0.00112319	
1.47	0.00137832	0.00112361	
1.471	0.00137892	0.00112402	
1.472	0.00137952	0.00112443	
1.473	0.00138012	0.00112484	
1.474	0.00138071	0.00112525	
1.475	0.00138131	0.00112566	
1.476	0.00138191	0.00112607	
1.477	0.0013825	0.00112647	
1.478	0.00138309	0.00112688	
1.479	0.00138368	0.00112728	
1.48	0.00138427	0.00112769	
1.481	0.00138486	0.00112809	
1.482	0.00138545	0.00112849	
1.483	0.00138604	0.0011289	
1.484	0.00138663	0.0011293	
1.485	0.00138721	0.0011297	
1.486	0.0013878	0.00113009	
1.487	0.00138838	0.00113049	
1.488	0.00138897	0.00113089	
1.489	0.00138955	0.00113129	
1.49	0.00139013	0.00113168	
1.491	0.00139071	0.00113208	
1.492	0.0013913	0.00113248	
1.493	0.00139188	0.00113287	
1.494	0.00139245	0.00113327	
1.495	0.00139303	0.00113366	
1.496	0.00139361	0.00113405	
1.497	0.00139418	0.00113444	
1.498	0.00139476	0.00113483	
1.499	0.00139533	0.00113522	
1.5	0.0013959	0.00113561	
1.501	0.00139648	0.001136	
1.502	0.00139705	0.00113638	
1.503	0.00139762	0.00113677	
1.504	0.00139819	0.00113716	
1.505	0.00139876	0.00113754	
1.506	0.00139933	0.00113793	
1.507	0.0013999	0.00113832	
1.508	0.00140047	0.0011387	
1.509	0.00140103	0.00113909	
1.51	0.0014016	0.00113947	
1.511	0.00140217	0.00113986	
1.512	0.00140273	0.00114024	
1.513	0.00140329	0.00114062	
1.514	0.00140386	0.001141	
1.515	0.00140442	0.00114138	
1.516	0.00140498	0.00114176	
1.517	0.00140554	0.00114214	
1.518	0.0014061	0.00114252	
1.519	0.00140666	0.00114289	
1.52	0.00140721	0.00114327	
1.521	0.00140777	0.00114365	
1.522	0.00140833	0.00114403	
1.523	0.00140888	0.0011444	
1.524	0.00140944	0.00114478	
1.525	0.00141	0.00114515	
1.526	0.00141055	0.00114553	
1.527	0.0014111	0.0011459	
1.528	0.00141166	0.00114628	
1.529	0.00141221	0.00114665	
1.53	0.00141276	0.00114702	
1.531	0.00141331	0.00114739	
1.532	0.00141386	0.00114777	
1.533	0.0014144	0.00114814	
1.534	0.00141495	0.00114851	
1.535	0.0014155	0.00114888	
1.536	0.00141605	0.00114925	
1.537	0.00141659	0.00114962	
1.538	0.00141714	0.00114999	
1.539	0.00141768	0.00115036	
1.54	0.00141823	0.00115073	
1.541	0.00141877	0.0011511	
1.542	0.00141931	0.00115146	
1.543	0.00141986	0.00115183	
1.544	0.0014204	0.0011522	
1.545	0.00142094	0.00115257	
1.546	0.00142148	0.00115293	
1.547	0.00142202	0.0011533	
1.548	0.00142255	0.00115366	
1.549	0.00142309	0.00115403	
1.55	0.00142363	0.00115439	
1.551	0.00142416	0.00115475	
1.552	0.0014247	0.00115512	
1.553	0.00142524	0.00115548	
1.554	0.00142577	0.00115584	
1.555	0.00142631	0.00115621	
1.556	0.00142684	0.00115657	
1.557	0.00142737	0.00115693	
1.558	0.0014279	0.00115729	
1.559	0.00142843	0.00115765	
1.56	0.00142896	0.00115801	
1.561	0.00142949	0.00115836	
1.562	0.00143002	0.00115872	
1.563	0.00143055	0.00115908	
1.564	0.00143108	0.00115943	
1.565	0.00143161	0.00115979	
1.566	0.00143213	0.00116014	
1.567	0.00143266	0.0011605	
1.568	0.00143319	0.00116085	
1.569	0.00143371	0.0011612	
1.57	0.00143424	0.00116155	
1.571	0.00143476	0.0011619	
1.572	0.00143528	0.00116225	
1.573	0.0014358	0.0011626	
1.574	0.00143632	0.00116295	
1.575	0.00143684	0.0011633	
1.576	0.00143736	0.00116364	
1.577	0.00143788	0.00116399	
1.578	0.00143839	0.00116434	
1.579	0.00143891	0.00116468	
1.58	0.00143942	0.00116503	
1.581	0.00143994	0.00116537	
1.582	0.00144045	0.00116572	
1.583	0.00144096	0.00116606	
1.584	0.00144147	0.0011664	
1.585	0.00144199	0.00116675	
1.586	0.00144249	0.00116709	
1.587	0.001443	0.00116743	
1.588	0.00144351	0.00116777	
1.589	0.00144401	0.00116811	
1.59	0.00144452	0.00116844	
1.591	0.00144502	0.00116878	
1.592	0.00144553	0.00116912	
1.593	0.00144603	0.00116946	
1.594	0.00144653	0.0011698	
1.595	0.00144703	0.00117014	
1.596	0.00144753	0.00117047	
1.597	0.00144803	0.00117081	
1.598	0.00144853	0.00117115	
1.599	0.00144903	0.00117149	
1.6	0.00144952	0.00117182	
1.601	0.00145002	0.00117216	
1.602	0.00145051	0.00117249	
1.603	0.00145101	0.00117283	
1.604	0.0014515	0.00117316	
1.605	0.00145199	0.00117349	
1.606	0.00145248	0.00117383	
1.607	0.00145297	0.00117416	
1.608	0.00145346	0.0011745	
1.609	0.00145395	0.00117483	
1.61	0.00145444	0.00117517	
1.611	0.00145492	0.0011755	
1.612	0.00145541	0.00117584	
1.613	0.0014559	0.00117617	
1.614	0.00145638	0.0011765	
1.615	0.00145687	0.00117684	
1.616	0.00145735	0.00117717	
1.617	0.00145783	0.0011775	
1.618	0.00145831	0.00117784	
1.619	0.0014588	0.00117817	
1.62	0.00145928	0.0011785	
1.621	0.00145975	0.00117883	
1.622	0.00146023	0.00117917	
1.623	0.00146071	0.0011795	
1.624	0.00146119	0.00117983	
1.625	0.00146167	0.00118016	
1.626	0.00146215	0.0011805	
1.627	0.00146262	0.00118083	
1.628	0.0014631	0.00118116	
1.629	0.00146358	0.0011815	
1.63	0.00146405	0.00118183	
1.631	0.00146453	0.00118217	
1.632	0.001465	0.0011825	
1.633	0.00146548	0.00118283	
1.634	0.00146595	0.00118317	
1.635	0.00146642	0.0011835	
1.636	0.00146689	0.00118383	
1.637	0.00146736	0.00118417	
1.638	0.00146783	0.0011845	
1.639	0.0014683	0.00118483	
1.64	0.00146877	0.00118516	
1.641	0.00146924	0.00118549	
1.642	0.0014697	0.00118582	
1.643	0.00147017	0.00118615	
1.644	0.00147063	0.00118648	
1.645	0.00147109	0.00118681	
1.646	0.00147156	0.00118714	
1.647	0.00147202	0.00118747	
1.648	0.00147248	0.0011878	
1.649	0.00147294	0.00118812	
1.65	0.0014734	0.00118845	
1.651	0.00147386	0.00118878	
1.652	0.00147432	0.00118911	
1.653	0.00147477	0.00118943	
1.654	0.00147523	0.00118976	
1.655	0.00147569	0.00119009	
1.656	0.00147615	0.00119042	
1.657	0.0014766	0.00119075	
1.658	0.00147706	0.00119108	
1.659	0.00147752	0.0011914	
1.66	0.00147797	0.00119173	
1.661	0.00147842	0.00119206	
1.662	0.00147888	0.00119239	
1.663	0.00147933	0.00119271	
1.664	0.00147978	0.00119304	
1.665	0.00148023	0.00119337	
1.666	0.00148069	0.0011937	
1.667	0.00148114	0.00119403	
1.668	0.00148159	0.00119435	
1.669	0.00148204	0.00119468	
1.67	0.00148249	0.00119501	
1.671	0.00148294	0.00119534	
1.672	0.00148339	0.00119567	
1.673	0.00148384	0.00119599	
1.674	0.00148428	0.00119632	
1.675	0.00148473	0.00119665	
1.676	0.00148518	0.00119698	
1.677	0.00148562	0.0011973	
1.678	0.00148607	0.00119763	
1.679	0.00148651	0.00119796	
1.68	0.00148695	0.00119829	
1.681	0.0014874	0.00119861	
1.682	0.00148784	0.00119894	
1.683	0.00148828	0.00119927	
1.684	0.00148872	0.00119959	
1.685	0.00148916	0.00119992	
1.686	0.0014896	0.00120024	
1.687	0.00149004	0.00120057	
1.688	0.00149048	0.0012009	
1.689	0.00149092	0.00120122	
1.69	0.00149136	0.00120155	
1.691	0.00149179	0.00120187	
1.692	0.00149223	0.0012022	
1.693	0.00149267	0.00120252	
1.694	0.0014931	0.00120285	
1.695	0.00149354	0.00120317	
1.696	0.00149397	0.0012035	
1.697	0.00149441	0.00120382	
1.698	0.00149484	0.00120414	
1.699	0.00149527	0.00120447	
1.7	0.00149571	0.00120479	
1.701	0.00149614	0.00120512	
1.702	0.00149657	0.00120544	
1.703	0.001497	0.00120576	
1.704	0.00149743	0.00120609	
1.705	0.00149786	0.00120641	
1.706	0.00149829	0.00120673	
1.707	0.00149872	0.00120706	
1.708	0.00149915	0.00120738	
1.709	0.00149958	0.0012077	
1.71	0.0015	0.00120803	
1.711	0.00150043	0.00120835	
1.712	0.00150086	0.00120867	
1.713	0.00150128	0.00120899	
1.714	0.00150171	0.00120932	
1.715	0.00150213	0.00120964	
1.716	0.00150256	0.00120996	
1.717	0.00150298	0.00121029	
1.718	0.0015034	0.00121061	
1.719	0.00150383	0.00121093	
1.72	0.00150425	0.00121126	
1.721	0.00150467	0.00121158	
1.722	0.00150509	0.0012119	
1.723	0.00150551	0.00121222	
1.724	0.00150593	0.00121255	
1.725	0.00150635	0.00121287	
1.726	0.00150677	0.00121319	
1.727	0.00150718	0.00121351	
1.728	0.0015076	0.00121384	
1.729	0.00150802	0.00121416	
1.73	0.00150843	0.00121448	
1.731	0.00150885	0.0012148	
1.732	0.00150926	0.00121512	
1.733	0.00150968	0.00121544	
1.734	0.00151009	0.00121577	
1.735	0.0015105	0.00121609	
1.736	0.00151091	0.00121641	
1.737	0.00151133	0.00121673	
1.738	0.00151174	0.00121705	
1.739	0.00151215	0.00121737	
1.74	0.00151256	0.00121769	
1.741	0.00151297	0.00121802	
1.742	0.00151338	0.00121834	
1.743	0.00151379	0.00121866	
1.744	0.00151419	0.00121898	
1.745	0.0015146	0.0012193	
1.746	0.00151501	0.00121962	
1.747	0.00151541	0.00121994	
1.748	0.00151582	0.00122026	
1.749	0.00151623	0.00122058	
1.75	0.00151663	0.0012209	
1.751	0.00151704	0.00122122	
1.752	0.00151744	0.00122154	
1.753	0.00151784	0.00122186	
1.754	0.00151825	0.00122218	
1.755	0.00151865	0.0012225	
1.756	0.00151905	0.00122282	
1.757	0.00151946	0.00122315	
1.758	0.00151986	0.00122347	
1.759	0.00152026	0.00122379	
1.76	0.00152066	0.00122411	
1.761	0.00152106	0.00122443	
1.762	0.00152146	0.00122475	
1.763	0.00152186	0.00122507	
1.764	0.00152226	0.00122539	
1.765	0.00152266	0.00122571	
1.766	0.00152306	0.00122603	
1.767	0.00152346	0.00122635	
1.768	0.00152385	0.00122667	
1.769	0.00152425	0.00122699	
1.77	0.00152465	0.00122731	
1.771	0.00152504	0.00122763	
1.772	0.00152544	0.00122795	
1.773	0.00152583	0.00122827	
1.774	0.00152622	0.00122859	
1.775	0.00152661	0.00122891	
1.776	0.001527	0.00122922	
1.777	0.00152739	0.00122954	
1.778	0.00152778	0.00122986	
1.779	0.00152818	0.00123018	
1.78	0.00152857	0.0012305	
1.781	0.00152896	0.00123082	
1.782	0.00152935	0.00123113	
1.783	0.00152974	0.00123145	
1.784	0.00153012	0.00123177	
1.785	0.00153051	0.00123209	
1.786	0.0015309	0.00123241	
1.787	0.00153129	0.00123273	
1.788	0.00153168	0.00123305	
1.789	0.00153207	0.00123336	
1.79	0.00153246	0.00123368	
1.791	0.00153284	0.001234	
1.792	0.00153323	0.00123432	
1.793	0.00153362	0.00123464	
1.794	0.00153401	0.00123496	
1.795	0.00153439	0.00123528	
1.796	0.00153478	0.0012356	
1.797	0.00153517	0.00123592	
1.798	0.00153555	0.00123624	
1.799	0.00153594	0.00123656	
1.8	0.00153632	0.00123688	
1.801	0.0015367	0.0012372	
1.802	0.00153709	0.00123751	
1.803	0.00153747	0.00123783	
1.804	0.00153785	0.00123815	
1.805	0.00153823	0.00123847	
1.806	0.00153861	0.00123878	
1.807	0.00153899	0.0012391	
1.808	0.00153937	0.00123942	
1.809	0.00153975	0.00123974	
1.81	0.00154013	0.00124005	
1.811	0.00154051	0.00124037	
1.812	0.00154089	0.00124069	
1.813	0.00154127	0.00124101	
1.814	0.00154165	0.00124132	
1.815	0.00154203	0.00124164	
1.816	0.0015424	0.00124196	
1.817	0.00154278	0.00124227	
1.818	0.00154315	0.00124259	
1.819	0.00154353	0.0012429	
1.82	0.0015439	0.00124322	
1.821	0.00154428	0.00124353	
1.822	0.00154465	0.00124385	
1.823	0.00154502	0.00124416	
1.824	0.00154539	0.00124448	
1.825	0.00154577	0.00124479	
1.826	0.00154614	0.00124511	
1.827	0.00154651	0.00124542	
1.828	0.00154688	0.00124573	
1.829	0.00154724	0.00124604	
1.83	0.00154761	0.00124636	
1.831	0.00154798	0.00124667	
1.832	0.00154835	0.00124698	
1.833	0.00154871	0.00124729	
1.834	0.00154908	0.00124761	
1.835	0.00154945	0.00124792	
1.836	0.00154981	0.00124823	
1.837	0.00155018	0.00124854	
1.838	0.00155054	0.00124885	
1.839	0.00155091	0.00124917	
1.84	0.00155127	0.00124948	
1.841	0.00155163	0.00124979	
1.842	0.001552	0.0012501	
1.843	0.00155236	0.00125041	
1.844	0.00155272	0.00125072	
1.845	0.00155308	0.00125103	
1.846	0.00155344	0.00125133	
1.847	0.0015538	0.00125164	
1.848	0.00155416	0.00125195	
1.849	0.00155452	0.00125226	
1.85	0.00155488	0.00125257	
1.851	0.00155523	0.00125288	
1.852	0.00155559	0.00125318	
1.853	0.00155595	0.00125349	
1.854	0.00155631	0.0012538	
1.855	0.00155667	0.00125411	
1.856	0.00155702	0.00125441	
1.857	0.00155738	0.00125472	
1.858	0.00155774	0.00125503	
1.859	0.00155809	0.00125533	
1.86	0.00155845	0.00125564	
1.861	0.0015588	0.00125594	
1.862	0.00155915	0.00125625	
1.863	0.00155951	0.00125656	
1.864	0.00155986	0.00125686	
1.865	0.00156022	0.00125717	
1.866	0.00156057	0.00125747	
1.867	0.00156092	0.00125778	
1.868	0.00156127	0.00125808	
1.869	0.00156162	0.00125839	
1.87	0.00156197	0.00125869	
1.871	0.00156233	0.001259	
1.872	0.00156268	0.0012593	
1.873	0.00156303	0.00125961	
1.874	0.00156338	0.00125991	
1.875	0.00156373	0.00126022	
1.876	0.00156408	0.00126053	
1.877	0.00156443	0.00126083	
1.878	0.00156478	0.00126114	
1.879	0.00156513	0.00126144	
1.88	0.00156548	0.00126174	
1.881	0.00156582	0.00126205	
1.882	0.00156617	0.00126235	
1.883	0.00156652	0.00126266	
1.884	0.00156687	0.00126296	
1.885	0.00156721	0.00126326	
1.886	0.00156756	0.00126357	
1.887	0.00156791	0.00126387	
1.888	0.00156825	0.00126418	
1.889	0.0015686	0.00126448	
1.89	0.00156894	0.00126478	
1.891	0.00156929	0.00126508	
1.892	0.00156963	0.00126539	
1.893	0.00156998	0.00126569	
1.894	0.00157032	0.00126599	
1.895	0.00157066	0.00126629	
1.896	0.00157101	0.00126659	
1.897	0.00157135	0.00126689	
1.898	0.00157169	0.00126719	
1.899	0.00157203	0.00126749	
1.9	0.00157237	0.00126779	
1.901	0.00157271	0.00126808	
1.902	0.00157305	0.00126838	
1.903	0.00157339	0.00126868	
1.904	0.00157373	0.00126898	
1.905	0.00157407	0.00126927	
1.906	0.00157441	0.00126957	
1.907	0.00157475	0.00126986	
1.908	0.00157509	0.00127016	
1.909	0.00157543	0.00127045	
1.91	0.00157576	0.00127075	
1.911	0.0015761	0.00127104	
1.912	0.00157644	0.00127133	
1.913	0.00157677	0.00127162	
1.914	0.00157711	0.00127192	
1.915	0.00157744	0.00127221	
1.916	0.00157778	0.0012725	
1.917	0.00157811	0.00127279	
1.918	0.00157845	0.00127308	
1.919	0.00157878	0.00127337	
1.92	0.00157911	0.00127366	
1.921	0.00157945	0.00127395	
1.922	0.00157978	0.00127424	
1.923	0.00158011	0.00127453	
1.924	0.00158045	0.00127481	
1.925	0.00158078	0.0012751	
1.926	0.00158111	0.00127539	
1.927	0.00158144	0.00127567	
1.928	0.00158177	0.00127596	
1.929	0.0015821	0.00127624	
1.93	0.00158243	0.00127653	
1.931	0.00158276	0.00127681	
1.932	0.00158309	0.00127709	
1.933	0.00158342	0.00127738	
1.934	0.00158374	0.00127766	
1.935	0.00158407	0.00127794	
1.936	0.0015844	0.00127822	
1.937	0.00158473	0.0012785	
1.938	0.00158506	0.00127878	
1.939	0.00158538	0.00127906	
1.94	0.00158571	0.00127934	
1.941	0.00158604	0.00127962	
1.942	0.00158637	0.0012799	
1.943	0.00158669	0.00128018	
1.944	0.00158702	0.00128045	
1.945	0.00158734	0.00128073	
1.946	0.00158767	0.001281	
1.947	0.00158799	0.00128128	
1.948	0.00158832	0.00128155	
1.949	0.00158864	0.00128182	
1.95	0.00158897	0.0012821	
1.951	0.00158929	0.00128237	
1.952	0.00158961	0.00128265	
1.953	0.00158994	0.00128292	
1.954	0.00159026	0.00128319	
1.955	0.00159058	0.00128346	
1.956	0.00159091	0.00128373	
1.957	0.00159123	0.00128401	
1.958	0.00159155	0.00128428	
1.959	0.00159188	0.00128455	
1.96	0.0015922	0.00128482	
1.961	0.00159252	0.00128509	
1.962	0.00159284	0.00128536	
1.963	0.00159317	0.00128562	
1.964	0.00159349	0.00128589	
1.965	0.00159381	0.00128616	
1.966	0.00159413	0.00128643	
1.967	0.00159445	0.00128669	
1.968	0.00159477	0.00128696	
1.969	0.00159509	0.00128722	
1.97	0.00159541	0.00128749	
1.971	0.00159574	0.00128775	
1.972	0.00159606	0.00128802	
1.973	0.00159638	0.00128828	
1.974	0.0015967	0.00128854	
1.975	0.00159702	0.00128881	
1.976	0.00159734	0.00128907	
1.977	0.00159766	0.00128933	
1.978	0.00159798	0.00128959	
1.979	0.0015983	0.00128986	
1.98	0.00159862	0.00129012	
1.981	0.00159894	0.00129038	
1.982	0.00159926	0.00129064	
1.983	0.00159958	0.00129089	
1.984	0.0015999	0.00129115	
1.985	0.00160021	0.00129141	
1.986	0.00160053	0.00129167	
1.987	0.00160085	0.00129193	
1.988	0.00160117	0.00129218	
1.989	0.00160149	0.00129244	
1.99	0.00160181	0.00129269	
1.991	0.00160213	0.00129295	
1.992	0.00160244	0.0012932	
1.993	0.00160276	0.00129345	
1.994	0.00160308	0.00129371	
1.995	0.0016034	0.00129396	
1.996	0.00160372	0.00129421	
1.997	0.00160403	0.00129446	
1.998	0.00160435	0.00129471	
1.999	0.00160467	0.00129496	
