0.00500000000000000000 	 6.37903000000000020009 
0.01500000000000000000 	 2.65996999999999994557 
0.02500000000000000000 	 2.04951999999999978641 
0.03500000000000000000 	 1.74222999999999994536 
0.04500000000000000000 	 1.53656999999999999140 
0.05500000000000000000 	 1.39569999999999994067 
0.06500000000000000000 	 1.29126000000000007439 
0.07500000000000000000 	 1.21118999999999998884 
0.08500000000000000000 	 1.14436000000000004384 
0.09500000000000000000 	 1.08654999999999990479 
0.10500000000000000000 	 1.03635000000000010445 
0.11500000000000000000 	 0.99748999999999998778 
0.12500000000000000000 	 0.96323999999999998511 
0.13499999999999999999 	 0.93079999999999996074 
0.14500000000000000000 	 0.90478999999999998316 
0.15500000000000000000 	 0.88041000000000002590 
0.16499999999999999999 	 0.86302000000000000934 
0.17500000000000000000 	 0.83579999999999998739 
0.18500000000000000000 	 0.81945000000000001172 
0.19499999999999999999 	 0.80274999999999996358 
0.20500000000000000000 	 0.78412000000000003919 
0.21499999999999999999 	 0.77081999999999994966 
0.22499999999999999999 	 0.76205999999999995964 
0.23500000000000000000 	 0.75124000000000001886 
0.24499999999999999999 	 0.74155999999999999694 
0.25500000000000000000 	 0.72709999999999996856 
0.26499999999999999999 	 0.72455999999999998185 
0.27500000000000000001 	 0.71470999999999995644 
0.28500000000000000000 	 0.70348999999999994870 
0.29499999999999999999 	 0.69628999999999996451 
0.30500000000000000001 	 0.69242000000000003546 
0.31500000000000000000 	 0.68710000000000004405 
0.32499999999999999999 	 0.67764999999999997460 
0.33499999999999999998 	 0.67567999999999994731 
0.34500000000000000000 	 0.66617000000000003990 
0.35499999999999999999 	 0.66691999999999995730 
0.36499999999999999998 	 0.65993000000000001659 
0.37500000000000000000 	 0.65724000000000004640 
0.38499999999999999999 	 0.65334000000000003183 
0.39499999999999999998 	 0.65244999999999997442 
0.40500000000000000000 	 0.65086999999999994859 
0.41499999999999999999 	 0.64176999999999995161 
0.42499999999999999998 	 0.64371000000000000441 
0.43500000000000000000 	 0.64044000000000000927 
0.44499999999999999999 	 0.63783999999999996255 
0.45499999999999999998 	 0.64129000000000002668 
0.46500000000000000000 	 0.63831000000000004402 
0.47499999999999999999 	 0.63683999999999996167 
0.48499999999999999999 	 0.63753999999999999559 
0.49499999999999999998 	 0.63521000000000005237 
0.50500000000000000000 	 0.63868000000000002547 
0.51499999999999999999 	 0.64014000000000004231 
0.52499999999999999998 	 0.63895999999999997243 
0.53499999999999999997 	 0.63719000000000003414 
0.54500000000000000002 	 0.64205999999999996408 
0.55500000000000000001 	 0.63892000000000004345 
0.56500000000000000000 	 0.64544999999999996820 
0.57499999999999999999 	 0.64529999999999998472 
0.58499999999999999998 	 0.64417000000000002036 
0.59499999999999999997 	 0.64427999999999996383 
0.60499999999999999996 	 0.65261999999999997790 
0.61500000000000000001 	 0.65075000000000005063 
0.62500000000000000000 	 0.65817999999999998728 
0.63499999999999999999 	 0.65859000000000000874 
0.64499999999999999998 	 0.66264999999999996128 
0.65499999999999999997 	 0.67203999999999997073 
0.66499999999999999997 	 0.67457000000000000295 
0.67500000000000000001 	 0.67608999999999996877 
0.68500000000000000000 	 0.68413999999999997037 
0.69499999999999999999 	 0.69443999999999994621 
0.70499999999999999998 	 0.69959000000000004515 
0.71499999999999999998 	 0.70077000000000000401 
0.72499999999999999997 	 0.71442000000000005500 
0.73499999999999999996 	 0.72250999999999998558 
0.74500000000000000000 	 0.73448000000000002174 
0.75500000000000000000 	 0.74441999999999997062 
0.76499999999999999999 	 0.74802999999999997272 
0.77499999999999999998 	 0.76561000000000001275 
0.78499999999999999997 	 0.77605999999999997208 
0.79499999999999999996 	 0.79178000000000003933 
0.80500000000000000001 	 0.80052000000000000934 
0.81500000000000000000 	 0.81632000000000004558 
0.82499999999999999999 	 0.83918999999999999151 
0.83499999999999999998 	 0.85599000000000002863 
0.84499999999999999997 	 0.88315999999999994508 
0.85499999999999999996 	 0.90358000000000004981 
0.86500000000000000001 	 0.93393000000000003791 
0.87500000000000000000 	 0.95884999999999998010 
0.88499999999999999999 	 0.99882999999999999563 
0.89499999999999999998 	 1.03760000000000007780 
0.90499999999999999997 	 1.08434999999999992504 
0.91499999999999999997 	 1.14033000000000006580 
0.92499999999999999996 	 1.20866999999999991111 
0.93500000000000000000 	 1.29126999999999991786 
0.94499999999999999999 	 1.39095999999999997421 
0.95499999999999999998 	 1.54143999999999992134 
0.96499999999999999998 	 1.73229999999999995097 
0.97499999999999999997 	 2.04703999999999997073 
0.98499999999999999996 	 2.65341000000000004633 
0.99500000000000000000 	 6.38621999999999978570 
