0.001	0.0031968
0.002	0.0063872
0.003	0.0095712
0.004	0.0127488
0.005	0.01592
0.006	0.0190848
0.007	0.0222432
0.008	0.0253952
0.009	0.0285408
0.01	0.03168
0.011	0.0348128
0.012	0.0379392
0.013	0.0410592
0.014	0.0441728
0.015	0.04728
0.016	0.0503808
0.017	0.0534752
0.018	0.0565632
0.019	0.0596448
0.02	0.06272
0.021	0.0657888
0.022	0.0688512
0.023	0.0719072
0.024	0.0749568
0.025	0.078
0.026	0.0810368
0.027	0.0840672
0.028	0.0870912
0.029	0.0901088
0.03	0.09312
0.031	0.0961248
0.032	0.0991232
0.033	0.102115
0.034	0.105101
0.035	0.10808
0.036	0.111053
0.037	0.114019
0.038	0.116979
0.039	0.119933
0.04	0.12288
0.041	0.125821
0.042	0.128755
0.043	0.131683
0.044	0.134605
0.045	0.13752
0.046	0.140429
0.047	0.143331
0.048	0.146227
0.049	0.149117
0.05	0.152
0.051	0.154877
0.052	0.157747
0.053	0.160611
0.054	0.163469
0.055	0.16632
0.056	0.169165
0.057	0.172003
0.058	0.174835
0.059	0.177661
0.06	0.18048
0.061	0.183293
0.062	0.186099
0.063	0.188899
0.064	0.191693
0.065	0.19448
0.066	0.197261
0.067	0.200035
0.068	0.202803
0.069	0.205565
0.07	0.20832
0.071	0.211069
0.072	0.213811
0.073	0.216547
0.074	0.219277
0.075	0.222
0.076	0.224717
0.077	0.227427
0.078	0.230131
0.079	0.232829
0.08	0.23552
0.081	0.238205
0.082	0.240883
0.083	0.243555
0.084	0.246221
0.085	0.24888
0.086	0.251533
0.087	0.254179
0.088	0.256819
0.089	0.259453
0.09	0.26208
0.091	0.264701
0.092	0.267315
0.093	0.269923
0.094	0.272525
0.095	0.27512
0.096	0.277709
0.097	0.280291
0.098	0.282867
0.099	0.285437
0.1	0.288
0.101	0.290557
0.102	0.293107
0.103	0.295651
0.104	0.298189
0.105	0.30072
0.106	0.303245
0.107	0.305763
0.108	0.308275
0.109	0.310781
0.11	0.31328
0.111	0.315773
0.112	0.318259
0.113	0.320739
0.114	0.323213
0.115	0.32568
0.116	0.328141
0.117	0.330595
0.118	0.333043
0.119	0.335485
0.12	0.33792
0.121	0.340349
0.122	0.342771
0.123	0.345187
0.124	0.347597
0.125	0.35
0.126	0.352397
0.127	0.354787
0.128	0.357171
0.129	0.359549
0.13	0.36192
0.131	0.364285
0.132	0.366643
0.133	0.368995
0.134	0.371341
0.135	0.37368
0.136	0.376013
0.137	0.378339
0.138	0.380659
0.139	0.382973
0.14	0.38528
0.141	0.387581
0.142	0.389875
0.143	0.392163
0.144	0.394445
0.145	0.39672
0.146	0.398989
0.147	0.401251
0.148	0.403507
0.149	0.405757
0.15	0.408
0.151	0.410237
0.152	0.412467
0.153	0.414691
0.154	0.416909
0.155	0.41912
0.156	0.421325
0.157	0.423523
0.158	0.425715
0.159	0.427901
0.16	0.43008
0.161	0.432253
0.162	0.434419
0.163	0.436579
0.164	0.438733
0.165	0.44088
0.166	0.443021
0.167	0.445155
0.168	0.447283
0.169	0.449405
0.17	0.45152
0.171	0.453629
0.172	0.455731
0.173	0.457827
0.174	0.459917
0.175	0.462
0.176	0.464077
0.177	0.466147
0.178	0.468211
0.179	0.470269
0.18	0.47232
0.181	0.474365
0.182	0.476403
0.183	0.478435
0.184	0.480461
0.185	0.48248
0.186	0.484493
0.187	0.486499
0.188	0.488499
0.189	0.490493
0.19	0.49248
0.191	0.494461
0.192	0.496435
0.193	0.498403
0.194	0.500365
0.195	0.50232
0.196	0.504269
0.197	0.506211
0.198	0.508147
0.199	0.510077
0.2	0.512
0.201	0.513917
0.202	0.515827
0.203	0.517731
0.204	0.519629
0.205	0.52152
0.206	0.523405
0.207	0.525283
0.208	0.527155
0.209	0.529021
0.21	0.53088
0.211	0.532733
0.212	0.534579
0.213	0.536419
0.214	0.538253
0.215	0.54008
0.216	0.541901
0.217	0.543715
0.218	0.545523
0.219	0.547325
0.22	0.54912
0.221	0.550909
0.222	0.552691
0.223	0.554467
0.224	0.556237
0.225	0.558
0.226	0.559757
0.227	0.561507
0.228	0.563251
0.229	0.564989
0.23	0.56672
0.231	0.568445
0.232	0.570163
0.233	0.571875
0.234	0.573581
0.235	0.57528
0.236	0.576973
0.237	0.578659
0.238	0.580339
0.239	0.582013
0.24	0.58368
0.241	0.585341
0.242	0.586995
0.243	0.588643
0.244	0.590285
0.245	0.59192
0.246	0.593549
0.247	0.595171
0.248	0.596787
0.249	0.598397
0.25	0.6
0.251	0.601597
0.252	0.603187
0.253	0.604771
0.254	0.606349
0.255	0.60792
0.256	0.609485
0.257	0.611043
0.258	0.612595
0.259	0.614141
0.26	0.61568
0.261	0.617213
0.262	0.618739
0.263	0.620259
0.264	0.621773
0.265	0.62328
0.266	0.624781
0.267	0.626275
0.268	0.627763
0.269	0.629245
0.27	0.63072
0.271	0.632189
0.272	0.633651
0.273	0.635107
0.274	0.636557
0.275	0.638
0.276	0.639437
0.277	0.640867
0.278	0.642291
0.279	0.643709
0.28	0.64512
0.281	0.646525
0.282	0.647923
0.283	0.649315
0.284	0.650701
0.285	0.65208
0.286	0.653453
0.287	0.654819
0.288	0.656179
0.289	0.657533
0.29	0.65888
0.291	0.660221
0.292	0.661555
0.293	0.662883
0.294	0.664205
0.295	0.66552
0.296	0.666829
0.297	0.668131
0.298	0.669427
0.299	0.670717
0.3	0.672
0.301	0.673277
0.302	0.674547
0.303	0.675811
0.304	0.677069
0.305	0.67832
0.306	0.679565
0.307	0.680803
0.308	0.682035
0.309	0.683261
0.31	0.68448
0.311	0.685693
0.312	0.686899
0.313	0.688099
0.314	0.689293
0.315	0.69048
0.316	0.691661
0.317	0.692835
0.318	0.694003
0.319	0.695165
0.32	0.69632
0.321	0.697469
0.322	0.698611
0.323	0.699747
0.324	0.700877
0.325	0.702
0.326	0.703117
0.327	0.704227
0.328	0.705331
0.329	0.706429
0.33	0.70752
0.331	0.708605
0.332	0.709683
0.333	0.710755
0.334	0.711821
0.335	0.71288
0.336	0.713933
0.337	0.714979
0.338	0.716019
0.339	0.717053
0.34	0.71808
0.341	0.719101
0.342	0.720115
0.343	0.721123
0.344	0.722125
0.345	0.72312
0.346	0.724109
0.347	0.725091
0.348	0.726067
0.349	0.727037
0.35	0.728
0.351	0.728957
0.352	0.729907
0.353	0.730851
0.354	0.731789
0.355	0.73272
0.356	0.733645
0.357	0.734563
0.358	0.735475
0.359	0.736381
0.36	0.73728
0.361	0.738173
0.362	0.739059
0.363	0.739939
0.364	0.740813
0.365	0.74168
0.366	0.742541
0.367	0.743395
0.368	0.744243
0.369	0.745085
0.37	0.74592
0.371	0.746749
0.372	0.747571
0.373	0.748387
0.374	0.749197
0.375	0.75
0.376	0.750797
0.377	0.751587
0.378	0.752371
0.379	0.753149
0.38	0.75392
0.381	0.754685
0.382	0.755443
0.383	0.756195
0.384	0.756941
0.385	0.75768
0.386	0.758413
0.387	0.759139
0.388	0.759859
0.389	0.760573
0.39	0.76128
0.391	0.761981
0.392	0.762675
0.393	0.763363
0.394	0.764045
0.395	0.76472
0.396	0.765389
0.397	0.766051
0.398	0.766707
0.399	0.767357
0.4	0.768
0.401	0.768637
0.402	0.769267
0.403	0.769891
0.404	0.770509
0.405	0.77112
0.406	0.771725
0.407	0.772323
0.408	0.772915
0.409	0.773501
0.41	0.77408
0.411	0.774653
0.412	0.775219
0.413	0.775779
0.414	0.776333
0.415	0.77688
0.416	0.777421
0.417	0.777955
0.418	0.778483
0.419	0.779005
0.42	0.77952
0.421	0.780029
0.422	0.780531
0.423	0.781027
0.424	0.781517
0.425	0.782
0.426	0.782477
0.427	0.782947
0.428	0.783411
0.429	0.783869
0.43	0.78432
0.431	0.784765
0.432	0.785203
0.433	0.785635
0.434	0.786061
0.435	0.78648
0.436	0.786893
0.437	0.787299
0.438	0.787699
0.439	0.788093
0.44	0.78848
0.441	0.788861
0.442	0.789235
0.443	0.789603
0.444	0.789965
0.445	0.79032
0.446	0.790669
0.447	0.791011
0.448	0.791347
0.449	0.791677
0.45	0.792
0.451	0.792317
0.452	0.792627
0.453	0.792931
0.454	0.793229
0.455	0.79352
0.456	0.793805
0.457	0.794083
0.458	0.794355
0.459	0.794621
0.46	0.79488
0.461	0.795133
0.462	0.795379
0.463	0.795619
0.464	0.795853
0.465	0.79608
0.466	0.796301
0.467	0.796515
0.468	0.796723
0.469	0.796925
0.47	0.79712
0.471	0.797309
0.472	0.797491
0.473	0.797667
0.474	0.797837
0.475	0.798
0.476	0.798157
0.477	0.798307
0.478	0.798451
0.479	0.798589
0.48	0.79872
0.481	0.798845
0.482	0.798963
0.483	0.799075
0.484	0.799181
0.485	0.79928
0.486	0.799373
0.487	0.799459
0.488	0.799539
0.489	0.799613
0.49	0.79968
0.491	0.799741
0.492	0.799795
0.493	0.799843
0.494	0.799885
0.495	0.79992
0.496	0.799949
0.497	0.799971
0.498	0.799987
0.499	0.799997
0.5	0.8
0.501	0.799997
0.502	0.799987
0.503	0.799971
0.504	0.799949
0.505	0.79992
0.506	0.799885
0.507	0.799843
0.508	0.799795
0.509	0.799741
0.51	0.79968
0.511	0.799613
0.512	0.799539
0.513	0.799459
0.514	0.799373
0.515	0.79928
0.516	0.799181
0.517	0.799075
0.518	0.798963
0.519	0.798845
0.52	0.79872
0.521	0.798589
0.522	0.798451
0.523	0.798307
0.524	0.798157
0.525	0.798
0.526	0.797837
0.527	0.797667
0.528	0.797491
0.529	0.797309
0.53	0.79712
0.531	0.796925
0.532	0.796723
0.533	0.796515
0.534	0.796301
0.535	0.79608
0.536	0.795853
0.537	0.795619
0.538	0.795379
0.539	0.795133
0.54	0.79488
0.541	0.794621
0.542	0.794355
0.543	0.794083
0.544	0.793805
0.545	0.79352
0.546	0.793229
0.547	0.792931
0.548	0.792627
0.549	0.792317
0.55	0.792
0.551	0.791677
0.552	0.791347
0.553	0.791011
0.554	0.790669
0.555	0.79032
0.556	0.789965
0.557	0.789603
0.558	0.789235
0.559	0.788861
0.56	0.78848
0.561	0.788093
0.562	0.787699
0.563	0.787299
0.564	0.786893
0.565	0.78648
0.566	0.786061
0.567	0.785635
0.568	0.785203
0.569	0.784765
0.57	0.78432
0.571	0.783869
0.572	0.783411
0.573	0.782947
0.574	0.782477
0.575	0.782
0.576	0.781517
0.577	0.781027
0.578	0.780531
0.579	0.780029
0.58	0.77952
0.581	0.779005
0.582	0.778483
0.583	0.777955
0.584	0.777421
0.585	0.77688
0.586	0.776333
0.587	0.775779
0.588	0.775219
0.589	0.774653
0.59	0.77408
0.591	0.773501
0.592	0.772915
0.593	0.772323
0.594	0.771725
0.595	0.77112
0.596	0.770509
0.597	0.769891
0.598	0.769267
0.599	0.768637
0.6	0.768
0.601	0.767357
0.602	0.766707
0.603	0.766051
0.604	0.765389
0.605	0.76472
0.606	0.764045
0.607	0.763363
0.608	0.762675
0.609	0.761981
0.61	0.76128
0.611	0.760573
0.612	0.759859
0.613	0.759139
0.614	0.758413
0.615	0.75768
0.616	0.756941
0.617	0.756195
0.618	0.755443
0.619	0.754685
0.62	0.75392
0.621	0.753149
0.622	0.752371
0.623	0.751587
0.624	0.750797
0.625	0.75
0.626	0.749197
0.627	0.748387
0.628	0.747571
0.629	0.746749
0.63	0.74592
0.631	0.745085
0.632	0.744243
0.633	0.743395
0.634	0.742541
0.635	0.74168
0.636	0.740813
0.637	0.739939
0.638	0.739059
0.639	0.738173
0.64	0.73728
0.641	0.736381
0.642	0.735475
0.643	0.734563
0.644	0.733645
0.645	0.73272
0.646	0.731789
0.647	0.730851
0.648	0.729907
0.649	0.728957
0.65	0.728
0.651	0.727037
0.652	0.726067
0.653	0.725091
0.654	0.724109
0.655	0.72312
0.656	0.722125
0.657	0.721123
0.658	0.720115
0.659	0.719101
0.66	0.71808
0.661	0.717053
0.662	0.716019
0.663	0.714979
0.664	0.713933
0.665	0.71288
0.666	0.711821
0.667	0.710755
0.668	0.709683
0.669	0.708605
0.67	0.70752
0.671	0.706429
0.672	0.705331
0.673	0.704227
0.674	0.703117
0.675	0.702
0.676	0.700877
0.677	0.699747
0.678	0.698611
0.679	0.697469
0.68	0.69632
0.681	0.695165
0.682	0.694003
0.683	0.692835
0.684	0.691661
0.685	0.69048
0.686	0.689293
0.687	0.688099
0.688	0.686899
0.689	0.685693
0.69	0.68448
0.691	0.683261
0.692	0.682035
0.693	0.680803
0.694	0.679565
0.695	0.67832
0.696	0.677069
0.697	0.675811
0.698	0.674547
0.699	0.673277
0.7	0.672
0.701	0.670717
0.702	0.669427
0.703	0.668131
0.704	0.666829
0.705	0.66552
0.706	0.664205
0.707	0.662883
0.708	0.661555
0.709	0.660221
0.71	0.65888
0.711	0.657533
0.712	0.656179
0.713	0.654819
0.714	0.653453
0.715	0.65208
0.716	0.650701
0.717	0.649315
0.718	0.647923
0.719	0.646525
0.72	0.64512
0.721	0.643709
0.722	0.642291
0.723	0.640867
0.724	0.639437
0.725	0.638
0.726	0.636557
0.727	0.635107
0.728	0.633651
0.729	0.632189
0.73	0.63072
0.731	0.629245
0.732	0.627763
0.733	0.626275
0.734	0.624781
0.735	0.62328
0.736	0.621773
0.737	0.620259
0.738	0.618739
0.739	0.617213
0.74	0.61568
0.741	0.614141
0.742	0.612595
0.743	0.611043
0.744	0.609485
0.745	0.60792
0.746	0.606349
0.747	0.604771
0.748	0.603187
0.749	0.601597
0.75	0.6
0.751	0.598397
0.752	0.596787
0.753	0.595171
0.754	0.593549
0.755	0.59192
0.756	0.590285
0.757	0.588643
0.758	0.586995
0.759	0.585341
0.76	0.58368
0.761	0.582013
0.762	0.580339
0.763	0.578659
0.764	0.576973
0.765	0.57528
0.766	0.573581
0.767	0.571875
0.768	0.570163
0.769	0.568445
0.77	0.56672
0.771	0.564989
0.772	0.563251
0.773	0.561507
0.774	0.559757
0.775	0.558
0.776	0.556237
0.777	0.554467
0.778	0.552691
0.779	0.550909
0.78	0.54912
0.781	0.547325
0.782	0.545523
0.783	0.543715
0.784	0.541901
0.785	0.54008
0.786	0.538253
0.787	0.536419
0.788	0.534579
0.789	0.532733
0.79	0.53088
0.791	0.529021
0.792	0.527155
0.793	0.525283
0.794	0.523405
0.795	0.52152
0.796	0.519629
0.797	0.517731
0.798	0.515827
0.799	0.513917
0.8	0.512
0.801	0.510077
0.802	0.508147
0.803	0.506211
0.804	0.504269
0.805	0.50232
0.806	0.500365
0.807	0.498403
0.808	0.496435
0.809	0.494461
0.81	0.49248
0.811	0.490493
0.812	0.488499
0.813	0.486499
0.814	0.484493
0.815	0.48248
0.816	0.480461
0.817	0.478435
0.818	0.476403
0.819	0.474365
0.82	0.47232
0.821	0.470269
0.822	0.468211
0.823	0.466147
0.824	0.464077
0.825	0.462
0.826	0.459917
0.827	0.457827
0.828	0.455731
0.829	0.453629
0.83	0.45152
0.831	0.449405
0.832	0.447283
0.833	0.445155
0.834	0.443021
0.835	0.44088
0.836	0.438733
0.837	0.436579
0.838	0.434419
0.839	0.432253
0.84	0.43008
0.841	0.427901
0.842	0.425715
0.843	0.423523
0.844	0.421325
0.845	0.41912
0.846	0.416909
0.847	0.414691
0.848	0.412467
0.849	0.410237
0.85	0.408
0.851	0.405757
0.852	0.403507
0.853	0.401251
0.854	0.398989
0.855	0.39672
0.856	0.394445
0.857	0.392163
0.858	0.389875
0.859	0.387581
0.86	0.38528
0.861	0.382973
0.862	0.380659
0.863	0.378339
0.864	0.376013
0.865	0.37368
0.866	0.371341
0.867	0.368995
0.868	0.366643
0.869	0.364285
0.87	0.36192
0.871	0.359549
0.872	0.357171
0.873	0.354787
0.874	0.352397
0.875	0.35
0.876	0.347597
0.877	0.345187
0.878	0.342771
0.879	0.340349
0.88	0.33792
0.881	0.335485
0.882	0.333043
0.883	0.330595
0.884	0.328141
0.885	0.32568
0.886	0.323213
0.887	0.320739
0.888	0.318259
0.889	0.315773
0.89	0.31328
0.891	0.310781
0.892	0.308275
0.893	0.305763
0.894	0.303245
0.895	0.30072
0.896	0.298189
0.897	0.295651
0.898	0.293107
0.899	0.290557
0.9	0.288
0.901	0.285437
0.902	0.282867
0.903	0.280291
0.904	0.277709
0.905	0.27512
0.906	0.272525
0.907	0.269923
0.908	0.267315
0.909	0.264701
0.91	0.26208
0.911	0.259453
0.912	0.256819
0.913	0.254179
0.914	0.251533
0.915	0.24888
0.916	0.246221
0.917	0.243555
0.918	0.240883
0.919	0.238205
0.92	0.23552
0.921	0.232829
0.922	0.230131
0.923	0.227427
0.924	0.224717
0.925	0.222
0.926	0.219277
0.927	0.216547
0.928	0.213811
0.929	0.211069
0.93	0.20832
0.931	0.205565
0.932	0.202803
0.933	0.200035
0.934	0.197261
0.935	0.19448
0.936	0.191693
0.937	0.188899
0.938	0.186099
0.939	0.183293
0.94	0.18048
0.941	0.177661
0.942	0.174835
0.943	0.172003
0.944	0.169165
0.945	0.16632
0.946	0.163469
0.947	0.160611
0.948	0.157747
0.949	0.154877
0.95	0.152
0.951	0.149117
0.952	0.146227
0.953	0.143331
0.954	0.140429
0.955	0.13752
0.956	0.134605
0.957	0.131683
0.958	0.128755
0.959	0.125821
0.96	0.12288
0.961	0.119933
0.962	0.116979
0.963	0.114019
0.964	0.111053
0.965	0.10808
0.966	0.105101
0.967	0.102115
0.968	0.0991232
0.969	0.0961248
0.97	0.09312
0.971	0.0901088
0.972	0.0870912
0.973	0.0840672
0.974	0.0810368
0.975	0.078
0.976	0.0749568
0.977	0.0719072
0.978	0.0688512
0.979	0.0657888
0.98	0.06272
0.981	0.0596448
0.982	0.0565632
0.983	0.0534752
0.984	0.0503808
0.985	0.04728
0.986	0.0441728
0.987	0.0410592
0.988	0.0379392
0.989	0.0348128
0.99	0.03168
0.991	0.0285408
0.992	0.0253952
0.993	0.0222432
0.994	0.0190848
0.995	0.01592
0.996	0.0127488
0.997	0.0095712
0.998	0.0063872
0.999	0.0031968
1	0
