0.001	0.0322978
0.002	0.0636674
0.003	0.0941264
0.004	0.123692
0.005	0.152383
0.006	0.180215
0.007	0.207205
0.008	0.23337
0.009	0.258726
0.01	0.28329
0.011	0.307077
0.012	0.330103
0.013	0.352384
0.014	0.373935
0.015	0.39477
0.016	0.414905
0.017	0.434354
0.018	0.453132
0.019	0.471253
0.02	0.48873
0.021	0.505579
0.022	0.521811
0.023	0.537441
0.024	0.552482
0.025	0.566947
0.026	0.580848
0.027	0.594198
0.028	0.60701
0.029	0.619295
0.03	0.631067
0.031	0.642336
0.032	0.653114
0.033	0.663413
0.034	0.673245
0.035	0.682619
0.036	0.691548
0.037	0.700042
0.038	0.708111
0.039	0.715767
0.04	0.723018
0.041	0.729877
0.042	0.736351
0.043	0.742452
0.044	0.748189
0.045	0.753571
0.046	0.758608
0.047	0.763308
0.048	0.767681
0.049	0.771736
0.05	0.775482
0.051	0.778926
0.052	0.782078
0.053	0.784945
0.054	0.787536
0.055	0.789859
0.056	0.791921
0.057	0.793731
0.058	0.795295
0.059	0.796622
0.06	0.797719
0.061	0.798593
0.062	0.79925
0.063	0.799698
0.064	0.799944
0.065	0.799995
0.066	0.799856
0.067	0.799534
0.068	0.799036
0.069	0.798368
0.07	0.797535
0.071	0.796545
0.072	0.795402
0.073	0.794112
0.074	0.792682
0.075	0.791116
0.076	0.78942
0.077	0.787599
0.078	0.785658
0.079	0.783603
0.08	0.781438
0.081	0.779169
0.082	0.7768
0.083	0.774335
0.084	0.77178
0.085	0.769139
0.086	0.766416
0.087	0.763616
0.088	0.760742
0.089	0.757799
0.09	0.754791
0.091	0.751721
0.092	0.748594
0.093	0.745414
0.094	0.742183
0.095	0.738907
0.096	0.735587
0.097	0.732228
0.098	0.728832
0.099	0.725404
0.1	0.721946
0.101	0.718461
0.102	0.714953
0.103	0.711424
0.104	0.707877
0.105	0.704316
0.106	0.700742
0.107	0.697159
0.108	0.693568
0.109	0.689973
0.11	0.686376
0.111	0.68278
0.112	0.679186
0.113	0.675597
0.114	0.672015
0.115	0.668443
0.116	0.664881
0.117	0.661334
0.118	0.657801
0.119	0.654285
0.12	0.650789
0.121	0.647313
0.122	0.64386
0.123	0.640431
0.124	0.637027
0.125	0.633651
0.126	0.630304
0.127	0.626987
0.128	0.623701
0.129	0.620449
0.13	0.61723
0.131	0.614048
0.132	0.610902
0.133	0.607793
0.134	0.604724
0.135	0.601695
0.136	0.598707
0.137	0.595761
0.138	0.592858
0.139	0.589998
0.14	0.587184
0.141	0.584415
0.142	0.581692
0.143	0.579016
0.144	0.576388
0.145	0.573808
0.146	0.571277
0.147	0.568796
0.148	0.566365
0.149	0.563985
0.15	0.561655
0.151	0.559377
0.152	0.557152
0.153	0.554978
0.154	0.552857
0.155	0.550789
0.156	0.548775
0.157	0.546814
0.158	0.544906
0.159	0.543053
0.16	0.541254
0.161	0.539509
0.162	0.537818
0.163	0.536182
0.164	0.534601
0.165	0.533074
0.166	0.531602
0.167	0.530184
0.168	0.528821
0.169	0.527513
0.17	0.526259
0.171	0.52506
0.172	0.523915
0.173	0.522824
0.174	0.521787
0.175	0.520804
0.176	0.519874
0.177	0.518998
0.178	0.518175
0.179	0.517405
0.18	0.516688
0.181	0.516023
0.182	0.515411
0.183	0.51485
0.184	0.514341
0.185	0.513883
0.186	0.513476
0.187	0.513119
0.188	0.512812
0.189	0.512555
0.19	0.512347
0.191	0.512188
0.192	0.512078
0.193	0.512016
0.194	0.512001
0.195	0.512033
0.196	0.512112
0.197	0.512237
0.198	0.512408
0.199	0.512624
0.2	0.512884
0.201	0.513189
0.202	0.513537
0.203	0.513928
0.204	0.514362
0.205	0.514838
0.206	0.515356
0.207	0.515914
0.208	0.516513
0.209	0.517151
0.21	0.517829
0.211	0.518545
0.212	0.5193
0.213	0.520091
0.214	0.52092
0.215	0.521785
0.216	0.522686
0.217	0.523622
0.218	0.524592
0.219	0.525596
0.22	0.526633
0.221	0.527703
0.222	0.528805
0.223	0.529939
0.224	0.531103
0.225	0.532298
0.226	0.533522
0.227	0.534775
0.228	0.536056
0.229	0.537365
0.23	0.538701
0.231	0.540064
0.232	0.541452
0.233	0.542866
0.234	0.544304
0.235	0.545766
0.236	0.547252
0.237	0.54876
0.238	0.550291
0.239	0.551843
0.24	0.553416
0.241	0.555009
0.242	0.556622
0.243	0.558254
0.244	0.559905
0.245	0.561573
0.246	0.563259
0.247	0.564961
0.248	0.56668
0.249	0.568414
0.25	0.570163
0.251	0.571927
0.252	0.573704
0.253	0.575494
0.254	0.577297
0.255	0.579113
0.256	0.580939
0.257	0.582777
0.258	0.584625
0.259	0.586483
0.26	0.58835
0.261	0.590226
0.262	0.592111
0.263	0.594003
0.264	0.595902
0.265	0.597808
0.266	0.59972
0.267	0.601637
0.268	0.60356
0.269	0.605487
0.27	0.607419
0.271	0.609354
0.272	0.611293
0.273	0.613234
0.274	0.615177
0.275	0.617122
0.276	0.619069
0.277	0.621016
0.278	0.622964
0.279	0.624911
0.28	0.626858
0.281	0.628805
0.282	0.63075
0.283	0.632693
0.284	0.634634
0.285	0.636572
0.286	0.638508
0.287	0.64044
0.288	0.642368
0.289	0.644292
0.29	0.646212
0.291	0.648127
0.292	0.650037
0.293	0.651941
0.294	0.653839
0.295	0.655731
0.296	0.657616
0.297	0.659495
0.298	0.661366
0.299	0.663229
0.3	0.665085
0.301	0.666933
0.302	0.668772
0.303	0.670602
0.304	0.672423
0.305	0.674235
0.306	0.676037
0.307	0.677829
0.308	0.679612
0.309	0.681384
0.31	0.683145
0.311	0.684895
0.312	0.686635
0.313	0.688363
0.314	0.690079
0.315	0.691784
0.316	0.693476
0.317	0.695157
0.318	0.696825
0.319	0.698481
0.32	0.700124
0.321	0.701754
0.322	0.703371
0.323	0.704975
0.324	0.706565
0.325	0.708142
0.326	0.709705
0.327	0.711255
0.328	0.71279
0.329	0.714311
0.33	0.715819
0.331	0.717311
0.332	0.71879
0.333	0.720253
0.334	0.721703
0.335	0.723137
0.336	0.724557
0.337	0.725961
0.338	0.727351
0.339	0.728726
0.34	0.730086
0.341	0.73143
0.342	0.732759
0.343	0.734073
0.344	0.735372
0.345	0.736655
0.346	0.737923
0.347	0.739175
0.348	0.740412
0.349	0.741634
0.35	0.74284
0.351	0.74403
0.352	0.745205
0.353	0.746364
0.354	0.747508
0.355	0.748637
0.356	0.74975
0.357	0.750847
0.358	0.751929
0.359	0.752996
0.36	0.754047
0.361	0.755083
0.362	0.756104
0.363	0.757109
0.364	0.758099
0.365	0.759074
0.366	0.760033
0.367	0.760978
0.368	0.761908
0.369	0.762822
0.37	0.763722
0.371	0.764607
0.372	0.765477
0.373	0.766333
0.374	0.767174
0.375	0.768
0.376	0.768812
0.377	0.76961
0.378	0.770393
0.379	0.771162
0.38	0.771918
0.381	0.772659
0.382	0.773386
0.383	0.7741
0.384	0.7748
0.385	0.775487
0.386	0.77616
0.387	0.77682
0.388	0.777467
0.389	0.778101
0.39	0.778721
0.391	0.779329
0.392	0.779925
0.393	0.780508
0.394	0.781078
0.395	0.781636
0.396	0.782182
0.397	0.782716
0.398	0.783238
0.399	0.783748
0.4	0.784247
0.401	0.784734
0.402	0.78521
0.403	0.785675
0.404	0.786128
0.405	0.786571
0.406	0.787003
0.407	0.787425
0.408	0.787836
0.409	0.788236
0.41	0.788627
0.411	0.789007
0.412	0.789378
0.413	0.789739
0.414	0.79009
0.415	0.790432
0.416	0.790765
0.417	0.791089
0.418	0.791403
0.419	0.791709
0.42	0.792007
0.421	0.792295
0.422	0.792576
0.423	0.792848
0.424	0.793112
0.425	0.793368
0.426	0.793617
0.427	0.793858
0.428	0.794091
0.429	0.794318
0.43	0.794537
0.431	0.794749
0.432	0.794954
0.433	0.795153
0.434	0.795345
0.435	0.79553
0.436	0.79571
0.437	0.795883
0.438	0.79605
0.439	0.796211
0.44	0.796367
0.441	0.796517
0.442	0.796662
0.443	0.796801
0.444	0.796936
0.445	0.797065
0.446	0.797189
0.447	0.797309
0.448	0.797424
0.449	0.797534
0.45	0.79764
0.451	0.797742
0.452	0.79784
0.453	0.797934
0.454	0.798023
0.455	0.798109
0.456	0.798192
0.457	0.79827
0.458	0.798346
0.459	0.798418
0.46	0.798487
0.461	0.798552
0.462	0.798615
0.463	0.798675
0.464	0.798732
0.465	0.798786
0.466	0.798838
0.467	0.798887
0.468	0.798933
0.469	0.798978
0.47	0.79902
0.471	0.799059
0.472	0.799097
0.473	0.799133
0.474	0.799167
0.475	0.799198
0.476	0.799228
0.477	0.799257
0.478	0.799283
0.479	0.799308
0.48	0.799332
0.481	0.799354
0.482	0.799374
0.483	0.799393
0.484	0.799411
0.485	0.799427
0.486	0.799442
0.487	0.799456
0.488	0.799469
0.489	0.79948
0.49	0.799491
0.491	0.7995
0.492	0.799509
0.493	0.799516
0.494	0.799522
0.495	0.799527
0.496	0.799532
0.497	0.799535
0.498	0.799537
0.499	0.799539
0.5	0.799539
0.501	0.799539
0.502	0.799537
0.503	0.799535
0.504	0.799532
0.505	0.799527
0.506	0.799522
0.507	0.799516
0.508	0.799509
0.509	0.7995
0.51	0.799491
0.511	0.79948
0.512	0.799469
0.513	0.799456
0.514	0.799442
0.515	0.799427
0.516	0.799411
0.517	0.799393
0.518	0.799374
0.519	0.799354
0.52	0.799332
0.521	0.799308
0.522	0.799283
0.523	0.799257
0.524	0.799228
0.525	0.799198
0.526	0.799167
0.527	0.799133
0.528	0.799097
0.529	0.799059
0.53	0.79902
0.531	0.798978
0.532	0.798933
0.533	0.798887
0.534	0.798838
0.535	0.798786
0.536	0.798732
0.537	0.798675
0.538	0.798615
0.539	0.798552
0.54	0.798487
0.541	0.798418
0.542	0.798346
0.543	0.79827
0.544	0.798192
0.545	0.798109
0.546	0.798023
0.547	0.797934
0.548	0.79784
0.549	0.797742
0.55	0.79764
0.551	0.797534
0.552	0.797424
0.553	0.797309
0.554	0.797189
0.555	0.797065
0.556	0.796936
0.557	0.796801
0.558	0.796662
0.559	0.796517
0.56	0.796367
0.561	0.796211
0.562	0.79605
0.563	0.795883
0.564	0.79571
0.565	0.79553
0.566	0.795345
0.567	0.795153
0.568	0.794954
0.569	0.794749
0.57	0.794537
0.571	0.794318
0.572	0.794091
0.573	0.793858
0.574	0.793617
0.575	0.793368
0.576	0.793112
0.577	0.792848
0.578	0.792576
0.579	0.792295
0.58	0.792007
0.581	0.791709
0.582	0.791403
0.583	0.791089
0.584	0.790765
0.585	0.790432
0.586	0.79009
0.587	0.789739
0.588	0.789378
0.589	0.789007
0.59	0.788627
0.591	0.788236
0.592	0.787836
0.593	0.787425
0.594	0.787003
0.595	0.786571
0.596	0.786128
0.597	0.785675
0.598	0.78521
0.599	0.784734
0.6	0.784247
0.601	0.783748
0.602	0.783238
0.603	0.782716
0.604	0.782182
0.605	0.781636
0.606	0.781078
0.607	0.780508
0.608	0.779925
0.609	0.779329
0.61	0.778721
0.611	0.778101
0.612	0.777467
0.613	0.77682
0.614	0.77616
0.615	0.775487
0.616	0.7748
0.617	0.7741
0.618	0.773386
0.619	0.772659
0.62	0.771918
0.621	0.771162
0.622	0.770393
0.623	0.76961
0.624	0.768812
0.625	0.768
0.626	0.767174
0.627	0.766333
0.628	0.765477
0.629	0.764607
0.63	0.763722
0.631	0.762822
0.632	0.761908
0.633	0.760978
0.634	0.760033
0.635	0.759074
0.636	0.758099
0.637	0.757109
0.638	0.756104
0.639	0.755083
0.64	0.754047
0.641	0.752996
0.642	0.751929
0.643	0.750847
0.644	0.74975
0.645	0.748637
0.646	0.747508
0.647	0.746364
0.648	0.745205
0.649	0.74403
0.65	0.74284
0.651	0.741634
0.652	0.740412
0.653	0.739175
0.654	0.737923
0.655	0.736655
0.656	0.735372
0.657	0.734073
0.658	0.732759
0.659	0.73143
0.66	0.730086
0.661	0.728726
0.662	0.727351
0.663	0.725961
0.664	0.724557
0.665	0.723137
0.666	0.721703
0.667	0.720253
0.668	0.71879
0.669	0.717311
0.67	0.715819
0.671	0.714311
0.672	0.71279
0.673	0.711255
0.674	0.709705
0.675	0.708142
0.676	0.706565
0.677	0.704975
0.678	0.703371
0.679	0.701754
0.68	0.700124
0.681	0.698481
0.682	0.696825
0.683	0.695157
0.684	0.693476
0.685	0.691784
0.686	0.690079
0.687	0.688363
0.688	0.686635
0.689	0.684895
0.69	0.683145
0.691	0.681384
0.692	0.679612
0.693	0.677829
0.694	0.676037
0.695	0.674235
0.696	0.672423
0.697	0.670602
0.698	0.668772
0.699	0.666933
0.7	0.665085
0.701	0.663229
0.702	0.661366
0.703	0.659495
0.704	0.657616
0.705	0.655731
0.706	0.653839
0.707	0.651941
0.708	0.650037
0.709	0.648127
0.71	0.646212
0.711	0.644292
0.712	0.642368
0.713	0.64044
0.714	0.638508
0.715	0.636572
0.716	0.634634
0.717	0.632693
0.718	0.63075
0.719	0.628805
0.72	0.626858
0.721	0.624911
0.722	0.622964
0.723	0.621016
0.724	0.619069
0.725	0.617122
0.726	0.615177
0.727	0.613234
0.728	0.611293
0.729	0.609354
0.73	0.607419
0.731	0.605487
0.732	0.60356
0.733	0.601637
0.734	0.59972
0.735	0.597808
0.736	0.595902
0.737	0.594003
0.738	0.592111
0.739	0.590226
0.74	0.58835
0.741	0.586483
0.742	0.584625
0.743	0.582777
0.744	0.580939
0.745	0.579113
0.746	0.577297
0.747	0.575494
0.748	0.573704
0.749	0.571927
0.75	0.570163
0.751	0.568414
0.752	0.56668
0.753	0.564961
0.754	0.563259
0.755	0.561573
0.756	0.559905
0.757	0.558254
0.758	0.556622
0.759	0.555009
0.76	0.553416
0.761	0.551843
0.762	0.550291
0.763	0.54876
0.764	0.547252
0.765	0.545766
0.766	0.544304
0.767	0.542866
0.768	0.541452
0.769	0.540064
0.77	0.538701
0.771	0.537365
0.772	0.536056
0.773	0.534775
0.774	0.533522
0.775	0.532298
0.776	0.531103
0.777	0.529939
0.778	0.528805
0.779	0.527703
0.78	0.526633
0.781	0.525596
0.782	0.524592
0.783	0.523622
0.784	0.522686
0.785	0.521785
0.786	0.52092
0.787	0.520091
0.788	0.5193
0.789	0.518545
0.79	0.517829
0.791	0.517151
0.792	0.516513
0.793	0.515914
0.794	0.515356
0.795	0.514838
0.796	0.514362
0.797	0.513928
0.798	0.513537
0.799	0.513189
0.8	0.512884
0.801	0.512624
0.802	0.512408
0.803	0.512237
0.804	0.512112
0.805	0.512033
0.806	0.512001
0.807	0.512016
0.808	0.512078
0.809	0.512188
0.81	0.512347
0.811	0.512555
0.812	0.512812
0.813	0.513119
0.814	0.513476
0.815	0.513883
0.816	0.514341
0.817	0.51485
0.818	0.515411
0.819	0.516023
0.82	0.516688
0.821	0.517405
0.822	0.518175
0.823	0.518998
0.824	0.519874
0.825	0.520804
0.826	0.521787
0.827	0.522824
0.828	0.523915
0.829	0.52506
0.83	0.526259
0.831	0.527513
0.832	0.528821
0.833	0.530184
0.834	0.531602
0.835	0.533074
0.836	0.534601
0.837	0.536182
0.838	0.537818
0.839	0.539509
0.84	0.541254
0.841	0.543053
0.842	0.544906
0.843	0.546814
0.844	0.548775
0.845	0.550789
0.846	0.552857
0.847	0.554978
0.848	0.557152
0.849	0.559377
0.85	0.561655
0.851	0.563985
0.852	0.566365
0.853	0.568796
0.854	0.571277
0.855	0.573808
0.856	0.576388
0.857	0.579016
0.858	0.581692
0.859	0.584415
0.86	0.587184
0.861	0.589998
0.862	0.592858
0.863	0.595761
0.864	0.598707
0.865	0.601695
0.866	0.604724
0.867	0.607793
0.868	0.610902
0.869	0.614048
0.87	0.61723
0.871	0.620449
0.872	0.623701
0.873	0.626987
0.874	0.630304
0.875	0.633651
0.876	0.637027
0.877	0.640431
0.878	0.64386
0.879	0.647313
0.88	0.650789
0.881	0.654285
0.882	0.657801
0.883	0.661334
0.884	0.664881
0.885	0.668443
0.886	0.672015
0.887	0.675597
0.888	0.679186
0.889	0.68278
0.89	0.686376
0.891	0.689973
0.892	0.693568
0.893	0.697159
0.894	0.700742
0.895	0.704316
0.896	0.707877
0.897	0.711424
0.898	0.714953
0.899	0.718461
0.9	0.721946
0.901	0.725404
0.902	0.728832
0.903	0.732228
0.904	0.735587
0.905	0.738907
0.906	0.742183
0.907	0.745414
0.908	0.748594
0.909	0.751721
0.91	0.754791
0.911	0.757799
0.912	0.760742
0.913	0.763616
0.914	0.766416
0.915	0.769139
0.916	0.77178
0.917	0.774335
0.918	0.7768
0.919	0.779169
0.92	0.781438
0.921	0.783603
0.922	0.785658
0.923	0.787599
0.924	0.78942
0.925	0.791116
0.926	0.792682
0.927	0.794112
0.928	0.795402
0.929	0.796545
0.93	0.797535
0.931	0.798368
0.932	0.799036
0.933	0.799534
0.934	0.799856
0.935	0.799995
0.936	0.799944
0.937	0.799698
0.938	0.79925
0.939	0.798593
0.94	0.797719
0.941	0.796622
0.942	0.795295
0.943	0.793731
0.944	0.791921
0.945	0.789859
0.946	0.787536
0.947	0.784945
0.948	0.782078
0.949	0.778926
0.95	0.775482
0.951	0.771736
0.952	0.767681
0.953	0.763308
0.954	0.758608
0.955	0.753571
0.956	0.748189
0.957	0.742452
0.958	0.736351
0.959	0.729877
0.96	0.723018
0.961	0.715767
0.962	0.708111
0.963	0.700042
0.964	0.691548
0.965	0.682619
0.966	0.673245
0.967	0.663413
0.968	0.653114
0.969	0.642336
0.97	0.631067
0.971	0.619295
0.972	0.60701
0.973	0.594198
0.974	0.580848
0.975	0.566947
0.976	0.552482
0.977	0.537441
0.978	0.521811
0.979	0.505579
0.98	0.48873
0.981	0.471253
0.982	0.453132
0.983	0.434354
0.984	0.414905
0.985	0.39477
0.986	0.373935
0.987	0.352384
0.988	0.330103
0.989	0.307077
0.99	0.28329
0.991	0.258726
0.992	0.23337
0.993	0.207205
0.994	0.180215
0.995	0.152383
0.996	0.123692
0.997	0.0941264
0.998	0.0636674
0.999	0.0322978
1	0
