0.001	0.100015
0.002	0.190764
0.003	0.272853
0.004	0.346856
0.005	0.41332
0.006	0.47276
0.007	0.525667
0.008	0.572507
0.009	0.613718
0.01	0.649718
0.011	0.680899
0.012	0.707632
0.013	0.730271
0.014	0.749144
0.015	0.764565
0.016	0.776828
0.017	0.78621
0.018	0.792971
0.019	0.797356
0.02	0.799594
0.021	0.7999
0.022	0.798478
0.023	0.795514
0.024	0.791186
0.025	0.785658
0.026	0.779084
0.027	0.771606
0.028	0.763356
0.029	0.75446
0.03	0.745029
0.031	0.73517
0.032	0.724979
0.033	0.714547
0.034	0.703956
0.035	0.693281
0.036	0.68259
0.037	0.671947
0.038	0.661407
0.039	0.651023
0.04	0.640841
0.041	0.630902
0.042	0.621242
0.043	0.611894
0.044	0.602887
0.045	0.594246
0.046	0.585991
0.047	0.57814
0.048	0.570709
0.049	0.56371
0.05	0.557152
0.051	0.551041
0.052	0.545383
0.053	0.540181
0.054	0.535434
0.055	0.531142
0.056	0.527303
0.057	0.523911
0.058	0.520962
0.059	0.518448
0.06	0.516363
0.061	0.514696
0.062	0.513438
0.063	0.512579
0.064	0.512107
0.065	0.51201
0.066	0.512277
0.067	0.512894
0.068	0.513848
0.069	0.515126
0.07	0.516713
0.071	0.518596
0.072	0.520761
0.073	0.523194
0.074	0.52588
0.075	0.528805
0.076	0.531956
0.077	0.535319
0.078	0.538878
0.079	0.542622
0.08	0.546536
0.081	0.550607
0.082	0.554822
0.083	0.559168
0.084	0.563633
0.085	0.568205
0.086	0.572872
0.087	0.577622
0.088	0.582444
0.089	0.587327
0.09	0.592262
0.091	0.597237
0.092	0.602243
0.093	0.607271
0.094	0.612311
0.095	0.617356
0.096	0.622396
0.097	0.627425
0.098	0.632435
0.099	0.637418
0.1	0.642368
0.101	0.647279
0.102	0.652145
0.103	0.65696
0.104	0.661718
0.105	0.666416
0.106	0.671049
0.107	0.675611
0.108	0.6801
0.109	0.684513
0.11	0.688844
0.111	0.693093
0.112	0.697256
0.113	0.70133
0.114	0.705314
0.115	0.709207
0.116	0.713005
0.117	0.716709
0.118	0.720316
0.119	0.723827
0.12	0.727241
0.121	0.730556
0.122	0.733774
0.123	0.736893
0.124	0.739915
0.125	0.74284
0.126	0.745667
0.127	0.748398
0.128	0.751034
0.129	0.753575
0.13	0.756023
0.131	0.758378
0.132	0.760643
0.133	0.762818
0.134	0.764905
0.135	0.766906
0.136	0.768822
0.137	0.770656
0.138	0.772408
0.139	0.774081
0.14	0.775677
0.141	0.777197
0.142	0.778645
0.143	0.780021
0.144	0.781328
0.145	0.782568
0.146	0.783742
0.147	0.784855
0.148	0.785906
0.149	0.786899
0.15	0.787836
0.151	0.788718
0.152	0.789548
0.153	0.790328
0.154	0.79106
0.155	0.791745
0.156	0.792387
0.157	0.792987
0.158	0.793547
0.159	0.794069
0.16	0.794554
0.161	0.795005
0.162	0.795423
0.163	0.795811
0.164	0.796169
0.165	0.7965
0.166	0.796804
0.167	0.797084
0.168	0.797342
0.169	0.797578
0.17	0.797793
0.171	0.79799
0.172	0.79817
0.173	0.798333
0.174	0.798481
0.175	0.798615
0.176	0.798736
0.177	0.798845
0.178	0.798943
0.179	0.799031
0.18	0.799109
0.181	0.799178
0.182	0.79924
0.183	0.799294
0.184	0.799342
0.185	0.799383
0.186	0.799419
0.187	0.799449
0.188	0.799475
0.189	0.799496
0.19	0.799512
0.191	0.799525
0.192	0.799533
0.193	0.799538
0.194	0.799539
0.195	0.799537
0.196	0.799531
0.197	0.799521
0.198	0.799507
0.199	0.79949
0.2	0.799469
0.201	0.799443
0.202	0.799414
0.203	0.799379
0.204	0.79934
0.205	0.799295
0.206	0.799245
0.207	0.79919
0.208	0.799127
0.209	0.799059
0.21	0.798983
0.211	0.798899
0.212	0.798808
0.213	0.798708
0.214	0.7986
0.215	0.798481
0.216	0.798353
0.217	0.798214
0.218	0.798065
0.219	0.797904
0.22	0.79773
0.221	0.797544
0.222	0.797345
0.223	0.797132
0.224	0.796904
0.225	0.796662
0.226	0.796404
0.227	0.79613
0.228	0.79584
0.229	0.795532
0.23	0.795207
0.231	0.794864
0.232	0.794502
0.233	0.79412
0.234	0.793719
0.235	0.793297
0.236	0.792855
0.237	0.792392
0.238	0.791907
0.239	0.791399
0.24	0.79087
0.241	0.790317
0.242	0.789741
0.243	0.789141
0.244	0.788517
0.245	0.787868
0.246	0.787195
0.247	0.786496
0.248	0.785772
0.249	0.785022
0.25	0.784247
0.251	0.783445
0.252	0.782617
0.253	0.781762
0.254	0.78088
0.255	0.779972
0.256	0.779036
0.257	0.778073
0.258	0.777084
0.259	0.776066
0.26	0.775022
0.261	0.773949
0.262	0.77285
0.263	0.771723
0.264	0.770569
0.265	0.769388
0.266	0.768179
0.267	0.766944
0.268	0.765681
0.269	0.764392
0.27	0.763076
0.271	0.761733
0.272	0.760365
0.273	0.75897
0.274	0.75755
0.275	0.756104
0.276	0.754632
0.277	0.753136
0.278	0.751616
0.279	0.750071
0.28	0.748502
0.281	0.74691
0.282	0.745295
0.283	0.743656
0.284	0.741996
0.285	0.740314
0.286	0.73861
0.287	0.736885
0.288	0.73514
0.289	0.733375
0.29	0.73159
0.291	0.729787
0.292	0.727965
0.293	0.726125
0.294	0.724267
0.295	0.722393
0.296	0.720503
0.297	0.718597
0.298	0.716675
0.299	0.71474
0.3	0.71279
0.301	0.710827
0.302	0.708852
0.303	0.706864
0.304	0.704865
0.305	0.702855
0.306	0.700835
0.307	0.698805
0.308	0.696767
0.309	0.69472
0.31	0.692665
0.311	0.690604
0.312	0.688536
0.313	0.686463
0.314	0.684384
0.315	0.682301
0.316	0.680214
0.317	0.678124
0.318	0.676031
0.319	0.673937
0.32	0.671841
0.321	0.669745
0.322	0.667649
0.323	0.665553
0.324	0.663458
0.325	0.661366
0.326	0.659276
0.327	0.657189
0.328	0.655105
0.329	0.653026
0.33	0.650952
0.331	0.648883
0.332	0.646819
0.333	0.644763
0.334	0.642713
0.335	0.640671
0.336	0.638638
0.337	0.636612
0.338	0.634596
0.339	0.63259
0.34	0.630594
0.341	0.628608
0.342	0.626634
0.343	0.624671
0.344	0.622721
0.345	0.620782
0.346	0.618857
0.347	0.616945
0.348	0.615046
0.349	0.613162
0.35	0.611293
0.351	0.609438
0.352	0.607598
0.353	0.605775
0.354	0.603967
0.355	0.602175
0.356	0.6004
0.357	0.598642
0.358	0.596901
0.359	0.595178
0.36	0.593472
0.361	0.591784
0.362	0.590115
0.363	0.588464
0.364	0.586832
0.365	0.585219
0.366	0.583624
0.367	0.582049
0.368	0.580494
0.369	0.578958
0.37	0.577442
0.371	0.575946
0.372	0.57447
0.373	0.573014
0.374	0.571578
0.375	0.570163
0.376	0.568768
0.377	0.567394
0.378	0.56604
0.379	0.564707
0.38	0.563394
0.381	0.562103
0.382	0.560831
0.383	0.559581
0.384	0.558351
0.385	0.557142
0.386	0.555954
0.387	0.554786
0.388	0.553639
0.389	0.552512
0.39	0.551406
0.391	0.55032
0.392	0.549255
0.393	0.54821
0.394	0.547185
0.395	0.54618
0.396	0.545195
0.397	0.54423
0.398	0.543284
0.399	0.542358
0.4	0.541452
0.401	0.540565
0.402	0.539697
0.403	0.538848
0.404	0.538018
0.405	0.537206
0.406	0.536413
0.407	0.535639
0.408	0.534882
0.409	0.534144
0.41	0.533423
0.411	0.532719
0.412	0.532033
0.413	0.531364
0.414	0.530712
0.415	0.530077
0.416	0.529458
0.417	0.528856
0.418	0.528269
0.419	0.527698
0.42	0.527143
0.421	0.526603
0.422	0.526078
0.423	0.525568
0.424	0.525073
0.425	0.524592
0.426	0.524125
0.427	0.523672
0.428	0.523233
0.429	0.522807
0.43	0.522394
0.431	0.521994
0.432	0.521607
0.433	0.521232
0.434	0.520869
0.435	0.520518
0.436	0.520179
0.437	0.519851
0.438	0.519534
0.439	0.519228
0.44	0.518933
0.441	0.518648
0.442	0.518373
0.443	0.518109
0.444	0.517854
0.445	0.517608
0.446	0.517371
0.447	0.517144
0.448	0.516925
0.449	0.516715
0.45	0.516513
0.451	0.516319
0.452	0.516133
0.453	0.515954
0.454	0.515783
0.455	0.515619
0.456	0.515462
0.457	0.515311
0.458	0.515167
0.459	0.51503
0.46	0.514898
0.461	0.514773
0.462	0.514653
0.463	0.514539
0.464	0.51443
0.465	0.514326
0.466	0.514227
0.467	0.514134
0.468	0.514044
0.469	0.51396
0.47	0.513879
0.471	0.513803
0.472	0.513731
0.473	0.513663
0.474	0.513598
0.475	0.513537
0.476	0.51348
0.477	0.513425
0.478	0.513374
0.479	0.513327
0.48	0.513282
0.481	0.51324
0.482	0.513201
0.483	0.513164
0.484	0.51313
0.485	0.513099
0.486	0.51307
0.487	0.513043
0.488	0.513019
0.489	0.512997
0.49	0.512977
0.491	0.512959
0.492	0.512943
0.493	0.512929
0.494	0.512917
0.495	0.512907
0.496	0.512899
0.497	0.512892
0.498	0.512888
0.499	0.512885
0.5	0.512884
0.501	0.512885
0.502	0.512888
0.503	0.512892
0.504	0.512899
0.505	0.512907
0.506	0.512917
0.507	0.512929
0.508	0.512943
0.509	0.512959
0.51	0.512977
0.511	0.512997
0.512	0.513019
0.513	0.513043
0.514	0.51307
0.515	0.513099
0.516	0.51313
0.517	0.513164
0.518	0.513201
0.519	0.51324
0.52	0.513282
0.521	0.513327
0.522	0.513374
0.523	0.513425
0.524	0.51348
0.525	0.513537
0.526	0.513598
0.527	0.513663
0.528	0.513731
0.529	0.513803
0.53	0.513879
0.531	0.51396
0.532	0.514044
0.533	0.514134
0.534	0.514227
0.535	0.514326
0.536	0.51443
0.537	0.514539
0.538	0.514653
0.539	0.514773
0.54	0.514898
0.541	0.51503
0.542	0.515167
0.543	0.515311
0.544	0.515462
0.545	0.515619
0.546	0.515783
0.547	0.515954
0.548	0.516133
0.549	0.516319
0.55	0.516513
0.551	0.516715
0.552	0.516925
0.553	0.517144
0.554	0.517371
0.555	0.517608
0.556	0.517854
0.557	0.518109
0.558	0.518373
0.559	0.518648
0.56	0.518933
0.561	0.519228
0.562	0.519534
0.563	0.519851
0.564	0.520179
0.565	0.520518
0.566	0.520869
0.567	0.521232
0.568	0.521607
0.569	0.521994
0.57	0.522394
0.571	0.522807
0.572	0.523233
0.573	0.523672
0.574	0.524125
0.575	0.524592
0.576	0.525073
0.577	0.525568
0.578	0.526078
0.579	0.526603
0.58	0.527143
0.581	0.527698
0.582	0.528269
0.583	0.528856
0.584	0.529458
0.585	0.530077
0.586	0.530712
0.587	0.531364
0.588	0.532033
0.589	0.532719
0.59	0.533423
0.591	0.534144
0.592	0.534882
0.593	0.535639
0.594	0.536413
0.595	0.537206
0.596	0.538018
0.597	0.538848
0.598	0.539697
0.599	0.540565
0.6	0.541452
0.601	0.542358
0.602	0.543284
0.603	0.54423
0.604	0.545195
0.605	0.54618
0.606	0.547185
0.607	0.54821
0.608	0.549255
0.609	0.55032
0.61	0.551406
0.611	0.552512
0.612	0.553639
0.613	0.554786
0.614	0.555954
0.615	0.557142
0.616	0.558351
0.617	0.559581
0.618	0.560831
0.619	0.562103
0.62	0.563394
0.621	0.564707
0.622	0.56604
0.623	0.567394
0.624	0.568768
0.625	0.570163
0.626	0.571578
0.627	0.573014
0.628	0.57447
0.629	0.575946
0.63	0.577442
0.631	0.578958
0.632	0.580494
0.633	0.582049
0.634	0.583624
0.635	0.585219
0.636	0.586832
0.637	0.588464
0.638	0.590115
0.639	0.591784
0.64	0.593472
0.641	0.595178
0.642	0.596901
0.643	0.598642
0.644	0.6004
0.645	0.602175
0.646	0.603967
0.647	0.605775
0.648	0.607598
0.649	0.609438
0.65	0.611293
0.651	0.613162
0.652	0.615046
0.653	0.616945
0.654	0.618857
0.655	0.620782
0.656	0.622721
0.657	0.624671
0.658	0.626634
0.659	0.628608
0.66	0.630594
0.661	0.63259
0.662	0.634596
0.663	0.636612
0.664	0.638638
0.665	0.640671
0.666	0.642713
0.667	0.644763
0.668	0.646819
0.669	0.648883
0.67	0.650952
0.671	0.653026
0.672	0.655105
0.673	0.657189
0.674	0.659276
0.675	0.661366
0.676	0.663458
0.677	0.665553
0.678	0.667649
0.679	0.669745
0.68	0.671841
0.681	0.673937
0.682	0.676031
0.683	0.678124
0.684	0.680214
0.685	0.682301
0.686	0.684384
0.687	0.686463
0.688	0.688536
0.689	0.690604
0.69	0.692665
0.691	0.69472
0.692	0.696767
0.693	0.698805
0.694	0.700835
0.695	0.702855
0.696	0.704865
0.697	0.706864
0.698	0.708852
0.699	0.710827
0.7	0.71279
0.701	0.71474
0.702	0.716675
0.703	0.718597
0.704	0.720503
0.705	0.722393
0.706	0.724267
0.707	0.726125
0.708	0.727965
0.709	0.729787
0.71	0.73159
0.711	0.733375
0.712	0.73514
0.713	0.736885
0.714	0.73861
0.715	0.740314
0.716	0.741996
0.717	0.743656
0.718	0.745295
0.719	0.74691
0.72	0.748502
0.721	0.750071
0.722	0.751616
0.723	0.753136
0.724	0.754632
0.725	0.756104
0.726	0.75755
0.727	0.75897
0.728	0.760365
0.729	0.761733
0.73	0.763076
0.731	0.764392
0.732	0.765681
0.733	0.766944
0.734	0.768179
0.735	0.769388
0.736	0.770569
0.737	0.771723
0.738	0.77285
0.739	0.773949
0.74	0.775022
0.741	0.776066
0.742	0.777084
0.743	0.778073
0.744	0.779036
0.745	0.779972
0.746	0.78088
0.747	0.781762
0.748	0.782617
0.749	0.783445
0.75	0.784247
0.751	0.785022
0.752	0.785772
0.753	0.786496
0.754	0.787195
0.755	0.787868
0.756	0.788517
0.757	0.789141
0.758	0.789741
0.759	0.790317
0.76	0.79087
0.761	0.791399
0.762	0.791907
0.763	0.792392
0.764	0.792855
0.765	0.793297
0.766	0.793719
0.767	0.79412
0.768	0.794502
0.769	0.794864
0.77	0.795207
0.771	0.795532
0.772	0.79584
0.773	0.79613
0.774	0.796404
0.775	0.796662
0.776	0.796904
0.777	0.797132
0.778	0.797345
0.779	0.797544
0.78	0.79773
0.781	0.797904
0.782	0.798065
0.783	0.798214
0.784	0.798353
0.785	0.798481
0.786	0.7986
0.787	0.798708
0.788	0.798808
0.789	0.798899
0.79	0.798983
0.791	0.799059
0.792	0.799127
0.793	0.79919
0.794	0.799245
0.795	0.799295
0.796	0.79934
0.797	0.799379
0.798	0.799414
0.799	0.799443
0.8	0.799469
0.801	0.79949
0.802	0.799507
0.803	0.799521
0.804	0.799531
0.805	0.799537
0.806	0.799539
0.807	0.799538
0.808	0.799533
0.809	0.799525
0.81	0.799512
0.811	0.799496
0.812	0.799475
0.813	0.799449
0.814	0.799419
0.815	0.799383
0.816	0.799342
0.817	0.799294
0.818	0.79924
0.819	0.799178
0.82	0.799109
0.821	0.799031
0.822	0.798943
0.823	0.798845
0.824	0.798736
0.825	0.798615
0.826	0.798481
0.827	0.798333
0.828	0.79817
0.829	0.79799
0.83	0.797793
0.831	0.797578
0.832	0.797342
0.833	0.797084
0.834	0.796804
0.835	0.7965
0.836	0.796169
0.837	0.795811
0.838	0.795423
0.839	0.795005
0.84	0.794554
0.841	0.794069
0.842	0.793547
0.843	0.792987
0.844	0.792387
0.845	0.791745
0.846	0.79106
0.847	0.790328
0.848	0.789548
0.849	0.788718
0.85	0.787836
0.851	0.786899
0.852	0.785906
0.853	0.784855
0.854	0.783742
0.855	0.782568
0.856	0.781328
0.857	0.780021
0.858	0.778645
0.859	0.777197
0.86	0.775677
0.861	0.774081
0.862	0.772408
0.863	0.770656
0.864	0.768822
0.865	0.766906
0.866	0.764905
0.867	0.762818
0.868	0.760643
0.869	0.758378
0.87	0.756023
0.871	0.753575
0.872	0.751034
0.873	0.748398
0.874	0.745667
0.875	0.74284
0.876	0.739915
0.877	0.736893
0.878	0.733774
0.879	0.730556
0.88	0.727241
0.881	0.723827
0.882	0.720316
0.883	0.716709
0.884	0.713005
0.885	0.709207
0.886	0.705314
0.887	0.70133
0.888	0.697256
0.889	0.693093
0.89	0.688844
0.891	0.684513
0.892	0.6801
0.893	0.675611
0.894	0.671049
0.895	0.666416
0.896	0.661718
0.897	0.65696
0.898	0.652145
0.899	0.647279
0.9	0.642368
0.901	0.637418
0.902	0.632435
0.903	0.627425
0.904	0.622396
0.905	0.617356
0.906	0.612311
0.907	0.607271
0.908	0.602243
0.909	0.597237
0.91	0.592262
0.911	0.587327
0.912	0.582444
0.913	0.577622
0.914	0.572872
0.915	0.568205
0.916	0.563633
0.917	0.559168
0.918	0.554822
0.919	0.550607
0.92	0.546536
0.921	0.542622
0.922	0.538878
0.923	0.535319
0.924	0.531956
0.925	0.528805
0.926	0.52588
0.927	0.523194
0.928	0.520761
0.929	0.518596
0.93	0.516713
0.931	0.515126
0.932	0.513848
0.933	0.512894
0.934	0.512277
0.935	0.51201
0.936	0.512107
0.937	0.512579
0.938	0.513438
0.939	0.514696
0.94	0.516363
0.941	0.518448
0.942	0.520962
0.943	0.523911
0.944	0.527303
0.945	0.531142
0.946	0.535434
0.947	0.540181
0.948	0.545383
0.949	0.551041
0.95	0.557152
0.951	0.56371
0.952	0.570709
0.953	0.57814
0.954	0.585991
0.955	0.594246
0.956	0.602887
0.957	0.611894
0.958	0.621242
0.959	0.630902
0.96	0.640841
0.961	0.651023
0.962	0.661407
0.963	0.671947
0.964	0.68259
0.965	0.693281
0.966	0.703956
0.967	0.714547
0.968	0.724979
0.969	0.73517
0.97	0.745029
0.971	0.75446
0.972	0.763356
0.973	0.771606
0.974	0.779084
0.975	0.785658
0.976	0.791186
0.977	0.795514
0.978	0.798478
0.979	0.7999
0.98	0.799594
0.981	0.797356
0.982	0.792971
0.983	0.78621
0.984	0.776828
0.985	0.764565
0.986	0.749144
0.987	0.730271
0.988	0.707632
0.989	0.680899
0.99	0.649718
0.991	0.613718
0.992	0.572507
0.993	0.525667
0.994	0.47276
0.995	0.41332
0.996	0.346856
0.997	0.272853
0.998	0.190764
0.999	0.100015
1	0
