0			-0.0788588
0.2			0.0800934
0.4			0.241643
0.6			0.435758
0.8			0.537182
1			0.669971
1.2			0.788392
1.4			0.835069
1.6			0.898841
1.8			0.891032
2			0.864504
2.2			0.830264
2.4			0.753642
2.6			0.6343
2.8			0.502948
3			0.332794
3.2			0.179454
3.4			-0.018897
3.6			-0.213866
3.8			-0.392101
4			-0.549791
4.2			-0.681216
4.4			-0.838953
4.6			-0.930568
4.8			-0.997825
5			-1.07566
5.2			-1.1199
5.4			-1.10436
5.6			-1.06319
5.8			-0.987509
6			-0.863506
6.2			-0.736902
6.4			-0.588317
6.6			-0.43356
6.8			-0.269309
7			-0.112389
7.2			0.0641983
7.4			0.26776
7.6			0.427926
7.8			0.548312
8			0.676121
8.2			0.804996
8.4			0.875505
8.6			0.885623
8.8			0.879516
9			0.860037
9.2			0.81747
9.4			0.731904
9.6			0.606926
9.8			0.475141
10			0.304535
10.2			0.166115
10.4			-0.0278963
10.6			-0.200218
10.8			-0.364832
11			-0.534239
11.2			-0.701503
11.4			-0.835338
11.6			-0.928946
11.8			-1.02367
12			-1.07984
12.2			-1.08633
12.4			-1.07371
12.6			-1.05299
12.8			-0.970722
13			-0.850353
13.2			-0.759141
13.4			-0.586369
13.6			-0.462766
13.8			-0.258812
14			-0.0633612
14.2			0.104144
14.4			0.283965
14.6			0.434094
14.8			0.588593
15			0.689218
15.2			0.808853
15.4			0.847027
15.6			0.894988
15.8			0.916616
16			0.871939
16.2			0.828469
16.4			0.726949
16.6			0.609149
16.8			0.496503
17			0.310507
17.2			0.146461
17.4			-0.0374121
17.6			-0.219327
17.8			-0.358711
18			-0.564918
18.2			-0.701039
18.4			-0.825198
18.6			-0.925753
18.8			-1.02306
19			-1.08579
19.2			-1.09585
19.4			-1.07004
19.6			-1.032
19.8			-0.964959
20			-0.87609
20.2			-0.739669
20.4			-0.621116
20.6			-0.453388
20.8			-0.243632
21			-0.0873944
21.2			0.0973114
21.4			0.249624
21.6			0.439758
21.8			0.56769
22			0.703483
22.2			0.78143
22.4			0.87756
22.6			0.886079
22.8			0.897999
23			0.86353
23.2			0.833328
23.4			0.732136
23.6			0.623928
23.8			0.455546
24			0.332618
24.2			0.152486
24.4			-0.0346198
24.6			-0.209325
24.8			-0.376416
25			-0.557817
25.2			-0.695572
25.4			-0.829593
25.6			-0.924286
25.8			-1.03859
26			-1.10379
26.2			-1.10736
26.4			-1.08138
26.6			-1.022
26.8			-0.952278
27			-0.886993
27.2			-0.728839
27.4			-0.61342
27.6			-0.428346
27.8			-0.262971
28			-0.071948
28.2			0.109648
28.4			0.275018
28.6			0.453892
28.8			0.568576
29			0.718271
29.2			0.80983
29.4			0.849581
29.6			0.883787
29.8			0.917705
30			0.86228
30.2			0.824729
30.4			0.730951
30.6			0.590853
30.8			0.4651
31			0.305838
31.2			0.129383
31.4			-0.0473566
31.6			-0.224401
31.8			-0.405485
32			-0.565426
32.2			-0.733625
32.4			-0.846263
32.6			-0.940833
32.8			-1.02559
33			-1.06386
33.2			-1.09535
33.4			-1.10846
33.6			-1.03848
33.8			-0.96311
34			-0.843825
34.2			-0.753964
34.4			-0.607823
34.6			-0.397736
34.8			-0.240849
35			-0.0869723
35.2			0.105334
35.4			0.26826
35.6			0.441971
35.8			0.58484
36			0.703156
36.2			0.776342
36.4			0.839335
36.6			0.89221
36.8			0.89613
37			0.876244
37.2			0.830881
37.4			0.717455
37.6			0.585516
37.8			0.460097
38			0.316498
38.2			0.152223
38.4			-0.0291138
38.6			-0.247607
38.8			-0.420913
39			-0.565609
39.2			-0.691084
39.4			-0.835533
39.6			-0.939429
39.8			-1.02297
40			-1.09856
40.2			-1.09382
40.4			-1.10139
40.6			-1.05214
40.8			-0.953434
41			-0.869528
41.2			-0.735814
41.4			-0.573465
41.6			-0.426247
41.8			-0.23954
42			-0.0741191
42.2			0.139265
42.4			0.293628
42.6			0.436818
42.8			0.604828
43			0.714745
43.2			0.794031
43.4			0.848253
43.6			0.894002
43.8			0.871716
44			0.850411
44.2			0.808807
44.4			0.709277
44.6			0.607874
44.8			0.476231
45			0.277854
45.2			0.118545
45.4			-0.0533874
45.6			-0.216217
45.8			-0.41064
46			-0.555122
46.2			-0.711094
46.4			-0.856137
46.6			-0.940803
46.8			-1.0417
47			-1.1073
47.2			-1.11957
47.4			-1.10193
47.6			-1.01748
47.8			-0.969469
48			-0.868227
48.2			-0.74916
48.4			-0.575153
48.6			-0.408652
48.8			-0.247985
49			-0.0343986
49.2			0.0973972
49.4			0.281736
49.6			0.452564
49.8			0.579676
50			0.730634
50.2			0.800078
50.4			0.885677
50.6			0.900811
50.8			0.898074
51			0.870812
51.2			0.790978
51.4			0.699316
51.6			0.570919
51.8			0.429085
52			0.305321
52.2			0.116703
52.4			-0.049758
52.6			-0.251642
52.8			-0.39581
53			-0.596258
53.2			-0.712201
53.4			-0.840818
53.6			-0.974651
53.8			-1.03615
54			-1.09574
54.2			-1.09919
54.4			-1.06717
54.6			-1.04002
54.8			-0.946792
55			-0.859956
55.2			-0.719367
55.4			-0.581686
55.6			-0.407656
55.8			-0.23658
56			-0.0282958
56.2			0.152329
56.4			0.274785
56.6			0.450974
56.8			0.578152
57			0.737244
57.2			0.783549
57.4			0.841527
57.6			0.888758
57.8			0.913112
58			0.881901
58.2			0.797771
58.4			0.723769
58.6			0.5888
58.8			0.43003
59			0.28854
59.2			0.107765
59.4			-0.0463716
59.6			-0.251781
59.8			-0.41065
60			-0.597992
60.2			-0.710428
60.4			-0.877556
60.6			-0.978888
60.8			-1.04801
61			-1.08519
61.2			-1.11481
61.4			-1.07525
61.6			-1.01912
61.8			-0.957844
62			-0.86497
62.2			-0.733544
62.4			-0.563616
62.6			-0.379182
62.8			-0.236962
63			-0.0533961
63.2			0.116107
63.4			0.312253
63.6			0.442334
63.8			0.612456
64			0.736128
64.2			0.815769
64.4			0.855741
64.6			0.88133
64.8			0.895984
65			0.836261
65.2			0.797437
65.4			0.682347
65.6			0.561729
65.8			0.458308
66			0.281151
66.2			0.119693
66.4			-0.0751797
66.6			-0.226887
66.8			-0.436156
67			-0.563414
67.2			-0.712949
67.4			-0.876375
67.6			-0.942117
67.8			-1.05395
68			-1.11115
68.2			-1.11699
68.4			-1.08479
68.6			-1.02434
68.8			-0.959673
69			-0.823096
69.2			-0.700334
69.4			-0.558671
69.6			-0.367652
69.8			-0.21139
70			-0.0557319
70.2			0.133868
70.4			0.297023
70.6			0.456203
70.8			0.58117
71			0.732122
71.2			0.825555
71.4			0.874174
71.6			0.881977
71.8			0.908496
72			0.869905
72.2			0.782965
72.4			0.685166
72.6			0.576488
72.8			0.421204
73			0.273427
73.2			0.111661
73.4			-0.0781341
73.6			-0.25643
73.8			-0.445991
74			-0.602017
74.2			-0.737557
74.4			-0.851814
74.6			-0.974807
74.8			-1.0496
75			-1.0883
75.2			-1.08241
75.4			-1.07802
75.6			-1.02209
75.8			-0.953161
76			-0.855262
76.2			-0.717632
76.4			-0.542047
76.6			-0.372767
76.8			-0.212104
77			-0.020857
77.2			0.163424
77.4			0.336688
77.6			0.467297
77.8			0.616474
78			0.723681
78.2			0.832393
78.4			0.89262
78.6			0.895896
78.8			0.892449
79			0.853045
79.2			0.798066
79.4			0.691342
79.6			0.565544
79.8			0.432567
80			0.251425
80.2			0.102161
80.4			-0.0802873
80.6			-0.253274
80.8			-0.416948
81			-0.585046
81.2			-0.747442
81.4			-0.860441
81.6			-0.991466
81.8			-1.02299
82			-1.0637
82.2			-1.1129
82.4			-1.10046
82.6			-1.04722
82.8			-0.921606
83			-0.844287
83.2			-0.67813
83.4			-0.567118
83.6			-0.382768
83.8			-0.207186
84			-0.0456934
84.2			0.161398
84.4			0.340161
84.6			0.498106
84.8			0.617052
85			0.732508
85.2			0.802908
85.4			0.859361
85.6			0.900241
85.8			0.905912
86			0.878144
86.2			0.789354
86.4			0.711799
86.6			0.560926
86.8			0.419396
87			0.27279
87.2			0.0658165
87.4			-0.111674
87.6			-0.253091
87.8			-0.421081
88			-0.585592
88.2			-0.727966
88.4			-0.882738
88.6			-0.977444
88.8			-1.04775
89			-1.09682
89.2			-1.11049
89.4			-1.0835
89.6			-1.01935
89.8			-0.933434
90			-0.825587
90.2			-0.694367
90.4			-0.530396
90.6			-0.37491
90.8			-0.196756
91			0.000586117
91.2			0.178134
91.4			0.327765
91.6			0.457016
91.8			0.599438
92			0.716291
92.2			0.840691
92.4			0.868601
92.6			0.90956
92.8			0.871716
93			0.877171
93.2			0.79217
93.4			0.673161
93.6			0.539486
93.8			0.438342
94			0.237584
94.2			0.106149
94.4			-0.0893494
94.6			-0.285616
94.8			-0.449573
95			-0.627567
95.2			-0.735266
95.4			-0.896544
95.6			-0.980867
95.8			-1.06123
96			-1.10483
96.2			-1.11307
96.4			-1.06309
96.6			-1.03146
96.8			-0.950531
97			-0.831534
97.2			-0.665214
97.4			-0.5433
97.6			-0.354199
97.8			-0.205407
98			-0.0363751
98.2			0.183944
98.4			0.330673
98.6			0.471599
98.8			0.642814
99			0.732783
99.2			0.830581
99.4			0.850528
99.6			0.882472
99.8			0.879644
100			0.850972
100.2			0.791419
100.4			0.703989
100.6			0.537279
100.8			0.421731
101			0.273172
101.2			0.0861144
101.4			-0.0958393
101.6			-0.260696
101.8			-0.475251
102			-0.625704
102.2			-0.737993
102.4			-0.897058
102.6			-0.98274
102.8			-1.0647
103			-1.07758
103.2			-1.10444
103.4			-1.08768
103.6			-1.01503
103.8			-0.954593
104			-0.813051
104.2			-0.661834
104.4			-0.512485
104.6			-0.364478
104.8			-0.191785
105			-0.00374281
105.2			0.147086
105.4			0.345615
105.6			0.487576
105.8			0.633659
106			0.756486
106.2			0.816614
106.4			0.896825
106.6			0.904419
106.8			0.912907
107			0.860633
107.2			0.786523
107.4			0.698601
107.6			0.540534
107.8			0.395833
108			0.263361
108.2			0.0599181
108.4			-0.117855
108.6			-0.303209
108.8			-0.481453
109			-0.626536
109.2			-0.77792
109.4			-0.902423
109.6			-0.989969
109.8			-1.04803
110			-1.09402
110.2			-1.07602
110.4			-1.09613
110.6			-1.0068
110.8			-0.942236
111			-0.795197
111.2			-0.665615
111.4			-0.548696
111.6			-0.375661
111.8			-0.164976
112			0.0244588
112.2			0.155472
112.4			0.364472
112.6			0.489059
112.8			0.609042
113			0.748679
113.2			0.814241
113.4			0.886082
113.6			0.898178
113.8			0.895443
114			0.837495
114.2			0.790829
114.4			0.685026
114.6			0.531111
114.8			0.377624
115			0.263013
115.2			0.0447149
115.4			-0.12824
115.6			-0.300609
115.8			-0.474168
116			-0.624557
116.2			-0.74731
116.4			-0.887482
116.6			-1.00502
116.8			-1.03306
117			-1.08006
117.2			-1.10744
117.4			-1.07898
117.6			-1.01675
117.8			-0.906956
118			-0.813879
118.2			-0.676589
118.4			-0.49779
118.6			-0.347467
118.8			-0.186591
119			0.0145355
119.2			0.198682
119.4			0.352092
119.6			0.486418
119.8			0.631631
120			0.743231
120.2			0.821493
120.4			0.892498
120.6			0.916366
120.8			0.876064
121			0.852812
121.2			0.774827
121.4			0.657415
121.6			0.55735
121.8			0.408429
122			0.240852
122.2			0.0711272
122.4			-0.0953223
122.6			-0.279858
122.8			-0.445535
123			-0.639195
123.2			-0.773696
123.4			-0.906276
123.6			-0.991785
123.8			-1.05888
124			-1.078
124.2			-1.10089
124.4			-1.08286
124.6			-0.99204
124.8			-0.922365
125			-0.83065
125.2			-0.692978
125.4			-0.506354
125.6			-0.365353
125.8			-0.181138
126			0.0286426
126.2			0.19085
126.4			0.343148
126.6			0.51094
126.8			0.660098
127			0.745809
127.2			0.812722
127.4			0.860634
127.6			0.904416
127.8			0.884215
128			0.848115
128.2			0.75545
128.4			0.652733
128.6			0.546016
128.8			0.385043
129			0.22079
129.2			0.0474801
129.4			-0.125528
129.6			-0.292814
129.8			-0.481793
130			-0.653395
130.2			-0.783895
130.4			-0.885902
130.6			-0.981141
130.8			-1.06038
131			-1.09768
131.2			-1.08991
131.4			-1.05781
131.6			-1.00525
131.8			-0.933512
132			-0.816523
132.2			-0.681603
132.4			-0.50748
132.6			-0.349015
132.8			-0.147001
133			0.0386458
133.2			0.195469
133.4			0.347714
133.6			0.525418
133.8			0.649171
134			0.734208
134.2			0.822498
134.4			0.89246
134.6			0.910043
134.8			0.881165
135			0.827036
135.2			0.764225
135.4			0.648543
135.6			0.51067
135.8			0.370955
136			0.204764
136.2			0.0576184
136.4			-0.138455
136.6			-0.287653
136.8			-0.45981
137			-0.646045
137.2			-0.77647
137.4			-0.881159
137.6			-0.982864
137.8			-1.05473
138			-1.09352
138.2			-1.08274
138.4			-1.08055
138.6			-0.980827
138.8			-0.913224
139			-0.819503
139.2			-0.668076
139.4			-0.506626
139.6			-0.31869
139.8			-0.136196
140			0.0474613
140.2			0.216361
140.4			0.390569
140.6			0.537612
140.8			0.640792
141			0.774915
141.2			0.827844
141.4			0.902611
141.6			0.91078
141.8			0.904012
142			0.818792
142.2			0.78497
142.4			0.669782
142.6			0.509709
142.8			0.390887
143			0.200364
143.2			0.0270215
143.4			-0.15211
143.6			-0.303935
143.8			-0.464327
144			-0.636817
144.2			-0.811514
144.4			-0.902074
144.6			-0.989323
144.8			-1.04722
145			-1.09331
145.2			-1.09557
145.4			-1.07356
145.6			-0.984388
145.8			-0.89804
146			-0.797269
146.2			-0.665651
146.4			-0.47133
146.6			-0.306321
146.8			-0.140231
147			0.0503713
147.2			0.218587
147.4			0.367884
147.6			0.537252
147.8			0.657496
148			0.766457
148.2			0.837149
148.4			0.89186
148.6			0.897738
148.8			0.874626
149			0.81765
149.2			0.743307
149.4			0.648441
149.6			0.542885
149.8			0.395827
150			0.190956
150.2			0.0527528
150.4			-0.135033
150.6			-0.338206
150.8			-0.498313
151			-0.670071
151.2			-0.768294
151.4			-0.920738
151.6			-1.00056
151.8			-1.08118
152			-1.07345
152.2			-1.09237
152.4			-1.05489
152.6			-1.00863
152.8			-0.919907
153			-0.809882
153.2			-0.669765
153.4			-0.501748
153.6			-0.331671
153.8			-0.151895
154			0.0266653
154.2			0.224973
154.4			0.356538
154.6			0.54587
154.8			0.669044
155			0.757505
155.2			0.829543
155.4			0.902779
155.6			0.923615
155.8			0.885779
156			0.831775
156.2			0.761408
156.4			0.654232
156.6			0.50895
156.8			0.361091
157			0.203756
157.2			0.00362792
157.4			-0.132597
157.6			-0.339684
157.8			-0.48923
158			-0.641449
158.2			-0.782911
158.4			-0.931252
158.6			-1.02201
158.8			-1.05027
159			-1.10461
159.2			-1.1031
159.4			-1.04729
159.6			-0.980014
159.8			-0.889113
160			-0.775385
160.2			-0.626964
160.4			-0.480908
160.6			-0.298275
160.8			-0.136947
161			0.0646369
161.2			0.225732
161.4			0.378617
161.6			0.522123
161.8			0.680143
162			0.752043
162.2			0.834538
162.4			0.870948
162.6			0.902205
162.8			0.870217
163			0.819134
163.2			0.759706
163.4			0.652634
163.6			0.527403
163.8			0.341835
164			0.219716
164.2			0.0219853
164.4			-0.149158
164.6			-0.341091
164.8			-0.506004
165			-0.681646
165.2			-0.799322
165.4			-0.924525
165.6			-0.998102
165.8			-1.05373
166			-1.11038
166.2			-1.07474
166.4			-1.08064
166.6			-1.01432
166.8			-0.875218
167			-0.800414
167.2			-0.654416
167.4			-0.476255
167.6			-0.306004
167.8			-0.112611
168			0.0361059
168.2			0.237123
168.4			0.38502
168.6			0.535503
168.8			0.689024
169			0.744856
169.2			0.831071
169.4			0.867801
169.6			0.899808
169.8			0.866625
170			0.824768
170.2			0.746333
170.4			0.661393
170.6			0.504596
170.8			0.378581
171			0.187909
171.2			-0.000966022
171.4			-0.144512
171.6			-0.351747
171.8			-0.50006
172			-0.660737
172.2			-0.803999
172.4			-0.909395
172.6			-1.02091
172.8			-1.05097
173			-1.08657
173.2			-1.07863
173.4			-1.04141
173.6			-1.00852
173.8			-0.913941
174			-0.775958
174.2			-0.646235
174.4			-0.459102
174.6			-0.312531
174.8			-0.1231
175			0.0493502
175.2			0.243406
175.4			0.370321
175.6			0.542773
175.8			0.678576
176			0.785051
176.2			0.852187
176.4			0.89277
176.6			0.890592
176.8			0.891468
177			0.844676
177.2			0.723093
177.4			0.656213
177.6			0.488505
177.8			0.371187
178			0.167269
178.2			0.0242502
178.4			-0.188716
178.6			-0.353031
178.8			-0.534849
179			-0.694629
179.2			-0.808339
179.4			-0.92244
179.6			-1.02673
179.8			-1.05148
180			-1.10713
180.2			-1.10912
180.4			-1.04122
180.6			-1.00429
180.8			-0.90589
181			-0.761898
181.2			-0.636094
181.4			-0.477928
181.6			-0.304213
181.8			-0.135438
182			0.0760193
182.2			0.230434
182.4			0.418726
182.6			0.542222
182.8			0.685661
183			0.750734
183.2			0.823155
183.4			0.886597
183.6			0.889692
183.8			0.894746
184			0.836127
184.2			0.762839
184.4			0.656801
184.6			0.498995
184.8			0.36417
185			0.191343
185.2			0.0175425
185.4			-0.155352
185.6			-0.376276
185.8			-0.508331
186			-0.669839
186.2			-0.79391
186.4			-0.949745
186.6			-1.01314
186.8			-1.09701
187			-1.0785
187.2			-1.07368
187.4			-1.04096
187.6			-1.01081
187.8			-0.905494
188			-0.746418
188.2			-0.622504
188.4			-0.484221
188.6			-0.29521
188.8			-0.0970133
189			0.0888232
189.2			0.26623
189.4			0.385082
189.6			0.534166
189.8			0.671266
190			0.751544
190.2			0.86806
190.4			0.870278
190.6			0.91147
190.8			0.898633
191			0.846243
191.2			0.754619
191.4			0.628876
191.6			0.512584
191.8			0.362269
192			0.149567
192.2			-0.0258616
192.4			-0.175828
192.6			-0.382078
192.8			-0.513188
193			-0.658893
193.2			-0.805758
193.4			-0.922208
193.6			-1.01541
193.8			-1.04982
194			-1.10726
194.2			-1.10139
194.4			-1.05714
194.6			-0.958086
194.8			-0.87455
195			-0.740386
195.2			-0.603276
195.4			-0.442877
195.6			-0.301086
195.8			-0.118137
196			0.0626595
196.2			0.259501
196.4			0.38811
196.6			0.574406
196.8			0.696667
197			0.757894
197.2			0.865327
197.4			0.880929
197.6			0.883915
197.8			0.875041
198			0.806885
198.2			0.742272
198.4			0.617841
198.6			0.484104
198.8			0.318935
199			0.163532
199.2			0.00571991
199.4			-0.191943
199.6			-0.362332
199.8			-0.535538
200			-0.704232
200.2			-0.819829
200.4			-0.91419
200.6			-1.03563
200.8			-1.09161
201			-1.12361
201.2			-1.11142
201.4			-1.05557
201.6			-1.00351
201.8			-0.856975
202			-0.760249
202.2			-0.604005
202.4			-0.445929
202.6			-0.296205
202.8			-0.1022
203			0.0829816
203.2			0.234064
203.4			0.417959
203.6			0.583619
203.8			0.664944
204			0.777624
204.2			0.85407
204.4			0.905111
204.6			0.921953
204.8			0.886317
205			0.793274
205.2			0.724473
205.4			0.614833
205.6			0.495787
205.8			0.306884
206			0.139532
206.2			-0.00470302
206.4			-0.186022
206.6			-0.387468
206.8			-0.564181
207			-0.678543
207.2			-0.830571
207.4			-0.917972
207.6			-1.03406
207.8			-1.10111
208			-1.08389
208.2			-1.10576
208.4			-1.04011
208.6			-0.998124
208.8			-0.896861
209			-0.748806
209.2			-0.594837
209.4			-0.451058
209.6			-0.267199
209.8			-0.113322
210			0.104326
210.2			0.283525
210.4			0.404255
210.6			0.564008
210.8			0.700071
211			0.782199
211.2			0.854273
211.4			0.902781
211.6			0.884183
211.8			0.876929
212			0.836022
212.2			0.727936
212.4			0.611729
212.6			0.455628
212.8			0.317035
213			0.157381
213.2			-6.00394e-05
213.4			-0.202516
213.6			-0.382745
213.8			-0.543051
214			-0.700588
214.2			-0.821642
214.4			-0.936555
214.6			-1.04338
214.8			-1.09309
215			-1.11799
215.2			-1.07095
215.4			-1.03447
215.6			-0.976063
215.8			-0.883621
216			-0.727888
216.2			-0.623545
216.4			-0.444452
216.6			-0.24213
216.8			-0.0859766
217			0.113964
217.2			0.263421
217.4			0.44498
217.6			0.54548
217.8			0.710178
218			0.798731
218.2			0.846903
218.4			0.89899
218.6			0.916521
218.8			0.888442
219			0.832803
219.2			0.749561
219.4			0.613503
219.6			0.471305
219.8			0.298656
220			0.171995
220.2			-0.0103844
220.4			-0.201278
220.6			-0.385171
220.8			-0.538885
221			-0.685184
221.2			-0.843687
221.4			-0.968992
221.6			-1.04015
221.8			-1.10224
222			-1.12255
222.2			-1.07227
222.4			-1.02576
222.6			-0.976357
222.8			-0.850653
223			-0.753727
223.2			-0.59335
223.4			-0.444135
223.6			-0.239316
223.8			-0.0631842
224			0.0779803
224.2			0.249068
224.4			0.448447
224.6			0.567887
224.8			0.718389
225			0.773931
225.2			0.850106
225.4			0.870491
225.6			0.890087
225.8			0.872451
226			0.831587
226.2			0.698592
226.4			0.629255
226.6			0.474492
226.8			0.287933
227			0.139099
227.2			-0.0548578
227.4			-0.214592
227.6			-0.387444
227.8			-0.58082
228			-0.719598
228.2			-0.839788
228.4			-0.96628
228.6			-1.01248
228.8			-1.05716
229			-1.08973
229.2			-1.10086
229.4			-1.04986
229.6			-0.990692
229.8			-0.889208
230			-0.741878
230.2			-0.607476
230.4			-0.404591
230.6			-0.254364
230.8			-0.0728817
231			0.129623
231.2			0.283299
231.4			0.43033
231.6			0.555063
231.8			0.686671
232			0.798889
232.2			0.87848
232.4			0.904195
232.6			0.872807
232.8			0.853462
233			0.822101
233.2			0.716179
233.4			0.583197
233.6			0.466186
233.8			0.324352
234			0.112557
234.2			-0.0256246
234.4			-0.229559
234.6			-0.401026
234.8			-0.567743
235			-0.721868
235.2			-0.839626
235.4			-0.936256
235.6			-1.03508
235.8			-1.10541
236			-1.08275
236.2			-1.09797
236.4			-1.02809
236.6			-0.95449
236.8			-0.837734
237			-0.739601
237.2			-0.589131
237.4			-0.413711
237.6			-0.253146
237.8			-0.0886493
238			0.120044
238.2			0.293556
238.4			0.445575
238.6			0.585707
238.8			0.694709
239			0.803613
239.2			0.855362
239.4			0.894459
239.6			0.886367
239.8			0.863177
240			0.81734
240.2			0.700973
240.4			0.62037
240.6			0.475866
240.8			0.319322
241			0.106779
241.2			-0.0584039
241.4			-0.21215
241.6			-0.414467
241.8			-0.550204
242			-0.698112
242.2			-0.835617
242.4			-0.960721
242.6			-1.03872
242.8			-1.08609
243			-1.07849
243.2			-1.07823
243.4			-1.04679
243.6			-0.985218
243.8			-0.836635
244			-0.747859
244.2			-0.581813
244.4			-0.405637
244.6			-0.253122
244.8			-0.0572294
245			0.117683
245.2			0.291287
245.4			0.458536
245.6			0.587784
245.8			0.71204
246			0.822635
246.2			0.843466
246.4			0.905714
246.6			0.881115
246.8			0.871108
247			0.808211
247.2			0.686925
247.4			0.572639
247.6			0.441467
247.8			0.299958
248			0.118159
248.2			-0.0648614
248.4			-0.240783
248.6			-0.39027
248.8			-0.591921
249			-0.709937
249.2			-0.828072
249.4			-0.948945
249.6			-1.04591
249.8			-1.08814
250			-1.07594
250.2			-1.0761
250.4			-1.05656
250.6			-0.948092
250.8			-0.874107
251			-0.738124
251.2			-0.578064
251.4			-0.414325
251.6			-0.234737
251.8			-0.05003
252			0.133115
252.2			0.303142
252.4			0.437303
252.6			0.585682
252.8			0.69712
253			0.798518
253.2			0.880254
253.4			0.882419
253.6			0.912548
253.8			0.85145
254			0.785859
254.2			0.699537
254.4			0.60959
254.6			0.440639
254.8			0.311347
255			0.141675
255.2			-0.0717726
255.4			-0.249531
255.6			-0.389431
255.8			-0.556007
256			-0.731559
256.2			-0.860045
256.4			-0.963376
256.6			-1.05656
256.8			-1.08089
257			-1.11474
257.2			-1.06455
257.4			-1.03701
257.6			-0.965714
257.8			-0.864393
258			-0.706111
258.2			-0.549739
258.4			-0.387418
258.6			-0.22917
258.8			-0.0326687
259			0.155163
259.2			0.314278
259.4			0.455291
259.6			0.576567
259.8			0.715708
260			0.829083
260.2			0.86533
260.4			0.886533
260.6			0.902132
260.8			0.872247
261			0.812125
261.2			0.726761
261.4			0.581061
261.6			0.457436
261.8			0.285159
262			0.101697
262.2			-0.0505329
262.4			-0.222135
262.6			-0.429712
262.8			-0.566924
263			-0.72174
263.2			-0.857433
263.4			-0.955806
263.6			-1.05981
263.8			-1.08894
264			-1.11801
264.2			-1.09236
264.4			-1.01088
264.6			-0.932933
264.8			-0.837782
265			-0.722083
265.2			-0.539525
265.4			-0.371306
265.6			-0.22606
265.8			-0.0181475
266			0.117669
266.2			0.283957
266.4			0.48158
266.6			0.604452
266.8			0.694945
267			0.823142
267.2			0.85539
267.4			0.886931
267.6			0.910946
267.8			0.878743
268			0.797858
268.2			0.693474
268.4			0.570377
268.6			0.433593
268.8			0.285732
269			0.127809
269.2			-0.0941715
269.4			-0.252467
269.6			-0.414798
269.8			-0.568697
270			-0.760903
270.2			-0.842747
270.4			-0.951422
270.6			-1.04545
270.8			-1.09188
271			-1.11904
271.2			-1.0791
271.4			-1.02879
271.6			-0.929695
271.8			-0.836827
272			-0.716168
272.2			-0.56485
272.4			-0.390111
272.6			-0.222513
272.8			-0.0176258
273			0.166283
273.2			0.33583
273.4			0.450855
273.6			0.588839
273.8			0.719191
274			0.831051
274.2			0.871566
274.4			0.876229
274.6			0.883544
274.8			0.882612
275			0.790115
275.2			0.688707
275.4			0.585925
275.6			0.43744
275.8			0.250166
276			0.0901599
276.2			-0.0871023
276.4			-0.23464
276.6			-0.452424
276.8			-0.616153
277			-0.733766
277.2			-0.888312
277.4			-0.973902
277.6			-1.05653
277.8			-1.10677
278			-1.09497
278.2			-1.0746
278.4			-1.03107
278.6			-0.929184
278.8			-0.841685
279			-0.703224
279.2			-0.529051
279.4			-0.360043
279.6			-0.217531
279.8			-0.0531623
280			0.153686
280.2			0.311598
280.4			0.492758
280.6			0.630372
280.8			0.727343
281			0.80803
281.2			0.877475
281.4			0.878106
281.6			0.883885
281.8			0.835085
282			0.803309
282.2			0.686254
282.4			0.564807
282.6			0.432607
282.8			0.262101
283			0.0730237
283.2			-0.0945299
283.4			-0.251974
283.6			-0.448591
283.8			-0.608264
284			-0.739407
284.2			-0.84946
284.4			-0.961602
284.6			-1.05526
284.8			-1.06476
285			-1.0864
285.2			-1.05345
285.4			-1.02341
285.6			-0.940623
285.8			-0.851754
286			-0.683715
286.2			-0.521384
286.4			-0.370251
286.6			-0.212344
286.8			-0.0300144
287			0.167621
287.2			0.317307
287.4			0.46749
287.6			0.629811
287.8			0.712692
288			0.791105
288.2			0.87598
288.4			0.878449
288.6			0.886893
288.8			0.841327
289			0.788524
289.2			0.696515
289.4			0.546057
289.6			0.40834
289.8			0.24764
290			0.0639975
290.2			-0.0867993
290.4			-0.258213
290.6			-0.441968
290.8			-0.607172
291			-0.7612
291.2			-0.868878
291.4			-0.977211
291.6			-1.02495
291.8			-1.09598
292			-1.10556
292.2			-1.0891
292.4			-1.02302
292.6			-0.944595
292.8			-0.813647
293			-0.701634
293.2			-0.53249
293.4			-0.386109
293.6			-0.181436
293.8			0.00445123
294			0.158666
294.2			0.341217
294.4			0.463798
294.6			0.638246
294.8			0.713044
295			0.807559
295.2			0.85898
295.4			0.900993
295.6			0.911992
295.8			0.848026
296			0.784432
296.2			0.683288
296.4			0.56803
296.6			0.418287
296.8			0.25116
297			0.0903355
297.2			-0.0883713
297.4			-0.30051
297.6			-0.441468
297.8			-0.593161
298			-0.774258
298.2			-0.892098
298.4			-0.969896
298.6			-1.07413
298.8			-1.07907
299			-1.10938
299.2			-1.0907
299.4			-1.02184
299.6			-0.935812
299.8			-0.834289
300			-0.688992
300.2			-0.517744
300.4			-0.371772
300.6			-0.166992
300.8			0.00164227
301			0.18265
301.2			0.357854
301.4			0.474764
301.6			0.644178
301.8			0.724019
302			0.830083
302.2			0.896361
302.4			0.891292
302.6			0.901914
302.8			0.844837
303			0.791537
303.2			0.702708
303.4			0.531899
303.6			0.40505
303.8			0.241577
304			0.0885487
304.2			-0.0789395
304.4			-0.293822
304.6			-0.460693
304.8			-0.618298
305			-0.745178
305.2			-0.898419
305.4			-1.0055
305.6			-1.07158
305.8			-1.09695
306			-1.08516
306.2			-1.07974
306.4			-1.00715
306.6			-0.953462
306.8			-0.824994
307			-0.696445
307.2			-0.522675
307.4			-0.341007
307.6			-0.185974
307.8			-0.0253827
308			0.194218
308.2			0.318813
308.4			0.500139
308.6			0.639207
308.8			0.758253
309			0.810549
309.2			0.864419
309.4			0.893506
309.6			0.866765
309.8			0.826122
310			0.794541
310.2			0.678765
310.4			0.551021
310.6			0.397315
310.8			0.251744
311			0.0860064
311.2			-0.120297
311.4			-0.275308
311.6			-0.484929
311.8			-0.613642
312			-0.760822
312.2			-0.885157
312.4			-0.982807
312.6			-1.03882
312.8			-1.0978
313			-1.12281
313.2			-1.08967
313.4			-1.00326
313.6			-0.90322
313.8			-0.809477
314			-0.677878
314.2			-0.53261
314.4			-0.361197
314.6			-0.166102
314.8			0.00533179
315			0.168052
315.2			0.33613
315.4			0.474449
315.6			0.647542
315.8			0.740322
316			0.834769
316.2			0.875694
316.4			0.876432
316.6			0.888777
316.8			0.834477
317			0.783743
317.2			0.673627
317.4			0.548431
317.6			0.377572
317.8			0.223777
318			0.0692467
318.2			-0.102908
318.4			-0.300801
318.6			-0.452349
318.8			-0.622142
319			-0.776792
319.2			-0.881216
319.4			-1.00661
319.6			-1.08071
319.8			-1.07859
320			-1.08635
320.2			-1.09403
320.4			-1.01188
320.6			-0.942177
320.8			-0.792917
321			-0.688065
321.2			-0.495723
321.4			-0.352408
321.6			-0.158554
321.8			0.00815281
322			0.182318
322.2			0.35854
322.4			0.513396
322.6			0.658338
322.8			0.741609
323			0.851367
323.2			0.865674
323.4			0.895529
323.6			0.892551
323.8			0.834462
324			0.792539
324.2			0.688083
324.4			0.538675
324.6			0.377034
324.8			0.230163
325			0.0575094
325.2			-0.122424
325.4			-0.320385
325.6			-0.451033
325.8			-0.612884
326			-0.761845
326.2			-0.895959
326.4			-0.972272
326.6			-1.04673
326.8			-1.09488
327			-1.07712
327.2			-1.06795
327.4			-1.01992
327.6			-0.940161
327.8			-0.822546
328			-0.687137
328.2			-0.508705
328.4			-0.324658
328.6			-0.149062
328.8			0.0253756
329			0.172217
329.2			0.360763
329.4			0.507249
329.6			0.643528
329.8			0.770701
330			0.816194
330.2			0.878614
330.4			0.907494
330.6			0.898194
330.8			0.827702
331			0.760453
331.2			0.667009
331.4			0.557464
331.6			0.391759
331.8			0.207659
332			0.0459558
332.2			-0.116954
332.4			-0.286265
332.6			-0.481749
332.8			-0.642924
333			-0.779853
333.2			-0.914321
333.4			-1.0003
333.6			-1.04915
333.8			-1.08802
334			-1.07266
334.2			-1.08062
334.4			-0.986406
334.6			-0.894958
334.8			-0.781837
335			-0.649687
335.2			-0.510623
335.4			-0.346379
335.6			-0.148166
335.8			0.0354595
336			0.176368
336.2			0.373996
336.4			0.500981
336.6			0.628561
336.8			0.737904
337			0.85128
337.2			0.896749
337.4			0.912468
337.6			0.875118
337.8			0.824473
338			0.778815
338.2			0.658034
338.4			0.52778
338.6			0.382739
338.8			0.216264
339			0.0294317
339.2			-0.132459
339.4			-0.296139
339.6			-0.507753
339.8			-0.630562
340			-0.768989
340.2			-0.906462
340.4			-0.984085
340.6			-1.07071
340.8			-1.07568
341			-1.11101
341.2			-1.06877
341.4			-0.985402
341.6			-0.917795
341.8			-0.772121
342			-0.64935
342.2			-0.504092
342.4			-0.348011
342.6			-0.176453
342.8			0.0158363
343			0.198125
343.2			0.363084
343.4			0.527909
343.6			0.626608
343.8			0.740666
344			0.834795
344.2			0.889254
344.4			0.879425
344.6			0.900969
344.8			0.856794
345			0.754143
345.2			0.630992
345.4			0.538413
345.6			0.353561
345.8			0.201675
346			0.0372554
346.2			-0.14866
346.4			-0.317761
346.6			-0.513442
346.8			-0.671598
347			-0.788325
347.2			-0.899935
347.4			-0.999855
347.6			-1.05618
347.8			-1.10869
348			-1.11442
348.2			-1.0868
348.4			-1.00732
348.6			-0.921701
348.8			-0.790798
349			-0.641929
349.2			-0.507392
349.4			-0.303474
349.6			-0.165851
349.8			0.0258939
350			0.192223
350.2			0.382664
350.4			0.548454
350.6			0.656274
350.8			0.758837
351			0.819586
351.2			0.879587
351.4			0.913539
351.6			0.908601
351.8			0.820891
352			0.761249
352.2			0.653251
352.4			0.54426
352.6			0.37473
352.8			0.199025
353			0.0146654
353.2			-0.13535
353.4			-0.33408
353.6			-0.520521
353.8			-0.659779
354			-0.784433
354.2			-0.929
354.4			-0.990045
354.6			-1.04563
354.8			-1.07399
355			-1.10703
355.2			-1.03812
355.4			-1.00776
355.6			-0.919988
355.8			-0.763417
356			-0.632622
356.2			-0.508832
356.4			-0.293205
356.6			-0.150723
356.8			0.0300272
357			0.214666
357.2			0.363733
357.4			0.507323
357.6			0.660215
357.8			0.771391
358			0.816456
358.2			0.861332
358.4			0.912887
358.6			0.906876
358.8			0.81966
359			0.756721
359.2			0.627814
359.4			0.518029
359.6			0.343261
359.8			0.178738
360			0.0218993
360.2			-0.163295
360.4			-0.346928
360.6			-0.499194
360.8			-0.666517
361			-0.810776
361.2			-0.930046
361.4			-1.00788
361.6			-1.06096
361.8			-1.07513
362			-1.09989
362.2			-1.04404
362.4			-1.01539
362.6			-0.898145
362.8			-0.800225
363			-0.641686
363.2			-0.497054
363.4			-0.325976
363.6			-0.148149
363.8			0.028587
364			0.245244
364.2			0.407183
364.4			0.541526
364.6			0.643524
364.8			0.781623
365			0.821528
365.2			0.889082
365.4			0.911658
365.6			0.872036
365.8			0.847347
366			0.774192
366.2			0.62067
366.4			0.492688
366.6			0.363675
366.8			0.219054
367			0.0363515
367.2			-0.180734
367.4			-0.354866
367.6			-0.523513
367.8			-0.687929
368			-0.809271
368.2			-0.931592
368.4			-1.02854
368.6			-1.06358
368.8			-1.10775
369			-1.07593
369.2			-1.04773
369.4			-0.997235
369.6			-0.915891
369.8			-0.795542
370			-0.626737
370.2			-0.495501
370.4			-0.290429
370.6			-0.125218
370.8			0.0561007
371			0.250506
371.2			0.399816
371.4			0.556349
371.6			0.649895
371.8			0.752247
372			0.861511
372.2			0.898897
372.4			0.922705
372.6			0.877401
372.8			0.810517
373			0.735318
373.2			0.643892
373.4			0.511328
373.6			0.362179
373.8			0.180712
374			0.0208193
374.2			-0.184322
374.4			-0.342582
374.6			-0.532241
374.8			-0.671505
375			-0.822851
375.2			-0.929892
375.4			-0.989252
375.6			-1.09131
375.8			-1.1021
376			-1.07008
376.2			-1.08151
376.4			-1.01368
376.6			-0.872649
376.8			-0.762583
377			-0.611227
377.2			-0.465576
377.4			-0.287381
377.6			-0.143403
377.8			0.0754834
378			0.214825
378.2			0.41189
378.4			0.564898
378.6			0.684048
378.8			0.75235
379			0.83043
379.2			0.90662
379.4			0.907332
379.6			0.895471
379.8			0.830428
380			0.763299
380.2			0.656346
380.4			0.50165
380.6			0.354482
380.8			0.182178
381			-0.0174299
381.2			-0.175454
381.4			-0.369114
381.6			-0.51484
381.8			-0.680251
382			-0.831384
382.2			-0.911166
382.4			-0.997297
382.6			-1.05273
382.8			-1.12122
383			-1.10782
383.2			-1.03487
383.4			-0.992768
383.6			-0.876993
383.8			-0.746932
384			-0.628864
384.2			-0.444542
384.4			-0.277625
384.6			-0.126097
384.8			0.0861133
385			0.21757
385.2			0.388022
385.4			0.572662
385.6			0.664217
385.8			0.784503
386			0.837878
386.2			0.87762
386.4			0.876002
386.6			0.884514
386.8			0.832087
387			0.719912
387.2			0.632401
387.4			0.519851
387.6			0.368795
387.8			0.186779
388			0.0180062
388.2			-0.15703
388.4			-0.34862
388.6			-0.542947
388.8			-0.664667
389			-0.825587
389.2			-0.917394
389.4			-1.02349
389.6			-1.08585
389.8			-1.09474
390			-1.08901
390.2			-1.02954
390.4			-0.977835
390.6			-0.890843
390.8			-0.781299
391			-0.617189
391.2			-0.438301
391.4			-0.306451
391.6			-0.111152
391.8			0.0720098
392			0.222749
392.2			0.398955
392.4			0.547595
392.6			0.680914
392.8			0.786078
393			0.850789
393.2			0.904924
393.4			0.89072
393.6			0.874242
393.8			0.800046
394			0.756652
394.2			0.632751
394.4			0.472502
394.6			0.330652
394.8			0.192989
395			0.00749619
395.2			-0.176192
395.4			-0.346587
395.6			-0.515525
395.8			-0.674
396			-0.819557
396.2			-0.922665
396.4			-1.00493
396.6			-1.06206
396.8			-1.08466
397			-1.07405
397.2			-1.05532
397.4			-0.98379
397.6			-0.898482
397.8			-0.780215
398			-0.606019
398.2			-0.470179
398.4			-0.256907
398.6			-0.104717
398.8			0.0693821
399			0.236754
399.2			0.406976
399.4			0.540735
399.6			0.704356
399.8			0.774893
400			0.86198
400.2			0.886253
400.4			0.909244
400.6			0.884403
400.8			0.827749
401			0.711182
401.2			0.628451
401.4			0.496268
401.6			0.315578
401.8			0.156802
402			-0.0238388
402.2			-0.199095
402.4			-0.368325
402.6			-0.519969
402.8			-0.693714
403			-0.840164
403.2			-0.939112
403.4			-1.03127
403.6			-1.07769
403.8			-1.12187
404			-1.07761
404.2			-1.0515
404.4			-0.989535
404.6			-0.855531
404.8			-0.765764
405			-0.586998
405.2			-0.427415
405.4			-0.288548
405.6			-0.0797069
405.8			0.100588
406			0.243065
406.2			0.411064
406.4			0.568423
406.6			0.701513
406.8			0.790374
407			0.838565
407.2			0.914433
407.4			0.912687
407.6			0.890242
407.8			0.825742
408			0.709372
408.2			0.625701
408.4			0.502255
408.6			0.319654
408.8			0.177918
409			0.00381235
409.2			-0.211811
409.4			-0.359311
409.6			-0.518163
409.8			-0.673535
410			-0.82985
410.2			-0.964454
410.4			-1.00726
410.6			-1.06843
410.8			-1.09751
411			-1.07604
411.2			-1.02431
411.4			-0.971686
411.6			-0.885503
411.8			-0.744893
412			-0.622222
412.2			-0.450648
412.4			-0.249724
412.6			-0.104021
412.8			0.101005
413			0.258985
413.2			0.410977
413.4			0.573977
413.6			0.675364
413.8			0.797994
414			0.863028
414.2			0.886086
414.4			0.920002
414.6			0.872866
414.8			0.833498
415			0.722844
415.2			0.621524
415.4			0.469671
415.6			0.337747
415.8			0.144775
416			-0.0158663
416.2			-0.191162
416.4			-0.394215
416.6			-0.571668
416.8			-0.689337
417			-0.848439
417.2			-0.955663
417.4			-1.05005
417.6			-1.07748
417.8			-1.10413
418			-1.08124
418.2			-1.05009
418.4			-0.970215
418.6			-0.854582
418.8			-0.75343
419			-0.576553
419.2			-0.411878
419.4			-0.239133
419.6			-0.102846
419.8			0.102269
420			0.278169
420.2			0.412267
420.4			0.56601
420.6			0.674574
420.8			0.800119
421			0.847063
421.2			0.886343
421.4			0.906823
421.6			0.870485
421.8			0.801071
422			0.733306
422.2			0.626158
422.4			0.492026
422.6			0.332896
422.8			0.158651
423			-0.0156105
423.2			-0.220657
423.4			-0.391423
423.6			-0.569263
423.8			-0.700602
424			-0.859563
424.2			-0.958664
424.4			-1.02209
424.6			-1.08818
424.8			-1.10258
425			-1.06505
425.2			-1.02695
425.4			-0.954545
425.6			-0.862844
425.8			-0.727639
426			-0.6117
426.2			-0.41497
426.4			-0.252961
426.6			-0.0963012
426.8			0.112413
427			0.279235
427.2			0.437542
427.4			0.560418
427.6			0.711543
427.8			0.782684
428			0.839934
428.2			0.887632
428.4			0.875618
428.6			0.879679
428.8			0.825078
429			0.744354
429.2			0.580921
429.4			0.459007
429.6			0.332582
429.8			0.129715
430			-0.0554548
430.2			-0.220383
430.4			-0.379454
430.6			-0.538208
430.8			-0.728966
431			-0.827782
431.2			-0.9507
431.4			-1.04458
431.6			-1.08966
431.8			-1.11525
432			-1.09178
432.2			-1.06249
432.4			-0.943734
432.6			-0.888144
432.8			-0.71587
433			-0.583725
433.2			-0.438825
433.4			-0.23702
433.6			-0.0647257
433.8			0.107895
434			0.297791
434.2			0.462454
434.4			0.576969
434.6			0.719865
434.8			0.775511
435			0.87977
435.2			0.882376
435.4			0.918914
435.6			0.863057
435.8			0.787314
436			0.702968
436.2			0.591683
436.4			0.470199
436.6			0.297464
436.8			0.144958
437			-0.0681292
437.2			-0.241325
437.4			-0.377343
437.6			-0.581134
437.8			-0.725004
438			-0.827329
438.2			-0.939064
438.4			-1.04944
438.6			-1.09037
438.8			-1.09223
439			-1.06648
439.2			-1.05761
439.4			-0.972818
439.6			-0.869607
439.8			-0.750208
440			-0.579892
440.2			-0.412981
440.4			-0.263201
440.6			-0.0775796
440.8			0.104697
441			0.286503
441.2			0.454523
441.4			0.575601
441.6			0.680142
441.8			0.794887
442			0.841421
442.2			0.897966
442.4			0.898758
442.6			0.843225
442.8			0.80575
443			0.729939
443.2			0.584158
443.4			0.468066
443.6			0.320223
443.8			0.133675
444			-0.0506621
444.2			-0.23307
444.4			-0.407757
444.6			-0.591948
444.8			-0.72687
445			-0.869759
445.2			-0.940143
445.4			-1.02604
445.6			-1.08211
445.8			-1.11494
446			-1.06538
446.2			-1.05546
446.4			-0.961169
446.6			-0.853938
446.8			-0.708311
447			-0.568227
447.2			-0.422884
447.4			-0.235701
447.6			-0.0421317
447.8			0.102649
448			0.269648
448.2			0.455024
448.4			0.610426
448.6			0.695924
448.8			0.775961
449			0.863345
449.2			0.895908
449.4			0.873538
449.6			0.864846
449.8			0.795832
450			0.719542
450.2			0.600657
450.4			0.432408
450.6			0.301575
450.8			0.135881
451			-0.0759461
451.2			-0.256796
451.4			-0.398515
451.6			-0.550361
451.8			-0.729332
452			-0.857209
452.2			-0.939588
452.4			-1.03536
452.6			-1.06337
452.8			-1.09895
453			-1.08782
453.2			-1.04167
453.4			-0.971266
453.6			-0.860024
453.8			-0.723488
454			-0.559946
454.2			-0.383118
454.4			-0.242339
454.6			-0.0378408
454.8			0.13507
455			0.28513
455.2			0.433417
455.4			0.571992
455.6			0.692203
455.8			0.810889
456			0.854544
456.2			0.914308
456.4			0.879089
456.6			0.845452
456.8			0.821427
457			0.709848
457.2			0.569207
457.4			0.443486
457.6			0.272602
457.8			0.12425
458			-0.067405
458.2			-0.21692
458.4			-0.436782
458.6			-0.601858
458.8			-0.754203
459			-0.842439
459.2			-0.94789
459.4			-1.01684
459.6			-1.07319
459.8			-1.10199
460			-1.07147
460.2			-1.03874
460.4			-0.949259
460.6			-0.857321
460.8			-0.737179
461			-0.555718
461.2			-0.37988
461.4			-0.201944
461.6			-0.0336623
461.8			0.116431
462			0.315311
462.2			0.436125
462.4			0.607357
462.6			0.716193
462.8			0.784742
463			0.847892
463.2			0.873033
463.4			0.903135
463.6			0.853164
463.8			0.791181
464			0.722352
464.2			0.601624
464.4			0.45419
464.6			0.295244
464.8			0.12746
465			-0.0818731
465.2			-0.225322
465.4			-0.439651
465.6			-0.599871
465.8			-0.758274
466			-0.855826
466.2			-0.986023
466.4			-1.03404
466.6			-1.09837
466.8			-1.08901
467			-1.08508
467.2			-1.01684
467.4			-0.95333
467.6			-0.859772
467.8			-0.732734
468			-0.575374
468.2			-0.387404
468.4			-0.21511
468.6			-0.0261278
468.8			0.135522
469			0.287799
469.2			0.485907
469.4			0.614424
469.6			0.741279
469.8			0.811298
470			0.876349
470.2			0.887014
470.4			0.883776
470.6			0.88349
470.8			0.8156
471			0.695939
471.2			0.569882
471.4			0.423484
471.6			0.292823
471.8			0.11286
472			-0.0602383
472.2			-0.261473
472.4			-0.405526
472.6			-0.603318
472.8			-0.762003
473			-0.863976
473.2			-0.954096
473.4			-1.06166
473.6			-1.08381
473.8			-1.09789
474			-1.0957
474.2			-1.01972
474.4			-0.967808
474.6			-0.841073
474.8			-0.682502
475			-0.567808
475.2			-0.367075
475.4			-0.213204
475.6			-0.0251735
475.8			0.157536
476			0.317171
476.2			0.464866
476.4			0.590106
476.6			0.719917
476.8			0.818746
477			0.857478
477.2			0.921865
477.4			0.887076
477.6			0.875463
477.8			0.764966
478			0.716632
478.2			0.577427
478.4			0.444393
478.6			0.280189
478.8			0.112249
479			-0.099809
479.2			-0.246745
479.4			-0.423566
479.6			-0.620013
479.8			-0.737867
480			-0.889001
480.2			-0.970595
480.4			-1.0308
480.6			-1.10475
480.8			-1.08867
481			-1.07871
481.2			-1.03093
481.4			-0.942075
481.6			-0.851073
481.8			-0.693906
482			-0.537513
482.2			-0.390569
482.4			-0.216163
482.6			-0.0311222
482.8			0.134933
483			0.296051
483.2			0.495294
483.4			0.60825
483.6			0.723827
483.8			0.806216
484			0.884992
484.2			0.915238
484.4			0.914858
484.6			0.848749
484.8			0.793014
485			0.668354
485.2			0.581772
485.4			0.440292
485.6			0.258754
485.8			0.0854494
486			-0.100329
486.2			-0.246918
486.4			-0.417183
486.6			-0.586213
486.8			-0.729156
487			-0.870916
487.2			-0.998896
487.4			-1.03086
487.6			-1.07526
487.8			-1.12094
488			-1.09159
488.2			-1.01157
488.4			-0.939546
488.6			-0.852178
488.8			-0.681639
489			-0.542616
489.2			-0.358021
489.4			-0.215877
489.6			-0.00981298
489.8			0.142475
490			0.309162
490.2			0.468483
490.4			0.601244
490.6			0.712799
490.8			0.805874
491			0.866824
491.2			0.89168
491.4			0.891821
491.6			0.862414
491.8			0.798875
492			0.71082
492.2			0.562854
492.4			0.428281
492.6			0.264551
492.8			0.0923636
493			-0.0696679
493.2			-0.266447
493.4			-0.470408
493.6			-0.616599
493.8			-0.739645
494			-0.883756
494.2			-0.996833
494.4			-1.06088
494.6			-1.08372
494.8			-1.11553
495			-1.07994
495.2			-1.00987
495.4			-0.961765
495.6			-0.821992
495.8			-0.675565
496			-0.537836
496.2			-0.392511
496.4			-0.216656
496.6			0.007513
496.8			0.148812
497			0.355
497.2			0.503575
497.4			0.61421
497.6			0.744361
497.8			0.79786
498			0.870511
498.2			0.876755
498.4			0.886859
498.6			0.85465
498.8			0.791057
499			0.667613
499.2			0.541266
499.4			0.402975
499.6			0.240972
499.8			0.0802827
500			-0.0794667
500.2			-0.298675
500.4			-0.44679
500.6			-0.593563
500.8			-0.760792
501			-0.896854
501.2			-0.982113
501.4			-1.07545
501.6			-1.09986
501.8			-1.07997
502			-1.05185
502.2			-1.03328
502.4			-0.942174
502.6			-0.831728
502.8			-0.675143
503			-0.551177
503.2			-0.372172
503.4			-0.192101
503.6			0.00128234
503.8			0.156236
504			0.325321
504.2			0.515615
504.4			0.636341
504.6			0.743748
504.8			0.826199
505			0.854257
505.2			0.904229
505.4			0.898415
505.6			0.863379
505.8			0.779836
506			0.692043
506.2			0.534373
506.4			0.425294
506.6			0.221513
506.8			0.0869781
507			-0.0994108
507.2			-0.274859
507.4			-0.442754
507.6			-0.611305
507.8			-0.765215
508			-0.863688
508.2			-0.968971
508.4			-1.03823
508.6			-1.09307
508.8			-1.10281
509			-1.09459
509.2			-1.00865
509.4			-0.940845
509.6			-0.807534
509.8			-0.70495
510			-0.523435
510.2			-0.355856
510.4			-0.191113
510.6			0.00738284
510.8			0.188284
511			0.326847
511.2			0.503461
511.4			0.617981
511.6			0.737657
511.8			0.800356
512			0.889909
512.2			0.876989
512.4			0.878769
512.6			0.867679
512.8			0.781448
513			0.671866
513.2			0.552412
513.4			0.398633
513.6			0.229803
513.8			0.0806857
514			-0.126947
514.2			-0.277769
514.4			-0.44085
514.6			-0.633212
514.8			-0.754381
515			-0.901977
515.2			-0.98914
515.4			-1.03385
515.6			-1.08538
515.8			-1.08739
516			-1.05919
516.2			-1.01631
516.4			-0.944438
516.6			-0.82887
516.8			-0.652647
517			-0.520469
517.2			-0.329827
517.4			-0.197391
517.6			-0.00524081
517.8			0.170286
518			0.358568
518.2			0.504969
518.4			0.651912
518.6			0.76389
518.8			0.818027
519			0.892452
519.2			0.913948
519.4			0.883781
519.6			0.82526
519.8			0.76512
520			0.672257
520.2			0.530327
520.4			0.377728
520.6			0.225938
520.8			0.0655648
521			-0.120917
521.2			-0.31437
521.4			-0.470676
521.6			-0.627035
521.8			-0.771708
522			-0.869036
522.2			-0.966017
522.4			-1.05608
522.6			-1.08292
522.8			-1.07484
523			-1.06169
523.2			-0.989808
523.4			-0.900004
523.6			-0.825573
523.8			-0.673371
524			-0.493812
524.2			-0.366614
524.4			-0.145899
524.6			-0.00927208
524.8			0.208319
525			0.347717
525.2			0.525603
525.4			0.648492
525.6			0.758747
525.8			0.804824
526			0.879171
526.2			0.884312
526.4			0.891961
526.6			0.841029
526.8			0.766046
527			0.666215
527.2			0.553909
527.4			0.387741
527.6			0.208259
527.8			0.0397274
528			-0.144942
528.2			-0.281481
528.4			-0.45305
528.6			-0.639244
528.8			-0.799452
529			-0.904218
529.2			-1.01087
529.4			-1.03618
529.6			-1.08369
529.8			-1.09923
530			-1.07864
530.2			-1.00829
530.4			-0.91816
530.6			-0.787594
530.8			-0.668618
531			-0.501317
531.2			-0.332713
531.4			-0.15991
531.6			0.00415487
531.8			0.180551
532			0.35369
532.2			0.527006
532.4			0.626389
532.6			0.737602
532.8			0.814808
533			0.857944
533.2			0.908287
533.4			0.890022
533.6			0.839755
533.8			0.781545
534			0.658658
534.2			0.531311
534.4			0.363467
534.6			0.227878
534.8			0.0683103
535			-0.128753
535.2			-0.311006
535.4			-0.465307
535.6			-0.657532
535.8			-0.780167
536			-0.888191
536.2			-0.979834
536.4			-1.08006
536.6			-1.08857
536.8			-1.08324
537			-1.06795
537.2			-0.985854
537.4			-0.928231
537.6			-0.779789
537.8			-0.674029
538			-0.491925
538.2			-0.353309
538.4			-0.172887
538.6			0.0409614
538.8			0.222504
539			0.371701
539.2			0.537865
539.4			0.629994
539.6			0.770098
539.8			0.839568
540			0.868733
540.2			0.915098
540.4			0.86193
540.6			0.818006
540.8			0.7833
541			0.66898
541.2			0.508092
541.4			0.396805
541.6			0.226483
541.8			0.0422556
542			-0.16116
542.2			-0.320883
542.4			-0.482219
542.6			-0.669266
542.8			-0.793887
543			-0.929112
543.2			-0.984993
543.4			-1.05195
543.6			-1.07659
543.8			-1.08588
544			-1.08631
544.2			-1.00709
544.4			-0.925617
544.6			-0.801215
544.8			-0.634482
545			-0.492133
545.2			-0.350362
545.4			-0.128642
545.6			0.0331637
545.8			0.182309
546			0.374792
546.2			0.52009
546.4			0.670349
546.6			0.739086
546.8			0.859172
547			0.886202
547.2			0.888985
547.4			0.869888
547.6			0.823147
547.8			0.756441
548			0.652214
548.2			0.503048
548.4			0.351951
548.6			0.190413
548.8			0.0553671
549			-0.14397
549.2			-0.336665
549.4			-0.475978
549.6			-0.666639
549.8			-0.77311
550			-0.89247
550.2			-1.01511
550.4			-1.0696
550.6			-1.09015
550.8			-1.12054
551			-1.05164
551.2			-1.02066
551.4			-0.885631
551.6			-0.776004
551.8			-0.638222
552			-0.506445
552.2			-0.337355
552.4			-0.157121
552.6			0.0361931
552.8			0.234958
553			0.378698
553.2			0.538783
553.4			0.675709
553.6			0.744974
553.8			0.850556
554			0.888915
554.2			0.908557
554.4			0.8738
554.6			0.850634
554.8			0.765291
555			0.663801
555.2			0.533342
555.4			0.358668
555.6			0.225955
555.8			0.0227236
556			-0.169053
556.2			-0.317571
556.4			-0.488796
556.6			-0.67908
556.8			-0.812954
557			-0.93308
557.2			-1.01367
557.4			-1.06966
557.6			-1.10217
557.8			-1.08505
558			-1.04793
558.2			-0.975312
558.4			-0.908668
558.6			-0.78376
558.8			-0.669054
559			-0.497694
559.2			-0.297997
559.4			-0.160769
559.6			0.047035
559.8			0.212719
560			0.399051
560.2			0.529254
560.4			0.647321
560.6			0.776346
560.8			0.821192
561			0.896626
561.2			0.922244
561.4			0.880343
561.6			0.852458
561.8			0.763774
562			0.66629
562.2			0.491481
562.4			0.385997
562.6			0.186026
562.8			0.00251305
563			-0.168517
563.2			-0.350961
563.4			-0.524701
563.6			-0.654725
563.8			-0.821195
564			-0.925597
564.2			-0.997822
564.4			-1.06915
564.6			-1.09084
564.8			-1.1128
565			-1.07203
565.2			-1.00424
565.4			-0.88676
565.6			-0.78876
565.8			-0.625093
566			-0.469806
566.2			-0.314563
566.4			-0.116607
566.6			0.0382885
566.8			0.213848
567			0.37003
567.2			0.518308
567.4			0.682559
567.6			0.789724
567.8			0.865822
568			0.904248
568.2			0.882278
568.4			0.883065
568.6			0.826215
568.8			0.772979
569			0.632862
569.2			0.496728
569.4			0.359813
569.6			0.175231
569.8			0.0118192
570			-0.179063
570.2			-0.360375
570.4			-0.515414
570.6			-0.643692
570.8			-0.804816
571			-0.922119
571.2			-1.02507
571.4			-1.06842
571.6			-1.09581
571.8			-1.08848
572			-1.07718
572.2			-1.00885
572.4			-0.890491
572.6			-0.782766
572.8			-0.6334
573			-0.485904
573.2			-0.310463
573.4			-0.148293
573.6			0.0471229
573.8			0.208015
574			0.412484
574.2			0.524056
574.4			0.649129
574.6			0.784529
574.8			0.849476
575			0.871248
575.2			0.891921
575.4			0.859736
575.6			0.804421
575.8			0.759601
576			0.62485
576.2			0.490773
576.4			0.347025
576.6			0.176361
576.8			-0.0050984
577			-0.166426
577.2			-0.32578
577.4			-0.532468
577.6			-0.675832
577.8			-0.798036
578			-0.930006
578.2			-0.99845
578.4			-1.08417
578.6			-1.08852
578.8			-1.10135
579			-1.04213
579.2			-0.990289
579.4			-0.909872
579.6			-0.784776
579.8			-0.62414
580			-0.450744
580.2			-0.295332
580.4			-0.0993537
580.6			0.076558
580.8			0.241938
581			0.388214
581.2			0.54055
581.4			0.682295
581.6			0.794234
581.8			0.865329
582			0.906743
582.2			0.917444
582.4			0.887769
582.6			0.810799
582.8			0.742685
583			0.625928
583.2			0.521275
583.4			0.327202
583.6			0.182287
583.8			-0.0174854
584			-0.179216
584.2			-0.368223
584.4			-0.524554
584.6			-0.678347
584.8			-0.822796
585			-0.92027
585.2			-1.03755
585.4			-1.07124
585.6			-1.09744
585.8			-1.08517
586			-1.05445
586.2			-0.993717
586.4			-0.870946
586.6			-0.78058
586.8			-0.630307
587			-0.457909
587.2			-0.281647
587.4			-0.105949
587.6			0.0761746
587.8			0.239232
588			0.399831
588.2			0.532605
588.4			0.679911
588.6			0.759706
588.8			0.842199
589			0.87067
589.2			0.91588
589.4			0.868488
589.6			0.844554
589.8			0.720047
590			0.646596
590.2			0.472841
590.4			0.339946
590.6			0.179865
590.8			0.0097437
591			-0.200612
591.2			-0.374638
591.4			-0.520943
591.6			-0.659646
591.8			-0.798798
592			-0.924202
592.2			-1.03072
592.4			-1.07463
592.6			-1.11584
592.8			-1.11142
593			-1.0437
593.2			-0.960343
593.4			-0.886677
593.6			-0.766689
593.8			-0.61433
594			-0.473037
594.2			-0.293138
594.4			-0.0820512
594.6			0.054327
594.8			0.258491
595			0.395361
595.2			0.579104
595.4			0.695028
595.6			0.803592
595.8			0.868216
596			0.877367
596.2			0.877397
596.4			0.865497
596.6			0.827201
596.8			0.742783
597			0.642521
597.2			0.508951
597.4			0.318143
597.6			0.14803
597.8			0.00371453
598			-0.200721
598.2			-0.380188
598.4			-0.536808
598.6			-0.677046
598.8			-0.798373
599			-0.933169
599.2			-1.03858
599.4			-1.07919
599.6			-1.11772
599.8			-1.11003
600			-1.06415
600.2			-0.977616
600.4			-0.899394
600.6			-0.734377
600.8			-0.589532
601			-0.471996
601.2			-0.268805
601.4			-0.102316
601.6			0.0678675
601.8			0.253017
602			0.423643
602.2			0.556581
602.4			0.688378
602.6			0.76709
602.8			0.871696
603			0.890659
603.2			0.889
603.4			0.862066
603.6			0.830551
603.8			0.742174
604			0.641551
604.2			0.504661
604.4			0.306175
604.6			0.171462
604.8			-0.0171449
605			-0.193783
605.2			-0.384957
605.4			-0.516664
605.6			-0.676591
605.8			-0.824138
606			-0.939225
606.2			-1.0048
606.4			-1.09735
606.6			-1.11344
606.8			-1.09942
607			-1.04791
607.2			-0.969209
607.4			-0.860801
607.6			-0.740309
607.8			-0.583967
608			-0.433826
608.2			-0.279614
608.4			-0.0967437
608.6			0.0983226
608.8			0.254008
609			0.440907
609.2			0.555151
609.4			0.69406
609.6			0.802351
609.8			0.839737
610			0.905188
610.2			0.89388
610.4			0.856115
610.6			0.796284
610.8			0.742685
611			0.596705
611.2			0.481304
611.4			0.320344
611.6			0.166727
611.8			-0.037546
612			-0.203063
612.2			-0.352033
612.4			-0.526439
612.6			-0.713724
612.8			-0.831356
613			-0.922393
613.2			-1.04276
613.4			-1.06875
613.6			-1.09836
613.8			-1.10376
614			-1.02933
614.2			-0.960583
614.4			-0.860024
614.6			-0.756166
614.8			-0.608968
615			-0.433322
615.2			-0.260441
615.4			-0.0830821
615.6			0.0788155
615.8			0.246887
616			0.405615
616.2			0.592054
616.4			0.680637
616.6			0.789025
616.8			0.851948
617			0.873289
617.2			0.876317
617.4			0.879892
617.6			0.792116
617.8			0.71691
618			0.612159
618.2			0.460665
618.4			0.320566
618.6			0.152326
618.8			-0.0266414
619			-0.207661
619.2			-0.372098
619.4			-0.531728
619.6			-0.722722
619.8			-0.818925
620			-0.963166
620.2			-1.01185
620.4			-1.06309
620.6			-1.12353
620.8			-1.08965
621			-1.05401
621.2			-0.982397
621.4			-0.890172
621.6			-0.751714
621.8			-0.592241
622			-0.441172
622.2			-0.260898
622.4			-0.0799964
622.6			0.0758605
622.8			0.280501
623			0.410159
623.2			0.58834
623.4			0.670254
623.6			0.782948
623.8			0.857719
624			0.887591
624.2			0.913155
624.4			0.863389
624.6			0.809272
624.8			0.723974
625			0.609217
625.2			0.44946
625.4			0.333908
625.6			0.134743
625.8			-0.0493228
626			-0.196379
626.2			-0.371463
626.4			-0.572037
626.6			-0.719976
626.8			-0.819922
627			-0.955961
627.2			-1.02528
627.4			-1.05884
627.6			-1.1228
627.8			-1.08008
628			-1.04567
628.2			-0.970933
628.4			-0.881237
628.6			-0.755925
628.8			-0.599418
629			-0.42555
629.2			-0.247346
629.4			-0.0596752
629.6			0.0908078
629.8			0.265312
630			0.448956
630.2			0.571835
630.4			0.71138
630.6			0.782117
630.8			0.869142
631			0.887999
631.2			0.877714
631.4			0.877945
631.6			0.792159
631.8			0.733701
632			0.586383
632.2			0.472027
632.4			0.317537
632.6			0.140255
632.8			-0.0420191
633			-0.242426
633.2			-0.397343
633.4			-0.558168
633.6			-0.701523
633.8			-0.81847
634			-0.938579
634.2			-1.02863
634.4			-1.0966
634.6			-1.1173
634.8			-1.10693
635			-1.02173
635.2			-0.975866
635.4			-0.884454
635.6			-0.709719
635.8			-0.564489
636			-0.424676
636.2			-0.239147
636.4			-0.0747008
636.6			0.0894703
636.8			0.258347
637			0.439442
637.2			0.580012
637.4			0.708763
637.6			0.784133
637.8			0.836912
638			0.90679
638.2			0.902338
638.4			0.863773
638.6			0.780876
638.8			0.702239
639			0.615604
639.2			0.477276
639.4			0.303942
639.6			0.141278
639.8			-0.0570206
640			-0.215809
640.2			-0.401068
640.4			-0.553125
640.6			-0.703013
640.8			-0.827548
641			-0.960698
641.2			-1.02358
641.4			-1.07446
641.6			-1.09328
641.8			-1.08236
642			-1.03408
642.2			-0.95935
642.4			-0.837456
642.6			-0.71975
642.8			-0.568817
643			-0.424323
643.2			-0.230099
643.4			-0.0589747
643.6			0.138168
643.8			0.287407
644			0.427111
644.2			0.58551
644.4			0.723187
644.6			0.821368
644.8			0.877571
645			0.888439
645.2			0.917022
645.4			0.882542
645.6			0.778076
645.8			0.706737
646			0.59295
646.2			0.435131
646.4			0.297402
646.6			0.13329
646.8			-0.0278579
647			-0.24259
647.2			-0.43124
647.4			-0.551119
647.6			-0.703328
647.8			-0.860422
648			-0.963947
648.2			-1.05781
648.4			-1.0789
648.6			-1.11999
648.8			-1.08737
649			-1.04524
649.2			-0.972127
649.4			-0.872901
649.6			-0.742604
649.8			-0.58827
650			-0.388396
650.2			-0.248356
650.4			-0.0678512
650.6			0.136572
650.8			0.318285
651			0.465384
651.2			0.605941
651.4			0.717184
651.6			0.813526
651.8			0.888435
652			0.884087
652.2			0.875529
652.4			0.876433
652.6			0.787695
652.8			0.731116
653			0.6139
653.2			0.471727
653.4			0.305422
653.6			0.111248
653.8			-0.0679869
654			-0.229184
654.2			-0.402943
654.4			-0.556456
654.6			-0.710135
654.8			-0.876376
655			-0.944235
655.2			-1.05689
655.4			-1.06766
655.6			-1.11849
655.8			-1.06976
656			-1.03097
656.2			-0.931305
656.4			-0.82578
656.6			-0.707106
656.8			-0.575273
657			-0.396179
657.2			-0.246234
657.4			-0.0489757
657.6			0.137767
657.8			0.309753
658			0.4386
658.2			0.576964
658.4			0.711474
658.6			0.786002
658.8			0.843614
659			0.90629
659.2			0.903153
659.4			0.84421
659.6			0.795578
659.8			0.725646
660			0.606112
660.2			0.461646
660.4			0.304625
660.6			0.0938701
660.8			-0.0557807
661			-0.252086
661.2			-0.42582
661.4			-0.604394
661.6			-0.736352
661.8			-0.864661
662			-0.983813
662.2			-1.06126
662.4			-1.07199
662.6			-1.10542
662.8			-1.10126
663			-1.05323
663.2			-0.932277
663.4			-0.864826
663.6			-0.723712
663.8			-0.568888
664			-0.420193
664.2			-0.206598
664.4			-0.0587406
664.6			0.120659
664.8			0.283831
665			0.438639
665.2			0.611539
665.4			0.738865
665.6			0.798564
665.8			0.879424
666			0.904823
666.2			0.893851
666.4			0.872815
666.6			0.787337
666.8			0.715538
667			0.557243
667.2			0.435878
667.4			0.265531
667.6			0.11783
667.8			-0.0859532
668			-0.272211
668.2			-0.401412
668.4			-0.596325
668.6			-0.74822
668.8			-0.87785
669			-0.986276
669.2			-1.02651
669.4			-1.09031
669.6			-1.1152
669.8			-1.07402
670			-1.02829
670.2			-0.931565
670.4			-0.83975
670.6			-0.703097
670.8			-0.555691
671			-0.414787
671.2			-0.237671
671.4			-0.0425915
671.6			0.160629
671.8			0.289276
672			0.473889
672.2			0.629674
672.4			0.734879
672.6			0.785363
672.8			0.854642
673			0.921583
673.2			0.885112
673.4			0.869495
673.6			0.81235
673.8			0.675531
674			0.558473
674.2			0.409739
674.4			0.252646
674.6			0.106468
674.8			-0.100321
675			-0.276867
675.2			-0.412458
675.4			-0.612876
675.6			-0.741449
675.8			-0.862054
676			-0.956107
676.2			-1.04704
676.4			-1.09145
676.6			-1.07705
676.8			-1.07866
677			-1.01281
677.2			-0.963248
677.4			-0.817012
677.6			-0.716732
677.8			-0.565372
678			-0.400979
678.2			-0.186166
678.4			-0.0348269
678.6			0.156702
678.8			0.302272
679			0.477408
679.2			0.630069
679.4			0.704229
679.6			0.797876
679.8			0.87968
680			0.877596
680.2			0.888397
680.4			0.846669
680.6			0.787982
680.8			0.707509
681			0.587471
681.2			0.403904
681.4			0.243075
681.6			0.113398
681.8			-0.0925141
682			-0.287009
682.2			-0.457459
682.4			-0.575977
682.6			-0.758431
682.8			-0.885566
683			-0.952877
683.2			-1.05109
683.4			-1.08573
683.6			-1.09407
683.8			-1.09001
684			-1.01205
684.2			-0.947691
684.4			-0.812841
684.6			-0.712845
684.8			-0.565057
685			-0.361589
685.2			-0.204519
685.4			-0.045785
685.6			0.133767
685.8			0.328002
686			0.464488
686.2			0.622053
686.4			0.744412
686.6			0.807372
686.8			0.860582
687			0.916022
687.2			0.902942
687.4			0.870488
687.6			0.793776
687.8			0.681863
688			0.570293
688.2			0.442708
688.4			0.243071
688.6			0.0878801
688.8			-0.101265
689			-0.264896
689.2			-0.436358
689.4			-0.621996
689.6			-0.753087
689.8			-0.856442
690			-0.995271
690.2			-1.03577
690.4			-1.06526
690.6			-1.10271
690.8			-1.07114
691			-1.02617
691.2			-0.96337
691.4			-0.840607
691.6			-0.703244
691.8			-0.545828
692			-0.356284
692.2			-0.216706
692.4			-0.031733
692.6			0.179769
692.8			0.341019
693			0.47706
693.2			0.620621
693.4			0.741848
693.6			0.82769
693.8			0.857692
694			0.920792
694.2			0.892544
694.4			0.875359
694.6			0.762962
694.8			0.684909
695			0.579003
695.2			0.414962
695.4			0.269673
695.6			0.0676527
695.8			-0.10422
696			-0.275658
696.2			-0.430999
696.4			-0.59184
696.6			-0.752657
696.8			-0.870125
697			-0.959567
697.2			-1.05776
697.4			-1.08608
697.6			-1.11502
697.8			-1.07171
698			-1.03584
698.2			-0.959375
698.4			-0.82984
698.6			-0.697252
698.8			-0.534755
699			-0.364566
699.2			-0.195416
699.4			-0.0350103
699.6			0.187942
699.8			0.350661
700			0.478649
700.2			0.612051
700.4			0.717118
700.6			0.843393
700.8			0.878404
701			0.874692
701.2			0.91447
701.4			0.84613
701.6			0.797183
701.8			0.702592
702			0.552157
702.2			0.403035
702.4			0.26798
702.6			0.0549903
702.8			-0.0809281
703			-0.283169
703.2			-0.446706
703.4			-0.594689
703.6			-0.754516
703.8			-0.902835
704			-0.985497
704.2			-1.03034
704.4			-1.10795
704.6			-1.08573
704.8			-1.09461
705			-1.02459
705.2			-0.948047
705.4			-0.829007
705.6			-0.706001
705.8			-0.510746
706			-0.371013
706.2			-0.19735
706.4			-0.0259928
706.6			0.183632
706.8			0.316429
707			0.511528
707.2			0.652031
707.4			0.757522
707.6			0.805071
707.8			0.860564
708			0.891509
708.2			0.902088
708.4			0.835955
708.6			0.780644
708.8			0.673626
709			0.541096
709.2			0.419446
709.4			0.252221
709.6			0.0786518
709.8			-0.106994
710			-0.298726
710.2			-0.475449
710.4			-0.634871
710.6			-0.768324
710.8			-0.876669
711			-0.979096
711.2			-1.071
711.4			-1.08772
711.6			-1.1026
711.8			-1.06218
712			-1.00978
712.2			-0.924303
712.4			-0.814452
712.6			-0.692183
712.8			-0.514911
713			-0.334951
713.2			-0.194143
713.4			-0.0126989
713.6			0.160877
713.8			0.358622
714			0.486197
714.2			0.654195
714.4			0.754659
714.6			0.841378
714.8			0.888287
715			0.876029
715.2			0.890741
715.4			0.856758
715.6			0.79253
715.8			0.659418
716			0.556752
716.2			0.39986
716.4			0.223185
716.6			0.0519719
716.8			-0.122453
717			-0.305565
717.2			-0.469333
717.4			-0.648918
717.6			-0.756915
717.8			-0.898297
718			-0.991916
718.2			-1.0417
718.4			-1.1174
718.6			-1.12285
718.8			-1.07521
719			-1.01616
719.2			-0.931864
719.4			-0.786751
719.6			-0.667246
719.8			-0.49536
720			-0.359987
720.2			-0.166807
720.4			0.0039234
720.6			0.20346
720.8			0.351818
721			0.510158
721.2			0.643773
721.4			0.765347
721.6			0.847822
721.8			0.881966
722			0.882052
722.2			0.885262
722.4			0.865085
722.6			0.749984
722.8			0.67699
723			0.542744
723.2			0.381967
723.4			0.238574
723.6			0.0700116
723.8			-0.104343
724			-0.285084
724.2			-0.485691
724.4			-0.610822
724.6			-0.793232
724.8			-0.918631
725			-1.00774
725.2			-1.04935
725.4			-1.08404
725.6			-1.12116
725.8			-1.08898
726			-0.994585
726.2			-0.914986
726.4			-0.794945
726.6			-0.657611
726.8			-0.49716
727			-0.330465
727.2			-0.188341
727.4			-0.00875653
727.6			0.169185
727.8			0.370541
728			0.525286
728.2			0.630543
728.4			0.751379
728.6			0.808998
728.8			0.894451
729			0.889013
729.2			0.903328
729.4			0.849766
729.6			0.751631
729.8			0.640995
730			0.558022
730.2			0.392858
730.4			0.237024
730.6			0.0717353
730.8			-0.113778
731			-0.283951
731.2			-0.47029
731.4			-0.654863
731.6			-0.791428
731.8			-0.884537
732			-0.996918
732.2			-1.05327
732.4			-1.06988
732.6			-1.08158
732.8			-1.06155
733			-1.02513
733.2			-0.912746
733.4			-0.802201
733.6			-0.671805
733.8			-0.524314
734			-0.357097
734.2			-0.147626
734.4			0.0116974
734.6			0.217604
734.8			0.341945
735			0.518563
735.2			0.65976
735.4			0.766872
735.6			0.832104
735.8			0.905112
736			0.897599
736.2			0.894953
736.4			0.857107
736.6			0.758641
736.8			0.664077
737			0.520722
737.2			0.389032
737.4			0.213983
737.6			0.0632339
737.8			-0.133537
738			-0.334481
738.2			-0.483091
738.4			-0.64916
738.6			-0.77556
738.8			-0.881787
739			-1.02124
739.2			-1.04884
739.4			-1.0984
739.6			-1.07904
739.8			-1.05424
740			-1.01294
740.2			-0.935502
740.4			-0.77244
740.6			-0.639522
740.8			-0.486728
741			-0.31447
741.2			-0.152929
741.4			0.036004
741.6			0.20832
741.8			0.378725
742			0.541962
742.2			0.670167
742.4			0.75096
742.6			0.824629
742.8			0.866916
743			0.909725
743.2			0.863141
743.4			0.836316
743.6			0.747665
743.8			0.677492
744			0.537886
744.2			0.395011
744.4			0.191574
744.6			0.0168978
744.8			-0.121719
745			-0.331118
745.2			-0.4881
745.4			-0.643262
745.6			-0.786059
745.8			-0.921049
746			-0.976603
746.2			-1.0757
746.4			-1.08679
746.6			-1.11733
746.8			-1.08794
747			-0.981798
747.2			-0.899124
747.4			-0.770751
747.6			-0.664805
747.8			-0.496428
748			-0.310198
748.2			-0.122522
748.4			0.0519935
748.6			0.194844
748.8			0.370995
749			0.50542
749.2			0.645858
749.4			0.754993
749.6			0.816464
749.8			0.906222
750			0.900407
750.2			0.903011
750.4			0.840669
750.6			0.734096
750.8			0.668568
751			0.546607
751.2			0.357693
751.4			0.227895
751.6			0.0337272
751.8			-0.146195
752			-0.319407
752.2			-0.49997
752.4			-0.674792
752.6			-0.817474
752.8			-0.918073
753			-1.01174
753.2			-1.04946
753.4			-1.11664
753.6			-1.12006
753.8			-1.07578
754			-0.994545
754.2			-0.910169
754.4			-0.80434
754.6			-0.628856
754.8			-0.490265
755			-0.309371
755.2			-0.163412
755.4			0.0158154
755.6			0.234126
755.8			0.366394
756			0.552343
756.2			0.637299
756.4			0.774229
756.6			0.823028
756.8			0.875706
757			0.905029
757.2			0.890837
757.4			0.844079
757.6			0.748304
757.8			0.650172
758			0.540523
758.2			0.3882
758.4			0.190978
758.6			0.0057245
758.8			-0.128094
759			-0.333165
759.2			-0.480171
759.4			-0.643697
759.6			-0.784284
759.8			-0.91741
760			-1.00888
760.2			-1.04211
760.4			-1.1183
760.6			-1.0741
760.8			-1.0731
761			-1.00763
761.2			-0.894871
761.4			-0.798274
761.6			-0.659734
761.8			-0.501455
762			-0.305413
762.2			-0.152507
762.4			0.0270894
762.6			0.205062
762.8			0.403542
763			0.556073
763.2			0.669664
763.4			0.759116
763.6			0.847659
763.8			0.870229
764			0.913152
764.2			0.862922
764.4			0.839628
764.6			0.745417
764.8			0.650471
765			0.535468
765.2			0.341415
765.4			0.210669
765.6			0.0449593
765.8			-0.177771
766			-0.329307
766.2			-0.521619
766.4			-0.685608
766.6			-0.823393
766.8			-0.897961
767			-1.00232
767.2			-1.05725
767.4			-1.11777
767.6			-1.11622
767.8			-1.07542
768			-0.970021
768.2			-0.877084
768.4			-0.793322
768.6			-0.647022
768.8			-0.465265
769			-0.326337
769.2			-0.12676
769.4			0.0618905
769.6			0.244255
769.8			0.377559
770			0.513734
770.2			0.661317
770.4			0.772487
770.6			0.823296
770.8			0.911266
771			0.892254
771.2			0.876981
771.4			0.805733
771.6			0.72505
771.8			0.657714
772			0.520338
772.2			0.339503
772.4			0.176279
772.6			0.0307912
772.8			-0.157817
773			-0.324217
773.2			-0.489006
773.4			-0.672501
773.6			-0.790469
773.8			-0.935507
774			-0.993683
774.2			-1.0566
774.4			-1.07973
774.6			-1.07337
774.8			-1.07718
775			-0.98244
775.2			-0.885283
775.4			-0.793085
775.6			-0.621038
775.8			-0.494948
776			-0.321902
776.2			-0.14455
776.4			0.0425597
776.6			0.235397
776.8			0.419054
777			0.557808
777.2			0.661864
777.4			0.749417
777.6			0.837462
777.8			0.868673
778			0.911734
778.2			0.870558
778.4			0.832977
778.6			0.738962
778.8			0.631603
779			0.51249
779.2			0.341331
779.4			0.183302
779.6			-0.00815319
779.8			-0.170348
780			-0.330796
780.2			-0.494111
780.4			-0.653214
780.6			-0.813881
780.8			-0.948646
781			-1.0012
781.2			-1.07951
781.4			-1.11246
781.6			-1.09229
781.8			-1.06691
782			-1.01289
782.2			-0.896569
782.4			-0.75975
782.6			-0.60971
782.8			-0.442925
783			-0.316433
783.2			-0.105551
783.4			0.0404814
783.6			0.215672
783.8			0.418196
784			0.522798
784.2			0.690696
784.4			0.781151
784.6			0.836494
784.8			0.897056
785			0.879047
785.2			0.880298
785.4			0.84882
785.6			0.7359
785.8			0.613036
786			0.481413
786.2			0.327903
786.4			0.162202
786.6			-0.000575873
786.8			-0.169959
787			-0.36281
787.2			-0.503534
787.4			-0.702713
787.6			-0.826887
787.8			-0.91823
788			-0.995686
788.2			-1.06804
788.4			-1.10901
788.6			-1.08271
788.8			-1.05966
789			-1.00935
789.2			-0.863179
789.4			-0.769078
789.6			-0.627621
789.8			-0.46332
790			-0.302928
790.2			-0.099038
790.4			0.0933894
790.6			0.250133
790.8			0.382121
791			0.534524
791.2			0.658614
791.4			0.76985
791.6			0.839561
791.8			0.869873
792			0.917837
792.2			0.864734
792.4			0.811777
792.6			0.715498
792.8			0.630323
793			0.501859
793.2			0.326843
793.4			0.188696
793.6			-0.0252371
793.8			-0.18682
794			-0.345287
794.2			-0.552573
794.4			-0.691581
794.6			-0.825953
794.8			-0.934943
795			-1.02445
795.2			-1.06972
795.4			-1.115
795.6			-1.10063
795.8			-1.05053
796			-0.972307
796.2			-0.8775
796.4			-0.755918
796.6			-0.632278
796.8			-0.432032
797			-0.26662
797.2			-0.117035
797.4			0.0861324
797.6			0.235111
797.8			0.396804
798			0.558364
798.2			0.704224
798.4			0.765399
798.6			0.875515
798.8			0.884098
799			0.894287
799.2			0.887314
799.4			0.79547
799.6			0.734885
799.8			0.59845
800			0.502267
800.2			0.318452
800.4			0.172008
800.6			-0.00832764
800.8			-0.167396
801			-0.367027
801.2			-0.542776
801.4			-0.683046
801.6			-0.818305
801.8			-0.956569
802			-1.03809
802.2			-1.09831
802.4			-1.09823
802.6			-1.10459
802.8			-1.06352
803			-0.981204
803.2			-0.903348
803.4			-0.779442
803.6			-0.607677
803.8			-0.448102
804			-0.283088
804.2			-0.121089
804.4			0.0806701
804.6			0.241812
804.8			0.403094
805			0.538797
805.2			0.699347
805.4			0.770888
805.6			0.83492
805.8			0.88307
806			0.909358
806.2			0.868984
806.4			0.814645
806.6			0.726612
806.8			0.593833
807			0.48293
807.2			0.348399
807.4			0.135846
807.6			-0.0358791
807.8			-0.199324
808			-0.369692
808.2			-0.529085
808.4			-0.689559
808.6			-0.819766
808.8			-0.940427
809			-1.04197
809.2			-1.06241
809.4			-1.07793
809.6			-1.06724
809.8			-1.06175
810			-0.989194
810.2			-0.886097
810.4			-0.763712
810.6			-0.603673
810.8			-0.438279
811			-0.257609
811.2			-0.091855
811.4			0.0887531
811.6			0.258171
811.8			0.435995
812			0.549268
812.2			0.668243
812.4			0.781569
812.6			0.838783
812.8			0.885179
813			0.889464
813.2			0.854853
813.4			0.82706
813.6			0.750053
813.8			0.627424
814			0.464255
814.2			0.330899
814.4			0.175668
814.6			-0.0112445
814.8			-0.210712
815			-0.389272
815.2			-0.550189
815.4			-0.700927
815.6			-0.837016
815.8			-0.957328
816			-1.04696
816.2			-1.08506
816.4			-1.11745
816.6			-1.08329
816.8			-1.0526
817			-0.967634
817.2			-0.853852
817.4			-0.755953
817.6			-0.601441
817.8			-0.451818
818			-0.259109
818.2			-0.0932756
818.4			0.113405
818.6			0.283132
818.8			0.422964
819			0.547829
819.2			0.694646
819.4			0.798234
819.6			0.856817
819.8			0.906815
820			0.906886
820.2			0.870263
820.4			0.820605
820.6			0.716739
820.8			0.626763
821			0.493676
821.2			0.292983
821.4			0.142472
821.6			-0.0546803
821.8			-0.225159
822			-0.397695
822.2			-0.53232
822.4			-0.697693
822.6			-0.837875
822.8			-0.926654
823			-1.05157
823.2			-1.07266
823.4			-1.11972
823.6			-1.09781
823.8			-1.04786
824			-0.945642
824.2			-0.86551
824.4			-0.737035
824.6			-0.573013
824.8			-0.44668
825			-0.231517
825.2			-0.08653
825.4			0.0865447
825.6			0.271091
825.8			0.411442
826			0.59715
826.2			0.716471
826.4			0.79665
826.6			0.876788
826.8			0.891578
827			0.874833
827.2			0.876829
827.4			0.807676
827.6			0.723079
827.8			0.621465
828			0.465925
828.2			0.293211
828.4			0.151782
828.6			-0.0243552
828.8			-0.238088
829			-0.39002
829.2			-0.537271
829.4			-0.706338
829.6			-0.844495
829.8			-0.95371
830			-1.01856
830.2			-1.08928
830.4			-1.12251
830.6			-1.08117
830.8			-1.05884
831			-0.976152
831.2			-0.876156
831.4			-0.739984
831.6			-0.572285
831.8			-0.4425
832			-0.226751
832.2			-0.0536916
832.4			0.0863306
832.6			0.272315
832.8			0.45416
833			0.574685
833.2			0.686578
833.4			0.815674
833.6			0.8604
833.8			0.913158
834			0.921001
834.2			0.858366
834.4			0.814656
834.6			0.702129
834.8			0.62113
835			0.454174
835.2			0.28031
835.4			0.147572
835.6			-0.0377277
835.8			-0.216607
836			-0.377051
836.2			-0.539783
836.4			-0.703134
836.6			-0.849746
836.8			-0.955913
837			-1.01208
837.2			-1.08335
837.4			-1.09294
837.6			-1.06294
837.8			-1.0351
838			-0.979788
838.2			-0.848069
838.4			-0.750081
838.6			-0.59427
838.8			-0.413345
839			-0.262284
839.2			-0.0465357
839.4			0.11995
839.6			0.308704
839.8			0.458507
840			0.57557
840.2			0.719736
840.4			0.818172
840.6			0.88233
840.8			0.885174
841			0.908739
841.2			0.86362
841.4			0.812641
841.6			0.736651
841.8			0.58648
842			0.472379
842.2			0.278103
842.4			0.130878
842.6			-0.0606606
842.8			-0.215389
843			-0.381365
843.2			-0.55511
843.4			-0.700903
843.6			-0.863774
843.8			-0.952342
844			-1.04517
844.2			-1.0584
844.4			-1.08567
844.6			-1.09393
844.8			-1.03299
845			-0.969762
845.2			-0.878091
845.4			-0.747549
845.6			-0.597349
845.8			-0.43209
846			-0.242673
846.2			-0.0376515
846.4			0.13414
846.6			0.30806
846.8			0.450924
847			0.589868
847.2			0.718931
847.4			0.803289
847.6			0.846667
847.8			0.88404
848			0.896283
848.2			0.847916
848.4			0.825445
848.6			0.692231
848.8			0.596533
849			0.472925
849.2			0.28385
849.4			0.106349
849.6			-0.0487704
849.8			-0.253844
850			-0.411789
850.2			-0.599007
850.4			-0.742464
850.6			-0.844098
850.8			-0.961278
851			-1.05881
851.2			-1.08232
851.4			-1.09935
851.6			-1.08472
851.8			-1.03117
852			-0.93642
852.2			-0.873318
852.4			-0.728856
852.6			-0.580605
852.8			-0.418725
853			-0.249178
853.2			-0.0748829
853.4			0.144245
853.6			0.306755
853.8			0.452016
854			0.594302
854.2			0.692215
854.4			0.814949
854.6			0.868149
854.8			0.886105
855			0.885428
855.2			0.871082
855.4			0.795987
855.6			0.711126
855.8			0.562563
856			0.431151
856.2			0.291004
856.4			0.106981
856.6			-0.0652245
856.8			-0.21535
857			-0.430862
857.2			-0.584432
857.4			-0.725645
857.6			-0.835797
857.8			-0.968403
858			-1.05002
858.2			-1.08786
858.4			-1.12317
858.6			-1.05912
858.8			-1.0256
859			-0.954429
859.2			-0.866277
859.4			-0.737145
859.6			-0.56646
859.8			-0.403414
860			-0.230673
860.2			-0.0706802
860.4			0.153075
860.6			0.323926
860.8			0.468416
861			0.577872
861.2			0.739151
861.4			0.825615
861.6			0.863236
861.8			0.904808
862			0.912286
862.2			0.882962
862.4			0.781824
862.6			0.697389
862.8			0.584964
863			0.426397
863.2			0.28075
863.4			0.122469
863.6			-0.0534122
863.8			-0.25818
864			-0.396299
864.2			-0.58851
864.4			-0.713454
864.6			-0.836652
864.8			-0.97973
865			-1.04485
865.2			-1.07057
865.4			-1.12344
865.6			-1.08664
865.8			-1.01917
866			-0.962162
866.2			-0.824567
866.4			-0.729062
866.6			-0.578106
866.8			-0.405234
867			-0.223949
867.2			-0.0257872
867.4			0.125682
867.6			0.290993
867.8			0.439824
868			0.623506
868.2			0.71525
868.4			0.822704
868.6			0.881278
868.8			0.917082
869			0.875635
869.2			0.856498
869.4			0.814326
869.6			0.704291
869.8			0.579997
870			0.435372
870.2			0.260487
870.4			0.118362
870.6			-0.0511175
870.8			-0.242612
871			-0.43572
871.2			-0.595685
871.4			-0.745875
871.6			-0.879576
871.8			-0.974387
872			-1.03747
872.2			-1.09788
872.4			-1.09934
872.6			-1.0722
872.8			-1.03974
873			-0.971333
873.2			-0.857382
873.4			-0.729806
873.6			-0.547407
873.8			-0.370854
874			-0.190074
874.2			-0.00969189
874.4			0.16567
874.6			0.315413
874.8			0.466134
875			0.595915
875.2			0.718486
875.4			0.790731
875.6			0.88351
875.8			0.875822
876			0.916407
876.2			0.873883
876.4			0.780363
876.6			0.669931
876.8			0.591667
877			0.420943
877.2			0.247359
877.4			0.0820868
877.6			-0.0744358
877.8			-0.277205
878			-0.425915
878.2			-0.616429
878.4			-0.719472
878.6			-0.894585
878.8			-0.948733
879			-1.02984
879.2			-1.10572
879.4			-1.12455
879.6			-1.0786
879.8			-1.03139
880			-0.926092
880.2			-0.850563
880.4			-0.677199
880.6			-0.530622
880.8			-0.403812
881			-0.199169
881.2			-0.0310647
881.4			0.163894
881.6			0.340643
881.8			0.456782
882			0.628814
882.2			0.740533
882.4			0.817388
882.6			0.86864
882.8			0.913436
883			0.890729
883.2			0.858561
883.4			0.791183
883.6			0.666177
883.8			0.551686
884			0.42328
884.2			0.279367
884.4			0.0946433
884.6			-0.0970992
884.8			-0.272266
885			-0.445329
885.2			-0.607566
885.4			-0.763056
885.6			-0.850459
885.8			-0.996996
886			-1.04742
886.2			-1.09222
886.4			-1.11689
886.6			-1.07222
886.8			-1.02599
887			-0.954063
887.2			-0.827199
887.4			-0.681444
887.6			-0.538515
887.8			-0.371737
888			-0.199462
888.2			-0.0375645
888.4			0.137511
888.6			0.342495
888.8			0.455195
889			0.634213
889.2			0.724868
889.4			0.818627
889.6			0.863697
889.8			0.909626
890			0.913485
890.2			0.863987
890.4			0.809245
890.6			0.692738
890.8			0.569369
891			0.423006
891.2			0.242521
891.4			0.0620654
891.6			-0.112613
891.8			-0.276249
892			-0.430531
892.2			-0.601208
892.4			-0.749178
892.6			-0.864633
892.8			-0.985773
893			-1.04058
893.2			-1.09302
893.4			-1.08627
893.6			-1.05673
893.8			-1.04504
894			-0.93337
894.2			-0.82055
894.4			-0.700456
894.6			-0.560039
894.8			-0.37001
895			-0.192454
895.2			-0.00304596
895.4			0.161475
895.6			0.321195
895.8			0.469443
896			0.631895
896.2			0.753417
896.4			0.805241
896.6			0.879613
896.8			0.876204
897			0.89746
897.2			0.838707
897.4			0.77612
897.6			0.70191
897.8			0.583925
898			0.435335
898.2			0.261782
898.4			0.0884482
898.6			-0.0760259
898.8			-0.281721
899			-0.443568
899.2			-0.636627
899.4			-0.766494
899.6			-0.895215
899.8			-0.986414
900			-1.04762
900.2			-1.07074
900.4			-1.11174
900.6			-1.08123
900.8			-1.00696
901			-0.933847
901.2			-0.802816
901.4			-0.696085
901.6			-0.540148
901.8			-0.362415
902			-0.192021
902.2			0.0121849
902.4			0.179837
902.6			0.345114
902.8			0.472843
903			0.611507
903.2			0.714626
903.4			0.8225
903.6			0.872391
903.8			0.895819
904			0.878897
904.2			0.867099
904.4			0.759754
904.6			0.689633
904.8			0.550986
905			0.395737
905.2			0.243478
905.4			0.0623985
905.6			-0.111134
905.8			-0.302358
906			-0.480445
906.2			-0.629286
906.4			-0.761991
906.6			-0.890363
906.8			-0.972956
907			-1.07193
907.2			-1.07806
907.4			-1.11705
907.6			-1.09223
907.8			-1.0235
908			-0.951147
908.2			-0.823107
908.4			-0.669447
908.6			-0.517789
908.8			-0.352478
909			-0.173556
909.2			-0.0185218
909.4			0.185504
909.6			0.353207
909.8			0.50077
910			0.652287
910.2			0.735624
910.4			0.833352
910.6			0.88383
910.8			0.894047
911			0.883383
911.2			0.852931
911.4			0.750741
911.6			0.671881
911.8			0.548292
912			0.403236
912.2			0.250523
912.4			0.0454118
912.6			-0.119199
912.8			-0.287594
913			-0.47579
913.2			-0.613096
913.4			-0.779319
913.6			-0.904194
913.8			-0.999911
914			-1.03532
914.2			-1.11361
914.4			-1.10465
914.6			-1.05511
914.8			-1.00105
915			-0.909296
915.2			-0.816712
915.4			-0.655526
915.6			-0.498254
915.8			-0.363542
916			-0.189195
916.2			-0.0200871
916.4			0.163007
916.6			0.338463
916.8			0.482807
917			0.656111
917.2			0.725961
917.4			0.827553
917.6			0.859157
917.8			0.891513
918			0.897659
918.2			0.827685
918.4			0.784571
918.6			0.676312
918.8			0.536092
919			0.383306
919.2			0.229267
919.4			0.0595532
919.6			-0.11824
919.8			-0.276126
920			-0.476076
920.2			-0.618708
920.4			-0.752048
920.6			-0.916529
920.8			-0.983798
921			-1.03729
921.2			-1.08998
921.4			-1.10286
921.6			-1.09138
921.8			-1.0365
922			-0.904646
922.2			-0.786794
922.4			-0.675201
922.6			-0.500666
922.8			-0.361652
923			-0.166267
923.2			0.0128444
923.4			0.162907
923.6			0.352005
923.8			0.502393
924			0.63452
924.2			0.740464
924.4			0.821016
924.6			0.870217
924.8			0.914048
925			0.904838
925.2			0.844873
925.4			0.790719
925.6			0.65178
925.8			0.558125
926			0.388477
926.2			0.249997
926.4			0.0632516
926.6			-0.128583
926.8			-0.326374
927			-0.487141
927.2			-0.649072
927.4			-0.778105
927.6			-0.901883
927.8			-0.967264
928			-1.07898
928.2			-1.07638
928.4			-1.09126
928.6			-1.06606
928.8			-1.00925
929			-0.935122
929.2			-0.788205
929.4			-0.647437
929.6			-0.531813
929.8			-0.333678
930			-0.180951
930.2			0.0181877
930.4			0.191478
930.6			0.377666
930.8			0.523432
931			0.620593
931.2			0.760784
931.4			0.828872
931.6			0.891147
931.8			0.882992
932			0.883793
932.2			0.822402
932.4			0.764964
932.6			0.675882
932.8			0.524043
933			0.392535
933.2			0.210733
933.4			0.0608497
933.6			-0.148543
933.8			-0.302278
934			-0.479628
934.2			-0.62584
934.4			-0.774482
934.6			-0.897174
934.8			-1.0067
935			-1.05849
935.2			-1.11497
935.4			-1.07335
935.6			-1.06037
935.8			-1.02668
936			-0.935888
936.2			-0.80906
936.4			-0.644143
936.6			-0.524546
936.8			-0.325218
937			-0.137887
937.2			0.0182879
937.4			0.193493
937.6			0.382634
937.8			0.508426
938			0.656601
938.2			0.770209
938.4			0.835344
938.6			0.875675
938.8			0.902245
939			0.865916
939.2			0.822996
939.4			0.738897
939.6			0.658124
939.8			0.554433
940			0.397426
940.2			0.209141
940.4			0.0420062
940.6			-0.148473
940.8			-0.303547
941			-0.485884
941.2			-0.642451
941.4			-0.798504
941.6			-0.921666
941.8			-1.00833
942			-1.08308
942.2			-1.10238
942.4			-1.0807
942.6			-1.07806
942.8			-1.00509
943			-0.915102
943.2			-0.816558
943.4			-0.655375
943.6			-0.496917
943.8			-0.306965
944			-0.15533
944.2			0.0379489
944.4			0.216852
944.6			0.346
944.8			0.521251
945			0.655818
945.2			0.76675
945.4			0.852495
945.6			0.875407
945.8			0.916189
946			0.876395
946.2			0.817618
946.4			0.738251
946.6			0.678953
946.8			0.519797
947			0.393072
947.2			0.20194
947.4			0.0472743
947.6			-0.146167
947.8			-0.296927
948			-0.513414
948.2			-0.646217
948.4			-0.787005
948.6			-0.918413
948.8			-0.999082
949			-1.05266
949.2			-1.10106
949.4			-1.10704
949.6			-1.06716
949.8			-1.02351
950			-0.9263
950.2			-0.785992
950.4			-0.65552
950.6			-0.491127
950.8			-0.344017
951			-0.129384
951.2			0.0147459
951.4			0.229454
951.6			0.389097
951.8			0.527426
952			0.644418
952.2			0.743092
952.4			0.81698
952.6			0.867356
952.8			0.910473
953			0.876297
953.2			0.815133
953.4			0.748323
953.6			0.639404
953.8			0.512429
954			0.363621
954.2			0.202459
954.4			0.0294275
954.6			-0.169162
954.8			-0.326342
955			-0.493692
955.2			-0.633547
955.4			-0.793999
955.6			-0.927258
955.8			-1.0001
956			-1.04627
956.2			-1.08309
956.4			-1.07668
956.6			-1.06335
956.8			-0.975641
957			-0.906816
957.2			-0.764558
957.4			-0.632399
957.6			-0.49995
957.8			-0.306689
958			-0.137418
958.2			0.0442376
958.4			0.240724
958.6			0.378393
958.8			0.541491
959			0.637789
959.2			0.784486
959.4			0.844155
959.6			0.908048
959.8			0.922783
960			0.901916
960.2			0.818837
960.4			0.745459
960.6			0.634154
960.8			0.532453
961			0.355949
961.2			0.183275
961.4			0.03744
961.6			-0.133478
961.8			-0.340207
962			-0.515953
962.2			-0.67041
962.4			-0.80921
962.6			-0.891233
962.8			-0.982308
963			-1.08425
963.2			-1.10345
963.4			-1.08516
963.6			-1.06824
963.8			-1.00655
964			-0.88315
964.2			-0.780972
964.4			-0.641775
964.6			-0.49531
964.8			-0.30928
965			-0.152705
965.2			0.0230539
965.4			0.243142
965.6			0.374033
965.8			0.537154
966			0.680032
966.2			0.745498
966.4			0.820302
966.6			0.907936
966.8			0.911272
967			0.886474
967.2			0.845909
967.4			0.757388
967.6			0.637966
967.8			0.519494
968			0.355525
968.2			0.201315
968.4			-0.00157133
968.6			-0.15011
968.8			-0.339669
969			-0.503722
969.2			-0.640743
969.4			-0.800577
969.6			-0.920278
969.8			-1.00868
970			-1.05873
970.2			-1.08229
970.4			-1.10772
970.6			-1.04531
970.8			-1.00283
971			-0.895318
971.2			-0.792764
971.4			-0.65268
971.6			-0.460889
971.8			-0.294943
972			-0.142552
972.2			0.0593196
972.4			0.25107
972.6			0.377116
972.8			0.547114
973			0.673781
973.2			0.784518
973.4			0.861085
973.6			0.907118
973.8			0.908616
974			0.858237
974.2			0.848719
974.4			0.743683
974.6			0.641162
974.8			0.526868
975			0.353405
975.2			0.187074
975.4			-0.00284679
975.6			-0.17969
975.8			-0.325446
976			-0.53301
976.2			-0.681887
976.4			-0.783685
976.6			-0.89886
976.8			-0.998743
977			-1.09168
977.2			-1.07874
977.4			-1.11488
977.6			-1.08087
977.8			-0.988158
978			-0.876344
978.2			-0.796894
978.4			-0.648544
978.6			-0.454358
978.8			-0.290019
979			-0.128959
979.2			0.0465614
979.4			0.244538
979.6			0.406627
979.8			0.523828
980			0.662809
980.2			0.759752
980.4			0.827353
980.6			0.890679
980.8			0.922305
981			0.858808
981.2			0.806068
981.4			0.726281
981.6			0.626188
981.8			0.505881
982			0.355471
982.2			0.194303
982.4			0.00358184
982.6			-0.194867
982.8			-0.368198
983			-0.5154
983.2			-0.683565
983.4			-0.800777
983.6			-0.94267
983.8			-1.0068
984			-1.07885
984.2			-1.07653
984.4			-1.07471
984.6			-1.04648
984.8			-1.01006
985			-0.905743
985.2			-0.784319
985.4			-0.621611
985.6			-0.467702
985.8			-0.276545
986			-0.0970086
986.2			0.0452463
986.4			0.226545
986.6			0.408883
986.8			0.52836
987			0.676223
987.2			0.750506
987.4			0.867488
987.6			0.892191
987.8			0.87797
988			0.894732
988.2			0.812351
988.4			0.725534
988.6			0.637643
988.8			0.493796
989			0.327442
989.2			0.191945
989.4			-0.00491281
989.6			-0.201232
989.8			-0.35867
990			-0.535192
990.2			-0.674982
990.4			-0.818119
990.6			-0.945456
990.8			-1.03685
991			-1.0669
991.2			-1.09766
991.4			-1.06907
991.6			-1.04224
991.8			-0.991832
992			-0.908231
992.2			-0.765704
992.4			-0.603259
992.6			-0.434751
992.8			-0.264124
993			-0.128198
993.2			0.0691632
993.4			0.248198
993.6			0.39236
993.8			0.575538
994			0.703263
994.2			0.763775
994.4			0.847405
994.6			0.877245
994.8			0.913445
995			0.868977
995.2			0.802308
995.4			0.748785
995.6			0.634537
995.8			0.507
996			0.31826
996.2			0.185506
996.4			-0.00413847
996.6			-0.18853
996.8			-0.382893
997			-0.555253
997.2			-0.66288
997.4			-0.815261
997.6			-0.937975
997.8			-1.01393
998			-1.07747
998.2			-1.12194
998.4			-1.07771
998.6			-1.05171
998.8			-0.982407
999			-0.905135
999.2			-0.77332
999.4			-0.63076
999.6			-0.464714
999.8			-0.278165
