0			0.0752771
0.02			0.124133
0.04			0.112225
0.06			0.174987
0.08			0.192243
0.1			0.19165
0.12			0.229374
0.14			0.237119
0.16			0.223412
0.18			0.267017
0.2			0.259636
0.22			0.318945
0.24			0.338498
0.26			0.322552
0.28			0.364843
0.3			0.379636
0.32			0.361271
0.34			0.381878
0.36			0.409747
0.38			0.417527
0.4			0.441513
0.42			0.488087
0.44			0.50336
0.46			0.520906
0.48			0.541417
0.5			0.522653
0.52			0.537175
0.54			0.59092
0.56			0.60624
0.58			0.576354
0.6			0.630307
0.62			0.634843
0.64			0.630205
0.66			0.682491
0.68			0.688152
0.7			0.703857
0.72			0.718672
0.74			0.707822
0.76			0.722459
0.78			0.752421
0.8			0.768854
0.82			0.766017
0.84			0.766959
0.86			0.781518
0.88			0.820103
0.9			0.844218
0.92			0.814417
0.94			0.843558
0.96			0.848778
0.98			0.889425
1			0.883214
1.02			0.876497
1.04			0.898353
1.06			0.890761
1.08			0.934109
1.1			0.910487
1.12			0.949322
1.14			0.945874
1.16			0.976701
1.18			0.989692
1.2			0.993018
1.22			1.01311
1.24			0.98763
1.26			0.986107
1.28			1.0268
1.3			1.02811
1.32			1.03495
1.34			1.04007
1.36			1.02983
1.38			1.05845
1.4			1.04251
1.42			1.05028
1.44			1.04444
1.46			1.07348
1.48			1.05606
1.5			1.06837
1.52			1.0662
1.54			1.09511
1.56			1.09703
1.58			1.07022
1.6			1.10865
1.62			1.1085
1.64			1.1012
1.66			1.09959
1.68			1.07739
1.7			1.11912
1.72			1.07816
1.74			1.09083
1.76			1.12345
1.78			1.08134
1.8			1.09568
1.82			1.07826
1.84			1.11328
1.86			1.08113
1.88			1.10426
1.9			1.069
1.92			1.07066
1.94			1.06454
1.96			1.0721
1.98			1.08785
2			1.09702
2.02			1.0851
2.04			1.08386
2.06			1.04804
2.08			1.03421
2.1			1.07546
2.12			1.06337
2.14			1.02267
2.16			1.05558
2.18			1.01398
2.2			1.03169
2.22			0.99977
2.24			0.988953
2.26			1.00509
2.28			1.01271
2.3			0.999172
2.32			0.993837
2.34			0.985118
2.36			0.967639
2.38			0.95064
2.4			0.937318
2.42			0.916626
2.44			0.925767
2.46			0.88528
2.48			0.913964
2.5			0.875935
2.52			0.88181
2.54			0.863304
2.56			0.821984
2.58			0.831369
2.6			0.829378
2.62			0.831862
2.64			0.772553
2.66			0.779847
2.68			0.751152
2.7			0.766018
2.72			0.754395
2.74			0.711665
2.76			0.719991
2.78			0.68596
2.8			0.697904
2.82			0.659375
2.84			0.646263
2.86			0.638845
2.88			0.609951
2.9			0.603118
2.92			0.583021
2.94			0.577667
2.96			0.550704
2.98			0.528882
3			0.556226
3.02			0.494392
3.04			0.518168
3.06			0.468667
3.08			0.468842
3.1			0.426593
3.12			0.410306
3.14			0.430204
3.16			0.382995
3.18			0.390399
3.2			0.346698
3.22			0.332162
3.24			0.321428
3.26			0.321843
3.28			0.298073
3.3			0.299445
3.32			0.266342
3.34			0.231413
3.36			0.212669
3.38			0.182214
3.4			0.211494
3.42			0.152745
3.44			0.147405
3.46			0.12957
3.48			0.10218
3.5			0.0729044
3.52			0.0628012
3.54			0.0780328
3.56			0.064799
3.58			0.00706246
3.6			0.00241549
3.62			-0.0296053
3.64			-0.0447386
3.66			-0.0398577
3.68			-0.0890329
3.7			-0.0890422
3.72			-0.0846704
3.74			-0.138723
3.76			-0.133306
3.78			-0.133632
3.8			-0.162612
3.82			-0.20221
3.84			-0.222046
3.86			-0.228295
3.88			-0.233267
3.9			-0.249534
3.92			-0.266035
3.94			-0.309529
3.96			-0.320885
3.98			-0.332526
4			-0.342869
4.02			-0.369497
4.04			-0.386169
4.06			-0.389453
4.08			-0.38846
4.1			-0.418243
4.12			-0.44814
4.14			-0.462045
4.16			-0.452794
4.18			-0.482779
4.2			-0.514305
4.22			-0.517245
4.24			-0.509619
4.26			-0.537366
4.28			-0.570766
4.3			-0.583667
4.32			-0.583643
4.34			-0.582614
4.36			-0.602412
4.38			-0.630256
4.4			-0.636426
4.42			-0.633906
4.44			-0.662
4.46			-0.6493
4.48			-0.682771
4.5			-0.699708
4.52			-0.716082
4.54			-0.682416
4.56			-0.702529
4.58			-0.719316
4.6			-0.757614
4.62			-0.760234
4.64			-0.735363
4.66			-0.746761
4.68			-0.757662
4.7			-0.77904
4.72			-0.784159
4.74			-0.796167
4.76			-0.785913
4.78			-0.798116
4.8			-0.825515
4.82			-0.825205
4.84			-0.836382
4.86			-0.851757
4.88			-0.825426
4.9			-0.874509
4.92			-0.851372
4.94			-0.867364
4.96			-0.887166
4.98			-0.851355
5			-0.886032
5.02			-0.902634
5.04			-0.876685
5.06			-0.870122
5.08			-0.869284
5.1			-0.878365
5.12			-0.886045
5.14			-0.880117
5.16			-0.879504
5.18			-0.905097
5.2			-0.923021
5.22			-0.885229
5.24			-0.889677
5.26			-0.91541
5.28			-0.900852
5.3			-0.886555
5.32			-0.893704
5.34			-0.88619
5.36			-0.900598
5.38			-0.880011
5.4			-0.906917
5.42			-0.883327
5.44			-0.867811
5.46			-0.859413
5.48			-0.878449
5.5			-0.875432
5.52			-0.858313
5.54			-0.882024
5.56			-0.86234
5.58			-0.867804
5.6			-0.852019
5.62			-0.833707
5.64			-0.823958
5.66			-0.844269
5.68			-0.803078
5.7			-0.820989
5.72			-0.809857
5.74			-0.781777
5.76			-0.799164
5.78			-0.809938
5.8			-0.795172
5.82			-0.774037
5.84			-0.747429
5.86			-0.760278
5.88			-0.720658
5.9			-0.749442
5.92			-0.71919
5.94			-0.716368
5.96			-0.713177
5.98			-0.690939
6			-0.672192
6.02			-0.678501
6.04			-0.634393
6.06			-0.64469
6.08			-0.654182
6.1			-0.632537
6.12			-0.630922
6.14			-0.614221
6.16			-0.595365
6.18			-0.543085
6.2			-0.530657
6.22			-0.540761
6.24			-0.502584
6.26			-0.495605
6.28			-0.496924
6.3			-0.488561
6.32			-0.483232
6.34			-0.464961
6.36			-0.420984
6.38			-0.425475
6.4			-0.420013
6.42			-0.412475
6.44			-0.385533
6.46			-0.383985
6.48			-0.340394
6.5			-0.32136
6.52			-0.330002
6.54			-0.317986
6.56			-0.303722
6.58			-0.270895
6.6			-0.261435
6.62			-0.220484
6.64			-0.217316
6.66			-0.193805
6.68			-0.167953
6.7			-0.178279
6.72			-0.134663
6.74			-0.139417
6.76			-0.111684
6.78			-0.0896043
6.8			-0.0838026
6.82			-0.0518126
6.84			-0.0476364
6.86			-0.0173083
6.88			-0.00115888
6.9			0.0329011
6.92			0.0394681
6.94			0.031647
6.96			0.0672358
6.98			0.0750657
7			0.110331
7.02			0.103264
7.04			0.147798
7.06			0.146711
7.08			0.180832
7.1			0.173255
7.12			0.2339
7.14			0.219242
7.16			0.23566
7.18			0.266674
7.2			0.293024
7.22			0.298514
7.24			0.335718
7.26			0.325313
7.28			0.335454
7.3			0.366326
7.32			0.407768
7.34			0.428462
7.36			0.43676
7.38			0.441244
7.4			0.478027
7.42			0.456513
7.44			0.473957
7.46			0.532325
7.48			0.507955
7.5			0.520548
7.52			0.571214
7.54			0.552388
7.56			0.5645
7.58			0.62162
7.6			0.636392
7.62			0.650762
7.64			0.659421
7.66			0.648643
7.68			0.700531
7.7			0.707328
7.72			0.695581
7.74			0.729557
7.76			0.726799
7.78			0.764761
7.8			0.745175
7.82			0.769021
7.84			0.786974
7.86			0.805571
7.88			0.831364
7.9			0.834053
7.92			0.848518
7.94			0.846455
7.96			0.850152
7.98			0.89224
8			0.875559
8.02			0.872732
8.04			0.910296
8.06			0.941455
8.08			0.919347
8.1			0.931945
8.12			0.957081
8.14			0.952476
8.16			0.950516
8.18			0.980827
8.2			0.978287
8.22			1.00104
8.24			1.01008
8.26			1.00475
8.28			1.02286
8.3			1.0021
8.32			1.04934
8.34			1.03462
8.36			1.05516
8.38			1.03845
8.4			1.03842
8.42			1.0603
8.44			1.05852
8.46			1.04336
8.48			1.09203
8.5			1.0803
8.52			1.09742
8.54			1.07524
8.56			1.07753
8.58			1.08781
8.6			1.06926
8.62			1.11414
8.64			1.10396
8.66			1.09218
8.68			1.11439
8.7			1.09965
8.72			1.09439
8.74			1.1199
8.76			1.12343
8.78			1.09265
8.8			1.09906
8.82			1.07921
8.84			1.08046
8.86			1.11378
8.88			1.07883
8.9			1.08828
8.92			1.10784
8.94			1.0704
8.96			1.09323
8.98			1.05225
9			1.06476
9.02			1.07315
9.04			1.06672
9.06			1.06001
9.08			1.04831
9.1			1.04264
9.12			1.05861
9.14			1.02378
9.16			1.05416
9.18			1.0238
9.2			1.01575
9.22			1.00849
9.24			0.993704
9.26			1.01736
9.28			0.97715
9.3			0.98491
9.32			0.967524
9.34			0.953686
9.36			0.961307
9.38			0.943123
9.4			0.944564
9.42			0.895628
9.44			0.907634
9.46			0.904599
9.48			0.882603
9.5			0.884609
9.52			0.845449
9.54			0.842978
9.56			0.859998
9.58			0.831996
9.6			0.804662
9.62			0.823496
9.64			0.790016
9.66			0.792984
9.68			0.749821
9.7			0.74315
9.72			0.72821
9.74			0.728899
9.76			0.71538
9.78			0.681524
9.8			0.673319
9.82			0.686118
9.84			0.628188
9.86			0.656867
9.88			0.619164
9.9			0.586644
9.92			0.599437
9.94			0.572803
9.96			0.547998
9.98			0.536085
10			0.532569
10.02			0.508971
10.04			0.471585
10.06			0.487701
10.08			0.450642
10.1			0.453095
10.12			0.44304
10.14			0.390599
10.16			0.407006
10.18			0.389561
10.2			0.35854
10.22			0.314866
10.24			0.344463
10.26			0.299365
10.28			0.299764
10.3			0.281502
10.32			0.25135
10.34			0.225732
10.36			0.207416
10.38			0.185911
10.4			0.156072
10.42			0.15329
10.44			0.147784
10.46			0.138623
10.48			0.108758
10.5			0.0978734
10.52			0.0711888
10.54			0.042318
10.56			0.0180365
10.58			0.0266499
10.6			-0.00311011
10.62			-0.0285991
10.64			-0.0283213
10.66			-0.0537241
10.68			-0.0620456
10.7			-0.0829457
10.72			-0.0961831
10.74			-0.121323
10.76			-0.147143
10.78			-0.15174
10.8			-0.159264
10.82			-0.172328
10.84			-0.188756
10.86			-0.216352
10.88			-0.228485
10.9			-0.239254
10.92			-0.264025
10.94			-0.311951
10.96			-0.295436
10.98			-0.334104
11			-0.35051
11.02			-0.376698
11.04			-0.356238
11.06			-0.401
11.08			-0.383107
11.1			-0.440751
11.12			-0.452328
11.14			-0.473058
11.16			-0.482765
11.18			-0.498731
11.2			-0.513497
11.22			-0.52491
11.24			-0.535823
11.26			-0.548032
11.28			-0.529151
11.3			-0.564096
11.32			-0.573588
11.34			-0.600128
11.36			-0.612299
11.38			-0.606757
11.4			-0.627857
11.42			-0.66259
11.44			-0.636631
11.46			-0.648961
11.48			-0.654834
11.5			-0.712955
11.52			-0.720985
11.54			-0.734643
11.56			-0.717495
11.58			-0.735324
11.6			-0.71708
11.62			-0.734131
11.64			-0.754146
11.66			-0.791104
11.68			-0.763258
11.7			-0.797575
11.72			-0.789561
11.74			-0.82458
11.76			-0.808821
11.78			-0.818972
11.8			-0.805655
11.82			-0.828122
11.84			-0.828329
11.86			-0.855087
11.88			-0.83089
11.9			-0.842456
11.92			-0.855085
11.94			-0.86991
11.96			-0.858891
11.98			-0.891258
12			-0.892776
12.02			-0.866271
12.04			-0.871912
12.06			-0.902155
12.08			-0.879547
12.1			-0.8819
12.12			-0.913757
12.14			-0.896582
12.16			-0.882416
12.18			-0.92329
12.2			-0.904076
12.22			-0.900768
12.24			-0.910201
12.26			-0.915527
12.28			-0.908991
12.3			-0.899608
12.32			-0.885964
12.34			-0.907343
12.36			-0.913782
12.38			-0.880402
12.4			-0.908087
12.42			-0.892601
12.44			-0.873941
12.46			-0.904038
12.48			-0.870398
12.5			-0.889598
12.52			-0.854351
12.54			-0.887212
12.56			-0.857881
12.58			-0.874703
12.6			-0.84577
12.62			-0.851035
12.64			-0.819702
12.66			-0.817207
12.68			-0.844524
12.7			-0.803482
12.72			-0.787567
12.74			-0.804068
12.76			-0.767803
12.78			-0.80429
12.8			-0.776713
12.82			-0.759773
12.84			-0.738132
12.86			-0.757233
12.88			-0.720038
12.9			-0.742848
12.92			-0.696812
12.94			-0.699655
12.96			-0.716867
12.98			-0.678037
13			-0.656876
13.02			-0.671706
13.04			-0.651531
13.06			-0.647025
13.08			-0.643014
13.1			-0.635639
13.12			-0.593179
13.14			-0.569536
13.16			-0.582801
13.18			-0.54027
13.2			-0.545069
13.22			-0.529298
13.24			-0.512799
13.26			-0.520191
13.28			-0.484453
13.3			-0.457373
13.32			-0.474568
13.34			-0.459915
13.36			-0.409124
13.38			-0.430631
13.4			-0.425166
13.42			-0.371268
13.44			-0.394344
13.46			-0.366333
13.48			-0.319012
13.5			-0.316917
13.52			-0.312871
13.54			-0.266041
13.56			-0.272874
13.58			-0.241356
13.6			-0.25947
13.62			-0.213318
13.64			-0.182769
13.66			-0.206035
13.68			-0.167629
13.7			-0.173656
13.72			-0.125326
13.74			-0.126877
13.76			-0.0953815
13.78			-0.100936
13.8			-0.0489415
13.82			-0.0731364
13.84			-0.0547745
13.86			-0.0247272
13.88			-0.00967382
13.9			0.0332752
13.92			0.0555046
13.94			0.0687652
13.96			0.0698847
13.98			0.104812
14			0.100455
14.02			0.133903
14.04			0.160369
14.06			0.178953
14.08			0.186346
14.1			0.221852
14.12			0.229861
14.14			0.243456
14.16			0.275313
14.18			0.260884
14.2			0.31354
14.22			0.304634
14.24			0.319311
14.26			0.343859
14.28			0.384937
14.3			0.386853
14.32			0.371701
14.34			0.398768
14.36			0.412314
14.38			0.427808
14.4			0.482658
14.42			0.459119
14.44			0.517552
14.46			0.502903
14.48			0.532741
14.5			0.56612
14.52			0.561794
14.54			0.565477
14.56			0.590696
14.58			0.613341
14.6			0.647669
14.62			0.64745
14.64			0.654294
14.66			0.68188
14.68			0.701665
14.7			0.690488
14.72			0.732291
14.74			0.71775
14.76			0.721314
14.78			0.760339
14.8			0.750866
14.82			0.765865
14.84			0.81217
14.86			0.808493
14.88			0.805537
14.9			0.843861
14.92			0.838286
14.94			0.840136
14.96			0.856811
14.98			0.880632
15			0.905763
15.02			0.919941
15.04			0.901436
15.06			0.922671
15.08			0.947698
15.1			0.921265
15.12			0.95958
15.14			0.967541
15.16			0.981567
15.18			0.995074
15.2			0.976289
15.22			0.977304
15.24			1.02644
15.26			1.01319
15.28			1.00598
15.3			1.01941
15.32			1.05445
15.34			1.05183
15.36			1.0423
15.38			1.05784
15.4			1.05137
15.42			1.04782
15.44			1.04164
15.46			1.07502
15.48			1.05138
15.5			1.08875
15.52			1.05671
15.54			1.05998
15.56			1.07209
15.58			1.07667
15.6			1.09976
15.62			1.09591
15.64			1.11571
15.66			1.11543
15.68			1.10348
15.7			1.10601
15.72			1.08801
15.74			1.07998
15.76			1.11279
15.78			1.07678
15.8			1.08024
15.82			1.07914
15.84			1.10194
15.86			1.07443
15.88			1.10151
15.9			1.07715
15.92			1.10899
15.94			1.10501
15.96			1.059
15.98			1.06051
16			1.06205
16.02			1.07719
16.04			1.07268
16.06			1.07548
16.08			1.05232
16.1			1.03515
16.12			1.04962
16.14			1.04863
16.16			1.03077
16.18			1.00217
16.2			1.00092
16.22			1.01148
16.24			0.98243
16.26			0.967767
16.28			0.974144
16.3			0.996134
16.32			0.943014
16.34			0.941427
16.36			0.943565
16.38			0.923094
16.4			0.95091
16.42			0.920965
16.44			0.926762
16.46			0.918972
16.48			0.87313
16.5			0.884833
16.52			0.860925
16.54			0.860826
16.56			0.856982
16.58			0.847171
16.6			0.788386
16.62			0.818867
16.64			0.789096
16.66			0.791374
16.68			0.744175
16.7			0.769095
16.72			0.737697
16.74			0.735894
16.76			0.726081
16.78			0.665411
16.8			0.697244
16.82			0.673149
16.84			0.625912
16.86			0.611145
16.88			0.603253
16.9			0.586556
16.92			0.606783
16.94			0.561594
16.96			0.538419
16.98			0.536131
17			0.510649
17.02			0.507234
17.04			0.511893
17.06			0.46716
17.08			0.440783
17.1			0.419079
17.12			0.404475
17.14			0.40827
17.16			0.379322
17.18			0.358067
17.2			0.36479
17.22			0.354141
17.24			0.323421
17.26			0.28484
17.28			0.280653
17.3			0.251485
17.32			0.228872
17.34			0.238454
17.36			0.197278
17.38			0.171271
17.4			0.178282
17.42			0.164198
17.44			0.11913
17.46			0.0985552
17.48			0.126553
17.5			0.065342
17.52			0.0855728
17.54			0.0476086
17.56			0.0206104
17.58			0.00724527
17.6			-0.00884555
17.62			-0.018089
17.64			-0.0413262
17.66			-0.0458512
17.68			-0.0782948
17.7			-0.107673
17.72			-0.133125
17.74			-0.113176
17.76			-0.163783
17.78			-0.155024
17.8			-0.194051
17.82			-0.178393
17.84			-0.199061
17.86			-0.224619
17.88			-0.26968
17.9			-0.244691
17.92			-0.27228
17.94			-0.318254
17.96			-0.298295
17.98			-0.30968
18			-0.336897
18.02			-0.371057
18.04			-0.401599
18.06			-0.371199
18.08			-0.432554
18.1			-0.432957
18.12			-0.443039
18.14			-0.459165
18.16			-0.463344
18.18			-0.489081
18.2			-0.517223
18.22			-0.525377
18.24			-0.508389
18.26			-0.563217
18.28			-0.566395
18.3			-0.590777
18.32			-0.596912
18.34			-0.579465
18.36			-0.602051
18.38			-0.620072
18.4			-0.633636
18.42			-0.668924
18.44			-0.673469
18.46			-0.679662
18.48			-0.674999
18.5			-0.68566
18.52			-0.721504
18.54			-0.704367
18.56			-0.731465
18.58			-0.718043
18.6			-0.727147
18.62			-0.743565
18.64			-0.769374
18.66			-0.77817
18.68			-0.786758
18.7			-0.777164
18.72			-0.781088
18.74			-0.786197
18.76			-0.823255
18.78			-0.801055
18.8			-0.80556
18.82			-0.823388
18.84			-0.843307
18.86			-0.86586
18.88			-0.868305
18.9			-0.860389
18.92			-0.84601
18.94			-0.889079
18.96			-0.863589
18.98			-0.891226
19			-0.888501
19.02			-0.863137
19.04			-0.877058
19.06			-0.907723
19.08			-0.870587
19.1			-0.876611
19.12			-0.897022
19.14			-0.879073
19.16			-0.878805
19.18			-0.892204
19.2			-0.882862
19.22			-0.924391
19.24			-0.917064
19.26			-0.884355
19.28			-0.901296
19.3			-0.882964
19.32			-0.878231
19.34			-0.876861
19.36			-0.897046
19.38			-0.892278
19.4			-0.866036
19.42			-0.903388
19.44			-0.866372
19.46			-0.889694
19.48			-0.85347
19.5			-0.859085
19.52			-0.842969
19.54			-0.866317
19.56			-0.841655
19.58			-0.829953
19.6			-0.861043
19.62			-0.864026
19.64			-0.837751
19.66			-0.821718
19.68			-0.802016
19.7			-0.829333
19.72			-0.811116
19.74			-0.811636
19.76			-0.798968
19.78			-0.760678
19.8			-0.776434
19.82			-0.738129
19.84			-0.759715
19.86			-0.743985
19.88			-0.728697
19.9			-0.727883
19.92			-0.731351
19.94			-0.685388
19.96			-0.701991
19.98			-0.686854
20			-0.668751
20.02			-0.635332
20.04			-0.628727
20.06			-0.654639
20.08			-0.613963
20.1			-0.615081
20.12			-0.590216
20.14			-0.586017
20.16			-0.555843
20.18			-0.572336
20.2			-0.548699
20.22			-0.543626
20.24			-0.536919
20.26			-0.520239
20.28			-0.484343
20.3			-0.469108
20.32			-0.478262
20.34			-0.467545
20.36			-0.416402
20.38			-0.43088
20.4			-0.415685
20.42			-0.381707
20.44			-0.343642
20.46			-0.33458
20.48			-0.311493
20.5			-0.333539
20.52			-0.293117
20.54			-0.2634
20.56			-0.267206
20.58			-0.268525
20.6			-0.229532
20.62			-0.233321
20.64			-0.211276
20.66			-0.175142
20.68			-0.175183
20.7			-0.152555
20.72			-0.139465
20.74			-0.127798
20.76			-0.0771253
20.78			-0.102388
20.8			-0.0842852
20.82			-0.0595151
20.84			-0.0200151
20.86			-0.0110708
20.88			-0.00736883
20.9			0.0127722
20.92			0.0362242
20.94			0.0602405
20.96			0.0845905
20.98			0.103947
21			0.136044
21.02			0.125431
21.04			0.173598
21.06			0.169183
21.08			0.189891
21.1			0.211116
21.12			0.232472
21.14			0.227883
21.16			0.27619
21.18			0.270332
21.2			0.279687
21.22			0.321567
21.24			0.349196
21.26			0.374329
21.28			0.347056
21.3			0.369893
21.32			0.402802
21.34			0.399153
21.36			0.458692
21.38			0.434805
21.4			0.49322
21.42			0.508407
21.44			0.497858
21.46			0.534612
21.48			0.545716
21.5			0.531679
21.52			0.573112
21.54			0.572711
21.56			0.612877
21.58			0.630458
21.6			0.646345
21.62			0.660879
21.64			0.6605
21.66			0.687531
21.68			0.687711
21.7			0.724692
21.72			0.722978
21.74			0.709398
21.76			0.77048
21.78			0.744577
21.8			0.797546
21.82			0.789407
21.84			0.776857
21.86			0.790217
21.88			0.806666
21.9			0.847815
21.92			0.870209
21.94			0.852789
21.96			0.871231
21.98			0.904726
22			0.870257
22.02			0.900725
22.04			0.927107
22.06			0.932904
22.08			0.927728
22.1			0.942674
22.12			0.938471
22.14			0.987072
22.16			0.992319
22.18			0.960752
22.2			1.01183
22.22			0.974653
22.24			0.999339
22.26			1.00489
22.28			1.02063
22.3			1.04377
22.32			1.01536
22.34			1.02321
22.36			1.05719
22.38			1.05682
22.4			1.06528
22.42			1.05753
22.44			1.04532
22.46			1.05
22.48			1.07076
22.5			1.05423
22.52			1.10644
22.54			1.07208
22.56			1.08491
22.58			1.0769
22.6			1.10993
22.62			1.0934
22.64			1.08663
22.66			1.11457
22.68			1.09574
22.7			1.07882
22.72			1.09892
22.74			1.12165
22.76			1.11756
22.78			1.09914
22.8			1.0812
22.82			1.10217
22.84			1.09688
22.86			1.09235
22.88			1.08537
22.9			1.10765
22.92			1.09735
22.94			1.06606
22.96			1.10212
22.98			1.05218
23			1.0673
23.02			1.066
23.04			1.06726
23.06			1.05414
23.08			1.04771
23.1			1.05725
23.12			1.03741
23.14			1.04494
23.16			1.01064
23.18			1.04262
23.2			1.0336
23.22			1.01987
23.24			0.982353
23.26			0.999382
23.28			0.955419
23.3			0.976545
23.32			0.983092
23.34			0.946746
23.36			0.946253
23.38			0.910438
23.4			0.939578
23.42			0.919379
23.44			0.885658
23.46			0.88282
23.48			0.887059
23.5			0.892623
23.52			0.841816
23.54			0.83442
23.56			0.848866
23.58			0.827611
23.6			0.823777
23.62			0.785756
23.64			0.776696
23.66			0.759342
23.68			0.758512
23.7			0.765909
23.72			0.711204
23.74			0.72441
23.76			0.675373
23.78			0.696213
23.8			0.663837
23.82			0.643194
23.84			0.641177
23.86			0.650213
23.88			0.613148
23.9			0.578183
23.92			0.598733
23.94			0.544203
23.96			0.531259
23.98			0.518341
24			0.529164
24.02			0.480292
24.04			0.499265
24.06			0.454947
24.08			0.468318
24.1			0.432795
24.12			0.425713
24.14			0.414161
24.16			0.371221
24.18			0.366431
24.2			0.34418
24.22			0.316348
24.24			0.297254
24.26			0.301248
24.28			0.291755
24.3			0.241229
24.32			0.222587
24.34			0.226341
24.36			0.188069
24.38			0.205603
24.4			0.189282
24.42			0.143542
24.44			0.117976
24.46			0.134476
24.48			0.0740629
24.5			0.0753278
24.52			0.047419
24.54			0.0635375
24.56			0.00542234
24.58			0.0275094
24.6			-0.0098765
24.62			-0.0244482
24.64			-0.0503158
24.66			-0.0537949
24.68			-0.102731
24.7			-0.0891085
24.72			-0.140187
24.74			-0.12581
24.76			-0.162022
24.78			-0.153828
24.8			-0.20777
24.82			-0.183476
24.84			-0.196909
24.86			-0.222011
24.88			-0.257676
24.9			-0.292981
24.92			-0.270561
24.94			-0.295758
24.96			-0.302583
24.98			-0.316327
25			-0.377153
25.02			-0.394437
25.04			-0.373025
25.06			-0.40802
25.08			-0.42661
25.1			-0.434727
25.12			-0.448912
25.14			-0.450305
25.16			-0.490908
25.18			-0.487468
25.2			-0.514591
25.22			-0.511758
25.24			-0.541597
25.26			-0.548113
25.28			-0.547806
25.3			-0.589184
25.32			-0.608839
25.34			-0.58087
25.36			-0.592396
25.38			-0.605762
25.4			-0.640297
25.42			-0.64405
25.44			-0.650879
25.46			-0.679168
25.48			-0.663205
25.5			-0.689764
25.52			-0.699813
25.54			-0.719501
25.56			-0.719925
25.58			-0.751331
25.6			-0.753187
25.62			-0.769763
25.64			-0.757712
25.66			-0.784549
25.68			-0.787858
25.7			-0.775729
25.72			-0.796318
25.74			-0.792415
25.76			-0.799365
25.78			-0.835051
25.8			-0.845797
25.82			-0.810136
25.84			-0.858997
25.86			-0.833276
25.88			-0.857825
25.9			-0.872274
25.92			-0.866532
25.94			-0.880992
25.96			-0.867932
25.98			-0.867699
26			-0.868068
26.02			-0.865823
26.04			-0.865554
26.06			-0.885212
26.08			-0.875559
26.1			-0.896166
26.12			-0.887537
26.14			-0.884055
26.16			-0.878518
26.18			-0.894391
26.2			-0.898103
26.22			-0.921631
26.24			-0.911977
26.26			-0.92205
26.28			-0.882131
26.3			-0.881368
26.32			-0.911463
26.34			-0.876407
26.36			-0.901714
26.38			-0.87361
26.4			-0.89988
26.42			-0.903891
26.44			-0.869545
26.46			-0.866572
26.48			-0.878
26.5			-0.848187
26.52			-0.883421
26.54			-0.839503
26.56			-0.865138
26.58			-0.862899
26.6			-0.834753
26.62			-0.827746
26.64			-0.81953
26.66			-0.800064
26.68			-0.792331
26.7			-0.825775
26.72			-0.822373
26.74			-0.811183
26.76			-0.802765
26.78			-0.779701
26.8			-0.783965
26.82			-0.758608
26.84			-0.756896
26.86			-0.730382
26.88			-0.736624
26.9			-0.70658
26.92			-0.686089
26.94			-0.678343
26.96			-0.712378
26.98			-0.664851
27			-0.655088
27.02			-0.665873
27.04			-0.656113
27.06			-0.622987
27.08			-0.627115
27.1			-0.581549
27.12			-0.592982
27.14			-0.562265
27.16			-0.544343
27.18			-0.551143
27.2			-0.539185
27.22			-0.530491
27.24			-0.495939
27.26			-0.511373
27.28			-0.495148
27.3			-0.44919
27.32			-0.43209
27.34			-0.422824
27.36			-0.417934
27.38			-0.404373
27.4			-0.38805
27.42			-0.378711
27.44			-0.382448
27.46			-0.321818
27.48			-0.309806
27.5			-0.319943
27.52			-0.279585
27.54			-0.260586
27.56			-0.283695
27.58			-0.247057
27.6			-0.250853
27.62			-0.221855
27.64			-0.194832
27.66			-0.19604
27.68			-0.157372
27.7			-0.117285
27.72			-0.138977
27.74			-0.122842
27.76			-0.0776636
27.78			-0.0837555
27.8			-0.0485369
27.82			-0.0132697
27.84			-0.0273311
27.86			-0.0237214
27.88			0.0367627
27.9			0.0449071
27.92			0.069512
27.94			0.0908404
27.96			0.0671755
27.98			0.101253
28			0.133887
28.02			0.153682
28.04			0.17673
28.06			0.161372
28.08			0.172886
28.1			0.196828
28.12			0.257397
28.14			0.227692
28.16			0.288908
28.18			0.295758
28.2			0.307215
28.22			0.332713
28.24			0.331785
28.26			0.366249
28.28			0.379828
28.3			0.366746
28.32			0.405851
28.34			0.409317
28.36			0.448197
28.38			0.474759
28.4			0.487561
28.42			0.480811
28.44			0.486642
28.46			0.502654
28.48			0.536268
28.5			0.571229
28.52			0.555367
28.54			0.582863
28.56			0.586613
28.58			0.641811
28.6			0.61903
28.62			0.629444
28.64			0.675312
28.66			0.701018
28.68			0.700437
28.7			0.733231
28.72			0.733892
28.74			0.717628
28.76			0.755632
28.78			0.777875
28.8			0.799493
28.82			0.765512
28.84			0.782842
28.86			0.821826
28.88			0.827692
28.9			0.816878
28.92			0.854353
28.94			0.855357
28.96			0.870865
28.98			0.891434
29			0.873352
29.02			0.903919
29.04			0.93724
29.06			0.930735
29.08			0.949731
29.1			0.948161
29.12			0.977141
29.14			0.980114
29.16			0.995265
29.18			0.970435
29.2			1.01496
29.22			0.978074
29.24			1.00168
29.26			1.02732
29.28			1.0291
29.3			1.04476
29.32			1.05665
29.34			1.03594
29.36			1.06019
29.38			1.04117
29.4			1.04487
29.42			1.04465
29.44			1.05519
29.46			1.05162
29.48			1.06455
29.5			1.08026
29.52			1.08602
29.54			1.0961
29.56			1.11046
29.58			1.10119
29.6			1.1062
29.62			1.07997
29.64			1.10737
29.66			1.09512
29.68			1.09747
29.7			1.11976
29.72			1.09616
29.74			1.11405
29.76			1.11892
29.78			1.1125
29.8			1.08028
29.82			1.08834
29.84			1.11014
29.86			1.09767
29.88			1.08707
29.9			1.07586
29.92			1.09793
29.94			1.09762
29.96			1.05256
29.98			1.09395
30			1.09134
30.02			1.04687
30.04			1.07575
30.06			1.03058
30.08			1.06337
30.1			1.06098
30.12			1.01567
30.14			1.03775
30.16			1.01046
30.18			1.02302
30.2			1.01175
30.22			1.02012
30.24			0.986831
30.26			1.00087
30.28			1.0011
30.3			0.985737
30.32			0.9615
30.34			0.940532
30.36			0.962681
30.38			0.910619
30.4			0.903378
30.42			0.920321
30.44			0.883891
30.46			0.871153
30.48			0.884033
30.5			0.847618
30.52			0.864894
30.54			0.844333
30.56			0.842287
30.58			0.816782
30.6			0.785448
30.62			0.801904
30.64			0.772751
30.66			0.744259
30.68			0.74692
30.7			0.719035
30.72			0.70906
30.74			0.727824
30.76			0.68264
30.78			0.700093
30.8			0.684339
30.82			0.632863
30.84			0.615882
30.86			0.632218
30.88			0.585274
30.9			0.596822
30.92			0.579953
30.94			0.580025
30.96			0.538183
30.98			0.520562
31			0.497714
31.02			0.490794
31.04			0.471886
31.06			0.480886
31.08			0.437661
31.1			0.430833
31.12			0.428544
31.14			0.411943
31.16			0.373085
31.18			0.376878
31.2			0.360137
31.22			0.33933
31.24			0.32652
31.26			0.291288
31.28			0.287073
31.3			0.23871
31.32			0.23633
31.34			0.222921
31.36			0.176441
31.38			0.188489
31.4			0.158412
31.42			0.158042
31.44			0.103695
31.46			0.101198
31.48			0.0834939
31.5			0.0543894
31.52			0.0712882
31.54			0.0538329
31.56			0.0341128
31.58			-0.015216
31.6			-0.0192328
31.62			-0.01843
31.64			-0.0693476
31.66			-0.0947328
31.68			-0.109223
31.7			-0.0935944
31.72			-0.14879
31.74			-0.122629
31.76			-0.171089
31.78			-0.170447
31.8			-0.191974
31.82			-0.188966
31.84			-0.213635
31.86			-0.260402
31.88			-0.273711
31.9			-0.288174
31.92			-0.278082
31.94			-0.297925
31.96			-0.320328
31.98			-0.354724
32			-0.359514
32.02			-0.387269
32.04			-0.387156
32.06			-0.403169
32.08			-0.427704
32.1			-0.438957
32.12			-0.429689
32.14			-0.477453
32.16			-0.497406
32.18			-0.504665
32.2			-0.492982
32.22			-0.541504
32.24			-0.525076
32.26			-0.542592
32.28			-0.554941
32.3			-0.596874
32.32			-0.616939
32.34			-0.593792
32.36			-0.615157
32.38			-0.633912
32.4			-0.642993
32.42			-0.636205
32.44			-0.676127
32.46			-0.693448
32.48			-0.68151
32.5			-0.677672
32.52			-0.727479
32.54			-0.736085
32.56			-0.753646
32.58			-0.748042
32.6			-0.731656
32.62			-0.734841
32.64			-0.747562
32.66			-0.778483
32.68			-0.809272
32.7			-0.797754
32.72			-0.786558
32.74			-0.786
32.76			-0.819078
32.78			-0.818752
32.8			-0.821842
32.82			-0.831796
32.84			-0.835448
32.86			-0.835574
32.88			-0.844827
32.9			-0.861256
32.92			-0.858158
32.94			-0.871515
32.96			-0.888745
32.98			-0.900811
33			-0.863909
33.02			-0.871742
33.04			-0.874737
33.06			-0.876936
33.08			-0.873371
33.1			-0.903817
33.12			-0.875602
33.14			-0.902956
33.16			-0.887707
33.18			-0.911019
33.2			-0.910557
33.22			-0.875849
33.24			-0.914516
33.26			-0.900789
33.28			-0.904827
33.3			-0.890765
33.32			-0.872589
33.34			-0.875488
33.36			-0.91132
33.38			-0.867927
33.4			-0.861551
33.42			-0.880936
33.44			-0.896925
33.46			-0.877256
33.48			-0.89191
33.5			-0.878045
33.52			-0.863777
33.54			-0.867717
33.56			-0.84206
33.58			-0.867589
33.6			-0.852337
33.62			-0.845021
33.64			-0.848389
33.66			-0.79888
33.68			-0.799627
33.7			-0.82213
33.72			-0.818284
33.74			-0.781035
33.76			-0.773598
33.78			-0.791383
33.8			-0.743973
33.82			-0.772211
33.84			-0.735342
33.86			-0.756806
33.88			-0.738893
33.9			-0.715398
33.92			-0.685452
33.94			-0.681399
33.96			-0.709647
33.98			-0.686683
34			-0.655562
34.02			-0.645199
34.04			-0.653815
34.06			-0.649095
34.08			-0.613578
34.1			-0.591893
34.12			-0.57969
34.14			-0.556788
34.16			-0.568104
34.18			-0.529968
34.2			-0.549851
34.22			-0.535279
34.24			-0.518876
34.26			-0.509119
34.28			-0.464649
34.3			-0.484035
34.32			-0.430213
34.34			-0.449823
34.36			-0.442198
34.38			-0.379924
34.4			-0.39041
34.42			-0.347637
34.44			-0.354282
34.46			-0.33829
34.48			-0.306709
34.5			-0.304325
34.52			-0.27553
34.54			-0.291429
34.56			-0.244195
34.58			-0.249864
34.6			-0.212969
34.62			-0.186006
34.64			-0.21105
34.66			-0.166717
34.68			-0.166453
34.7			-0.133524
34.72			-0.136333
34.74			-0.0887781
34.76			-0.0918982
34.78			-0.0643469
34.8			-0.0422317
34.82			-0.0481389
34.84			0.00218912
34.86			0.00125537
34.88			0.0257998
34.9			0.0171079
34.92			0.0370615
34.94			0.0904098
34.96			0.116823
34.98			0.0947177
35			0.149038
35.02			0.165175
35.04			0.15104
35.06			0.192117
35.08			0.218069
35.1			0.227702
35.12			0.224418
35.14			0.271294
35.16			0.250874
35.18			0.292918
35.2			0.329492
35.22			0.342103
35.24			0.340602
35.26			0.338762
35.28			0.398989
35.3			0.397048
35.32			0.430293
35.34			0.442634
35.36			0.466736
35.38			0.464759
35.4			0.482939
35.42			0.47718
35.44			0.534685
35.46			0.542768
35.48			0.526006
35.5			0.56345
35.52			0.593238
35.54			0.615974
35.56			0.62849
35.58			0.628317
35.6			0.622038
35.62			0.656256
35.64			0.665441
35.66			0.708815
35.68			0.706298
35.7			0.737372
35.72			0.734402
35.74			0.763199
35.76			0.778144
35.78			0.768571
35.8			0.804698
35.82			0.772139
35.84			0.799853
35.86			0.844202
35.88			0.855799
35.9			0.819686
35.92			0.86307
35.94			0.847098
35.96			0.893947
35.98			0.88244
36			0.904345
36.02			0.91793
36.04			0.916902
36.06			0.944976
36.08			0.929373
36.1			0.947149
36.12			0.949757
36.14			0.993001
36.16			0.975788
36.18			1.00433
36.2			0.994704
36.22			1.00364
36.24			1.00404
36.26			1.00089
36.28			1.03244
36.3			1.0359
36.32			1.05336
36.34			1.03901
36.36			1.06241
36.38			1.05746
36.4			1.05512
36.42			1.04962
36.44			1.06461
36.46			1.06292
36.48			1.05674
36.5			1.06819
36.52			1.10755
36.54			1.0964
36.56			1.08146
36.58			1.09103
36.6			1.08545
36.62			1.07974
36.64			1.08488
36.66			1.08915
36.68			1.10962
36.7			1.12364
36.72			1.11437
36.74			1.11224
36.76			1.08887
36.78			1.07363
36.8			1.07884
36.82			1.11659
36.84			1.1172
36.86			1.0865
36.88			1.08468
36.9			1.07376
36.92			1.10341
36.94			1.0966
36.96			1.09955
36.98			1.0535
37			1.09182
37.02			1.0759
37.04			1.04586
37.06			1.07506
37.08			1.04861
37.1			1.06201
37.12			1.01951
37.14			1.04115
37.16			1.01817
37.18			1.01217
37.2			0.983189
37.22			1.00316
37.24			0.972739
37.26			0.962325
37.28			0.978003
37.3			0.979998
37.32			0.948488
37.34			0.939493
37.36			0.91644
37.38			0.911338
37.4			0.906312
37.42			0.897324
37.44			0.869483
37.46			0.893697
37.48			0.861871
37.5			0.851759
37.52			0.869474
37.54			0.826698
37.56			0.817977
37.58			0.796977
37.6			0.807391
37.62			0.78932
37.64			0.77825
37.66			0.768343
37.68			0.735091
37.7			0.725941
37.72			0.694571
37.74			0.684952
37.76			0.706499
37.78			0.674333
37.8			0.635825
37.82			0.644243
37.84			0.642132
37.86			0.589738
37.88			0.584079
37.9			0.562868
37.92			0.553898
37.94			0.57174
37.96			0.540318
37.98			0.521814
38			0.501116
38.02			0.485251
38.04			0.477241
38.06			0.45443
38.08			0.432679
38.1			0.425732
38.12			0.418922
38.14			0.378948
38.16			0.387758
38.18			0.360307
38.2			0.337441
38.22			0.338822
38.24			0.294919
38.26			0.287633
38.28			0.259918
38.3			0.265568
38.32			0.208279
38.34			0.204447
38.36			0.215872
38.38			0.161697
38.4			0.178111
38.42			0.15599
38.44			0.0952186
38.46			0.095179
38.48			0.0903783
38.5			0.0415979
38.52			0.0658276
38.54			0.00704042
38.56			0.0298994
38.58			-0.0137622
38.6			-0.00400111
38.62			-0.0553786
38.64			-0.0514609
38.66			-0.0619065
38.68			-0.091161
38.7			-0.133344
38.72			-0.106103
38.74			-0.156188
38.76			-0.179284
38.78			-0.161341
38.8			-0.185406
38.82			-0.237321
38.84			-0.211826
38.86			-0.227541
38.88			-0.250475
38.9			-0.303109
38.92			-0.296616
38.94			-0.303441
38.96			-0.30881
38.98			-0.329244
39			-0.357382
39.02			-0.401168
39.04			-0.374502
39.06			-0.405453
39.08			-0.446102
39.1			-0.467225
39.12			-0.458027
39.14			-0.469711
39.16			-0.500783
39.18			-0.515282
39.2			-0.499832
39.22			-0.515033
39.24			-0.534462
39.26			-0.550671
39.28			-0.588829
39.3			-0.597425
39.32			-0.59619
39.34			-0.613232
39.36			-0.609698
39.38			-0.628819
39.4			-0.640804
39.42			-0.644026
39.44			-0.659129
39.46			-0.679484
39.48			-0.674508
39.5			-0.727879
39.52			-0.733544
39.54			-0.745352
39.56			-0.740647
39.58			-0.745765
39.6			-0.7662
39.62			-0.772281
39.64			-0.795285
39.66			-0.79408
39.68			-0.773295
39.7			-0.788592
39.72			-0.806094
39.74			-0.810065
39.76			-0.804128
39.78			-0.844214
39.8			-0.815382
39.82			-0.84672
39.84			-0.822133
39.86			-0.838158
39.88			-0.874149
39.9			-0.843874
39.92			-0.845049
39.94			-0.887751
39.96			-0.85453
39.98			-0.866809
40			-0.895646
40.02			-0.903065
40.04			-0.870198
40.06			-0.870999
40.08			-0.879404
40.1			-0.903214
40.12			-0.911935
40.14			-0.893571
40.16			-0.91796
40.18			-0.899768
40.2			-0.896418
40.22			-0.891954
40.24			-0.898919
40.26			-0.901446
40.28			-0.912612
40.3			-0.914691
40.32			-0.890333
40.34			-0.910856
40.36			-0.866855
40.38			-0.906868
40.4			-0.906062
40.42			-0.887961
40.44			-0.8958
40.46			-0.877666
40.48			-0.87963
40.5			-0.863962
40.52			-0.871854
40.54			-0.861934
40.56			-0.874647
40.58			-0.858817
40.6			-0.862766
40.62			-0.824149
40.64			-0.818367
40.66			-0.840169
40.68			-0.793807
40.7			-0.809802
40.72			-0.787782
40.74			-0.801837
40.76			-0.767539
40.78			-0.790826
40.8			-0.756623
40.82			-0.730064
40.84			-0.725674
40.86			-0.723295
40.88			-0.739453
40.9			-0.732635
40.92			-0.7126
40.94			-0.675165
40.96			-0.675443
40.98			-0.664582
41			-0.676432
41.02			-0.649772
41.04			-0.620309
41.06			-0.614383
41.08			-0.617029
41.1			-0.591163
41.12			-0.58727
41.14			-0.551412
41.16			-0.535402
41.18			-0.559207
41.2			-0.527391
41.22			-0.523134
41.24			-0.52102
41.26			-0.470531
41.28			-0.491213
41.3			-0.472124
41.32			-0.445551
41.34			-0.448363
41.36			-0.421249
41.38			-0.383477
41.4			-0.380524
41.42			-0.35806
41.44			-0.326312
41.46			-0.346237
41.48			-0.335463
41.5			-0.324355
41.52			-0.272279
41.54			-0.265743
41.56			-0.24727
41.58			-0.230498
41.6			-0.202034
41.62			-0.177331
41.64			-0.186907
41.66			-0.167639
41.68			-0.135041
41.7			-0.136033
41.72			-0.10893
41.74			-0.110671
41.76			-0.0755622
41.78			-0.064173
41.8			-0.025306
41.82			-0.033077
41.84			0.00805231
41.86			0.00597956
41.88			0.0141034
41.9			0.0233877
41.92			0.075409
41.94			0.068083
41.96			0.124615
41.98			0.134871
42			0.153761
42.02			0.178
42.04			0.157962
42.06			0.211717
42.08			0.211161
42.1			0.220444
42.12			0.256146
42.14			0.283215
42.16			0.281071
42.18			0.314871
42.2			0.301732
42.22			0.341285
42.24			0.365177
42.26			0.343179
42.28			0.383892
42.3			0.399877
42.32			0.443732
42.34			0.445586
42.36			0.454505
42.38			0.489547
42.4			0.506426
42.42			0.49922
42.44			0.541183
42.46			0.516749
42.48			0.557805
42.5			0.549864
42.52			0.59865
42.54			0.611882
42.56			0.622266
42.58			0.622044
42.6			0.648356
42.62			0.656045
42.64			0.659201
42.66			0.700554
42.68			0.713288
42.7			0.731544
42.72			0.750329
42.74			0.730855
42.76			0.760383
42.78			0.759866
42.8			0.774555
42.82			0.82262
42.84			0.795686
42.86			0.832116
42.88			0.835304
42.9			0.870907
42.92			0.874345
42.94			0.875909
42.96			0.881084
42.98			0.902552
43			0.925139
43.02			0.926424
43.04			0.931467
43.06			0.938375
43.08			0.9316
43.1			0.942626
43.12			0.946991
43.14			0.975389
43.16			1.00338
43.18			0.972463
43.2			0.98232
43.22			1.00245
43.24			1.01053
43.26			1.04117
43.28			1.01721
43.3			1.01047
43.32			1.06511
43.34			1.06861
43.36			1.0592
43.38			1.06841
43.4			1.0509
43.42			1.05908
43.44			1.05562
43.46			1.08789
43.48			1.05807
43.5			1.08333
43.52			1.10974
43.54			1.07425
43.56			1.11334
43.58			1.08392
43.6			1.10486
43.62			1.09312
43.64			1.07691
43.66			1.08841
43.68			1.1177
43.7			1.1039
43.72			1.12372
43.74			1.10215
43.76			1.11378
43.78			1.08626
43.8			1.08082
43.82			1.07608
43.84			1.10355
43.86			1.0943
43.88			1.08542
43.9			1.10424
43.92			1.06751
43.94			1.09417
43.96			1.08301
43.98			1.04539
44			1.04615
44.02			1.06892
44.04			1.05567
44.06			1.03739
44.08			1.04503
44.1			1.02193
44.12			1.02153
44.14			1.04335
44.16			1.02488
44.18			1.01908
44.2			0.994521
44.22			0.981735
44.24			1.00533
44.26			0.995547
44.28			0.95299
44.3			0.93992
44.32			0.94842
44.34			0.935496
44.36			0.955632
44.38			0.909475
44.4			0.893613
44.42			0.885671
44.44			0.901605
44.46			0.876385
44.48			0.867727
44.5			0.853667
44.52			0.852429
44.54			0.825599
44.56			0.83121
44.58			0.785481
44.6			0.771856
44.62			0.764394
44.64			0.787459
44.66			0.750638
44.68			0.722967
44.7			0.718717
44.72			0.69212
44.74			0.708809
44.76			0.687815
44.78			0.652766
44.8			0.642192
44.82			0.659109
44.84			0.613743
44.86			0.605663
44.88			0.591302
44.9			0.597535
44.92			0.56862
44.94			0.569954
44.96			0.533522
44.98			0.506784
45			0.474945
45.02			0.50464
45.04			0.449483
45.06			0.469086
45.08			0.44631
45.1			0.430531
45.12			0.406643
45.14			0.402777
45.16			0.385912
45.18			0.319415
45.2			0.34676
45.22			0.331222
45.24			0.313964
45.26			0.251324
45.28			0.246943
45.3			0.224979
45.32			0.200943
45.34			0.203102
45.36			0.204506
45.38			0.146906
45.4			0.151406
45.42			0.145297
45.44			0.122076
45.46			0.08285
45.48			0.0607212
45.5			0.039564
45.52			0.0240775
45.54			0.0285533
45.56			0.0287967
45.58			-0.00619808
45.6			-0.0520211
45.62			-0.0403965
45.64			-0.0873958
45.66			-0.0839904
45.68			-0.0957742
45.7			-0.109875
45.72			-0.134404
45.74			-0.157867
45.76			-0.184702
45.78			-0.16906
45.8			-0.183886
45.82			-0.223955
45.84			-0.26241
45.86			-0.271655
45.88			-0.261559
45.9			-0.300033
45.92			-0.297351
45.94			-0.299068
45.96			-0.358294
45.98			-0.344413
46			-0.39319
46.02			-0.367835
46.04			-0.384715
46.06			-0.402337
46.08			-0.409835
46.1			-0.449365
46.12			-0.453878
46.14			-0.453718
46.16			-0.516313
46.18			-0.495116
46.2			-0.4963
46.22			-0.532637
46.24			-0.525144
46.26			-0.56663
46.28			-0.551965
46.3			-0.573994
46.32			-0.601443
46.34			-0.608836
46.36			-0.60396
46.38			-0.642731
46.4			-0.670852
46.42			-0.647341
46.44			-0.657212
46.46			-0.685234
46.48			-0.673529
46.5			-0.701853
46.52			-0.729806
46.54			-0.722146
46.56			-0.72974
46.58			-0.757349
46.6			-0.774748
46.62			-0.758321
46.64			-0.761745
46.66			-0.758626
46.68			-0.78292
46.7			-0.793022
46.72			-0.816539
46.74			-0.8118
46.76			-0.835589
46.78			-0.852987
46.8			-0.845321
46.82			-0.859808
46.84			-0.833821
46.86			-0.83892
46.88			-0.844658
46.9			-0.885021
46.92			-0.883949
46.94			-0.869278
46.96			-0.852303
46.98			-0.87211
47			-0.859675
47.02			-0.889917
47.04			-0.87774
47.06			-0.894358
47.08			-0.916123
47.1			-0.913644
47.12			-0.918054
47.14			-0.877972
47.16			-0.923206
47.18			-0.91051
47.2			-0.88639
47.22			-0.88954
47.24			-0.921082
47.26			-0.879082
47.28			-0.881519
47.3			-0.886067
47.32			-0.877366
47.34			-0.912955
47.36			-0.908683
47.38			-0.885788
47.4			-0.909321
47.42			-0.879166
47.44			-0.854998
47.46			-0.851514
47.48			-0.887398
47.5			-0.851495
47.52			-0.855999
47.54			-0.836551
47.56			-0.837219
47.58			-0.833741
47.6			-0.846973
47.62			-0.837919
47.64			-0.822588
47.66			-0.806017
47.68			-0.785504
47.7			-0.785107
47.72			-0.772945
47.74			-0.807555
47.76			-0.761378
47.78			-0.75169
47.8			-0.773174
47.82			-0.732142
47.84			-0.762253
47.86			-0.733699
47.88			-0.722132
47.9			-0.717327
47.92			-0.698619
47.94			-0.668012
47.96			-0.694821
47.98			-0.656243
48			-0.635591
48.02			-0.661821
48.04			-0.610124
48.06			-0.609721
48.08			-0.621333
48.1			-0.583709
48.12			-0.599463
48.14			-0.580869
48.16			-0.564931
48.18			-0.515644
48.2			-0.511393
48.22			-0.511339
48.24			-0.520019
48.26			-0.49049
48.28			-0.490948
48.3			-0.461849
48.32			-0.434694
48.34			-0.412411
48.36			-0.401899
48.38			-0.40747
48.4			-0.35776
48.42			-0.375782
48.44			-0.349648
48.46			-0.346868
48.48			-0.335184
48.5			-0.302357
48.52			-0.283652
48.54			-0.282901
48.56			-0.25818
48.58			-0.223128
48.6			-0.214881
48.62			-0.2112
48.64			-0.185583
48.66			-0.163346
48.68			-0.157312
48.7			-0.115484
48.72			-0.11054
48.74			-0.0651689
48.76			-0.085666
48.78			-0.0579172
48.8			-0.0536165
48.82			0.00708975
48.84			0.00364663
48.86			0.0393096
48.88			0.0332229
48.9			0.0305035
48.92			0.0666857
48.94			0.105157
48.96			0.132601
48.98			0.130672
49			0.15783
49.02			0.146493
49.04			0.159311
49.06			0.221296
49.08			0.201991
49.1			0.233733
49.12			0.232016
49.14			0.287748
49.16			0.289156
49.18			0.302568
49.2			0.311779
49.22			0.356186
49.24			0.364608
49.26			0.368426
49.28			0.408516
49.3			0.424254
49.32			0.412349
49.34			0.457933
49.36			0.442546
49.38			0.481923
49.4			0.475348
49.42			0.521772
49.44			0.531473
49.46			0.564188
49.48			0.553955
49.5			0.556669
49.52			0.609857
49.54			0.600697
49.56			0.627287
49.58			0.621487
49.6			0.664912
49.62			0.64589
49.64			0.657464
49.66			0.687339
49.68			0.719133
49.7			0.728531
49.72			0.717058
49.74			0.732416
49.76			0.78911
49.78			0.797471
49.8			0.791017
49.82			0.786138
49.84			0.794374
49.86			0.853127
49.88			0.834539
49.9			0.837244
49.92			0.851749
49.94			0.860158
49.96			0.872901
49.98			0.898131
50			0.90911
50.02			0.932806
50.04			0.927703
50.06			0.930411
50.08			0.97305
50.1			0.977166
50.12			0.955943
50.14			0.996077
50.16			0.989085
50.18			0.969343
50.2			0.980223
50.22			0.989159
50.24			1.01613
50.26			1.02858
50.28			1.04587
50.3			1.04247
50.32			1.02782
50.34			1.06936
50.36			1.04319
50.38			1.04024
50.4			1.06151
50.42			1.08087
50.44			1.04876
50.46			1.05408
50.48			1.08151
50.5			1.08667
50.52			1.07586
50.54			1.11102
50.56			1.11476
50.58			1.09376
50.6			1.10302
50.62			1.07714
50.64			1.09871
50.66			1.10014
50.68			1.08745
50.7			1.07763
50.72			1.10648
50.74			1.09521
50.76			1.09525
50.78			1.0848
50.8			1.09723
50.82			1.09676
50.84			1.09024
50.86			1.09361
50.88			1.06245
50.9			1.06816
50.92			1.06455
50.94			1.07664
50.96			1.06243
50.98			1.06707
51			1.07129
51.02			1.04617
51.04			1.04469
51.06			1.06961
51.08			1.02332
51.1			1.0464
51.12			1.05358
51.14			1.02033
51.16			1.02758
51.18			1.02636
51.2			0.980729
51.22			0.987784
51.24			0.975909
51.26			0.999415
51.28			0.987819
51.3			0.941548
51.32			0.972184
51.34			0.956497
51.36			0.908279
51.38			0.896526
51.4			0.931696
51.42			0.915758
51.44			0.863066
51.46			0.870366
51.48			0.856514
51.5			0.85333
51.52			0.830965
51.54			0.840234
51.56			0.832151
51.58			0.79163
51.6			0.773253
51.62			0.767788
51.64			0.782077
51.66			0.74684
51.68			0.759139
51.7			0.705787
51.72			0.696061
51.74			0.71266
51.76			0.671788
51.78			0.642373
51.8			0.651609
51.82			0.61747
51.84			0.619606
51.86			0.603892
51.88			0.59423
51.9			0.551803
51.92			0.542734
51.94			0.561656
51.96			0.528053
51.98			0.485505
52			0.509075
52.02			0.472815
52.04			0.445888
52.06			0.43625
52.08			0.43009
52.1			0.397817
52.12			0.367052
52.14			0.348511
52.16			0.349352
52.18			0.357494
52.2			0.310306
52.22			0.317318
52.24			0.27957
52.26			0.273498
52.28			0.228612
52.3			0.231961
52.32			0.233944
52.34			0.173454
52.36			0.168333
52.38			0.173488
52.4			0.162643
52.42			0.103194
52.44			0.108825
52.46			0.0881342
52.48			0.0758099
52.5			0.0737393
52.52			0.0275242
52.54			0.0126945
52.56			-0.00518104
52.58			-0.00895656
52.6			-0.0266648
52.62			-0.058672
52.64			-0.0896975
52.66			-0.0778343
52.68			-0.0877182
52.7			-0.132216
52.72			-0.139211
52.74			-0.148292
52.76			-0.176832
52.78			-0.218205
52.8			-0.206904
52.82			-0.203573
52.84			-0.238299
52.86			-0.253348
52.88			-0.281886
52.9			-0.293369
52.92			-0.308741
52.94			-0.316852
52.96			-0.349013
52.98			-0.377785
53			-0.353311
53.02			-0.41247
53.04			-0.386175
53.06			-0.416671
53.08			-0.461434
53.1			-0.451449
53.12			-0.463843
53.14			-0.479491
53.16			-0.475153
53.18			-0.522577
53.2			-0.520045
53.22			-0.538694
53.24			-0.53957
53.26			-0.547577
53.28			-0.569664
53.3			-0.59415
53.32			-0.603942
53.34			-0.634178
53.36			-0.636539
53.38			-0.623144
53.4			-0.657015
53.42			-0.689292
53.44			-0.654724
53.46			-0.700687
53.48			-0.682357
53.5			-0.721179
53.52			-0.7275
53.54			-0.724016
53.56			-0.763314
53.58			-0.759156
53.6			-0.756621
53.62			-0.772352
53.64			-0.783643
53.66			-0.782312
53.68			-0.797538
53.7			-0.817466
53.72			-0.789149
53.74			-0.794951
53.76			-0.806186
53.78			-0.816175
53.8			-0.823796
53.82			-0.859007
53.84			-0.829173
53.86			-0.864918
53.88			-0.86651
53.9			-0.853449
53.92			-0.872211
53.94			-0.896141
53.96			-0.863173
53.98			-0.876063
54			-0.903919
54.02			-0.906065
54.04			-0.912698
54.06			-0.871792
54.08			-0.904778
54.1			-0.88967
54.12			-0.882538
54.14			-0.91292
54.16			-0.891455
54.18			-0.891532
54.2			-0.91771
54.22			-0.87625
54.24			-0.896189
54.26			-0.902339
54.28			-0.889475
54.3			-0.891686
54.32			-0.877448
54.34			-0.87681
54.36			-0.874877
54.38			-0.871839
54.4			-0.887017
54.42			-0.89726
54.44			-0.88875
54.46			-0.85031
54.48			-0.8485
54.5			-0.841046
54.52			-0.833053
54.54			-0.846678
54.56			-0.825514
54.58			-0.820674
54.6			-0.856701
54.62			-0.835844
54.64			-0.836717
54.66			-0.801017
54.68			-0.789062
54.7			-0.821106
54.72			-0.76724
54.74			-0.78249
54.76			-0.770353
54.78			-0.783914
54.8			-0.779235
54.82			-0.74749
54.84			-0.713472
54.86			-0.722488
54.88			-0.734839
54.9			-0.70727
54.92			-0.6714
54.94			-0.705092
54.96			-0.64963
54.98			-0.678964
55			-0.654532
55.02			-0.657571
55.04			-0.629386
55.06			-0.60777
55.08			-0.622831
55.1			-0.589419
55.12			-0.559215
55.14			-0.579555
55.16			-0.569782
55.18			-0.524748
55.2			-0.53351
55.22			-0.510548
55.24			-0.466444
55.26			-0.482098
55.28			-0.469405
55.3			-0.431822
55.32			-0.418395
55.34			-0.433975
55.36			-0.399514
55.38			-0.400146
55.4			-0.369387
55.42			-0.344459
55.44			-0.331356
55.46			-0.341736
55.48			-0.302792
55.5			-0.269492
55.52			-0.24993
55.54			-0.23102
55.56			-0.224544
55.58			-0.201027
55.6			-0.183121
55.62			-0.167825
55.64			-0.163802
55.66			-0.133084
55.68			-0.120154
55.7			-0.105673
55.72			-0.0867776
55.74			-0.0766466
55.76			-0.0777102
55.78			-0.0684203
55.8			-0.0301083
55.82			-0.00863044
55.84			-0.00684535
55.86			0.0171646
55.88			0.0628317
55.9			0.0418509
55.92			0.10165
55.94			0.0973264
55.96			0.0917426
55.98			0.144065
56			0.150207
56.02			0.150567
56.04			0.205783
56.06			0.211518
56.08			0.220172
56.1			0.260347
56.12			0.265848
56.14			0.268336
56.16			0.317805
56.18			0.330576
56.2			0.351639
56.22			0.357217
56.24			0.340038
56.26			0.381303
56.28			0.405415
56.3			0.436361
56.32			0.443031
56.34			0.444534
56.36			0.482496
56.38			0.494668
56.4			0.51305
56.42			0.502756
56.44			0.512899
56.46			0.540249
56.48			0.555179
56.5			0.556239
56.52			0.584552
56.54			0.597917
56.56			0.602443
56.58			0.637592
56.6			0.632746
56.62			0.688748
56.64			0.683457
56.66			0.694683
56.68			0.707171
56.7			0.734448
56.72			0.758444
56.74			0.761724
56.76			0.769723
56.78			0.762609
56.8			0.782822
56.82			0.791551
56.84			0.842299
56.86			0.852502
56.88			0.830161
56.9			0.865412
56.92			0.878627
56.94			0.855468
56.96			0.906887
56.98			0.90061
57			0.915692
57.02			0.914583
57.04			0.957196
57.06			0.935573
57.08			0.974078
57.1			0.953882
57.12			0.975923
57.14			0.99059
57.16			1.00924
57.18			0.995935
57.2			1.02542
57.22			1.00444
57.24			1.0282
57.26			1.04004
57.28			1.04587
57.3			1.04755
57.32			1.03741
57.34			1.06141
57.36			1.07888
57.38			1.07744
57.4			1.06729
57.42			1.04897
57.44			1.08362
57.46			1.08684
57.48			1.07737
57.5			1.0971
57.52			1.0799
57.54			1.11437
57.56			1.09157
57.58			1.09672
57.6			1.07288
57.62			1.10194
57.64			1.08532
57.66			1.11066
57.68			1.09383
57.7			1.07928
57.72			1.11106
57.74			1.07639
57.76			1.12117
57.78			1.07312
57.8			1.11473
57.82			1.10413
57.84			1.10955
57.86			1.07644
57.88			1.0835
57.9			1.08695
57.92			1.05457
57.94			1.09349
57.96			1.06971
57.98			1.06316
58			1.0439
58.02			1.06982
58.04			1.06033
58.06			1.03473
58.08			1.04095
58.1			1.00893
58.12			1.00531
58.14			1.02686
58.16			1.00841
58.18			0.994076
58.2			1.00678
58.22			0.981782
58.24			0.957558
58.26			0.993999
58.28			0.978281
58.3			0.946691
58.32			0.96349
58.34			0.949989
58.36			0.945485
58.38			0.898943
58.4			0.897994
58.42			0.910284
58.44			0.902801
58.46			0.86465
58.48			0.852482
58.5			0.831625
58.52			0.835656
58.54			0.834822
58.56			0.822114
58.58			0.774029
58.6			0.760546
58.62			0.769042
58.64			0.756481
58.66			0.740761
58.68			0.721173
58.7			0.731203
58.72			0.716613
58.74			0.668574
58.76			0.65264
58.78			0.683358
58.8			0.624229
58.82			0.627008
58.84			0.622158
58.86			0.578795
58.88			0.59905
58.9			0.586533
58.92			0.549627
58.94			0.544679
58.96			0.521344
58.98			0.491226
59			0.495416
59.02			0.469772
59.04			0.460504
59.06			0.417202
59.08			0.397159
59.1			0.384329
59.12			0.372713
59.14			0.380171
59.16			0.364398
59.18			0.323299
59.2			0.339447
59.22			0.294771
59.24			0.28175
59.26			0.256678
59.28			0.232059
59.3			0.248961
59.32			0.220353
59.34			0.186673
59.36			0.151859
59.38			0.136833
59.4			0.145752
59.42			0.110623
59.44			0.122014
59.46			0.102532
59.48			0.0890021
59.5			0.0395021
59.52			0.0260372
59.54			0.00894722
59.56			0.0164976
59.58			-0.0447068
59.6			-0.0401548
59.62			-0.075495
59.64			-0.0761472
59.66			-0.0854716
59.68			-0.128664
59.7			-0.115995
59.72			-0.165041
59.74			-0.148702
59.76			-0.195393
59.78			-0.183873
59.8			-0.193943
59.82			-0.247813
59.84			-0.276172
59.86			-0.272351
59.88			-0.281602
59.9			-0.315599
59.92			-0.313409
59.94			-0.338314
59.96			-0.372861
59.98			-0.353041
60			-0.357946
60.02			-0.416377
60.04			-0.402878
60.06			-0.441141
60.08			-0.43318
60.1			-0.473559
60.12			-0.485427
60.14			-0.508413
60.16			-0.521178
60.18			-0.53
60.2			-0.554583
60.22			-0.529596
60.24			-0.540329
60.26			-0.560061
60.28			-0.593399
60.3			-0.615939
60.32			-0.633229
60.34			-0.625652
60.36			-0.649325
60.38			-0.637313
60.4			-0.646157
60.42			-0.665819
60.44			-0.69072
60.46			-0.704398
60.48			-0.719427
60.5			-0.732809
60.52			-0.702332
60.54			-0.719058
60.56			-0.762625
60.58			-0.743962
60.6			-0.786694
60.62			-0.758777
60.64			-0.801149
60.66			-0.773091
60.68			-0.777026
60.7			-0.818156
60.72			-0.81647
60.74			-0.81063
60.76			-0.825412
60.78			-0.84831
60.8			-0.841362
60.82			-0.824202
60.84			-0.863012
60.86			-0.870705
60.88			-0.872333
60.9			-0.847967
60.92			-0.857988
60.94			-0.880257
60.96			-0.861149
60.98			-0.899051
61			-0.873457
61.02			-0.89214
61.04			-0.903863
61.06			-0.872526
61.08			-0.916778
61.1			-0.89751
61.12			-0.900625
61.14			-0.87664
61.16			-0.916787
61.18			-0.918978
61.2			-0.920491
61.22			-0.886293
61.24			-0.892403
61.26			-0.887805
61.28			-0.902474
61.3			-0.907609
61.32			-0.904171
61.34			-0.901121
61.36			-0.873873
61.38			-0.895689
61.4			-0.890832
61.42			-0.884053
61.44			-0.890036
61.46			-0.871036
61.48			-0.865753
61.5			-0.846385
61.52			-0.851091
61.54			-0.853508
61.56			-0.83363
61.58			-0.828033
61.6			-0.856704
61.62			-0.839087
61.64			-0.811929
61.66			-0.795899
61.68			-0.792267
61.7			-0.807254
61.72			-0.768944
61.74			-0.763035
61.76			-0.795766
61.78			-0.765816
61.8			-0.731307
61.82			-0.763153
61.84			-0.719393
61.86			-0.710484
61.88			-0.70359
61.9			-0.696714
61.92			-0.694661
61.94			-0.705521
61.96			-0.675146
61.98			-0.657244
62			-0.624497
62.02			-0.649556
62.04			-0.623317
62.06			-0.589307
62.08			-0.603822
62.1			-0.558931
62.12			-0.567708
62.14			-0.540847
62.16			-0.535872
62.18			-0.511922
62.2			-0.537177
62.22			-0.523462
62.24			-0.495361
62.26			-0.467401
62.28			-0.438248
62.3			-0.425447
62.32			-0.407156
62.34			-0.40548
62.36			-0.41895
62.38			-0.36375
62.4			-0.347702
62.42			-0.340044
62.44			-0.311998
62.46			-0.305563
62.48			-0.321813
62.5			-0.264166
62.52			-0.290892
62.54			-0.244218
62.56			-0.209287
62.58			-0.239379
62.6			-0.209469
62.62			-0.174701
62.64			-0.146083
62.66			-0.145791
62.68			-0.116687
62.7			-0.123128
62.72			-0.111707
62.74			-0.0539969
62.76			-0.0635067
62.78			-0.0367829
62.8			-0.0385195
62.82			-0.00254127
62.84			0.00596264
62.86			0.0311874
62.88			0.0403433
62.9			0.0493033
62.92			0.0781762
62.94			0.116076
62.96			0.0965016
62.98			0.11903
63			0.162258
63.02			0.166149
63.04			0.18235
63.06			0.225062
63.08			0.249125
63.1			0.228105
63.12			0.279714
63.14			0.271146
63.16			0.316113
63.18			0.316817
63.2			0.325585
63.22			0.365586
63.24			0.365644
63.26			0.407313
63.28			0.419833
63.3			0.406176
63.32			0.432716
63.34			0.439306
63.36			0.487294
63.38			0.482852
63.4			0.497709
63.42			0.538213
63.44			0.523865
63.46			0.546643
63.48			0.591499
63.5			0.572581
63.52			0.602164
63.54			0.639979
63.56			0.635647
63.58			0.642601
63.6			0.683279
63.62			0.694393
63.64			0.675303
63.66			0.682856
63.68			0.697691
63.7			0.746717
63.72			0.722712
63.74			0.767499
63.76			0.787896
63.78			0.779409
63.8			0.820036
63.82			0.788842
63.84			0.832817
63.86			0.833344
63.88			0.870525
63.9			0.869843
63.92			0.87254
63.94			0.869979
63.96			0.900936
63.98			0.91674
64			0.92863
64.02			0.908408
64.04			0.917582
64.06			0.922462
64.08			0.97049
64.1			0.971775
64.12			0.997801
64.14			0.964294
64.16			0.999242
64.18			1.01774
64.2			1.00172
64.22			1.01184
64.24			1.00087
64.26			1.03262
64.28			1.05731
64.3			1.03592
64.32			1.06185
64.34			1.05057
64.36			1.04852
64.38			1.07892
64.4			1.08541
64.42			1.08729
64.44			1.05709
64.46			1.07841
64.48			1.08341
64.5			1.08069
64.52			1.10953
64.54			1.10725
64.56			1.09508
64.58			1.10666
64.6			1.10824
64.62			1.08276
64.64			1.10764
64.66			1.0974
64.68			1.08229
64.7			1.08004
64.72			1.11171
64.74			1.11631
64.76			1.11596
64.78			1.10472
64.8			1.10392
64.82			1.08194
64.84			1.1107
64.86			1.09288
64.88			1.08526
64.9			1.1025
64.92			1.07555
64.94			1.08703
64.96			1.08302
64.98			1.04573
65			1.06003
65.02			1.07613
65.04			1.03104
65.06			1.02427
65.08			1.01765
65.1			1.02457
65.12			1.04129
65.14			1.01158
65.16			1.02285
65.18			0.986523
65.2			0.985315
65.22			0.986448
65.24			0.963615
65.26			0.988838
65.28			0.959112
65.3			0.970523
65.32			0.927245
65.34			0.917077
65.36			0.925549
65.38			0.902926
65.4			0.880109
65.42			0.88763
65.44			0.870864
65.46			0.875202
65.48			0.871356
65.5			0.836322
65.52			0.852956
65.54			0.838366
65.56			0.786612
65.58			0.774002
65.6			0.793888
65.62			0.769191
65.64			0.768599
65.66			0.730799
65.68			0.703814
65.7			0.689229
65.72			0.68962
65.74			0.661088
65.76			0.660027
65.78			0.667178
65.8			0.640813
65.82			0.611479
65.84			0.631112
65.86			0.597384
65.88			0.597061
65.9			0.567192
65.92			0.554136
65.94			0.535527
65.96			0.532041
65.98			0.512935
66			0.483466
66.02			0.441252
66.04			0.439232
66.06			0.433182
66.08			0.428297
66.1			0.411006
66.12			0.37555
66.14			0.376511
66.16			0.328502
66.18			0.323687
66.2			0.288283
66.22			0.303777
66.24			0.259332
66.26			0.242561
66.28			0.228888
66.3			0.196842
66.32			0.224112
66.34			0.199205
66.36			0.151964
66.38			0.172339
66.4			0.141116
66.42			0.10678
66.44			0.112674
66.46			0.0799826
66.48			0.06401
66.5			0.0240817
66.52			0.0027366
66.54			0.00405698
66.56			-0.0220391
66.58			-0.0340265
66.6			-0.0333606
66.62			-0.0640294
66.64			-0.0798547
66.66			-0.123988
66.68			-0.107645
66.7			-0.119785
66.72			-0.137245
66.74			-0.165446
66.76			-0.191816
66.78			-0.191904
66.8			-0.236619
66.82			-0.22658
66.84			-0.237216
66.86			-0.265212
66.88			-0.315428
66.9			-0.288047
66.92			-0.318196
66.94			-0.335972
66.96			-0.341045
66.98			-0.396361
67			-0.378385
67.02			-0.37845
67.04			-0.438955
67.06			-0.446711
67.08			-0.432729
67.1			-0.458972
67.12			-0.454044
67.14			-0.498254
67.16			-0.500732
67.18			-0.541043
67.2			-0.551357
67.22			-0.551994
67.24			-0.566893
67.26			-0.552315
67.28			-0.581941
67.3			-0.590284
67.32			-0.598468
67.34			-0.609964
67.36			-0.647385
67.38			-0.654093
67.4			-0.682751
67.42			-0.688919
67.44			-0.690515
67.46			-0.672859
67.48			-0.698824
67.5			-0.709468
67.52			-0.749436
67.54			-0.731084
67.56			-0.766222
67.58			-0.747056
67.6			-0.761423
67.62			-0.794979
67.64			-0.800297
67.66			-0.799878
67.68			-0.823144
67.7			-0.798919
67.72			-0.798403
67.74			-0.83496
67.76			-0.828856
67.78			-0.846271
67.8			-0.850784
67.82			-0.870591
67.84			-0.87432
67.86			-0.838787
67.88			-0.873175
67.9			-0.843426
67.92			-0.895286
67.94			-0.884752
67.96			-0.902556
67.98			-0.872216
68			-0.8881
68.02			-0.902456
68.04			-0.902023
68.06			-0.891493
68.08			-0.885172
68.1			-0.87321
68.12			-0.883729
68.14			-0.902843
68.16			-0.88946
68.18			-0.920773
68.2			-0.87874
68.22			-0.878482
68.24			-0.914737
68.26			-0.913537
68.28			-0.874498
68.3			-0.903252
68.32			-0.901699
68.34			-0.879394
68.36			-0.909835
68.38			-0.888666
68.4			-0.901015
68.42			-0.862573
68.44			-0.877484
68.46			-0.85575
68.48			-0.862108
68.5			-0.877706
68.52			-0.832875
68.54			-0.852019
68.56			-0.852521
68.58			-0.844924
68.6			-0.829216
68.62			-0.816379
68.64			-0.83047
68.66			-0.812015
68.68			-0.795798
68.7			-0.817177
68.72			-0.798117
68.74			-0.771776
68.76			-0.791006
68.78			-0.744971
68.8			-0.764019
68.82			-0.762435
68.84			-0.706796
68.86			-0.732845
68.88			-0.729706
68.9			-0.698332
68.92			-0.701182
68.94			-0.679254
68.96			-0.665011
68.98			-0.642521
69			-0.629473
69.02			-0.61302
69.04			-0.613632
69.06			-0.597065
69.08			-0.576783
69.1			-0.593693
69.12			-0.573017
69.14			-0.569242
69.16			-0.526239
69.18			-0.519759
69.2			-0.486311
69.22			-0.497994
69.24			-0.493439
69.26			-0.45812
69.28			-0.436647
69.3			-0.417355
69.32			-0.439201
69.34			-0.404127
69.36			-0.407922
69.38			-0.383327
69.4			-0.352947
69.42			-0.319836
69.44			-0.312824
69.46			-0.321525
69.48			-0.293698
69.5			-0.285028
69.52			-0.237571
69.54			-0.234552
69.56			-0.216837
69.58			-0.186197
69.6			-0.180859
69.62			-0.198584
69.64			-0.154952
69.66			-0.136564
69.68			-0.110804
69.7			-0.0982796
69.72			-0.0919698
69.74			-0.0796731
69.76			-0.0425804
69.78			-0.0251848
69.8			-0.0202499
69.82			0.00902086
69.84			0.0346833
69.86			0.0412418
69.88			0.0635869
69.9			0.0974495
69.92			0.0854694
69.94			0.0971427
69.96			0.130756
69.98			0.152011
70			0.174479
70.02			0.189092
70.04			0.217295
70.06			0.207892
70.08			0.236618
70.1			0.264794
70.12			0.246571
70.14			0.280116
70.16			0.317137
70.18			0.315046
70.2			0.339266
70.22			0.373074
70.24			0.367604
70.26			0.407991
70.28			0.429925
70.3			0.413744
70.32			0.455396
70.34			0.474752
70.36			0.496236
70.38			0.477509
70.4			0.491573
70.42			0.52158
70.44			0.534645
70.46			0.534145
70.48			0.584088
70.5			0.589912
70.52			0.615568
70.54			0.598566
70.56			0.630411
70.58			0.675627
70.6			0.657712
70.62			0.703139
70.64			0.678058
70.66			0.719325
70.68			0.741975
70.7			0.736756
70.72			0.767189
70.74			0.748477
70.76			0.785857
70.78			0.778801
70.8			0.806699
70.82			0.818241
70.84			0.807068
70.86			0.831624
70.88			0.850765
70.9			0.876853
70.92			0.877731
70.94			0.905217
70.96			0.894501
70.98			0.920168
71			0.915425
71.02			0.918546
71.04			0.918782
71.06			0.943508
71.08			0.964798
71.1			0.946397
71.12			0.970079
71.14			0.980661
71.16			0.976789
71.18			1.01904
71.2			1.03366
71.22			1.01052
71.24			1.01139
71.26			1.01438
71.28			1.04985
71.3			1.06503
71.32			1.02792
71.34			1.04886
71.36			1.06682
71.38			1.08355
71.4			1.06364
71.42			1.06959
71.44			1.07937
71.46			1.06473
71.48			1.08628
71.5			1.07814
71.52			1.09561
71.54			1.06961
71.56			1.11583
71.58			1.09835
71.6			1.07885
71.62			1.11701
71.64			1.10959
71.66			1.09359
71.68			1.07671
71.7			1.10573
71.72			1.08493
71.74			1.08295
71.76			1.11641
71.78			1.09416
71.8			1.08895
71.82			1.11484
71.84			1.08881
71.86			1.10599
71.88			1.07039
71.9			1.06075
71.92			1.09755
71.94			1.07621
71.96			1.05514
71.98			1.08733
72			1.04395
72.02			1.0634
72.04			1.05475
72.06			1.02567
72.08			1.02362
72.1			1.05149
72.12			1.01879
72.14			1.02378
72.16			1.0284
72.18			0.991786
72.2			1.01655
72.22			0.984343
72.24			0.971421
72.26			0.968156
72.28			0.934023
72.3			0.969795
72.32			0.918602
72.34			0.936537
72.36			0.919807
72.38			0.896285
72.4			0.896283
72.42			0.883641
72.44			0.856102
72.46			0.879938
72.48			0.860649
72.5			0.823884
72.52			0.832871
72.54			0.818852
72.56			0.816187
72.58			0.799005
72.6			0.782281
72.62			0.740488
72.64			0.737694
72.66			0.734191
72.68			0.724318
72.7			0.711984
72.72			0.716129
72.74			0.701207
72.76			0.647057
72.78			0.630049
72.8			0.656285
72.82			0.619225
72.84			0.578174
72.86			0.591933
72.88			0.556806
72.9			0.560288
72.92			0.560193
72.94			0.5259
72.96			0.49993
72.98			0.514425
73			0.487212
73.02			0.47979
73.04			0.445945
73.06			0.439117
73.08			0.415967
73.1			0.395453
73.12			0.359385
73.14			0.339847
73.16			0.32394
73.18			0.296438
73.2			0.281134
73.22			0.272702
73.24			0.255365
73.26			0.232596
73.28			0.248104
73.3			0.215479
73.32			0.206374
73.34			0.169073
73.36			0.154602
73.38			0.122015
73.4			0.102826
73.42			0.117471
73.44			0.106363
73.46			0.0739267
73.48			0.0635482
73.5			0.0361326
73.52			0.00313078
73.54			0.0133123
73.56			-0.0137073
73.58			-0.0555276
73.6			-0.0743047
73.62			-0.0951995
73.64			-0.107148
73.66			-0.125228
73.68			-0.124614
73.7			-0.135543
73.72			-0.136045
73.74			-0.156475
73.76			-0.204128
73.78			-0.189128
73.8			-0.24822
73.82			-0.228155
73.84			-0.272587
73.86			-0.261156
73.88			-0.289617
73.9			-0.318702
73.92			-0.319676
73.94			-0.340973
73.96			-0.345379
73.98			-0.381023
74			-0.417456
74.02			-0.386318
74.04			-0.425792
74.06			-0.421095
74.08			-0.460167
74.1			-0.452417
74.12			-0.492416
74.14			-0.480163
74.16			-0.519817
74.18			-0.523656
74.2			-0.528578
74.22			-0.542423
74.24			-0.574112
74.26			-0.592026
74.28			-0.615966
74.3			-0.605613
74.32			-0.605863
74.34			-0.653664
74.36			-0.652349
74.38			-0.680491
74.4			-0.65561
74.42			-0.693679
74.44			-0.688858
74.46			-0.691476
74.48			-0.697161
74.5			-0.704161
74.52			-0.748107
74.54			-0.719702
74.56			-0.731325
74.58			-0.749246
74.6			-0.749073
74.62			-0.802354
74.64			-0.776377
74.66			-0.774735
74.68			-0.778105
74.7			-0.79839
74.72			-0.805755
74.74			-0.810499
74.76			-0.806482
74.78			-0.856363
74.8			-0.833386
74.82			-0.859577
74.84			-0.851947
74.86			-0.863931
74.88			-0.867351
74.9			-0.87379
74.92			-0.878917
74.94			-0.900674
74.96			-0.880701
74.98			-0.902581
75			-0.870028
75.02			-0.903565
75.04			-0.876562
75.06			-0.877234
75.08			-0.897037
75.1			-0.8927
75.12			-0.876011
75.14			-0.920554
75.16			-0.917816
75.18			-0.875997
75.2			-0.891829
75.22			-0.876053
75.24			-0.881596
75.26			-0.913816
75.28			-0.87294
75.3			-0.875856
75.32			-0.906998
75.34			-0.894189
75.36			-0.905666
75.38			-0.866471
75.4			-0.893516
75.42			-0.861201
75.44			-0.880051
75.46			-0.857573
75.48			-0.868768
75.5			-0.878964
75.52			-0.873649
75.54			-0.866963
75.56			-0.863657
75.58			-0.846712
75.6			-0.824573
75.62			-0.806156
75.64			-0.82874
75.66			-0.793015
75.68			-0.80175
75.7			-0.770156
75.72			-0.805735
75.74			-0.756868
75.76			-0.761145
75.78			-0.738608
75.8			-0.760844
75.82			-0.712181
75.84			-0.70405
75.86			-0.731939
75.88			-0.713811
75.9			-0.670823
75.92			-0.681307
75.94			-0.664549
75.96			-0.637353
75.98			-0.670843
76			-0.660718
76.02			-0.646231
76.04			-0.60332
76.06			-0.603209
76.08			-0.58941
76.1			-0.588038
76.12			-0.57572
76.14			-0.524624
76.16			-0.543653
76.18			-0.537039
76.2			-0.5009
76.22			-0.488499
76.24			-0.455293
76.26			-0.441331
76.28			-0.439129
76.3			-0.440511
76.32			-0.392978
76.34			-0.387934
76.36			-0.394081
76.38			-0.348373
76.4			-0.354695
76.42			-0.34035
76.44			-0.328837
76.46			-0.288714
76.48			-0.287098
76.5			-0.283243
76.52			-0.27532
76.54			-0.250997
76.56			-0.24533
76.58			-0.184193
76.6			-0.206464
76.62			-0.177918
76.64			-0.147315
76.66			-0.124459
76.68			-0.129146
76.7			-0.0910358
76.72			-0.069941
76.74			-0.0700392
76.76			-0.0477516
76.78			-0.0187771
76.8			-0.0286268
76.82			-0.0140566
76.84			0.0374762
76.86			0.0286797
76.88			0.0574275
76.9			0.0736475
76.92			0.0864954
76.94			0.118601
76.96			0.146954
76.98			0.164505
77			0.187339
77.02			0.198986
77.04			0.205788
77.06			0.230723
77.08			0.230424
77.1			0.281291
77.12			0.265667
77.14			0.301009
77.16			0.302556
77.18			0.342693
77.2			0.368441
77.22			0.35192
77.24			0.399618
77.26			0.378122
77.28			0.395027
77.3			0.441019
77.32			0.438944
77.34			0.468776
77.36			0.484095
77.38			0.51403
77.4			0.518831
77.42			0.519847
77.44			0.562271
77.46			0.583599
77.48			0.592818
77.5			0.613489
77.52			0.627828
77.54			0.648029
77.56			0.66455
77.58			0.649582
77.6			0.691463
77.62			0.661945
77.64			0.698135
77.66			0.690425
77.68			0.743508
77.7			0.758299
77.72			0.759869
77.74			0.755769
77.76			0.807082
77.78			0.794526
77.8			0.823043
77.82			0.818724
77.84			0.831551
77.86			0.837398
77.88			0.853347
77.9			0.867908
77.92			0.892038
77.94			0.892357
77.96			0.880868
77.98			0.896334
78			0.915307
78.02			0.919442
78.04			0.920691
78.06			0.94096
78.08			0.964512
78.1			0.98447
78.12			0.957748
78.14			1.01072
78.16			1.00091
78.18			1.02566
78.2			1.03529
78.22			1.00985
78.24			1.04545
78.26			1.05147
78.28			1.03157
78.3			1.06061
78.32			1.0264
78.34			1.06079
78.36			1.05951
78.38			1.04536
78.4			1.07475
78.42			1.06688
78.44			1.0569
78.46			1.06504
78.48			1.08913
78.5			1.09645
78.52			1.09043
78.54			1.08055
78.56			1.11076
78.58			1.08877
78.6			1.08156
78.62			1.11697
78.64			1.0841
78.66			1.08748
78.68			1.09062
78.7			1.10828
78.72			1.08379
78.74			1.10034
78.76			1.08751
78.78			1.11644
78.8			1.10813
78.82			1.08815
78.84			1.09223
78.86			1.09441
78.88			1.09853
78.9			1.08193
78.92			1.05892
78.94			1.05508
78.96			1.08536
78.98			1.03793
79			1.07028
79.02			1.03075
79.04			1.05628
79.06			1.02613
79.08			1.02527
79.1			1.04762
79.12			1.032
79.14			1.00884
79.16			0.982645
79.18			1.00768
79.2			0.970106
79.22			0.999134
79.24			0.981549
79.26			0.971212
79.28			0.953043
79.3			0.957195
79.32			0.92867
79.34			0.91067
79.36			0.913217
79.38			0.884771
79.4			0.898191
79.42			0.904443
79.44			0.865387
79.46			0.867255
79.48			0.845868
79.5			0.825985
79.52			0.82967
79.54			0.829393
79.56			0.783894
79.58			0.803745
79.6			0.757307
79.62			0.780648
79.64			0.742968
79.66			0.739573
79.68			0.722186
79.7			0.715014
79.72			0.704189
79.74			0.675968
79.76			0.636901
79.78			0.651353
79.8			0.632286
79.82			0.594056
79.84			0.579737
79.86			0.583195
79.88			0.567577
79.9			0.528345
79.92			0.510655
79.94			0.509366
79.96			0.485265
79.98			0.481917
80			0.483241
80.02			0.476318
80.04			0.454081
80.06			0.434561
80.08			0.41357
80.1			0.382949
80.12			0.364209
80.14			0.35113
80.16			0.336726
80.18			0.337378
80.2			0.295161
80.22			0.297728
80.24			0.238437
80.26			0.218859
80.28			0.211657
80.3			0.183471
80.32			0.197196
80.34			0.179448
80.36			0.157272
80.38			0.135959
80.4			0.142545
80.42			0.108636
80.44			0.0875513
80.46			0.0424013
80.48			0.0362076
80.5			0.0214462
80.52			-0.0105658
80.54			-0.017518
80.56			-0.0267842
80.58			-0.0495631
80.6			-0.0468499
80.62			-0.0667945
80.64			-0.100249
80.66			-0.0895047
80.68			-0.111462
80.7			-0.157094
80.72			-0.166279
80.74			-0.190359
80.76			-0.213326
80.78			-0.225426
80.8			-0.235418
80.82			-0.25919
80.84			-0.244401
80.86			-0.273837
80.88			-0.27721
80.9			-0.334282
80.92			-0.333612
80.94			-0.364027
80.96			-0.374989
80.98			-0.359735
81			-0.386397
81.02			-0.431225
81.04			-0.437808
81.06			-0.450736
81.08			-0.435849
81.1			-0.491713
81.12			-0.490955
81.14			-0.525628
81.16			-0.533787
81.18			-0.510765
81.2			-0.525399
81.22			-0.536184
81.24			-0.596142
81.26			-0.592098
81.28			-0.602504
81.3			-0.606229
81.32			-0.617557
81.34			-0.641101
81.36			-0.659585
81.38			-0.658483
81.4			-0.671844
81.42			-0.672851
81.44			-0.710014
81.46			-0.710308
81.48			-0.713822
81.5			-0.724905
81.52			-0.740974
81.54			-0.728367
81.56			-0.747261
81.58			-0.750597
81.6			-0.771613
81.62			-0.795534
81.64			-0.809306
81.66			-0.818337
81.68			-0.811676
81.7			-0.807578
81.72			-0.830971
81.74			-0.811648
81.76			-0.85629
81.78			-0.824915
81.8			-0.846609
81.82			-0.827085
81.84			-0.843557
81.86			-0.872986
81.88			-0.890595
81.9			-0.872413
81.92			-0.880165
81.94			-0.869843
81.96			-0.892547
81.98			-0.866633
82			-0.894387
82.02			-0.889071
82.04			-0.878736
82.06			-0.91405
82.08			-0.894839
82.1			-0.90262
82.12			-0.912444
82.14			-0.879743
82.16			-0.9138
82.18			-0.904282
82.2			-0.913488
82.22			-0.884391
82.24			-0.893948
82.26			-0.914862
82.28			-0.907501
82.3			-0.890079
82.32			-0.890267
82.34			-0.897941
82.36			-0.887638
82.38			-0.899814
82.4			-0.8857
82.42			-0.898579
82.44			-0.847655
82.46			-0.861482
82.48			-0.881164
82.5			-0.8597
82.52			-0.831008
82.54			-0.822519
82.56			-0.829169
82.58			-0.839892
82.6			-0.845881
82.62			-0.815094
82.64			-0.836159
82.66			-0.783658
82.68			-0.80597
82.7			-0.790619
82.72			-0.774621
82.74			-0.783863
82.76			-0.767866
82.78			-0.741332
82.8			-0.726924
82.82			-0.718667
82.84			-0.730231
82.86			-0.729067
82.88			-0.686765
82.9			-0.667227
82.92			-0.683984
82.94			-0.668679
82.96			-0.661
82.98			-0.626265
83			-0.635736
83.02			-0.627079
83.04			-0.593941
83.06			-0.59081
83.08			-0.585674
83.1			-0.562323
83.12			-0.557638
83.14			-0.518844
83.16			-0.545206
83.18			-0.495869
83.2			-0.491889
83.22			-0.466895
83.24			-0.475783
83.26			-0.455294
83.28			-0.426912
83.3			-0.42328
83.32			-0.39929
83.34			-0.405953
83.36			-0.377121
83.38			-0.354495
83.4			-0.362748
83.42			-0.344363
83.44			-0.302634
83.46			-0.299653
83.48			-0.289794
83.5			-0.246457
83.52			-0.263915
83.54			-0.252172
83.56			-0.233516
83.58			-0.201689
83.6			-0.155481
83.62			-0.181396
83.64			-0.126112
83.66			-0.141843
83.68			-0.121583
83.7			-0.0976913
83.72			-0.0895561
83.74			-0.0763894
83.76			-0.0227227
83.78			-0.0037824
83.8			0.0179033
83.82			-0.00198311
83.84			0.0309156
83.86			0.0606447
83.88			0.0861538
83.9			0.0857569
83.92			0.083387
83.94			0.125538
83.96			0.116521
83.98			0.153076
84			0.185588
84.02			0.207717
84.04			0.209023
84.06			0.247837
84.08			0.247317
84.1			0.263606
84.12			0.281196
84.14			0.303935
84.16			0.339341
84.18			0.338353
84.2			0.349182
84.22			0.378475
84.24			0.397311
84.26			0.405104
84.28			0.399296
84.3			0.416607
84.32			0.467593
84.34			0.481094
84.36			0.501955
84.38			0.505339
84.4			0.511537
84.42			0.549202
84.44			0.56148
84.46			0.582022
84.48			0.591239
84.5			0.596281
84.52			0.611007
84.54			0.636201
84.56			0.638819
84.58			0.679203
84.6			0.653726
84.62			0.674628
84.64			0.719369
84.66			0.695011
84.68			0.729819
84.7			0.764122
84.72			0.761465
84.74			0.775205
84.76			0.80684
84.78			0.813741
84.8			0.817524
84.82			0.828735
84.84			0.825711
84.86			0.828876
84.88			0.849777
84.9			0.898119
84.92			0.901748
84.94			0.875527
84.96			0.882495
84.98			0.900279
85			0.933046
85.02			0.920668
85.04			0.950098
85.06			0.945752
85.08			0.987885
85.1			0.996868
85.12			0.969025
85.14			0.991714
85.16			1.0072
85.18			0.985439
85.2			1.015
85.22			1.00763
85.24			1.01495
85.26			1.05869
85.28			1.03738
85.3			1.05702
85.32			1.03493
85.34			1.04153
85.36			1.06592
85.38			1.05084
85.4			1.07294
85.42			1.05344
85.44			1.08639
85.46			1.06942
85.48			1.06891
85.5			1.07498
85.52			1.08492
85.54			1.07009
85.56			1.10895
85.58			1.1151
85.6			1.08099
85.62			1.08635
85.64			1.09661
85.66			1.07582
85.68			1.11901
85.7			1.10006
85.72			1.08886
85.74			1.08008
85.76			1.07743
85.78			1.0811
85.8			1.10106
85.82			1.11232
85.84			1.10706
85.86			1.09146
85.88			1.10496
85.9			1.09525
85.92			1.05168
85.94			1.06588
85.96			1.06548
85.98			1.05978
86			1.06121
86.02			1.06415
86.04			1.04691
86.06			1.05568
86.08			1.02185
86.1			1.04753
86.12			1.01942
86.14			0.98612
86.16			1.02112
86.18			0.973957
86.2			0.969186
86.22			1.00161
86.24			0.945887
86.26			0.970709
86.28			0.96816
86.3			0.963196
86.32			0.917021
86.34			0.916426
86.36			0.919792
86.38			0.898664
86.4			0.882408
86.42			0.902136
86.44			0.858614
86.46			0.846803
86.48			0.851174
86.5			0.808907
86.52			0.811737
86.54			0.782575
86.56			0.789826
86.58			0.802176
86.6			0.789214
86.62			0.765932
86.64			0.745293
86.66			0.747604
86.68			0.707622
86.7			0.686453
86.72			0.699588
86.74			0.67722
86.76			0.64126
86.78			0.632212
86.8			0.619727
86.82			0.619197
86.84			0.590273
86.86			0.560736
86.88			0.56047
86.9			0.528017
86.92			0.503471
86.94			0.517088
86.96			0.474171
86.98			0.499112
87			0.484312
87.02			0.433945
87.04			0.42571
87.06			0.433746
87.08			0.417561
87.1			0.383135
87.12			0.372778
87.14			0.327023
87.16			0.30553
87.18			0.288308
87.2			0.290117
87.22			0.249963
87.24			0.239913
87.26			0.217869
87.28			0.203637
87.3			0.214636
87.32			0.168637
87.34			0.185729
87.36			0.171854
87.38			0.122077
87.4			0.0952539
87.42			0.0859755
87.44			0.0666443
87.46			0.0403741
87.48			0.0605816
87.5			-0.00113988
87.52			0.00686408
87.54			0.00761083
87.56			-0.0190562
87.58			-0.0720599
87.6			-0.0882104
87.62			-0.10566
87.64			-0.0843421
87.66			-0.0978422
87.68			-0.12001
87.7			-0.139406
87.72			-0.183523
87.74			-0.166204
87.76			-0.196315
87.78			-0.246899
87.8			-0.245582
87.82			-0.279652
87.84			-0.289978
87.86			-0.278826
87.88			-0.329566
87.9			-0.30359
87.92			-0.33361
87.94			-0.358863
87.96			-0.396973
87.98			-0.394592
88			-0.393083
88.02			-0.398931
88.04			-0.441333
88.06			-0.444256
88.08			-0.488772
88.1			-0.468409
88.12			-0.481649
88.14			-0.513172
88.16			-0.508084
88.18			-0.51678
88.2			-0.52741
88.22			-0.538649
88.24			-0.561842
88.26			-0.610513
88.28			-0.585415
88.3			-0.607007
88.32			-0.62069
88.34			-0.637458
88.36			-0.654593
88.38			-0.684773
88.4			-0.659988
88.42			-0.667301
88.44			-0.693754
88.46			-0.709179
88.48			-0.722287
88.5			-0.743713
88.52			-0.755485
88.54			-0.725342
88.56			-0.750521
88.58			-0.75338
88.6			-0.775367
88.62			-0.806605
88.64			-0.816867
88.66			-0.817615
88.68			-0.794938
88.7			-0.794261
88.72			-0.845944
88.74			-0.848545
88.76			-0.856312
88.78			-0.818804
88.8			-0.824653
88.82			-0.833689
88.84			-0.865428
88.86			-0.883916
88.88			-0.847992
88.9			-0.872413
88.92			-0.886408
88.94			-0.877125
88.96			-0.90057
88.98			-0.872812
89			-0.866609
89.02			-0.892145
89.04			-0.893409
89.06			-0.89093
89.08			-0.91185
89.1			-0.917372
89.12			-0.887788
89.14			-0.909537
89.16			-0.881229
89.18			-0.919432
89.2			-0.911043
89.22			-0.913801
89.24			-0.913922
89.26			-0.876537
89.28			-0.895149
89.3			-0.904081
89.32			-0.89603
89.34			-0.89038
89.36			-0.890387
89.38			-0.880976
89.4			-0.872152
89.42			-0.860092
89.44			-0.861956
89.46			-0.867856
89.48			-0.860896
89.5			-0.864292
89.52			-0.866058
89.54			-0.852314
89.56			-0.848913
89.58			-0.8223
89.6			-0.804931
89.62			-0.832422
89.64			-0.800048
89.66			-0.819648
89.68			-0.786136
89.7			-0.778438
89.72			-0.789442
89.74			-0.764368
89.76			-0.760932
89.78			-0.754948
89.8			-0.738427
89.82			-0.722183
89.84			-0.736205
89.86			-0.684739
89.88			-0.71597
89.9			-0.70509
89.92			-0.673555
89.94			-0.677152
89.96			-0.631687
89.98			-0.652415
90			-0.65372
90.02			-0.601236
90.04			-0.614243
90.06			-0.610052
90.08			-0.584844
90.1			-0.556424
90.12			-0.566945
90.14			-0.534615
90.16			-0.534977
90.18			-0.496009
90.2			-0.510848
90.22			-0.483854
90.24			-0.478994
90.26			-0.427585
90.28			-0.457389
90.3			-0.408891
90.32			-0.422835
90.34			-0.398626
90.36			-0.353228
90.38			-0.373648
90.4			-0.319721
90.42			-0.342769
90.44			-0.326211
90.46			-0.294167
90.48			-0.28861
90.5			-0.242218
90.52			-0.260244
90.54			-0.24238
90.56			-0.185797
90.58			-0.189477
90.6			-0.180989
90.62			-0.177396
90.64			-0.124269
90.66			-0.099932
90.68			-0.0875596
90.7			-0.0628133
90.72			-0.0458216
90.74			-0.0315696
90.76			-0.0165546
90.78			-0.0132734
90.8			0.00708676
90.82			0.0209635
90.84			0.0461566
90.86			0.0370212
90.88			0.0893104
90.9			0.0987345
90.92			0.131218
90.94			0.136648
90.96			0.127217
90.98			0.16076
91			0.193527
91.02			0.211542
91.04			0.220013
91.06			0.251529
91.08			0.22804
91.1			0.269805
91.12			0.301757
91.14			0.298237
91.16			0.332703
91.18			0.318533
91.2			0.339815
91.22			0.383961
91.24			0.388724
91.26			0.424486
91.28			0.450127
91.3			0.444627
91.32			0.468397
91.34			0.472703
91.36			0.513606
91.38			0.515454
91.4			0.532209
91.42			0.542666
91.44			0.538144
91.46			0.590288
91.48			0.580945
91.5			0.594125
91.52			0.623955
91.54			0.636398
91.56			0.640196
91.58			0.667186
91.6			0.681951
91.62			0.717261
91.64			0.698952
91.66			0.717654
91.68			0.741275
91.7			0.72974
91.72			0.74265
91.74			0.780789
91.76			0.786024
91.78			0.824073
91.8			0.802404
91.82			0.81068
91.84			0.820071
91.86			0.864062
91.88			0.884643
91.9			0.879364
91.92			0.874379
91.94			0.901271
91.96			0.924409
91.98			0.927697
92			0.94834
92.02			0.9405
92.04			0.936739
92.06			0.934801
92.08			0.962072
92.1			0.96671
92.12			0.961921
92.14			0.984162
92.16			0.976899
92.18			1.00443
92.2			1.00203
92.22			1.01175
92.24			1.02576
92.26			1.0575
92.28			1.05282
92.3			1.05055
92.32			1.04188
92.34			1.05668
92.36			1.0429
92.38			1.04874
92.4			1.06527
92.42			1.0527
92.44			1.09521
92.46			1.08147
92.48			1.0781
92.5			1.09821
92.52			1.10663
92.54			1.1167
92.56			1.10719
92.58			1.09167
92.6			1.09427
92.62			1.12267
92.64			1.1223
92.66			1.08219
92.68			1.11754
92.7			1.09707
92.72			1.10436
92.74			1.09998
92.76			1.10952
92.78			1.07839
92.8			1.10883
92.82			1.09493
92.84			1.10037
92.86			1.09921
92.88			1.07569
92.9			1.09689
92.92			1.05285
92.94			1.06721
92.96			1.05234
92.98			1.03705
93			1.07128
93.02			1.03885
93.04			1.06622
93.06			1.05466
93.08			1.04784
93.1			1.03999
93.12			1.03633
93.14			0.99981
93.16			0.976204
93.18			0.976859
93.2			0.976427
93.22			0.963248
93.24			0.990537
93.26			0.958448
93.28			0.941654
93.3			0.933268
93.32			0.909798
93.34			0.929366
93.36			0.913309
93.38			0.916624
93.4			0.895406
93.42			0.860528
93.44			0.849567
93.46			0.842718
93.48			0.850805
93.5			0.83719
93.52			0.821834
93.54			0.804908
93.56			0.800091
93.58			0.796116
93.6			0.772284
93.62			0.741544
93.64			0.712672
93.66			0.74443
93.68			0.717286
93.7			0.67634
93.72			0.684575
93.74			0.63986
93.76			0.671971
93.78			0.614824
93.8			0.638009
93.82			0.617593
93.84			0.602546
93.86			0.555581
93.88			0.553255
93.9			0.546557
93.92			0.518767
93.94			0.481539
93.96			0.469872
93.98			0.455924
94			0.473854
94.02			0.425686
94.04			0.434632
94.06			0.398384
94.08			0.394887
94.1			0.367714
94.12			0.34574
94.14			0.316031
94.16			0.324461
94.18			0.311502
94.2			0.27837
94.22			0.253335
94.24			0.241783
94.26			0.220254
94.28			0.199068
94.3			0.184069
94.32			0.191192
94.34			0.162045
94.36			0.154373
94.38			0.110295
94.4			0.100705
94.42			0.108808
94.44			0.0899263
94.46			0.0716512
94.48			0.0240227
94.5			0.0206471
94.52			0.0210328
94.54			-0.0190839
94.56			-0.0579191
94.58			-0.0402082
94.6			-0.0849979
94.62			-0.0957187
94.64			-0.103413
94.66			-0.122063
94.68			-0.124206
94.7			-0.14747
94.72			-0.178039
94.74			-0.217809
94.76			-0.200944
94.78			-0.207131
94.8			-0.242627
94.82			-0.250319
94.84			-0.284427
94.86			-0.276823
94.88			-0.3324
94.9			-0.311506
94.92			-0.329657
94.94			-0.363924
94.96			-0.389923
94.98			-0.37753
95			-0.389675
95.02			-0.426176
95.04			-0.448971
95.06			-0.43806
95.08			-0.469473
95.1			-0.503458
95.12			-0.505796
95.14			-0.505542
95.16			-0.542998
95.18			-0.550617
95.2			-0.56595
95.22			-0.55815
95.24			-0.583811
95.26			-0.592578
95.28			-0.62174
95.3			-0.60168
95.32			-0.609436
95.34			-0.644361
95.36			-0.638382
95.38			-0.676598
95.4			-0.698056
95.42			-0.693023
95.44			-0.709995
95.46			-0.723815
95.48			-0.714746
95.5			-0.716797
95.52			-0.730079
95.54			-0.77549
95.56			-0.752426
95.58			-0.749818
95.6			-0.757746
95.62			-0.763125
95.64			-0.815486
95.66			-0.820935
95.68			-0.795105
95.7			-0.827424
95.72			-0.80446
95.74			-0.835733
95.76			-0.820269
95.78			-0.831944
95.8			-0.862428
95.82			-0.858838
95.84			-0.88223
95.86			-0.881101
95.88			-0.894023
95.9			-0.868141
95.92			-0.860208
95.94			-0.866003
95.96			-0.905867
95.98			-0.867547
96			-0.894148
96.02			-0.876329
96.04			-0.870972
96.06			-0.892819
96.08			-0.876422
96.1			-0.906987
96.12			-0.881025
96.14			-0.916543
96.16			-0.913891
96.18			-0.891093
96.2			-0.902085
96.22			-0.914449
96.24			-0.877424
96.26			-0.907984
96.28			-0.871381
96.3			-0.873175
96.32			-0.89527
96.34			-0.875694
96.36			-0.860854
96.38			-0.895447
96.4			-0.870865
96.42			-0.894291
96.44			-0.877954
96.46			-0.867329
96.48			-0.854109
96.5			-0.839799
96.52			-0.853071
96.54			-0.850243
96.56			-0.813761
96.58			-0.841119
96.6			-0.810335
96.62			-0.827458
96.64			-0.791762
96.66			-0.801955
96.68			-0.804887
96.7			-0.777193
96.72			-0.792179
96.74			-0.775993
96.76			-0.737635
96.78			-0.725222
96.8			-0.723872
96.82			-0.729903
96.84			-0.71202
96.86			-0.711922
96.88			-0.705535
96.9			-0.691702
96.92			-0.662664
96.94			-0.682282
96.96			-0.649525
96.98			-0.651579
97			-0.644415
97.02			-0.612088
97.04			-0.602227
97.06			-0.579643
97.08			-0.576152
97.1			-0.549069
97.12			-0.560937
97.14			-0.542473
97.16			-0.49994
97.18			-0.515725
97.2			-0.501431
97.22			-0.493178
97.24			-0.477085
97.26			-0.448498
97.28			-0.419961
97.3			-0.422367
97.32			-0.402062
97.34			-0.406826
97.36			-0.361799
97.38			-0.367576
97.4			-0.349664
97.42			-0.331942
97.44			-0.325944
97.46			-0.300951
97.48			-0.283966
97.5			-0.274962
97.52			-0.256826
97.54			-0.221993
97.56			-0.206528
97.58			-0.164509
97.6			-0.166234
97.62			-0.128818
97.64			-0.152164
97.66			-0.0968759
97.68			-0.0904288
97.7			-0.0648047
97.72			-0.0391018
97.74			-0.0543333
97.76			-0.0209417
97.78			0.012656
97.8			-0.0154872
97.82			0.0185956
97.84			0.0304333
97.86			0.0562018
97.88			0.089672
97.9			0.111708
97.92			0.119457
97.94			0.119762
97.96			0.161494
97.98			0.166871
98			0.170948
98.02			0.192157
98.04			0.214889
98.06			0.224485
98.08			0.238085
98.1			0.292213
98.12			0.275416
98.14			0.298071
98.16			0.352218
98.18			0.371414
98.2			0.384327
98.22			0.400258
98.24			0.397393
98.26			0.398812
98.28			0.416913
98.3			0.450167
98.32			0.484124
98.34			0.482214
98.36			0.488772
98.38			0.49771
98.4			0.544736
98.42			0.546539
98.44			0.544058
98.46			0.565648
98.48			0.58494
98.5			0.620745
98.52			0.64941
98.54			0.649069
98.56			0.663994
98.58			0.675792
98.6			0.680992
98.62			0.683735
98.64			0.731017
98.66			0.724877
98.68			0.731674
98.7			0.754228
98.72			0.768943
98.74			0.802162
98.76			0.800471
98.78			0.814212
98.8			0.810008
98.82			0.810394
98.84			0.86265
98.86			0.864294
98.88			0.867225
98.9			0.86968
98.92			0.880881
98.94			0.881343
98.96			0.891039
98.98			0.907527
99			0.909328
99.02			0.934856
99.04			0.954013
99.06			0.939082
99.08			0.959528
99.1			1.00207
99.12			1.00851
99.14			1.00791
99.16			1.01021
99.18			0.996049
99.2			1.02116
99.22			1.0458
99.24			1.05126
99.26			1.05871
99.28			1.04151
99.3			1.03724
99.32			1.06502
99.34			1.08168
99.36			1.07798
99.38			1.05944
99.4			1.07781
99.42			1.0794
99.44			1.06574
99.46			1.06944
99.48			1.09249
99.5			1.1082
99.52			1.1087
99.54			1.11667
99.56			1.10649
99.58			1.10281
99.6			1.11823
99.62			1.10239
99.64			1.09352
99.66			1.11237
99.68			1.09451
99.7			1.07918
99.72			1.0849
99.74			1.09254
99.76			1.11303
99.78			1.07789
99.8			1.11385
99.82			1.09156
99.84			1.09944
99.86			1.07976
99.88			1.06969
99.9			1.07979
99.92			1.08923
99.94			1.07949
99.96			1.06722
99.98			1.04883
