1000 0.0136516
1001 0.013252
1002 0.0128533
1003 0.0131464
1004 0.0127485
1005 0.0123515
1006 0.0126442
1007 0.0129364
1008 0.0125403
1009 0.012832
1010 0.0131231
1011 0.0134137
1012 0.0137036
1013 0.013993
1014 0.0142818
1015 0.0145701
1016 0.0148577
1017 0.0144633
1018 0.0147505
1019 0.0150372
1020 0.0153233
1021 0.0149299
1022 0.0152156
1023 0.0148231
1024 0.0144314
1025 0.0147166
1026 0.0143258
1027 0.0139357
1028 0.0135464
1029 0.0131578
1030 0.01277
1031 0.0130552
1032 0.0133399
1033 0.012953
1034 0.0132373
1035 0.013521
1036 0.0138041
1037 0.0140867
1038 0.0143687
1039 0.0146503
1040 0.0142647
1041 0.0138799
1042 0.0134959
1043 0.0131126
1044 0.013394
1045 0.0136748
1046 0.0132924
1047 0.0135728
1048 0.0138526
1049 0.0141319
1050 0.0144107
1051 0.0140295
1052 0.0136489
1053 0.0139274
1054 0.0135477
1055 0.0131687
1056 0.0134468
1057 0.0130686
1058 0.0126911
1059 0.0129689
1060 0.0125922
1061 0.0122163
1062 0.011841
1063 0.0121186
1064 0.0117441
1065 0.0120212
1066 0.0122978
1067 0.0125738
1068 0.0128494
1069 0.012476
1070 0.0121033
1071 0.0117313
1072 0.0120066
1073 0.0122814
1074 0.0125557
1075 0.0128295
1076 0.0131027
1077 0.0133755
1078 0.0136477
1079 0.013277
1080 0.0135489
1081 0.0138202
1082 0.0134504
1083 0.0130813
1084 0.0133523
1085 0.0136228
1086 0.0132546
1087 0.0135247
1088 0.0137943
1089 0.0134269
1090 0.0136961
1091 0.0139648
1092 0.0135982
1093 0.0132324
1094 0.0135008
1095 0.0137687
1096 0.0140361
1097 0.0136711
1098 0.0139382
1099 0.013574
1100 0.0132105
1101 0.0134772
1102 0.0137434
1103 0.0140091
1104 0.0136465
1105 0.0132846
1106 0.0129233
1107 0.0125627
1108 0.0122027
1109 0.0124684
1110 0.0121092
1111 0.0117506
1112 0.0113926
1113 0.0110353
1114 0.0113008
1115 0.0109442
1116 0.0112094
1117 0.0108535
1118 0.0111183
1119 0.0107631
1120 0.0110275
1121 0.0112914
1122 0.0115548
1123 0.0118178
1124 0.0120803
1125 0.0117262
1126 0.0113727
1127 0.0116349
1128 0.0118966
1129 0.0121578
1130 0.0118052
1131 0.0114532
1132 0.0117142
1133 0.0113629
1134 0.0116235
1135 0.0118836
1136 0.0115331
1137 0.0117928
1138 0.011443
1139 0.0110938
1140 0.0113532
1141 0.0116122
1142 0.0118707
1143 0.0121288
1144 0.0117805
1145 0.0120383
1146 0.0116907
1147 0.011948
1148 0.0116011
1149 0.0118581
1150 0.0115118
1151 0.0111662
1152 0.0114229
1153 0.011078
1154 0.0113343
1155 0.0115901
1156 0.0112459
1157 0.0109023
1158 0.0105593
1159 0.0102169
1160 0.0104726
1161 0.0107279
1162 0.0103863
1163 0.0106412
1164 0.0108956
1165 0.0111497
1166 0.0114033
1167 0.0116565
1168 0.0113158
1169 0.0115686
1170 0.0112285
1171 0.011481
1172 0.011733
1173 0.0113937
1174 0.0116453
1175 0.0118966
1176 0.0121474
1177 0.0118089
1178 0.0114709
1179 0.0111335
1180 0.0113841
1181 0.0110474
1182 0.0107113
1183 0.0103757
1184 0.0106261
1185 0.010876
1186 0.0105412
1187 0.0102068
1188 0.0104566
1189 0.0101229
1190 0.00978974
1191 0.00945718
1192 0.00970667
1193 0.00995575
1194 0.00962388
1195 0.00929257
1196 0.00954136
1197 0.00921067
1198 0.00945912
1199 0.00970716
1200 0.00937715
1201 0.0090477
1202 0.0087188
1203 0.00896662
1204 0.00921404
1205 0.00888582
1206 0.00913289
1207 0.00937955
1208 0.0096258
1209 0.00987165
1210 0.00954424
1211 0.00921737
1212 0.00946294
1213 0.00970811
1214 0.00995287
1215 0.00962674
1216 0.00930115
1217 0.00954565
1218 0.00922066
1219 0.00946482
1220 0.00970858
1221 0.00938425
1222 0.00906045
1223 0.00930395
1224 0.00898075
1225 0.00865807
1226 0.0089013
1227 0.00914413
1228 0.00882211
1229 0.00850062
1230 0.00817964
1231 0.00842227
1232 0.00810188
1233 0.00778202
1234 0.00802438
1235 0.00826634
1236 0.00794712
1237 0.00818876
1238 0.00843
1239 0.00867086
1240 0.00891133
1241 0.00915141
1242 0.00939111
1243 0.00963042
1244 0.00986934
1245 0.0101079
1246 0.00978974
1247 0.010028
1248 0.0102658
1249 0.0099483
1250 0.00963131
1251 0.0098689
1252 0.0101061
1253 0.0103429
1254 0.0105794
1255 0.0108155
1256 0.0104993
1257 0.0107351
1258 0.0104194
1259 0.0106549
1260 0.01089
1261 0.0111247
1262 0.011359
1263 0.0110442
1264 0.0112782
1265 0.0109639
1266 0.0106501
1267 0.0108839
1268 0.0105707
1269 0.0102579
1270 0.00994568
1271 0.00963393
1272 0.00986759
1273 0.00955639
1274 0.00978974
1275 0.0100227
1276 0.0102554
1277 0.0104876
1278 0.0107195
1279 0.0109511
1280 0.0106407
1281 0.0103308
1282 0.0105621
1283 0.0102528
1284 0.0104838
1285 0.0107145
1286 0.0104057
1287 0.0106361
1288 0.0108661
1289 0.0110957
1290 0.0107876
1291 0.011017
1292 0.0107094
1293 0.0104024
1294 0.0106315
1295 0.0108602
1296 0.0105538
1297 0.0102478
1298 0.0104763
1299 0.0107045
1300 0.0109323
1301 0.0111597
1302 0.0108545
1303 0.0110817
1304 0.0113085
1305 0.0115349
1306 0.0117611
1307 0.0114565
1308 0.0116823
1309 0.0119078
1310 0.012133
1311 0.0118291
1312 0.0115256
1313 0.0117506
1314 0.0114476
1315 0.0111452
1316 0.0108432
1317 0.0110679
1318 0.0107664
1319 0.0109909
1320 0.011215
1321 0.0109141
1322 0.0106137
1323 0.0103137
1324 0.0100141
1325 0.00971501
1326 0.0099391
1327 0.0096405
1328 0.00986431
1329 0.00956622
1330 0.00926858
1331 0.00897139
1332 0.00919502
1333 0.00889833
1334 0.00912168
1335 0.00882549
1336 0.00852974
1337 0.00823444
1338 0.00793957
1339 0.00816281
1340 0.00786844
1341 0.00757451
1342 0.00779752
1343 0.00802019
1344 0.00824254
1345 0.0079492
1346 0.0076563
1347 0.00787842
1348 0.00758601
1349 0.00729403
1350 0.00751593
1351 0.00773749
1352 0.00795873
1353 0.00766734
1354 0.00737638
1355 0.00759739
1356 0.00730691
1357 0.00752766
1358 0.00723765
1359 0.00694808
1360 0.0071686
1361 0.0068795
1362 0.00659082
1363 0.00681112
1364 0.00703109
1365 0.00725074
1366 0.00747007
1367 0.00768908
1368 0.00740108
1369 0.0071135
1370 0.00733229
1371 0.00755075
1372 0.0072637
1373 0.0074819
1374 0.00769978
1375 0.00741324
1376 0.00763085
1377 0.00784815
1378 0.00806514
1379 0.00828181
1380 0.00849816
1381 0.00871421
1382 0.00892994
1383 0.00914535
1384 0.00885963
1385 0.00907479
1386 0.00928964
1387 0.00950417
1388 0.0097184
1389 0.00943329
1390 0.00964727
1391 0.00986093
1392 0.00957633
1393 0.00929215
1394 0.00900837
1395 0.008725
1396 0.00893856
1397 0.00915181
1398 0.00936476
1399 0.0095774
1400 0.00978974
1401 0.0100018
1402 0.0102135
1403 0.0099309
1404 0.00964869
1405 0.00936688
1406 0.00908547
1407 0.00880446
1408 0.00901614
1409 0.00922752
1410 0.00894701
1411 0.0086669
1412 0.00838718
1413 0.00859841
1414 0.00831913
1415 0.00804025
1416 0.00776177
1417 0.00748368
1418 0.0076948
1419 0.00741715
1420 0.00762802
1421 0.0073508
1422 0.00707398
1423 0.00728464
1424 0.00700825
1425 0.00721867
1426 0.00694271
1427 0.00666714
1428 0.00639196
1429 0.00660222
1430 0.00632747
1431 0.0060531
1432 0.00626316
1433 0.00647292
1434 0.00668239
1435 0.00689157
1436 0.00710045
1437 0.00730905
1438 0.00751735
1439 0.00772537
1440 0.0079331
1441 0.00814054
1442 0.007867
1443 0.00759385
1444 0.00780109
1445 0.00752836
1446 0.00773536
1447 0.00794208
1448 0.00814851
1449 0.00835465
1450 0.00808248
1451 0.00828839
1452 0.00849401
1453 0.00822231
1454 0.00795097
1455 0.00768002
1456 0.00740943
1457 0.00761495
1458 0.00734478
1459 0.00755006
1460 0.00728031
1461 0.00748535
1462 0.00769012
1463 0.00742082
1464 0.00762535
1465 0.00735646
1466 0.00708794
1467 0.00729228
1468 0.00702417
1469 0.00722827
1470 0.0074321
1471 0.00716444
1472 0.00736803
1473 0.00710078
1474 0.00730414
1475 0.00703729
1476 0.00677081
1477 0.00650468
1478 0.0067079
1479 0.00691083
1480 0.00664516
1481 0.00684786
1482 0.00705029
1483 0.00678506
1484 0.00652018
1485 0.00625566
1486 0.00599149
1487 0.00619382
1488 0.00639588
1489 0.00659766
1490 0.00633397
1491 0.00653553
1492 0.00627224
1493 0.00647357
1494 0.00667462
1495 0.00687541
1496 0.00707593
1497 0.00727618
1498 0.00747617
1499 0.00721348
1500 0.00741324
1501 0.00761273
1502 0.00781196
1503 0.00754975
1504 0.00774875
1505 0.00794749
1506 0.00814597
1507 0.00834418
1508 0.00854213
1509 0.00873982
1510 0.00893724
1511 0.00867567
1512 0.00841445
1513 0.0086117
1514 0.00880869
1515 0.00900542
1516 0.00920189
1517 0.0093981
1518 0.00959405
1519 0.00933342
1520 0.00907314
1521 0.00926892
1522 0.00946444
1523 0.00920459
1524 0.00894507
1525 0.00914042
1526 0.00888129
1527 0.00907643
1528 0.00881768
1529 0.0090126
1530 0.00920727
1531 0.00894894
1532 0.00869094
1533 0.00888544
1534 0.00862783
1535 0.00882211
1536 0.00901614
1537 0.00920992
1538 0.00895276
1539 0.00914633
1540 0.00933965
1541 0.00953271
1542 0.00972553
1543 0.00946887
1544 0.00921255
1545 0.00895656
1546 0.00914924
1547 0.00889362
1548 0.0090861
1549 0.00883086
1550 0.00857594
1551 0.00876825
1552 0.00896031
1553 0.00915213
1554 0.00889766
1555 0.00864352
1556 0.0083897
1557 0.00858139
1558 0.00877284
1559 0.00851943
1560 0.00826634
1561 0.00801358
1562 0.0082049
1563 0.00839597
1564 0.0085868
1565 0.00833448
1566 0.00808248
1567 0.00827315
1568 0.00802151
1569 0.00777019
1570 0.0075192
1571 0.00770973
1572 0.00790003
1573 0.00809008
1574 0.00827989
1575 0.00802937
1576 0.00777916
1577 0.00796881
1578 0.00771896
1579 0.00790841
1580 0.00809761
1581 0.00784815
1582 0.00759901
1583 0.00735018
1584 0.00753926
1585 0.00729079
1586 0.00747967
1587 0.00723154
1588 0.00698373
1589 0.00673623
1590 0.00648904
1591 0.00667783
1592 0.00643099
1593 0.00618446
1594 0.00593823
1595 0.0061269
1596 0.00588102
1597 0.00606948
1598 0.00582394
1599 0.0060122
1600 0.00576701
1601 0.00595507
1602 0.0061429
1603 0.00589809
1604 0.00608571
1605 0.00584124
1606 0.00559707
1607 0.00578454
1608 0.00554071
1609 0.00572797
1610 0.00591501
1611 0.00567155
1612 0.00542839
1613 0.00518554
1614 0.00537245
1615 0.00555912
1616 0.00574557
1617 0.00550312
1618 0.00526097
1619 0.00544725
1620 0.00520544
1621 0.00539152
1622 0.00557738
1623 0.00576301
1624 0.00552159
1625 0.00528048
1626 0.00546595
1627 0.00565119
1628 0.00541043
1629 0.00559548
1630 0.0057803
1631 0.00553991
1632 0.00529982
1633 0.00548448
1634 0.00524471
1635 0.00542918
1636 0.00561343
1637 0.00537402
1638 0.00513491
1639 0.00531899
1640 0.00508021
1641 0.00484171
1642 0.00502564
1643 0.00478746
1644 0.0049712
1645 0.00473335
1646 0.0049169
1647 0.00510022
1648 0.00486272
1649 0.00462552
1650 0.00480868
1651 0.00499163
1652 0.00517436
1653 0.00535686
1654 0.00553914
1655 0.00530238
1656 0.00506591
1657 0.00524804
1658 0.00501189
1659 0.00519383
1660 0.00537555
1661 0.00513975
1662 0.00532128
1663 0.0055026
1664 0.00526715
1665 0.00503198
1666 0.00479709
1667 0.00497828
1668 0.00474371
1669 0.00492472
1670 0.00510551
1671 0.00528609
1672 0.00546646
1673 0.0056466
1674 0.00582653
1675 0.00600625
1676 0.00618575
1677 0.00595172
1678 0.00571796
1679 0.00548448
1680 0.00525128
1681 0.0054307
1682 0.0056099
1683 0.00578889
1684 0.00555606
1685 0.00532351
1686 0.00509124
1687 0.00527011
1688 0.00544877
1689 0.00521684
1690 0.00539532
1691 0.00557359
1692 0.00575165
1693 0.00552008
1694 0.00528879
1695 0.00505776
1696 0.00482701
1697 0.00500499
1698 0.00477454
1699 0.00495234
1700 0.00512993
1701 0.00489981
1702 0.00507723
1703 0.00525443
1704 0.00502465
1705 0.00520167
1706 0.00497219
1707 0.00474298
1708 0.00491986
1709 0.00469094
1710 0.00486764
1711 0.00504414
1712 0.00481556
1713 0.00458724
1714 0.00476359
1715 0.00493973
1716 0.00511567
1717 0.00529141
1718 0.00506348
1719 0.00523904
1720 0.0050114
1721 0.00478403
1722 0.00495945
1723 0.00513466
1724 0.00490761
1725 0.00468083
1726 0.00445431
1727 0.00462941
1728 0.00480431
1729 0.004979
1730 0.0051535
1731 0.00492736
1732 0.00510168
1733 0.00487583
1734 0.00504998
1735 0.00482442
1736 0.0049984
1737 0.00477313
1738 0.00454812
1739 0.00472196
1740 0.0048956
1741 0.00467091
1742 0.00484438
1743 0.00501764
1744 0.00519072
1745 0.00536359
1746 0.00553626
1747 0.00570874
1748 0.00588102
1749 0.0060531
1750 0.0058289
1751 0.00600082
1752 0.00617254
1753 0.00634406
1754 0.00651539
1755 0.00668652
1756 0.00646273
1757 0.00623919
1758 0.00641018
1759 0.00658099
1760 0.00635776
1761 0.00613479
1762 0.00591207
1763 0.00608277
1764 0.00625328
1765 0.00642359
1766 0.00659371
1767 0.00637136
1768 0.00614926
1769 0.00592742
1770 0.00570582
1771 0.00548448
1772 0.00565455
1773 0.00543349
1774 0.0056034
1775 0.00577311
1776 0.00555236
1777 0.00572191
1778 0.00550143
1779 0.00567082
1780 0.00545062
1781 0.00523066
1782 0.00539992
1783 0.00556899
1784 0.00573787
1785 0.00590656
1786 0.00607507
1787 0.00624338
1788 0.00602384
1789 0.006192
1790 0.00635996
1791 0.00652774
1792 0.00669534
1793 0.00686274
1794 0.00702996
1795 0.00719699
1796 0.0069779
1797 0.00675905
1798 0.00654044
1799 0.00632208
1800 0.00648904
1801 0.00665582
1802 0.00643775
1803 0.00660437
1804 0.00677081
1805 0.00655304
1806 0.00633552
1807 0.00650183
1808 0.00666795
1809 0.00683389
1810 0.00699965
1811 0.00716522
1812 0.00694808
1813 0.0071135
1814 0.00727873
1815 0.00744379
1816 0.00760866
1817 0.00777335
1818 0.00793786
1819 0.00810219
1820 0.00826634
1821 0.00804967
1822 0.00821367
1823 0.00837748
1824 0.00854112
1825 0.00832477
1826 0.00810866
1827 0.00827218
1828 0.00805633
1829 0.0082197
1830 0.00838289
1831 0.0085459
1832 0.00870873
1833 0.00849323
1834 0.00827797
1835 0.00806294
1836 0.00822568
1837 0.00801092
1838 0.00817351
1839 0.00795901
1840 0.00812145
1841 0.00790721
1842 0.00769321
1843 0.00747943
1844 0.00726589
1845 0.00742827
1846 0.00759047
1847 0.00775249
1848 0.00791434
1849 0.00770114
1850 0.00786285
1851 0.0076499
1852 0.00743719
1853 0.00759877
1854 0.00738632
1855 0.00717409
1856 0.00696209
1857 0.00712359
1858 0.0072849
1859 0.00744605
1860 0.00723436
1861 0.00739536
1862 0.00718393
1863 0.00697272
1864 0.00676174
1865 0.00692265
1866 0.00671192
1867 0.00650142
1868 0.00629114
1869 0.00608109
1870 0.00624193
1871 0.0064026
1872 0.0065631
1873 0.00635335
1874 0.0065137
1875 0.0063042
1876 0.00646441
1877 0.00625516
1878 0.00604614
1879 0.00620622
1880 0.00599745
1881 0.00615739
1882 0.00594886
1883 0.00574056
1884 0.00590038
1885 0.00569232
1886 0.005852
1887 0.00601152
1888 0.00580373
1889 0.00559616
1890 0.00575555
1891 0.00591478
1892 0.00607384
1893 0.00623273
1894 0.00639145
1895 0.00618423
1896 0.00597722
1897 0.00613583
1898 0.00629427
1899 0.00645254
1900 0.00661065
1901 0.00640396
1902 0.00656193
1903 0.00671973
1904 0.00651331
1905 0.00667097
1906 0.00682846
1907 0.00698579
1908 0.00677967
1909 0.00693686
1910 0.00709388
1911 0.00688803
1912 0.00704491
1913 0.0068393
1914 0.0066339
1915 0.00679067
1916 0.00658551
1917 0.00674215
1918 0.00689862
1919 0.00669372
1920 0.00685006
1921 0.0066454
1922 0.00644096
1923 0.00659718
1924 0.00675323
1925 0.00690913
1926 0.00706486
1927 0.00686073
1928 0.00701633
1929 0.00717177
1930 0.0069679
1931 0.0071232
1932 0.00691957
1933 0.00671615
1934 0.00687134
1935 0.00666815
1936 0.0068232
1937 0.0069781
1938 0.00713283
1939 0.00728741
1940 0.00708453
1941 0.00688186
1942 0.00703633
1943 0.00719063
1944 0.00734478
1945 0.00714239
1946 0.00729641
1947 0.00709425
1948 0.00689231
1949 0.00704621
1950 0.0068445
1951 0.00664299
1952 0.0064417
1953 0.00659552
1954 0.00674918
1955 0.00690268
1956 0.00670166
1957 0.00650085
1958 0.00630024
1959 0.00645366
1960 0.00625328
1961 0.00640657
1962 0.00620641
1963 0.00600646
1964 0.00615964
1965 0.00595992
1966 0.0057604
1967 0.00591347
1968 0.00571418
1969 0.00551509
1970 0.0053162
1971 0.00546919
1972 0.00562202
1973 0.00542338
1974 0.00522494
1975 0.00537767
1976 0.00553023
1977 0.00533204
1978 0.00513405
1979 0.00528651
1980 0.00508874
1981 0.00489118
1982 0.00504353
1983 0.00484618
1984 0.0049984
1985 0.00480128
1986 0.00460435
1987 0.00440762
1988 0.00421109
1989 0.00436325
1990 0.00416694
1991 0.00431897
1992 0.00447084
1993 0.00427477
1994 0.00442652
1995 0.00423067
1996 0.00403501
1997 0.00418665
1998 0.00399121
1999 0.00414272
2000 0.00429408
2001 0.00409888
2002 0.0042501
2003 0.00405512
2004 0.00386034
2005 0.00366575
2006 0.00347135
2007 0.00362251
2008 0.00377352
2009 0.00392439
2010 0.00373025
2011 0.0035363
2012 0.00368705
2013 0.00383766
2014 0.00398811
2015 0.00413842
2016 0.00394475
2017 0.00409493
2018 0.00424496
2019 0.00405153
2020 0.00385828
2021 0.00400821
2022 0.00415798
2023 0.00430761
2024 0.00445709
2025 0.00460642
2026 0.0047556
2027 0.00456268
2028 0.00436995
2029 0.00451903
2030 0.00466796
2031 0.00481675
2032 0.00496539
2033 0.00511388
2034 0.00492145
2035 0.00506982
2036 0.00521804
2037 0.00536612
2038 0.00517394
2039 0.0053219
2040 0.00546971
2041 0.00527776
2042 0.00542545
2043 0.00557299
2044 0.00538127
2045 0.00552869
2046 0.00533718
2047 0.00548448
2048 0.00563163
2049 0.00544036
2050 0.00524927
2051 0.00505836
2052 0.00520544
2053 0.00535237
2054 0.00516169
2055 0.0053085
2056 0.00511803
2057 0.00526472
2058 0.00541126
2059 0.00555766
2060 0.00570392
2061 0.00585004
2062 0.00599602
2063 0.00580586
2064 0.00595172
2065 0.00576177
2066 0.0059075
2067 0.00571776
2068 0.00586338
2069 0.00600885
2070 0.00615419
2071 0.00629938
2072 0.00610991
2073 0.00625498
2074 0.00639992
2075 0.00621067
2076 0.00635549
2077 0.00616644
2078 0.00631114
2079 0.0061223
2080 0.00626688
2081 0.00641132
2082 0.00655563
2083 0.00669979
2084 0.00651121
2085 0.00665526
2086 0.00679917
2087 0.00694295
2088 0.00675461
2089 0.00656646
2090 0.00671014
2091 0.00685368
2092 0.00699708
2093 0.00714035
2094 0.00728348
2095 0.00742647
2096 0.00723863
2097 0.00738151
2098 0.00752425
2099 0.00733662
2100 0.00747925
2101 0.00729183
2102 0.00743434
2103 0.00757672
2104 0.00738952
2105 0.00753178
2106 0.00734478
2107 0.00715795
2108 0.00730012
2109 0.0071135
2110 0.00692705
2111 0.00706913
2112 0.00721107
2113 0.00702484
2114 0.00683878
2115 0.00665291
2116 0.00679478
2117 0.0066091
2118 0.00642359
2119 0.00623826
2120 0.0060531
2121 0.00619492
2122 0.00633661
2123 0.00647816
2124 0.00661958
2125 0.00676086
2126 0.00690202
2127 0.00704304
2128 0.0068582
2129 0.00699911
2130 0.00713988
2131 0.00728053
2132 0.00709592
2133 0.00691149
2134 0.00705205
2135 0.00719247
2136 0.00700825
2137 0.00682421
2138 0.00696454
2139 0.00678069
2140 0.00692091
2141 0.007061
2142 0.00720096
2143 0.00734079
2144 0.00748048
2145 0.00729691
2146 0.00743649
2147 0.00725311
2148 0.00706989
2149 0.00720939
2150 0.00734876
2151 0.007488
2152 0.00762711
2153 0.00776609
2154 0.00790494
2155 0.00804366
2156 0.00786076
2157 0.00767803
2158 0.00781666
2159 0.00795517
2160 0.00777265
2161 0.00759029
2162 0.00740811
2163 0.00754655
2164 0.00736455
2165 0.00718272
2166 0.00732107
2167 0.0074593
2168 0.00727768
2169 0.00741579
2170 0.00755378
2171 0.00769165
2172 0.00751025
2173 0.00764801
2174 0.0074668
2175 0.00760445
2176 0.00742343
2177 0.00756097
2178 0.00738014
2179 0.00751758
2180 0.00733693
2181 0.00715645
2182 0.00697613
2183 0.0071135
2184 0.00725074
2185 0.00738786
2186 0.00752485
2187 0.00766172
2188 0.00748167
2189 0.00761843
2190 0.00775506
2191 0.00757521
2192 0.00771175
2193 0.00784815
2194 0.00798444
2195 0.00812059
2196 0.00825663
2197 0.00839254
2198 0.00821297
2199 0.00834878
2200 0.0081694
2201 0.0083051
2202 0.0081259
2203 0.0082615
2204 0.00808248
2205 0.00821798
2206 0.00803914
2207 0.00786047
2208 0.00799588
2209 0.00813117
2210 0.00826634
2211 0.00808789
2212 0.00822295
2213 0.00804468
2214 0.00817964
2215 0.00800155
2216 0.00813641
2217 0.0079585
2218 0.00778075
2219 0.00760316
2220 0.00742573
2221 0.00724846
2222 0.00738329
2223 0.007518
2224 0.0076526
2225 0.00747554
2226 0.00729865
2227 0.00743316
2228 0.00756755
2229 0.00770182
2230 0.00752514
2231 0.00734861
2232 0.0074828
2233 0.00761687
2234 0.00744054
2235 0.00726437
2236 0.00708836
2237 0.00691251
2238 0.00704653
2239 0.00718043
2240 0.00700478
2241 0.00682927
2242 0.00665393
2243 0.00647874
2244 0.00630371
2245 0.00643758
2246 0.00657134
2247 0.0063965
2248 0.00653015
2249 0.00666369
2250 0.00648904
2251 0.00631455
2252 0.00614021
2253 0.00627368
2254 0.00640704
2255 0.00623289
2256 0.0060589
2257 0.00619217
2258 0.00632532
2259 0.00645836
2260 0.00628457
2261 0.00611094
2262 0.0062439
2263 0.00637673
2264 0.00620329
2265 0.00603
2266 0.00585687
2267 0.00568389
2268 0.00581668
2269 0.00594935
2270 0.00608191
2271 0.00590913
2272 0.00604159
2273 0.00586898
2274 0.00569652
2275 0.0058289
2276 0.00565661
2277 0.00548448
2278 0.0053125
2279 0.00514066
2280 0.00496898
2281 0.00479745
2282 0.00492981
2283 0.00506206
2284 0.0051942
2285 0.00532621
2286 0.0051549
2287 0.00498374
2288 0.00481272
2289 0.00464186
2290 0.00447115
2291 0.00460313
2292 0.004735
2293 0.00456447
2294 0.00439409
2295 0.00452588
2296 0.00435566
2297 0.00418559
2298 0.00401567
2299 0.0038459
2300 0.00367627
2301 0.00350679
2302 0.00363857
2303 0.00377023
2304 0.00390177
2305 0.00373249
2306 0.00356335
2307 0.00369482
2308 0.00382617
2309 0.00365721
2310 0.0034884
2311 0.00331974
2312 0.00315122
2313 0.00298285
2314 0.00281462
2315 0.00294596
2316 0.00277789
2317 0.00290913
2318 0.00304025
2319 0.00287236
2320 0.00300339
2321 0.00283566
2322 0.00296659
2323 0.0030974
2324 0.00322811
2325 0.0033587
2326 0.00348918
2327 0.00332167
2328 0.00345206
2329 0.00358233
2330 0.00371249
2331 0.00354517
2332 0.00367524
2333 0.00350808
2334 0.00363805
2335 0.00347106
2336 0.0033042
2337 0.00343409
2338 0.0032674
2339 0.00310085
2340 0.00323066
2341 0.00306426
2342 0.0240347
2343 0.0241893
2344 0.0240481
2345 0.023907
2346 0.023766
2347 0.0239204
2348 0.0237796
2349 0.0236388
2350 0.0234982
2351 0.0236525
2352 0.0238067
2353 0.0236662
2354 0.0235257
2355 0.0233855
2356 0.0232453
2357 0.0231052
2358 0.0232593
2359 0.0231193
2360 0.0229795
2361 0.0228398
2362 0.0229937
2363 0.0228541
2364 0.0227146
2365 0.0228684
2366 0.023022
2367 0.0228826
2368 0.0230361
2369 0.0231894
2370 0.0230501
2371 0.0232033
2372 0.0230642
2373 0.0229252
2374 0.0230782
2375 0.0229393
2376 0.0230922
2377 0.0229534
2378 0.0231062
2379 0.0232589
2380 0.0234114
2381 0.0235638
2382 0.0237161
2383 0.0238683
2384 0.0237295
2385 0.0238816
2386 0.0240334
2387 0.0241852
2388 0.0243369
2389 0.0241982
2390 0.0243497
2391 0.0242112
2392 0.0240728
2393 0.0239345
2394 0.0237963
2395 0.0239477
2396 0.0240989
2397 0.0239609
2398 0.0238229
2399 0.023974
2400 0.024125
2401 0.0242758
2402 0.0244265
2403 0.0242887
2404 0.0241509
2405 0.0240133
2406 0.0241639
2407 0.0243143
2408 0.0241768
2409 0.0243271
2410 0.0244773
2411 0.0246274
2412 0.0247773
2413 0.0246399
2414 0.0245025
2415 0.0246524
2416 0.0245151
2417 0.024378
2418 0.0245277
2419 0.0243907
2420 0.0245403
2421 0.0244034
2422 0.0245528
2423 0.024416
2424 0.0245653
2425 0.0244287
2426 0.0242921
2427 0.0244413
2428 0.0245903
2429 0.0244538
2430 0.0243175
2431 0.0244664
2432 0.0243302
2433 0.024194
2434 0.0243428
2435 0.0244915
2436 0.02464
2437 0.024504
2438 0.024368
2439 0.0242322
2440 0.0240966
2441 0.023961
2442 0.0238255
2443 0.0236901
2444 0.0235549
2445 0.0237033
2446 0.0238515
2447 0.0239996
2448 0.0238645
2449 0.0237294
2450 0.0235945
2451 0.0234597
2452 0.023325
2453 0.0231904
2454 0.0230559
2455 0.0229215
2456 0.0230694
2457 0.0232173
2458 0.023083
2459 0.0232307
2460 0.0230965
2461 0.0229624
2462 0.0228285
2463 0.022976
2464 0.0231235
2465 0.0229896
2466 0.023137
2467 0.0230032
2468 0.0231504
2469 0.0232975
2470 0.0231638
2471 0.0230303
2472 0.0228968
2473 0.0227635
2474 0.0226302
2475 0.0224971
2476 0.022644
2477 0.022511
2478 0.0223781
2479 0.0222453
2480 0.0221126
2481 0.0222594
2482 0.0224061
2483 0.0222734
2484 0.02242
2485 0.0222875
2486 0.0221551
2487 0.0220228
2488 0.0218906
2489 0.022037
2490 0.0221833
2491 0.0220512
2492 0.0221974
2493 0.0223434
2494 0.0222114
2495 0.0220796
2496 0.0219478
2497 0.0218161
2498 0.021962
2499 0.0221078
2500 0.0219762
2501 0.0218447
2502 0.0217134
2503 0.021859
2504 0.0217277
2505 0.0218733
2506 0.0217421
2507 0.021611
2508 0.0214801
2509 0.0213492
2510 0.0212184
2511 0.0213638
2512 0.0215091
2513 0.0216543
2514 0.0215236
2515 0.0216686
2516 0.0218136
2517 0.0219584
2518 0.0221031
2519 0.0219725
2520 0.022117
2521 0.0219865
2522 0.0218562
2523 0.0220006
2524 0.0218703
2525 0.0220146
2526 0.0218844
2527 0.0220286
2528 0.0221727
2529 0.0220426
2530 0.0219126
2531 0.0220566
2532 0.0219267
2533 0.0220706
2534 0.0222143
2535 0.0220845
2536 0.0219548
2537 0.0218252
2538 0.0219688
2539 0.0221123
2540 0.0222556
2541 0.0221261
2542 0.0219967
2543 0.0218674
2544 0.0217382
2545 0.0218814
2546 0.0220246
2547 0.0218954
2548 0.0217664
2549 0.0216375
2550 0.0217805
2551 0.0219234
2552 0.0220662
2553 0.0222088
2554 0.0223514
2555 0.0222225
2556 0.022365
2557 0.0222362
2558 0.0221076
2559 0.0222499
2560 0.0223921
2561 0.0222635
2562 0.0221351
2563 0.0220067
2564 0.0221488
2565 0.0220205
2566 0.0221625
2567 0.0220343
2568 0.0219062
2569 0.0217783
2570 0.0219201
2571 0.0217922
2572 0.0216644
2573 0.0218062
2574 0.0219478
2575 0.0220893
2576 0.0219616
2577 0.0221029
2578 0.0219753
2579 0.0218478
2580 0.0219891
2581 0.0218617
2582 0.0220028
2583 0.0218755
2584 0.0217483
2585 0.0216212
2586 0.0214942
2587 0.0213672
2588 0.0212404
2589 0.0213814
2590 0.0212547
2591 0.0211281
2592 0.0212689
2593 0.0214097
2594 0.0212832
2595 0.0214238
2596 0.0215644
2597 0.0217048
2598 0.0218452
2599 0.0219854
2600 0.0221255
2601 0.021999
2602 0.022139
2603 0.0220126
2604 0.0218863
2605 0.0220262
2606 0.022166
2607 0.0223057
2608 0.0221795
2609 0.0220534
2610 0.0221929
2611 0.0220669
2612 0.021941
2613 0.0218151
2614 0.0219546
2615 0.0220939
2616 0.0222331
2617 0.0221074
2618 0.0222465
2619 0.0221208
2620 0.0222598
2621 0.0221342
2622 0.0220088
2623 0.0221477
2624 0.0222864
2625 0.0224251
2626 0.0222997
2627 0.0221744
2628 0.022313
2629 0.0224514
2630 0.0223262
2631 0.0222011
2632 0.0220761
2633 0.0222144
2634 0.0220895
2635 0.0219646
2636 0.0221028
2637 0.022241
2638 0.022379
2639 0.0225169
2640 0.0226546
2641 0.0225299
2642 0.0224052
2643 0.0222806
2644 0.0224183
2645 0.0222938
2646 0.0221694
2647 0.022307
2648 0.0224444
2649 0.0223201
2650 0.0221959
2651 0.0223333
2652 0.0224705
2653 0.0226076
2654 0.0224835
2655 0.0226205
2656 0.0224965
2657 0.0223725
2658 0.0222487
2659 0.0221249
2660 0.0222618
2661 0.0221381
2662 0.0220145
2663 0.0221513
2664 0.022288
2665 0.0224246
2666 0.0223011
2667 0.0221777
2668 0.0223142
2669 0.0221908
2670 0.0220676
2671 0.0219444
2672 0.0218214
2673 0.0219577
2674 0.022094
2675 0.021971
2676 0.0221072
2677 0.0219843
2678 0.0221203
2679 0.0219975
2680 0.0218748
2681 0.0220107
2682 0.0218881
2683 0.0220239
2684 0.0219014
2685 0.021779
2686 0.0216566
2687 0.0215344
2688 0.0214122
2689 0.0215479
2690 0.0214258
2691 0.0215614
2692 0.0216969
2693 0.0215749
2694 0.0217103
2695 0.0218455
2696 0.0219807
2697 0.0221158
2698 0.0219939
2699 0.021872
2700 0.0217503
2701 0.0216286
2702 0.0217636
2703 0.021642
2704 0.0215205
2705 0.0216554
2706 0.021534
2707 0.0214127
2708 0.0215474
2709 0.0214262
2710 0.0213051
2711 0.0214397
2712 0.0215742
2713 0.0217087
2714 0.021843
2715 0.0219772
2716 0.0218562
2717 0.0217352
2718 0.0218693
2719 0.0217484
2720 0.0218824
2721 0.0217616
2722 0.0216409
2723 0.0215202
2724 0.0213997
2725 0.0215336
2726 0.0214131
2727 0.0215469
2728 0.0214266
2729 0.0213063
2730 0.02144
2731 0.0215736
2732 0.0214533
2733 0.0215868
2734 0.0217202
2735 0.0218535
2736 0.0219867
2737 0.0221198
2738 0.0219997
2739 0.0218796
2740 0.0217597
2741 0.0218927
2742 0.0220255
2743 0.0221583
2744 0.0220384
2745 0.0219186
2746 0.0220513
2747 0.0221839
2748 0.0220642
2749 0.0219445
2750 0.022077
2751 0.0222094
2752 0.0223417
2753 0.0224739
2754 0.0223543
2755 0.0222348
2756 0.0223669
2757 0.0222475
2758 0.0223795
2759 0.0225114
2760 0.0223921
2761 0.0225239
2762 0.0226556
2763 0.0227872
2764 0.0226679
2765 0.0225488
2766 0.0224297
2767 0.0225612
2768 0.0226926
2769 0.0228239
2770 0.0227049
2771 0.022586
2772 0.0227172
2773 0.0228483
2774 0.0229793
2775 0.0228604
2776 0.0229914
2777 0.0228726
2778 0.0230034
2779 0.0228847
2780 0.0227661
2781 0.0226476
2782 0.0227783
2783 0.0226598
2784 0.0225415
2785 0.0224232
2786 0.0225538
2787 0.0224356
2788 0.0225661
2789 0.022448
2790 0.0225784
2791 0.0227087
2792 0.0225907
2793 0.0224727
2794 0.0223549
2795 0.0222371
2796 0.0221194
2797 0.0220018
2798 0.0218842
2799 0.0220144
2800 0.0221445
2801 0.0222745
2802 0.0221571
2803 0.0220397
2804 0.0221696
2805 0.0220523
2806 0.0219351
2807 0.021818
2808 0.0217009
2809 0.021584
2810 0.0214671
2811 0.0215969
2812 0.0217266
2813 0.0218562
2814 0.0219857
2815 0.0218688
2816 0.0219983
2817 0.0221276
2818 0.0222568
2819 0.0221401
2820 0.0222692
2821 0.0223982
2822 0.0222816
2823 0.0224105
2824 0.0225394
2825 0.0226681
2826 0.0225515
2827 0.022435
2828 0.0223186
2829 0.0224472
2830 0.0223309
2831 0.0222146
2832 0.0223431
2833 0.0222269
2834 0.0223554
2835 0.0224838
2836 0.0226121
2837 0.0227403
2838 0.0228684
2839 0.0227522
2840 0.0228802
2841 0.0227642
2842 0.0228921
2843 0.0230199
2844 0.0229039
2845 0.022788
2846 0.0229157
2847 0.0230434
2848 0.0231709
2849 0.0230551
2850 0.0231825
2851 0.0230668
2852 0.0229511
2853 0.0230784
2854 0.0229628
2855 0.0228473
2856 0.0229746
2857 0.0228591
2858 0.0227438
2859 0.0228709
2860 0.0227556
2861 0.0228827
2862 0.0230097
2863 0.0231366
2864 0.0232634
2865 0.0231481
2866 0.0232749
2867 0.0234015
2868 0.023528
2869 0.0234128
2870 0.0232978
2871 0.0231828
2872 0.0233092
2873 0.0234356
2874 0.0233206
2875 0.0234469
2876 0.023332
2877 0.0232173
2878 0.0231026
2879 0.022988
2880 0.0231141
2881 0.0229996
2882 0.0228851
2883 0.0230112
2884 0.0228968
2885 0.0230228
2886 0.0231486
2887 0.0232744
2888 0.0234001
2889 0.0235257
2890 0.0236513
2891 0.0237767
2892 0.0236624
2893 0.0237877
2894 0.023913
2895 0.0240382
2896 0.0239239
2897 0.0238097
2898 0.0239348
2899 0.0240598
2900 0.0239457
2901 0.0238317
2902 0.0237177
2903 0.0238426
2904 0.0239674
2905 0.0238535
2906 0.0239783
2907 0.0241029
2908 0.0239891
2909 0.0238754
2910 0.0237617
2911 0.0238863
2912 0.0240107
2913 0.0238971
2914 0.0237836
2915 0.0236702
2916 0.0237945
2917 0.0236812
2918 0.0238055
2919 0.0236922
2920 0.0238164
2921 0.0239405
2922 0.0240645
2923 0.0241884
2924 0.0240752
2925 0.024199
2926 0.0240859
2927 0.0242096
2928 0.0243333
2929 0.0242202
2930 0.0243438
2931 0.0244673
2932 0.0243543
2933 0.0244777
2934 0.024601
2935 0.0247242
2936 0.0246113
2937 0.0247344
2938 0.0246216
2939 0.0245088
2940 0.0246319
2941 0.0245191
2942 0.0244065
2943 0.0242939
2944 0.0244169
2945 0.0243044
2946 0.024192
2947 0.0243149
2948 0.0244377
2949 0.0243253
2950 0.0242131
2951 0.0241009
2952 0.0239888
2953 0.0241115
2954 0.0242341
2955 0.024122
2956 0.0240101
2957 0.0238982
2958 0.0237864
2959 0.0236746
2960 0.0237971
2961 0.0236855
2962 0.0238079
2963 0.0239302
2964 0.0240525
2965 0.0239409
2966 0.0238293
2967 0.0237179
2968 0.02384
2969 0.0237287
2970 0.0238507
2971 0.0237394
2972 0.0236282
2973 0.0237502
2974 0.023639
2975 0.0237609
2976 0.0238827
2977 0.0237716
2978 0.0238934
2979 0.024015
2980 0.023904
2981 0.0240256
2982 0.024147
2983 0.0240361
2984 0.0239252
2985 0.0240466
2986 0.0241679
2987 0.0240571
2988 0.0241783
2989 0.0240676
2990 0.0241887
2991 0.0243098
2992 0.0244308
2993 0.0245517
2994 0.024441
2995 0.0243304
2996 0.0244512
2997 0.0243406
2998 0.0244614
2999 0.0243509
3000 0.0242405
3001 0.0243611
3002 0.0244817
3003 0.0243714
3004 0.0244918
3005 0.0243816
3006 0.0242714
3007 0.0241613
3008 0.0242817
3009 0.0241716
3010 0.0240616
3011 0.0239517
3012 0.024072
3013 0.0241922
3014 0.0240824
3015 0.0242026
3016 0.0243226
3017 0.0244426
3018 0.0245625
3019 0.0244527
3020 0.0245725
3021 0.0244628
3022 0.0243532
3023 0.0244729
3024 0.0243633
3025 0.0242539
3026 0.0241444
3027 0.0242641
3028 0.0241547
3029 0.0242743
3030 0.024165
3031 0.0240558
3032 0.0239466
3033 0.0240661
3034 0.023957
3035 0.023848
3036 0.0237391
3037 0.0236303
3038 0.0237496
3039 0.0236409
3040 0.0237601
3041 0.0236514
3042 0.0237706
3043 0.023662
3044 0.0235534
3045 0.0234449
3046 0.0233365
3047 0.0232281
3048 0.0231198
3049 0.0230116
3050 0.0229034
3051 0.0227953
3052 0.0226873
3053 0.0228064
3054 0.0229255
3055 0.0228175
3056 0.0227096
3057 0.0226018
3058 0.0227208
3059 0.022613
3060 0.0225054
3061 0.0226242
3062 0.0225166
3063 0.0226354
3064 0.0225278
3065 0.0226465
3066 0.022539
3067 0.0226576
3068 0.0225502
3069 0.0226688
3070 0.0225614
3071 0.0226799
3072 0.0225726
3073 0.0224654
3074 0.0225838
3075 0.022702
3076 0.0228202
3077 0.0227131
3078 0.0228312
3079 0.0227241
3080 0.0226171
3081 0.0225102
3082 0.0224033
3083 0.0222965
3084 0.0221898
3085 0.0223078
3086 0.0222012
3087 0.0223191
3088 0.0222125
3089 0.0223304
3090 0.0224482
3091 0.0225659
3092 0.0224593
3093 0.0223529
3094 0.0224705
3095 0.0223641
3096 0.0222578
3097 0.0221515
3098 0.022269
3099 0.0221628
3100 0.0220567
3101 0.0219506
3102 0.0218446
3103 0.0219621
3104 0.0218562
3105 0.0217503
3106 0.0216445
3107 0.0217619
3108 0.0218791
3109 0.0219964
3110 0.0221135
3111 0.0220078
3112 0.0219021
3113 0.0217965
3114 0.0216909
3115 0.021808
3116 0.0217025
3117 0.0215971
3118 0.0214918
3119 0.0213865
3120 0.0215034
3121 0.0213982
3122 0.0212931
3123 0.021188
3124 0.0213049
3125 0.0214217
3126 0.0213167
3127 0.0212117
3128 0.0213284
3129 0.0212236
3130 0.0213402
3131 0.0214568
3132 0.0213519
3133 0.0214684
3134 0.0213637
3135 0.021259
3136 0.0213754
3137 0.0212707
3138 0.0213871
3139 0.0212825
3140 0.021178
3141 0.0212942
3142 0.0211898
3143 0.0213059
3144 0.0212016
3145 0.0213177
3146 0.0214337
3147 0.0213294
3148 0.0212251
3149 0.021341
3150 0.0212368
3151 0.0211327
3152 0.0210287
3153 0.0209247
3154 0.0208208
3155 0.0209366
3156 0.0208327
3157 0.0207289
3158 0.0208447
3159 0.0209604
3160 0.0208566
3161 0.020753
3162 0.0208686
3163 0.020765
3164 0.0208805
3165 0.0207769
3166 0.0208924
3167 0.0210078
3168 0.0211231
3169 0.0210196
3170 0.0209161
3171 0.0210314
3172 0.0211465
3173 0.0212616
3174 0.0211582
3175 0.0212732
3176 0.0211699
3177 0.0212848
3178 0.0211816
3179 0.0212964
3180 0.0214112
3181 0.0215259
3182 0.0216406
3183 0.0217551
3184 0.0218696
3185 0.0217664
3186 0.0216633
3187 0.0217777
3188 0.0216746
3189 0.0217889
3190 0.0219032
3191 0.0220174
3192 0.0221315
3193 0.0222456
3194 0.0221425
3195 0.0222565
3196 0.0221535
3197 0.0220506
3198 0.0219478
3199 0.0220617
3200 0.0219589
3201 0.0218562
3202 0.0217535
3203 0.0216509
3204 0.0215484
3205 0.0214459
3206 0.0213435
3207 0.0212412
3208 0.021355
3209 0.0214687
3210 0.0213664
3211 0.0212642
3212 0.021162
3213 0.0212757
3214 0.0211736
3215 0.0210716
3216 0.0209696
3217 0.0210831
3218 0.0209812
3219 0.0210947
3220 0.0209929
3221 0.0211063
3222 0.0210045
3223 0.0209028
3224 0.0210161
3225 0.0209145
3226 0.0208129
3227 0.0209261
3228 0.0208246
3229 0.0207231
3230 0.0208363
3231 0.0209494
3232 0.020848
3233 0.020961
3234 0.0208596
3235 0.0207583
3236 0.0206571
3237 0.02077
3238 0.0208829
3239 0.0209957
3240 0.0211085
3241 0.0210073
3242 0.02112
3243 0.0210188
3244 0.0209178
3245 0.0208168
3246 0.0209294
3247 0.0208284
3248 0.0207275
3249 0.0206267
3250 0.0205259
3251 0.0206384
3252 0.0205377
3253 0.0206502
3254 0.0205495
3255 0.0206619
3256 0.0207742
3257 0.0206736
3258 0.0207858
3259 0.020898
3260 0.02101
3261 0.0211221
3262 0.0210215
3263 0.0211335
3264 0.021033
3265 0.0209326
3266 0.0208322
3267 0.0209441
3268 0.0208438
3269 0.0207435
3270 0.0206433
3271 0.0207551
3272 0.020655
3273 0.0207667
3274 0.0206666
3275 0.0205666
3276 0.0204667
3277 0.0205783
3278 0.0206899
3279 0.02059
3280 0.0204902
3281 0.0203904
3282 0.0202907
3283 0.020191
3284 0.0200915
3285 0.0199919
3286 0.0201034
3287 0.0200039
3288 0.0199045
3289 0.0198052
3290 0.0199166
3291 0.0200279
3292 0.0199286
3293 0.0200399
3294 0.020151
3295 0.0200518
3296 0.0199526
3297 0.0198535
3298 0.0197544
3299 0.0196554
3300 0.0195565
3301 0.0194576
3302 0.0195687
3303 0.0194699
3304 0.0195809
3305 0.0194821
3306 0.0195931
3307 0.019704
3308 0.0198148
3309 0.0197161
3310 0.0198268
3311 0.0197282
3312 0.0198388
3313 0.0197402
3314 0.0198508
3315 0.0197523
3316 0.0196538
3317 0.0195553
3318 0.019457
3319 0.0195675
3320 0.019678
3321 0.0197884
3322 0.01969
3323 0.0195918
3324 0.0197021
3325 0.0198123
3326 0.0197141
3327 0.0198243
3328 0.0199344
3329 0.0198363
3330 0.0199463
3331 0.0200563
3332 0.0199582
3333 0.0198601
3334 0.0197621
3335 0.0196642
3336 0.0195663
3337 0.0196762
3338 0.0195784
3339 0.0194806
3340 0.0193829
3341 0.0194927
3342 0.0196025
3343 0.0195048
3344 0.0194072
3345 0.0193097
3346 0.0192122
3347 0.0191148
3348 0.0192245
3349 0.0191271
3350 0.0190298
3351 0.0191394
3352 0.0190422
3353 0.0191517
3354 0.0190545
3355 0.0189573
3356 0.0188603
3357 0.0189697
3358 0.0190791
3359 0.0191884
3360 0.0192977
3361 0.0194069
3362 0.019516
3363 0.0196251
3364 0.019528
3365 0.019637
3366 0.01954
3367 0.0194431
3368 0.0193462
3369 0.0194551
3370 0.019564
3371 0.0194671
3372 0.0195759
3373 0.0194791
3374 0.0193824
3375 0.0192858
3376 0.0191892
3377 0.0190926
3378 0.0192013
3379 0.0191048
3380 0.0190084
3381 0.018912
3382 0.0188157
3383 0.0189243
3384 0.018828
3385 0.0187318
3386 0.0186357
3387 0.0187442
3388 0.0186481
3389 0.0187566
3390 0.018865
3391 0.018769
3392 0.018673
3393 0.018577
3394 0.0186854
3395 0.0187936
3396 0.0186978
3397 0.018806
3398 0.0187101
3399 0.0188183
3400 0.0187225
3401 0.0186268
3402 0.0187348
3403 0.0186392
3404 0.0185435
3405 0.0186515
3406 0.0187595
3407 0.0188674
3408 0.0187718
3409 0.0186763
3410 0.0187841
3411 0.0186886
3412 0.0187963
3413 0.0187009
3414 0.0186056
3415 0.0187132
3416 0.0188208
3417 0.0189284
3418 0.0190359
3419 0.0189405
3420 0.019048
3421 0.0191553
3422 0.0192626
3423 0.0191673
3424 0.0192745
3425 0.0193817
3426 0.0194888
3427 0.0048777
3428 0.00476359
3429 0.00485169
3430 0.00493973
3431 0.00502773
3432 0.00511567
3433 0.00520357
3434 0.00529141
3435 0.00517741
3436 0.00526521
3437 0.00515128
3438 0.00503742
3439 0.00492363
3440 0.00480991
3441 0.00469625
3442 0.00458265
3443 0.00446912
3444 0.00455692
3445 0.00444347
3446 0.00453123
3447 0.00441784
3448 0.00450556
3449 0.00459322
3450 0.00447992
3451 0.00456754
3452 0.00445431
3453 0.00454189
3454 0.00462941
3455 0.00451626
3456 0.00440318
3457 0.00429017
3458 0.00417721
3459 0.00426472
3460 0.00435217
3461 0.0042393
3462 0.00432671
3463 0.00421391
3464 0.00430128
3465 0.00418855
3466 0.00407589
3467 0.00416322
3468 0.0042505
3469 0.00433773
3470 0.00442491
3471 0.00451204
3472 0.00439948
3473 0.00428699
3474 0.00437408
3475 0.00426166
3476 0.0041493
3477 0.00403701
3478 0.00412408
3479 0.00401186
3480 0.0038997
3481 0.00398673
3482 0.00387464
3483 0.00396163
3484 0.00384962
3485 0.00373767
3486 0.00382462
3487 0.00371274
3488 0.00360093
3489 0.00348918
3490 0.0035761
3491 0.00366298
3492 0.0037498
3493 0.00383657
3494 0.0039233
3495 0.00381165
3496 0.00389833
3497 0.00378675
3498 0.00387339
3499 0.00376188
3500 0.00384848
3501 0.00373704
3502 0.00362567
3503 0.00351436
3504 0.00360093
3505 0.00348969
3506 0.00337851
3507 0.0032674
3508 0.00335394
3509 0.00344043
3510 0.00352687
3511 0.00341585
3512 0.00350225
3513 0.00339129
3514 0.00328039
3515 0.00336676
3516 0.00345307
3517 0.00353934
3518 0.00362556
3519 0.00371173
3520 0.00379784
3521 0.00388392
3522 0.00377313
3523 0.00366241
3524 0.00355175
3525 0.0036378
3526 0.00372379
3527 0.00380974
3528 0.00389563
3529 0.00378507
3530 0.00387092
3531 0.00395673
3532 0.00384624
3533 0.00373581
3534 0.00362545
3535 0.00371122
3536 0.00379695
3537 0.00368666
3538 0.00377235
3539 0.00366213
3540 0.00355198
3541 0.00344188
3542 0.00333185
3543 0.00341752
3544 0.00330755
3545 0.00319765
3546 0.00308781
3547 0.00317345
3548 0.00306368
3549 0.00295397
3550 0.00284432
3551 0.00292994
3552 0.00282036
3553 0.00290593
3554 0.00279642
3555 0.00288195
3556 0.0027725
3557 0.00266312
3558 0.0025538
3559 0.00244455
3560 0.00233535
3561 0.00222622
3562 0.00211714
3563 0.00200813
3564 0.00209366
3565 0.00217915
3566 0.00226459
3567 0.00234998
3568 0.00224105
3569 0.0023264
3570 0.00221755
3571 0.00210875
3572 0.00200001
3573 0.00208534
3574 0.00197667
3575 0.00206195
3576 0.00214718
3577 0.00223236
3578 0.0023175
3579 0.00220892
3580 0.0021004
3581 0.0021855
3582 0.00227056
3583 0.00235557
3584 0.00224712
3585 0.00233209
3586 0.00222372
3587 0.00211541
3588 0.00200715
3589 0.00189896
3590 0.00198391
3591 0.00187578
3592 0.00176772
3593 0.00165971
3594 0.00174463
3595 0.0018295
3596 0.00191432
3597 0.0019991
3598 0.00208383
3599 0.00216851
3600 0.00225314
3601 0.00233773
3602 0.00222984
3603 0.002122
3604 0.00220656
3605 0.00209879
3606 0.00199108
3607 0.0020756
3608 0.00216007
3609 0.0022445
3610 0.00213687
3611 0.00222126
3612 0.00230559
3613 0.00238989
3614 0.00247413
3615 0.00255833
3616 0.00245079
3617 0.00234332
3618 0.00242748
3619 0.00232007
3620 0.00221272
3621 0.00229685
3622 0.00238094
3623 0.00246497
3624 0.00254897
3625 0.0024417
3626 0.00233449
3627 0.00222734
3628 0.00231131
3629 0.00220422
3630 0.00228815
3631 0.00237203
3632 0.00245586
3633 0.00253965
3634 0.00262339
3635 0.0025164
3636 0.00240946
3637 0.00249317
3638 0.0023863
3639 0.00227949
3640 0.00236317
3641 0.00244679
3642 0.00253038
3643 0.00242364
3644 0.00231697
3645 0.00221035
3646 0.00229391
3647 0.00237742
3648 0.00227088
3649 0.00216439
3650 0.00205796
3651 0.00195159
3652 0.00203508
3653 0.00211853
3654 0.00220192
3655 0.00228528
3656 0.00217899
3657 0.00207276
3658 0.00215608
3659 0.00223936
3660 0.0021332
3661 0.0020271
3662 0.00192106
3663 0.00181508
3664 0.00170915
3665 0.00179241
3666 0.00187562
3667 0.00195879
3668 0.00204191
3669 0.00193607
3670 0.00183029
3671 0.00191338
3672 0.00199642
3673 0.00189071
3674 0.00197371
3675 0.00186806
3676 0.00176247
3677 0.00184544
3678 0.00192837
3679 0.00201125
3680 0.00190573
3681 0.00180027
3682 0.00169487
3683 0.00177772
3684 0.00167238
3685 0.0015671
3686 0.00146187
3687 0.00135671
3688 0.0012516
3689 0.00133444
3690 0.00141723
3691 0.00131219
3692 0.00139495
3693 0.00128997
3694 0.00137269
3695 0.00126777
3696 0.00135045
3697 0.0012456
3698 0.0011408
3699 0.00122345
3700 0.00111871
3701 0.00101403
3702 0.00109665
3703 0.00117922
3704 0.00107461
3705 0.00115714
3706 0.00105259
3707 0.00113509
3708 0.00121753
3709 0.00111305
3710 0.00100863
3711 0.000904266
3712 0.000986688
3713 0.000882383
3714 0.000778136
3715 0.000860524
3716 0.000942869
3717 0.000838689
3718 0.000920995
3719 0.000816877
3720 0.000712815
3721 0.000608808
3722 0.000504858
3723 0.000587143
3724 0.000669384
3725 0.000565502
3726 0.000461674
3727 0.000543883
3728 0.000440117
3729 0.000336407
3730 0.000418583
3731 0.000500715
3732 0.000397072
3733 0.000479166
3734 0.000375585
3735 0.000272058
3736 0.00035412
3737 0.000250655
3738 0.000147245
3739 4.38909e-05
3740 0.000125925
3741 0.000207916
3742 0.000289863
3743 0.000371766
3744 0.00026849
3745 0.000165269
3746 6.21026e-05
3747 0.000143979
3748 4.08737e-05
3749 6.21765e-05
3750 0.000165172
3751 0.000268112
3752 0.000370998
3753 0.000289137
3754 0.000207319
3755 0.000310139
3756 0.00022836
3757 0.000146624
3758 6.49316e-05
3759 1.67172e-05
3760 9.83225e-05
3761 4.41418e-06
3762 0.000107096
3763 2.55231e-05
3764 0.000128145
3765 4.66095e-05
3766 0.000149171
3767 0.000251679
3768 0.000354132
3769 0.000272623
3770 0.000375016
3771 0.000293545
3772 0.000395878
3773 0.000498157
3774 0.000600381
3775 0.000702552
3776 0.000621102
3777 0.000539695
3778 0.000458331
3779 0.000560431
3780 0.000479105
3781 0.000397822
3782 0.000499857
3783 0.000601838
3784 0.000520587
3785 0.000439378
3786 0.000358213
3787 0.000277091
3788 0.000378996
3789 0.000480847
3790 0.000399757
3791 0.000318709
3792 0.000420496
3793 0.000339485
3794 0.000258517
3795 0.000177592
3796 9.67091e-05
3797 0.00019842
3798 0.000300078
3799 0.000401682
3800 0.000503233
3801 0.000422371
3802 0.000523863
3803 0.000443038
3804 0.000362256
3805 0.000281516
3806 0.000382938
3807 0.000484307
3808 0.000403599
3809 0.000504909
3810 0.000606166
3811 0.00070737
3812 0.000626688
3813 0.000546048
3814 0.000465451
3815 0.000566585
3816 0.000486025
3817 0.000405506
3818 0.000506577
3819 0.000426096
3820 0.000345656
3821 0.000446663
3822 0.000366261
3823 0.00046721
3824 0.000386843
3825 0.000306519
3826 0.000407405
3827 0.000327117
3828 0.000246872
3829 0.000347694
3830 0.000448463
3831 0.000368249
3832 0.00046896
3833 0.000388782
3834 0.000489436
3835 0.000590037
3836 0.00050989
3837 0.000429785
3838 0.000349722
3839 0.000269701
3840 0.000189721
3841 0.000290243
3842 0.000390712
3843 0.000491129
3844 0.000411175
3845 0.000511535
3846 0.000431617
3847 0.000531919
3848 0.000452038
3849 0.000552282
3850 0.000472437
3851 0.000392633
3852 0.000492815
3853 0.000592945
3854 0.000693024
3855 0.00079305
3856 0.000713266
3857 0.000633524
3858 0.000553823
3859 0.000474163
3860 0.000394545
3861 0.000314968
3862 0.000235432
3863 0.000335369
3864 0.000255869
3865 0.00035575
3866 0.000276286
3867 0.000196863
3868 0.000296681
3869 0.000396448
3870 0.000317055
3871 0.000416765
3872 0.000516424
3873 0.000616031
3874 0.000536663
3875 0.000457337
3876 0.000378052
3877 0.000477592
3878 0.00057708
3879 0.000676517
3880 0.000775903
3881 0.000875238
3882 0.000974522
3883 0.000895246
3884 0.000994474
3885 0.000915234
3886 0.0010144
3887 0.000935201
3888 0.000856037
3889 0.000955147
3890 0.000876019
3891 0.000975073
3892 0.00089598
3893 0.000994978
3894 0.000915921
3895 0.000836905
3896 0.000757929
3897 0.00085686
3898 0.00077792
3899 0.000876796
3900 0.000975621
3901 0.000896711
3902 0.00099548
3903 0.0010942
3904 0.00101532
3905 0.000936479
3906 0.00085768
3907 0.000778921
3908 0.000700203
3909 0.000621525
3910 0.000720162
3911 0.000641519
3912 0.000740101
3913 0.000838633
3914 0.000937114
3915 0.00103555
3916 0.000956922
3917 0.000878339
3918 0.000976709
3919 0.000898161
3920 0.000819654
3921 0.000741186
3922 0.000839491
3923 0.000761058
3924 0.000682665
3925 0.00078091
3926 0.000879105
3927 0.000800742
3928 0.000722419
3929 0.000644135
3930 0.000565892
3931 0.000487688
3932 0.000585808
3933 0.000683878
3934 0.000781898
3935 0.000703719
3936 0.000801684
3937 0.000899599
3938 0.000997465
3939 0.00091931
3940 0.000841195
3941 0.000939001
3942 0.00103676
3943 0.00113446
3944 0.00123212
3945 0.00132973
3946 0.00125163
3947 0.00134918
3948 0.00127112
3949 0.00119309
3950 0.00111511
3951 0.00103716
3952 0.000959251
3953 0.00105673
3954 0.000978857
3955 0.00107628
3956 0.000998444
3957 0.000920644
3958 0.000842885
3959 0.000765164
3960 0.000687483
3961 0.000784834
3962 0.000882135
3963 0.000804483
3964 0.00072687
3965 0.000824113
3966 0.000746535
3967 0.000668995
3968 0.000591495
3969 0.000688673
3970 0.000611207
3971 0.00053378
3972 0.0006309
3973 0.000553506
3974 0.000650572
3975 0.00074759
3976 0.000670225
3977 0.0005929
3978 0.000689859
3979 0.000612567
3980 0.000535315
3981 0.000632215
3982 0.000554996
3983 0.000651842
3984 0.00074864
3985 0.000845389
3986 0.000768195
3987 0.000864891
3988 0.00078773
3989 0.000710607
3990 0.000807245
3991 0.000903834
3992 0.00100037
3993 0.000923277
3994 0.000846217
3995 0.000769196
3996 0.000692213
3997 0.000615269
3998 0.000711737
3999 0.000808157
