3 0.110924
4 0.0840485
5 0.0676519
6 0.0566067
7 0.0486612
8 0.0426712
9 0.0379941
10 0.0342409
11 0.0311625
12 0.0285919
13 0.026413
14 0.0245427
15 0.0229198
16 0.0214981
17 0.0202425
18 0.0191255
19 0.0181253
20 0.0172245
21 0.016409
22 0.0156673
23 0.0149897
24 0.0143682
25 0.0137963
26 0.0132681
27 0.0127789
28 0.0123245
29 0.0119013
30 0.0115062
31 0.0111364
32 0.0107897
33 0.010464
34 0.0101573
35 0.00986809
36 0.0095949
37 0.00933642
38 0.0090915
39 0.00885911
40 0.0086383
41 0.00842823
42 0.00822813
43 0.00803732
44 0.00785515
45 0.00768106
46 0.00751452
47 0.00735504
48 0.0072022
49 0.00705558
50 0.00691481
51 0.00677954
52 0.00664947
53 0.00652429
54 0.00640374
55 0.00628756
56 0.00617553
57 0.00606741
58 0.00596302
59 0.00586216
60 0.00576465
61 0.00567034
62 0.00557906
63 0.00549067
64 0.00540504
65 0.00532204
66 0.00524155
67 0.00516346
68 0.00508766
69 0.00501405
70 0.00494255
71 0.00487305
72 0.00480548
73 0.00473976
74 0.00467582
75 0.00461357
76 0.00455297
77 0.00449393
78 0.0044364
79 0.00438033
80 0.00432566
81 0.00427234
82 0.00422031
83 0.00416954
84 0.00411997
85 0.00407157
86 0.00402429
87 0.0039781
88 0.00393296
89 0.00388883
90 0.00384567
91 0.00380347
92 0.00376218
93 0.00372178
94 0.00368224
95 0.00364353
96 0.00360562
97 0.0035685
98 0.00353213
99 0.00349649
100 0.00346157
101 0.00342734
102 0.00339378
103 0.00336086
104 0.00332859
105 0.00329692
106 0.00326585
107 0.00323537
108 0.00320544
109 0.00317607
110 0.00314723
111 0.0031189
112 0.00309109
113 0.00306376
114 0.00303691
115 0.00301053
116 0.00298461
117 0.00295912
118 0.00293407
119 0.00290944
120 0.00288522
121 0.0028614
122 0.00283797
123 0.00281492
124 0.00279224
125 0.00276992
126 0.00274796
127 0.00272634
128 0.00270506
129 0.00268411
130 0.00266349
131 0.00264317
132 0.00262317
133 0.00260346
134 0.00258405
135 0.00256493
136 0.00254608
137 0.00252751
138 0.00250921
139 0.00249118
140 0.0024734
141 0.00245587
142 0.00243859
143 0.00242155
144 0.00240475
145 0.00238818
146 0.00237184
147 0.00235572
148 0.00233981
149 0.00232412
150 0.00230864
151 0.00229336
152 0.00227829
153 0.00226341
154 0.00224872
155 0.00223422
156 0.00221991
157 0.00220578
158 0.00219183
159 0.00217806
160 0.00216446
161 0.00215102
162 0.00213776
163 0.00212465
164 0.0021117
165 0.00209892
166 0.00208628
167 0.0020738
168 0.00206146
169 0.00204927
170 0.00203723
171 0.00202532
172 0.00201355
173 0.00200192
174 0.00199043
175 0.00197906
176 0.00196782
177 0.00195671
178 0.00194573
179 0.00193486
180 0.00192412
181 0.0019135
182 0.00190299
183 0.0018926
184 0.00188232
185 0.00187215
186 0.00186209
187 0.00185214
188 0.0018423
189 0.00183256
190 0.00182292
191 0.00181338
192 0.00180394
193 0.0017946
194 0.00178535
195 0.0017762
196 0.00176715
197 0.00175818
198 0.00174931
199 0.00174052
200 0.00173183
201 0.00172322
202 0.00171469
203 0.00170625
204 0.00169789
205 0.00168961
206 0.00168141
207 0.0016733
208 0.00166526
209 0.00165729
210 0.00164941
211 0.00164159
212 0.00163385
213 0.00162619
214 0.00161859
215 0.00161107
216 0.00160361
217 0.00159623
218 0.00158891
219 0.00158166
220 0.00157447
221 0.00156735
222 0.0015603
223 0.0015533
224 0.00154637
225 0.0015395
226 0.0015327
227 0.00152595
228 0.00151926
229 0.00151263
230 0.00150605
231 0.00149954
232 0.00149308
233 0.00148667
234 0.00148032
235 0.00147403
236 0.00146778
237 0.00146159
238 0.00145546
239 0.00144937
240 0.00144333
241 0.00143735
242 0.00143141
243 0.00142552
244 0.00141968
245 0.00141389
246 0.00140815
247 0.00140245
248 0.0013968
249 0.00139119
250 0.00138563
251 0.00138011
252 0.00137464
253 0.00136921
254 0.00136382
255 0.00135847
256 0.00135317
257 0.0013479
258 0.00134268
259 0.0013375
260 0.00133236
261 0.00132726
262 0.00132219
263 0.00131717
264 0.00131218
265 0.00130723
266 0.00130232
267 0.00129744
268 0.0012926
269 0.0012878
270 0.00128303
271 0.0012783
272 0.0012736
273 0.00126894
274 0.00126431
275 0.00125972
276 0.00125515
277 0.00125063
278 0.00124613
279 0.00124166
280 0.00123723
281 0.00123283
282 0.00122846
283 0.00122412
284 0.00121981
285 0.00121553
286 0.00121129
287 0.00120707
288 0.00120288
289 0.00119872
290 0.00119459
291 0.00119048
292 0.00118641
293 0.00118236
294 0.00117834
295 0.00117435
296 0.00117038
297 0.00116644
298 0.00116253
299 0.00115864
