3 0.120125
4 0.0892382
5 0.0709775
6 0.0589178
7 0.0503598
8 0.0439721
9 0.0390222
10 0.0350738
11 0.0318509
12 0.0291704
13 0.026906
14 0.0249678
15 0.02329
16 0.0218236
17 0.0205308
18 0.0193827
19 0.0183561
20 0.0174328
21 0.016598
22 0.0158394
23 0.0151472
24 0.0145129
25 0.0139296
26 0.0133914
27 0.0128932
28 0.0124308
29 0.0120004
30 0.0115987
31 0.0112231
32 0.0108711
33 0.0105405
34 0.0102294
35 0.00993611
36 0.00965919
37 0.00939729
38 0.00914921
39 0.0089139
40 0.00869038
41 0.0084778
42 0.00827537
43 0.00808238
44 0.00789819
45 0.00772221
46 0.0075539
47 0.00739277
48 0.00723837
49 0.00709028
50 0.00694814
51 0.00681158
52 0.00668029
53 0.00655396
54 0.00643232
55 0.00631511
56 0.0062021
57 0.00609306
58 0.00598779
59 0.0058861
60 0.0057878
61 0.00569273
62 0.00560074
63 0.00551167
64 0.00542538
65 0.00534176
66 0.00526068
67 0.00518202
68 0.00510568
69 0.00503156
70 0.00495955
71 0.00488958
72 0.00482156
73 0.0047554
74 0.00469104
75 0.00462839
76 0.00456739
77 0.00450798
78 0.0044501
79 0.00439368
80 0.00433868
81 0.00428504
82 0.0042327
83 0.00418163
84 0.00413178
85 0.0040831
86 0.00403556
87 0.00398911
88 0.00394372
89 0.00389935
90 0.00385596
91 0.00381353
92 0.00377203
93 0.00373142
94 0.00369167
95 0.00365276
96 0.00361466
97 0.00357735
98 0.0035408
99 0.00350499
100 0.0034699
101 0.00343551
102 0.00340179
103 0.00336872
104 0.00333629
105 0.00330448
106 0.00327327
107 0.00324264
108 0.00321259
109 0.00318308
110 0.00315411
111 0.00312567
112 0.00309773
113 0.00307029
114 0.00304333
115 0.00301683
116 0.0029908
117 0.00296521
118 0.00294006
119 0.00291533
120 0.00289101
121 0.00286709
122 0.00284357
123 0.00282043
124 0.00279766
125 0.00277526
126 0.00275321
127 0.00273151
128 0.00271015
129 0.00268912
130 0.00266842
131 0.00264803
132 0.00262795
133 0.00260817
134 0.00258869
135 0.0025695
136 0.00255059
137 0.00253195
138 0.00251359
139 0.00249549
140 0.00247765
141 0.00246006
142 0.00244273
143 0.00242563
144 0.00240877
145 0.00239214
146 0.00237575
147 0.00235957
148 0.00234362
149 0.00232787
150 0.00231234
151 0.00229702
152 0.00228189
153 0.00226697
154 0.00225223
155 0.00223769
156 0.00222334
157 0.00220917
158 0.00219517
159 0.00218136
160 0.00216771
161 0.00215424
162 0.00214093
163 0.00212779
164 0.0021148
165 0.00210198
166 0.0020893
167 0.00207678
168 0.00206441
169 0.00205219
170 0.00204011
171 0.00202817
172 0.00201637
173 0.00200471
174 0.00199318
175 0.00198178
176 0.00197051
177 0.00195937
178 0.00194836
179 0.00193747
180 0.00192669
181 0.00191604
182 0.00190551
183 0.00189509
184 0.00188478
185 0.00187459
186 0.0018645
187 0.00185453
188 0.00184466
189 0.00183489
190 0.00182523
191 0.00181566
192 0.0018062
193 0.00179684
194 0.00178757
195 0.0017784
196 0.00176932
197 0.00176033
198 0.00175143
199 0.00174263
200 0.00173391
201 0.00172528
202 0.00171673
203 0.00170827
204 0.00169989
205 0.00169159
206 0.00168338
207 0.00167524
208 0.00166718
209 0.0016592
210 0.0016513
211 0.00164346
212 0.00163571
213 0.00162802
214 0.00162041
215 0.00161287
216 0.0016054
217 0.001598
218 0.00159066
219 0.0015834
220 0.0015762
221 0.00156906
222 0.00156199
223 0.00155498
224 0.00154803
225 0.00154115
226 0.00153433
227 0.00152756
228 0.00152086
229 0.00151422
230 0.00150763
231 0.0015011
232 0.00149463
233 0.00148821
234 0.00148184
235 0.00147554
236 0.00146928
237 0.00146308
238 0.00145693
239 0.00145083
240 0.00144478
241 0.00143878
242 0.00143283
243 0.00142693
244 0.00142108
245 0.00141528
246 0.00140952
247 0.00140381
248 0.00139815
249 0.00139253
250 0.00138696
251 0.00138143
252 0.00137595
253 0.00137051
254 0.00136511
255 0.00135975
256 0.00135444
257 0.00134917
258 0.00134393
259 0.00133874
260 0.00133359
261 0.00132848
262 0.00132341
263 0.00131837
264 0.00131338
265 0.00130842
266 0.0013035
267 0.00129861
268 0.00129377
269 0.00128895
270 0.00128418
271 0.00127944
272 0.00127473
273 0.00127006
274 0.00126542
275 0.00126082
276 0.00125625
277 0.00125171
278 0.00124721
279 0.00124273
280 0.00123829
281 0.00123389
282 0.00122951
283 0.00122516
284 0.00122085
285 0.00121656
286 0.00121231
287 0.00120808
288 0.00120388
289 0.00119972
290 0.00119558
291 0.00119147
292 0.00118738
293 0.00118333
294 0.0011793
295 0.0011753
296 0.00117133
297 0.00116739
298 0.00116347
299 0.00115958
