3 0.0022895
4 0.00129395
5 0.000829977
6 0.000577078
7 0.000424291
8 0.000325004
9 0.000256879
10 0.000208121
11 0.000172031
12 0.000144574
13 0.0001232
14 0.000106237
15 9.25506e-05
16 8.13478e-05
17 7.20622e-05
18 6.42802e-05
19 5.76938e-05
20 5.20701e-05
21 4.72302e-05
22 4.3035e-05
23 3.93749e-05
24 3.61626e-05
25 3.33279e-05
26 3.08139e-05
27 2.8574e-05
28 2.65697e-05
29 2.47691e-05
30 2.31455e-05
31 2.16765e-05
32 2.0343e-05
33 1.91289e-05
34 1.80203e-05
35 1.70054e-05
36 1.60738e-05
37 1.52168e-05
38 1.44265e-05
39 1.36962e-05
40 1.302e-05
41 1.23927e-05
42 1.18096e-05
43 1.12667e-05
44 1.07605e-05
45 1.02875e-05
46 9.84515e-06
47 9.43068e-06
48 9.04184e-06
49 8.67657e-06
50 8.33299e-06
51 8.00943e-06
52 7.70434e-06
53 7.41637e-06
54 7.14424e-06
55 6.88682e-06
56 6.64307e-06
57 6.41203e-06
58 6.19284e-06
59 5.98469e-06
60 5.78687e-06
61 5.5987e-06
62 5.41956e-06
63 5.24888e-06
64 5.08614e-06
65 4.93085e-06
66 4.78256e-06
67 4.64087e-06
68 4.50538e-06
69 4.37574e-06
70 4.25161e-06
71 4.13269e-06
72 4.0187e-06
73 3.90935e-06
74 3.80441e-06
75 3.70364e-06
76 3.60682e-06
77 3.51374e-06
78 3.42422e-06
79 3.33809e-06
80 3.25516e-06
81 3.17528e-06
82 3.09831e-06
83 3.0241e-06
84 2.95253e-06
85 2.88347e-06
86 2.8168e-06
87 2.75242e-06
88 2.69022e-06
89 2.63011e-06
90 2.57198e-06
91 2.51577e-06
92 2.46138e-06
93 2.40873e-06
94 2.35775e-06
95 2.30838e-06
96 2.26054e-06
97 2.21417e-06
98 2.16921e-06
99 2.12561e-06
100 2.08331e-06
101 2.04226e-06
102 2.00242e-06
103 1.96372e-06
104 1.92614e-06
105 1.88963e-06
106 1.85414e-06
107 1.81965e-06
108 1.78611e-06
109 1.75348e-06
110 1.72175e-06
111 1.69087e-06
112 1.66081e-06
113 1.63154e-06
114 1.60304e-06
115 1.57529e-06
116 1.54824e-06
117 1.52189e-06
118 1.49621e-06
119 1.47117e-06
120 1.44675e-06
121 1.42293e-06
122 1.3997e-06
123 1.37704e-06
124 1.35492e-06
125 1.33332e-06
126 1.31224e-06
127 1.29166e-06
128 1.27156e-06
129 1.25192e-06
130 1.23273e-06
131 1.21399e-06
132 1.19566e-06
133 1.17775e-06
134 1.16024e-06
135 1.14311e-06
136 1.12636e-06
137 1.10998e-06
138 1.09395e-06
139 1.07827e-06
140 1.06292e-06
141 1.0479e-06
142 1.03319e-06
143 1.01879e-06
144 1.00469e-06
145 9.90879e-07
146 9.77352e-07
147 9.641e-07
148 9.51116e-07
149 9.38392e-07
150 9.25922e-07
151 9.13699e-07
152 9.01716e-07
153 8.89967e-07
154 8.78447e-07
155 8.67149e-07
156 8.56067e-07
157 8.45196e-07
158 8.34532e-07
159 8.24067e-07
160 8.13799e-07
161 8.03721e-07
162 7.93829e-07
163 7.84119e-07
164 7.74586e-07
165 7.65225e-07
166 7.56033e-07
167 7.47006e-07
168 7.3814e-07
169 7.2943e-07
170 7.20874e-07
171 7.12467e-07
172 7.04207e-07
173 6.96089e-07
174 6.88111e-07
175 6.8027e-07
176 6.72561e-07
177 6.64983e-07
178 6.57533e-07
179 6.50207e-07
180 6.43002e-07
181 6.35917e-07
182 6.28948e-07
183 6.22093e-07
184 6.15349e-07
185 6.08715e-07
186 6.02187e-07
187 5.95764e-07
188 5.89443e-07
189 5.83222e-07
190 5.77099e-07
191 5.71072e-07
192 5.65139e-07
193 5.59298e-07
194 5.53547e-07
195 5.47884e-07
196 5.42307e-07
197 5.36816e-07
198 5.31407e-07
199 5.2608e-07
200 5.20832e-07
201 5.15663e-07
202 5.1057e-07
203 5.05552e-07
204 5.00608e-07
205 4.95735e-07
206 4.90934e-07
207 4.86202e-07
208 4.81539e-07
209 4.76942e-07
210 4.7241e-07
211 4.67943e-07
212 4.63539e-07
213 4.59197e-07
214 4.54915e-07
215 4.50693e-07
216 4.4653e-07
217 4.42424e-07
218 4.38374e-07
219 4.3438e-07
220 4.3044e-07
221 4.26553e-07
222 4.22719e-07
223 4.18936e-07
224 4.15204e-07
225 4.11522e-07
226 4.07888e-07
227 4.04302e-07
228 4.00764e-07
229 3.97271e-07
230 3.93824e-07
231 3.90422e-07
232 3.87063e-07
233 3.83748e-07
234 3.80475e-07
235 3.77244e-07
236 3.74054e-07
237 3.70904e-07
238 3.67794e-07
239 3.64722e-07
240 3.61689e-07
241 3.58694e-07
242 3.55736e-07
243 3.52814e-07
244 3.49928e-07
245 3.47077e-07
246 3.44261e-07
247 3.41479e-07
248 3.38731e-07
249 3.36016e-07
250 3.33333e-07
251 3.30682e-07
252 3.28063e-07
253 3.25475e-07
254 3.22917e-07
255 3.20389e-07
256 3.17891e-07
257 3.15422e-07
258 3.12982e-07
259 3.10569e-07
260 3.08185e-07
261 3.05828e-07
262 3.03498e-07
263 3.01194e-07
264 2.98917e-07
265 2.96665e-07
266 2.94439e-07
267 2.92237e-07
268 2.9006e-07
269 2.87908e-07
270 2.85779e-07
271 2.83674e-07
272 2.81592e-07
273 2.79533e-07
274 2.77496e-07
275 2.75482e-07
276 2.73489e-07
277 2.71518e-07
278 2.69568e-07
279 2.67639e-07
280 2.65731e-07
281 2.63843e-07
282 2.61975e-07
283 2.60127e-07
284 2.58298e-07
285 2.56489e-07
286 2.54698e-07
287 2.52927e-07
288 2.51173e-07
289 2.49438e-07
290 2.47721e-07
291 2.46021e-07
292 2.44339e-07
293 2.42674e-07
294 2.41026e-07
295 2.39395e-07
296 2.3778e-07
297 2.36181e-07
298 2.34599e-07
299 2.33032e-07
