3 7.19784e-06
4 2.31765e-06
5 9.57315e-07
6 4.63818e-07
7 2.51068e-07
8 1.47444e-07
9 9.21661e-08
10 6.05255e-08
11 4.13678e-08
12 2.92236e-08
13 2.12256e-08
14 1.57856e-08
15 1.19817e-08
16 9.25756e-09
17 7.26536e-09
18 5.78131e-09
19 4.65754e-09
20 3.794e-09
21 3.12162e-09
22 2.59179e-09
23 2.16975e-09
24 1.83022e-09
25 1.55457e-09
26 1.32892e-09
27 1.14276e-09
28 9.88086e-10
29 8.58716e-10
30 7.49842e-10
31 6.57688e-10
32 5.79266e-10
33 5.12191e-10
34 4.5455e-10
35 4.04793e-10
36 3.61662e-10
37 3.24126e-10
38 2.91335e-10
39 2.62588e-10
40 2.373e-10
41 2.14985e-10
42 1.95232e-10
43 1.77697e-10
44 1.62086e-10
45 1.48153e-10
46 1.35685e-10
47 1.24502e-10
48 1.14447e-10
49 1.05388e-10
50 9.72068e-11
51 8.98047e-11
52 8.30938e-11
53 7.69981e-11
54 7.14515e-11
55 6.63954e-11
56 6.17787e-11
57 5.75563e-11
58 5.36886e-11
59 5.01404e-11
60 4.68806e-11
61 4.38812e-11
62 4.11183e-11
63 3.85691e-11
64 3.62145e-11
65 3.40369e-11
66 3.20206e-11
67 3.01514e-11
68 2.84167e-11
69 2.68049e-11
70 2.53057e-11
71 2.39098e-11
72 2.26091e-11
73 2.13954e-11
74 2.02622e-11
75 1.92028e-11
76 1.8212e-11
77 1.72843e-11
78 1.64149e-11
79 1.55994e-11
80 1.4834e-11
81 1.41151e-11
82 1.34389e-11
83 1.28028e-11
84 1.22041e-11
85 1.16397e-11
86 1.11077e-11
87 1.06059e-11
88 1.01319e-11
89 9.6842e-12
90 9.26081e-12
91 8.86047e-12
92 8.48133e-12
93 8.12245e-12
94 7.78227e-12
95 7.45981e-12
96 7.15389e-12
97 6.86345e-12
98 6.58751e-12
99 6.32522e-12
