3 0.0046006
4 0.00259486
5 0.00166282
6 0.00115555
7 0.00084933
8 0.000650449
9 0.000514036
10 0.000416424
11 0.000344189
12 0.000289229
13 0.000246464
14 0.00021252
15 0.000185138
16 0.000162724
17 0.000144146
18 0.000128575
19 0.000115404
20 0.00010415
21 9.44679e-05
22 8.6076e-05
23 7.87566e-05
24 7.2331e-05
25 6.66604e-05
26 6.1629e-05
27 5.71513e-05
28 5.31455e-05
29 4.95413e-05
30 4.62922e-05
31 4.33593e-05
32 4.06849e-05
33 3.82561e-05
34 3.60442e-05
35 3.40118e-05
36 3.21451e-05
37 3.0433e-05
38 2.88548e-05
39 2.73893e-05
40 2.60399e-05
41 2.47842e-05
42 2.362e-05
43 2.25336e-05
44 2.15208e-05
45 2.05764e-05
46 1.96924e-05
47 1.88609e-05
48 1.80828e-05
49 1.73525e-05
50 1.66677e-05
51 1.6017e-05
52 1.54104e-05
53 1.48321e-05
54 1.42909e-05
55 1.37745e-05
56 1.32853e-05
57 1.2823e-05
58 1.23844e-05
59 1.19716e-05
60 1.15739e-05
61 1.11973e-05
62 1.084e-05
63 1.04964e-05
64 1.01714e-05
65 9.86322e-06
66 9.56477e-06
67 9.28117e-06
68 9.01059e-06
69 8.75072e-06
70 8.50382e-06
71 8.26751e-06
72 8.03767e-06
73 7.82043e-06
74 7.60828e-06
75 7.40667e-06
76 7.21088e-06
77 7.02752e-06
78 6.84608e-06
79 6.67618e-06
80 6.51135e-06
81 6.35223e-06
82 6.19675e-06
83 6.04891e-06
84 5.90623e-06
85 5.76642e-06
86 5.63457e-06
87 5.50488e-06
88 5.38095e-06
89 5.25903e-06
90 5.14099e-06
91 5.03102e-06
92 4.92225e-06
93 4.81765e-06
94 4.71469e-06
95 4.6174e-06
96 4.52096e-06
97 4.4274e-06
98 4.33773e-06
99 4.25339e-06
100 4.16661e-06
101 4.08469e-06
102 4.00453e-06
103 3.92774e-06
104 3.85474e-06
105 3.77994e-06
106 3.70879e-06
107 3.6393e-06
108 3.5723e-06
109 3.50672e-06
110 3.44206e-06
111 3.38154e-06
112 3.32187e-06
113 3.26437e-06
114 3.20514e-06
115 3.15017e-06
116 3.09743e-06
117 3.04517e-06
118 2.99111e-06
119 2.94097e-06
120 2.89581e-06
121 2.8476e-06
122 2.7991e-06
123 2.75468e-06
124 2.70743e-06
125 2.66761e-06
126 2.6235e-06
127 2.58222e-06
128 2.54233e-06
129 2.50423e-06
130 2.46528e-06
131 2.4269e-06
132 2.39171e-06
133 2.35476e-06
134 2.32085e-06
135 2.28697e-06
136 2.25301e-06
137 2.22069e-06
138 2.18767e-06
139 2.15633e-06
140 2.12376e-06
141 2.09535e-06
142 2.06525e-06
143 2.03777e-06
144 2.01066e-06
145 1.98162e-06
146 1.95601e-06
147 1.92697e-06
148 1.90156e-06
149 1.87662e-06
150 1.85169e-06
151 1.82659e-06
152 1.80492e-06
153 1.77944e-06
154 1.75902e-06
155 1.73599e-06
156 1.7118e-06
157 1.69133e-06
158 1.6695e-06
159 1.64885e-06
160 1.629e-06
161 1.60611e-06
162 1.58762e-06
163 1.56779e-06
164 1.54869e-06
165 1.52952e-06
166 1.51211e-06
167 1.49409e-06
168 1.47509e-06
169 1.45823e-06
170 1.43955e-06
171 1.42433e-06
172 1.40701e-06
173 1.39062e-06
174 1.37612e-06
175 1.36028e-06
176 1.34527e-06
177 1.33015e-06
178 1.31447e-06
179 1.30197e-06
180 1.28423e-06
181 1.27175e-06
182 1.25744e-06
183 1.24484e-06
184 1.23121e-06
185 1.21817e-06
186 1.2034e-06
187 1.19195e-06
188 1.17889e-06
189 1.16803e-06
190 1.15487e-06
191 1.14151e-06
192 1.1313e-06
193 1.11821e-06
194 1.10697e-06
195 1.0962e-06
196 1.08467e-06
197 1.07299e-06
198 1.06193e-06
199 1.05049e-06
200 1.04324e-06
201 1.03111e-06
202 1.02042e-06
203 1.01018e-06
204 1.00112e-06
205 9.91187e-07
206 9.80841e-07
207 9.7335e-07
208 9.64151e-07
209 9.53653e-07
210 9.44638e-07
211 9.36249e-07
212 9.28522e-07
213 9.18541e-07
214 9.09045e-07
215 9.01924e-07
216 8.91924e-07
217 8.83925e-07
218 8.76975e-07
219 8.6917e-07
220 8.61791e-07
221 8.52518e-07
222 8.45143e-07
223 8.37734e-07
224 8.29218e-07
225 8.23173e-07
226 8.16689e-07
227 8.08651e-07
228 8.01342e-07
229 7.94049e-07
230 7.87316e-07
231 7.80145e-07
232 7.724e-07
233 7.66132e-07
234 7.61068e-07
235 7.54683e-07
236 7.49063e-07
237 7.41303e-07
238 7.35736e-07
239 7.29332e-07
240 7.22882e-07
241 7.16192e-07
242 7.12092e-07
243 7.0678e-07
244 7.00827e-07
245 6.94104e-07
246 6.87863e-07
247 6.82416e-07
248 6.77791e-07
249 6.71333e-07
250 6.66999e-07
251 6.61479e-07
252 6.57049e-07
253 6.50527e-07
254 6.45401e-07
255 6.41115e-07
256 6.36627e-07
257 6.31068e-07
258 6.25065e-07
259 6.2037e-07
260 6.16236e-07
261 6.12149e-07
262 6.07032e-07
263 6.02439e-07
264 5.97542e-07
265 5.92565e-07
266 5.8862e-07
267 5.85326e-07
268 5.80156e-07
269 5.75155e-07
270 5.72215e-07
271 5.68115e-07
272 5.63754e-07
273 5.57911e-07
274 5.54041e-07
275 5.49716e-07
276 5.46077e-07
277 5.44348e-07
278 5.38426e-07
279 5.34212e-07
280 5.32786e-07
281 5.26559e-07
282 5.25089e-07
283 5.19869e-07
284 5.17935e-07
285 5.12686e-07
286 5.09769e-07
287 5.05137e-07
288 5.02341e-07
289 4.99386e-07
290 4.9671e-07
291 4.92913e-07
292 4.87328e-07
293 4.84462e-07
294 4.81546e-07
295 4.78288e-07
296 4.75165e-07
297 4.71436e-07
298 4.70224e-07
299 4.66342e-07
