100	4.40911
101	21.2098
102	17.6377
103	14.135
104	10.6996
105	7.32971
106	4.02337
107	19.8855
108	16.5242
109	13.2245
110	9.98479
111	6.80347
112	21.9327
113	18.7019
114	15.5279
115	12.409
116	9.34391
117	6.33121
118	3.36957
119	0.45771
120	14.6312
121	28.5704
122	25.5236
123	22.5263
124	19.5774
125	16.6756
126	13.8199
127	11.0092
128	8.24239
129	5.51848
130	2.83648
131	0.19542
132	2.40562
133	4.96755
134	7.49124
135	9.97754
136	12.4273
137	14.8413
138	17.2202
139	19.565
140	21.8763
141	24.1548
142	26.4011
143	28.6161
144	30.8003
145	32.9544
146	35.079
147	37.1746
148	39.242
149	41.2816
150	43.294
151	45.2797
152	33.7892
153	35.8112
154	24.5314
155	13.3971
156	15.5109
157	17.5977
158	6.71874
159	8.83461
160	1.85358
161	12.409
162	10.2142
163	8.04642
164	5.90502
165	16.18
166	14.0154
167	24.1188
168	21.9327
169	19.7725
170	17.6377
171	15.5279
172	13.4426
173	23.1989
174	21.0934
175	19.0121
176	16.9544
177	14.92
178	24.3939
179	22.3406
180	20.3101
181	18.3021
182	16.3162
183	14.3519
184	12.409
185	10.4871
186	8.58588
187	6.70498
188	4.84409
189	3.00289
190	1.18108
191	0.621661
192	8.24239
193	6.42175
194	4.61987
195	2.83648
196	1.07128
197	0.675995
198	2.40562
199	6.1556
200	4.40911
201	2.68
202	0.968006
203	0.727117
204	2.40562
205	4.06775
206	5.71374
207	7.34383
208	0.87069
209	0.775304
210	2.40562
211	4.02049
212	5.62012
213	7.20473
214	0.778831
215	8.68812
216	7.05928
217	5.44545
218	13.2245
219	11.5972
220	9.98479
221	8.38694
222	6.80347
223	5.23421
224	12.8058
225	11.2238
226	9.65585
227	8.10167
228	6.56113
229	5.03404
230	12.409
231	19.7201
232	18.1561
233	16.6054
234	15.068
235	13.5437
236	12.0324
237	10.5337
238	9.0477
239	7.57411
240	14.6312
241	13.1467
242	11.6744
243	10.2142
244	8.76607
245	7.32971
246	5.90502
247	4.49188
248	11.3338
249	9.91015
250	16.6756
251	15.2421
252	21.9327
253	20.4897
254	19.0581
255	17.6377
256	16.2284
257	14.8301
258	13.4426
259	19.9593
260	18.5628
261	25.01
262	23.6048
263	22.2103
264	20.8264
265	19.4529
266	18.0898
267	16.7369
268	15.394
269	21.6613
270	20.3101
271	18.969
272	17.6377
273	16.3162
274	22.4657
275	21.1362
276	19.8163
277	18.506
278	17.2051
279	15.9135
280	14.6312
281	13.358
282	12.0938
283	10.8386
284	9.59214
285	8.35448
286	7.12547
287	13.0284
288	18.8904
289	17.6377
290	16.3936
291	15.1581
292	20.9325
293	19.6899
294	18.4558
295	17.23
296	16.0126
297	14.8033
298	13.6021
299	12.409
300	18.0386
301	16.8386
302	15.6466
303	14.4625
304	13.2862
305	12.1176
306	10.9566
307	16.4625
308	15.295
309	14.135
310	12.9825
311	11.8374
312	10.6996
313	16.1008
314	14.9567
315	13.8199
316	12.6903
317	11.5678
318	10.4524
319	15.7527
320	14.6312
321	13.5166
322	12.409
323	11.3082
324	16.5242
325	21.708
326	20.5889
327	19.4765
328	24.604
329	23.4862
330	28.5704
331	27.4474
332	32.4891
333	31.3611
334	30.2398
335	29.1252
336	28.0173
337	26.9159
338	25.8211
339	30.7634
340	29.6637
341	28.5704
342	27.4835
343	26.403
344	25.3287
345	24.2607
346	23.1989
347	22.1431
348	21.0934
349	20.0498
350	19.0121
351	17.9803
352	16.9544
353	21.7259
354	20.6952
355	19.6703
356	18.6511
357	17.6377
358	16.6299
359	15.6278
360	14.6312
361	13.6401
362	12.6546
363	11.6744
364	10.6996
365	9.7302
366	8.76607
367	13.3778
368	12.409
369	11.4455
370	10.4871
371	9.53393
372	8.58588
373	7.64291
374	12.1713
375	11.2238
376	10.2814
377	14.7668
378	13.8199
379	12.8781
380	11.9412
381	11.0092
382	15.434
383	19.8357
384	18.8904
385	17.9501
386	17.0146
387	16.084
388	15.1581
389	14.237
390	13.3207
391	12.409
392	11.502
393	10.5996
394	9.70176
395	8.80849
396	7.91973
397	7.03544
398	6.1556
399	5.28016
400	4.40911
401	3.5424
402	2.68
403	1.82188
404	0.968006
405	0.118352
406	0.727117
407	1.56843
408	2.40562
409	3.23872
410	4.06775
411	4.89275
412	5.71374
413	6.53076
414	2.40562
415	3.22667
416	4.04378
417	4.85696
418	5.66626
419	6.47169
420	7.27329
421	3.21497
422	4.02049
423	4.82219
424	5.62012
425	1.60389
426	2.40562
427	3.2036
428	3.99785
429	0.0228493
430	3.93366
431	7.87181
432	7.05928
433	10.972
434	10.1561
435	9.34391
436	8.53546
437	7.7307
438	6.92962
439	10.7892
440	9.98479
441	9.18405
442	8.38694
443	7.59342
444	6.80347
445	6.01708
446	5.23421
447	4.45484
448	3.67896
449	2.90653
450	2.13753
451	1.37194
452	0.609745
453	0.149089
454	0.90458
455	1.65675
456	2.40562
457	3.15122
458	3.89355
459	0.178586
460	0.924159
461	1.6665
462	2.40562
463	3.14155
464	3.87431
465	4.60392
466	0.943234
467	1.67599
468	2.40562
469	3.13214
470	3.85556
471	4.57592
472	0.961823
473	1.68525
474	2.40562
475	3.12296
476	0.45771
477	0.262625
478	0.979946
479	1.69427
480	2.40562
481	3.11401
482	3.81947
483	4.522
484	5.22163
485	5.91837
486	2.40562
487	1.0927
488	0.3873
489	0.315214
490	1.01486
491	1.71166
492	2.40562
493	3.09677
494	3.78512
495	4.47069
496	5.1535
497	5.83355
498	6.51088
499	7.18549
500	7.8574
501	8.52664
502	5.12065
503	5.79266
504	6.46201
505	7.1287
506	7.79276
507	4.42181
508	1.06414
509	1.7362
510	2.40562
511	3.07242
512	3.73662
513	4.39823
514	5.05727
515	5.71374
516	6.36767
517	7.01907
518	7.66796
519	8.31435
520	8.95825
521	9.59967
522	6.32213
523	6.96615
524	7.6077
525	8.24682
526	4.99677
527	5.63842
528	6.27763
529	6.91442
530	7.54881
531	8.18082
532	8.81044
533	9.43771
534	6.23412
535	3.04251
536	0.137188
537	0.502066
538	1.13894
539	1.77346
540	2.40562
541	0.743514
542	0.109038
543	3.24194
544	2.60521
545	5.72204
546	5.08309
547	4.44648
548	3.8122
549	3.18022
550	2.55054
551	1.92315
552	1.29804
553	0.675178
554	0.0545692
555	0.563803
556	1.17995
557	1.79389
558	1.25821
559	0.64211
560	0.0282101
561	0.583502
562	1.19304
563	1.80041
564	2.40562
565	0.609745
566	0.00240972
567	0.602783
568	2.39348
569	5.37922
570	4.76778
571	4.15848
572	3.55131
573	2.94626
574	2.34332
575	1.74247
576	1.14372
577	4.09022
578	3.48947
579	2.8908
580	5.81905
581	5.21843
582	4.61987
583	4.02337
584	6.92962
585	6.33121
586	5.73484
587	5.1405
588	4.54818
589	3.95788
590	3.36957
591	6.24251
592	5.65233
593	5.06415
594	4.47794
595	3.89371
596	3.31143
597	2.73111
598	2.15273
599	1.57627
600	1.00174
601	0.429124
602	0.141592
603	0.710415
604	1.27736
605	1.53678
606	4.34163
607	3.76917
608	3.1986
609	2.62989
610	2.06305
611	1.49807
612	4.27549
613	3.70874
614	3.14383
615	2.58077
616	2.01953
617	1.46011
618	0.902499
619	0.346692
620	0.207322
621	0.759552
622	1.97684
623	1.42288
624	4.147
625	3.59134
626	3.03745
627	2.48533
628	1.93497
629	1.38636
630	0.839487
631	0.29435
632	0.249062
633	2.43897
634	1.89389
635	1.35053
636	4.02337
637	3.47837
638	2.93507
639	2.39348
640	1.85358
641	4.50479
642	3.96328
643	6.60296
644	6.05988
645	5.51848
646	4.97876
647	4.44071
648	3.90431
649	6.51968
650	5.98174
651	5.44545
652	4.91081
653	7.50861
654	6.97245
655	6.43792
656	5.90502
657	5.37375
658	4.84409
659	4.31604
660	3.78959
661	3.26473
662	2.74145
663	2.21976
664	1.69964
665	1.18108
666	3.73377
667	3.21372
668	5.75573
669	5.23421
670	4.71424
671	4.19583
672	3.67896
673	3.16362
674	2.64982
675	2.13753
676	1.62676
677	1.1175
678	0.609745
679	0.103483
680	2.60521
681	2.0975
682	1.59129
683	1.08655
684	0.583294
685	0.0815056
686	0.41882
687	0.91769
688	1.41511
689	1.05614
690	0.557304
691	3.01855
692	2.51832
693	2.01953
694	4.46802
695	3.96787
696	3.46914
697	5.90502
698	5.40496
699	4.90632
700	4.40911
701	3.91331
702	3.41893
703	2.92596
704	2.43438
705	1.94421
706	1.45541
707	0.968006
708	0.481975
709	0.00268484
710	0.48598
711	0.967915
712	1.4485
713	0.939617
714	3.32104
715	2.83648
716	2.35327
717	1.8714
718	1.39088
719	0.911701
720	0.433849
721	0.0426782
722	0.517885
723	0.991778
724	1.46436
725	1.93564
726	2.40562
727	2.87431
728	3.34171
729	3.80783
730	4.27267
731	4.73624
732	5.19854
733	2.87047
734	3.33406
735	1.01486
736	1.47971
737	1.94329
738	2.40562
739	2.8667
740	3.32653
741	3.78512
742	4.24248
743	4.6986
744	5.1535
745	5.60717
746	6.05963
747	6.51088
748	6.96092
749	7.40976
750	7.8574
751	8.30386
752	8.74912
753	9.1932
754	9.6361
755	10.0778
756	7.81414
757	8.25711
758	8.69891
759	9.13954
760	9.57902
761	10.0173
762	10.4545
763	10.8905
764	11.3254
765	11.7592
766	12.1918
767	12.6233
768	13.0536
769	13.4829
770	13.911
771	14.338
772	14.7639
773	12.544
774	12.9711
775	13.3971
776	13.822
777	14.2459
778	14.6686
779	15.0903
780	15.5109
781	15.9304
782	16.3488
783	16.7662
784	17.1825
785	14.9933
786	15.4108
787	15.8273
788	16.2426
789	16.657
790	17.0702
791	17.4825
792	17.8936
793	18.3038
794	18.7129
795	19.121
796	19.5281
797	19.9341
798	17.7772
799	18.1844
800	16.0351
801	16.4435
802	16.8508
803	17.2571
804	17.6625
805	18.0668
806	18.4701
807	16.3391
808	14.2133
809	12.0928
810	12.5015
811	10.3883
812	10.7981
813	11.2069
814	9.10314
815	9.51301
816	9.92187
817	10.3297
818	10.7366
819	11.1425
820	11.5473
821	11.9512
822	9.867
823	10.272
824	10.6759
825	11.0789
826	9.00584
827	6.93779
828	7.34383
829	5.28277
830	3.22667
831	1.17553
832	1.58654
833	0.45771
834	0.0457196
835	0.365284
836	0.775304
837	1.18434
838	1.59241
839	1.9995
840	2.40562
841	2.81078
842	3.21497
843	3.61821
844	4.02049
845	4.42181
846	4.82219
847	5.22163
848	3.20925
849	3.60964
850	4.00909
851	2.00523
852	2.40562
853	2.80508
854	3.2036
855	3.60119
856	3.99785
857	4.39358
858	4.78839
859	5.18229
860	5.57526
861	5.96733
862	6.35848
863	6.74873
864	7.13807
865	7.52652
866	7.91406
867	5.94268
868	6.33116
869	4.36613
870	4.75553
871	5.14403
872	5.53164
873	5.91837
874	6.30421
875	6.68917
876	7.07324
877	7.45645
878	7.83878
879	5.89439
880	6.27763
881	4.33943
882	4.72356
883	5.10682
884	5.48921
885	5.87074
886	6.25141
887	6.63121
888	7.01017
889	7.38827
890	7.76552
891	8.14193
892	8.51749
893	8.89221
894	9.26609
895	7.35487
896	7.72963
897	8.10356
898	8.47665
899	8.84891
900	9.22035
901	7.32191
902	7.69421
903	8.0657
904	8.43636
905	8.8062
906	9.17522
907	9.54343
908	9.91083
909	10.2774
910	10.6432
911	11.0082
912	11.3724
913	11.7358
914	12.0983
915	12.4601
916	10.5892
917	10.9519
918	9.08673
919	9.45023
920	7.59074
921	7.95508
922	8.31862
923	8.68137
924	9.04334
925	9.40453
926	7.55714
927	7.91916
928	8.28039
929	6.44018
930	4.60392
931	2.77161
932	3.13682
933	3.50124
934	3.86488
935	4.22774
936	4.58983
937	2.76927
938	3.13214
939	3.49424
940	3.85556
941	4.21612
942	2.40562
943	0.59896
944	0.961823
945	1.32392
946	0.47587
947	0.113022
948	0.249062
949	0.610382
950	0.970942
951	1.33074
952	1.68979
953	0.0971644
954	1.88037
955	3.65984
956	3.29708
957	2.93507
958	2.57383
959	2.21333
960	1.85358
961	1.49459
962	1.13634
963	0.778831
964	0.422067
965	0.0660416
966	0.289246
967	1.47039
968	1.11438
969	0.759113
970	0.404576
971	2.15625
972	1.801
973	3.54764
974	5.29068
975	4.93332
976	4.57668
977	4.22078
978	5.95601
979	5.59942
980	5.24356
981	6.97245
982	8.69781
983	8.33988
984	7.98268
985	7.62621
986	7.27046
987	8.98678
988	8.63038
989	8.27469
990	9.98479
991	9.62846
992	9.27285
993	8.91795
994	8.56376
995	8.21029
996	9.91015
997	9.55604
998	11.2511
999	10.8964
1000	12.5868
1001	12.2314
1002	11.8767
1003	11.5228
1004	11.1695
1005	10.817
1006	10.4651
1007	12.1442
1008	13.8199
1009	13.4661
1010	13.1131
1011	12.7607
1012	12.409
1013	12.058
1014	11.7077
1015	11.3581
1016	11.0092
1017	12.6712
1018	12.3217
1019	13.9792
1020	13.629
1021	15.282
1022	14.9313
1023	14.5812
1024	14.2319
1025	15.8778
1026	15.5279
1027	15.1786
1028	14.8301
1029	14.4822
1030	14.135
1031	13.7884
1032	13.4426
1033	13.0974
1034	12.7529
1035	12.409
1036	12.0658
1037	11.7233
1038	11.3814
1039	11.0402
1040	10.6996
1041	10.3597
1042	10.0205
1043	11.642
1044	13.2604
1045	12.9194
1046	14.5335
1047	14.1919
1048	13.8509
1049	13.5106
1050	13.1709
1051	12.8319
1052	12.4935
1053	12.1558
1054	11.8187
1055	11.4822
1056	13.0824
1057	12.7454
1058	12.409
1059	12.0733
1060	11.7382
1061	11.4037
1062	11.0698
1063	10.7366
1064	10.404
1065	11.9917
1066	11.6585
1067	13.2421
1068	12.9084
1069	12.5753
1070	12.2429
1071	11.911
1072	11.5798
1073	11.2492
1074	12.8228
1075	12.4917
1076	12.1612
1077	11.8313
1078	11.502
1079	11.1733
1080	10.8452
1081	10.5178
1082	10.1909
1083	9.86467
1084	9.53901
1085	9.21396
1086	8.88951
1087	10.4464
1088	10.1215
1089	9.79706
1090	9.47326
1091	9.15006
1092	8.82745
1093	8.50543
1094	8.18399
1095	7.86315
1096	7.54289
1097	7.22321
1098	6.90412
1099	6.5856
1100	8.12623
1101	7.80719
1102	7.48872
1103	7.17083
1104	8.70535
1105	8.38694
1106	8.0691
1107	7.75183
1108	9.28029
1109	8.9625
1110	10.4871
1111	10.1688
1112	9.85108
1113	9.53393
1114	9.21735
1115	8.90133
1116	8.58588
1117	8.27099
1118	7.95667
1119	7.64291
1120	7.32971
1121	7.01706
1122	8.5271
1123	8.21395
1124	9.72023
1125	9.40658
1126	9.09348
1127	8.78093
1128	10.2814
1129	9.96833
1130	9.65585
1131	9.34391
1132	9.03253
1133	10.5261
1134	10.2142
1135	9.90292
1136	9.59214
1137	9.28191
1138	10.7687
1139	10.458
1140	10.1478
1141	9.83819
1142	9.5291
1143	9.22056
1144	8.91255
1145	8.60508
1146	8.29814
1147	9.77415
1148	11.2476
1149	12.7185
1150	12.409
1151	12.1001
1152	11.7917
1153	11.4839
1154	11.1766
1155	10.8698
1156	10.5636
1157	10.2579
1158	9.95269
1159	9.64804
1160	9.34391
1161	9.04031
1162	8.73722
1163	8.43466
1164	8.13262
1165	7.8311
1166	7.53009
1167	7.2296
1168	6.92962
1169	6.63016
1170	8.07858
1171	7.77864
1172	7.47922
1173	7.18031
1174	6.88191
1175	8.32395
1176	9.76354
1177	9.4637
1178	9.16438
1179	8.86556
1180	8.56725
1181	8.26944
1182	7.97214
1183	7.67534
1184	7.37904
1185	7.08324
1186	8.51173
1187	8.21548
1188	9.64062
1189	9.34391
1190	10.7657
1191	10.4686
1192	10.1719
1193	9.87574
1194	11.2923
1195	10.9957
1196	10.6996
1197	10.404
1198	10.1089
1199	9.81428
1200	9.52015
1201	9.22651
1202	8.93336
1203	8.6407
1204	8.34852
1205	8.05683
1206	7.76562
1207	7.47489
1208	7.18464
1209	6.89488
1210	6.60559
1211	6.31678
1212	6.02845
1213	5.74059
1214	5.45321
1215	5.1663
1216	4.87986
1217	4.59389
1218	4.3084
1219	5.7005
1220	5.41456
1221	5.12909
1222	4.84409
1223	6.2312
1224	5.94576
1225	7.32971
1226	7.04384
1227	6.75844
1228	6.4735
1229	6.18903
1230	5.90502
1231	5.62148
1232	5.33839
1233	5.05576
1234	4.77359
1235	4.49188
1236	4.21062
1237	3.92982
1238	5.30086
1239	5.01963
1240	6.38758
1241	6.10593
1242	5.82473
1243	7.18873
1244	6.90711
1245	6.62595
1246	6.34523
1247	6.06497
1248	5.78516
1249	5.50579
1250	5.22687
1251	4.9484
1252	4.67037
1253	4.39279
1254	4.11565
1255	3.83895
1256	3.56269
1257	4.9133
1258	4.63663
1259	4.36039
1260	4.0846
1261	3.80924
1262	3.53432
1263	3.25983
1264	4.6032
1265	4.3283
1266	5.6687
1267	5.3934
1268	5.11853
1269	6.45514
1270	6.17986
1271	5.90502
1272	5.63062
1273	5.35664
1274	5.08309
1275	4.80997
1276	6.13949
1277	5.86598
1278	5.59289
1279	5.32022
1280	5.04799
1281	4.77618
1282	4.50479
1283	4.23383
1284	3.96328
1285	3.69316
1286	3.42346
1287	3.15418
1288	2.88532
1289	2.61687
1290	3.93366
1291	3.66482
1292	3.39639
1293	4.70952
1294	4.44071
1295	4.1723
1296	3.90431
1297	3.63674
1298	3.36957
1299	4.67666
1300	4.40911
1301	4.14197
1302	3.87523
1303	3.60891
1304	3.343
1305	3.07749
1306	2.81239
1307	4.11191
1308	3.84642
1309	3.58134
1310	3.31667
1311	4.61183
1312	4.34678
1313	5.63918
1314	5.37375
1315	5.10872
1316	4.84409
1317	4.57986
1318	4.31604
1319	4.05261
1320	5.33839
1321	5.07459
1322	4.81119
1323	4.54818
1324	4.28558
1325	4.02337
1326	3.76155
1327	3.50013
1328	3.23911
1329	2.97848
1330	2.71823
1331	2.45838
1332	2.19892
1333	3.47355
1334	3.21372
1335	2.95428
1336	2.69522
1337	2.43656
1338	3.70624
1339	3.44721
1340	3.18856
1341	2.9303
1342	2.67242
1343	3.9372
1344	5.2001
1345	4.94111
1346	6.20139
1347	5.94204
1348	5.68308
1349	5.4245
1350	5.1663
1351	6.42175
1352	6.16319
1353	5.90502
1354	5.64723
1355	5.38982
1356	5.1328
1357	4.87614
1358	4.61987
1359	4.36398
1360	4.10846
1361	3.85331
1362	5.09959
1363	4.84409
1364	4.58897
1365	4.33422
1366	4.07985
1367	3.82584
1368	3.57221
1369	4.81232
1370	4.55833
1371	4.30472
1372	4.05148
1373	3.79861
1374	3.54611
1375	3.29397
1376	3.0422
1377	2.79079
1378	2.53975
1379	2.28908
1380	2.03877
1381	1.78882
1382	1.53923
1383	1.29
1384	2.51832
1385	2.26874
1386	2.01953
1387	1.77067
1388	1.52218
1389	1.27404
1390	1.02626
1391	0.778831
1392	2.00045
1393	1.75268
1394	1.50527
1395	1.25821
1396	2.47599
1397	2.22859
1398	3.44393
1399	3.19619
1400	2.94881
1401	2.70178
1402	2.4551
1403	3.66595
1404	3.41893
1405	3.17227
1406	2.92596
1407	2.68
1408	2.43438
1409	2.18912
1410	1.94421
1411	1.69964
1412	1.45541
1413	1.21154
1414	0.968006
1415	2.16964
1416	1.92577
1417	1.68225
1418	1.43908
1419	2.63699
1420	2.39348
1421	2.15032
1422	1.9075
1423	1.66502
1424	1.42288
1425	2.61576
1426	2.37329
1427	3.56383
1428	3.32104
1429	4.50925
1430	4.26614
1431	4.02337
1432	3.78093
1433	3.53884
1434	4.72276
1435	4.48034
1436	4.23826
1437	5.41922
1438	5.17683
1439	4.93477
1440	4.69305
1441	4.45167
1442	4.21062
1443	5.38669
1444	5.14532
1445	4.9043
1446	4.6636
1447	4.42324
1448	4.1832
1449	3.9435
1450	3.70414
1451	3.4651
1452	3.22639
1453	2.988
1454	4.15602
1455	3.91732
1456	3.67896
1457	3.44092
1458	3.20321
1459	2.96582
1460	2.72876
1461	2.49203
1462	2.25562
1463	2.01953
1464	1.78376
1465	2.94382
1466	2.70775
1467	2.472
1468	2.23656
1469	2.00145
1470	1.76666
1471	1.53219
1472	1.29804
1473	1.0642
1474	0.830681
1475	0.597479
1476	0.364593
1477	0.132023
1478	0.100233
1479	0.332175
1480	0.817561
1481	0.585313
1482	1.73288
1483	1.50033
1484	2.64573
1485	2.41287
1486	2.18033
1487	1.94811
1488	1.71619
1489	1.48459
1490	1.25329
1491	1.02231
1492	0.791637
1493	0.561273
1494	0.331217
1495	0.101469
1496	0.127972
1497	1.00857
1498	0.778831
1499	0.549398
1500	1.68322
1501	2.81552
1502	3.94632
1503	3.71539
1504	3.48477
1505	3.25445
1506	3.02444
1507	2.79474
1508	2.56533
1509	2.33624
1510	2.10744
1511	1.87895
1512	1.65076
1513	2.77411
1514	2.54563
1515	2.31746
1516	2.08958
1517	1.86201
1518	1.63473
1519	1.40776
1520	1.18108
1521	0.954698
1522	0.728616
1523	0.502831
1524	0.277342
1525	0.0521494
1526	0.172749
1527	0.397352
1528	0.621661
1529	0.845677
1530	1.0694
1531	1.29283
1532	1.51597
1533	1.73882
1534	1.96138
1535	2.18364
1536	2.40562
1537	2.62731
1538	1.51944
1539	1.74142
1540	0.635562
1541	0.857825
1542	1.0798
1543	1.30149
1544	1.52288
1545	1.744
1546	1.96482
1547	2.18537
1548	2.40562
1549	2.62559
1550	2.84528
1551	3.06469
1552	3.28381
1553	3.50265
1554	3.72121
1555	2.62474
1556	2.84359
1557	1.7491
1558	0.656012
1559	0.875695
1560	0.215428
1561	0.00453207
1562	0.22421
1563	0.443608
1564	0.662724
1565	0.881561
1566	1.10012
1567	1.3184
1568	0.232558
1569	0.851897
1570	1.93497
1571	1.71532
1572	1.49594
1573	1.27684
1574	1.05803
1575	0.839487
1576	0.621225
1577	0.403239
1578	0.18553
1579	0.0319036
1580	0.249062
1581	0.465946
1582	0.682555
1583	0.898891
1584	0.175715
1585	0.0408893
1586	1.03182
1587	2.10318
1588	1.88577
1589	2.95524
1590	2.73757
1591	2.52017
1592	2.30305
1593	2.0862
1594	3.15219
1595	2.93507
1596	2.71823
1597	2.50167
1598	2.28537
1599	2.06934
1600	1.85358
1601	1.6381
1602	1.42288
1603	1.20793
1604	0.993246
1605	2.05261
1606	1.83767
1607	2.89519
1608	2.68
1609	2.46507
1610	2.2504
1611	2.03601
1612	1.82188
1613	1.60801
1614	1.39441
1615	1.18108
1616	0.968006
1617	0.755199
1618	1.8062
1619	1.59314
1620	1.38034
1621	1.1678
1622	0.955527
1623	0.743514
1624	0.531761
1625	1.57837
1626	1.36637
1627	2.41118
1628	2.19892
1629	1.98693
1630	1.77519
1631	1.56372
1632	1.3525
1633	1.14154
1634	2.18202
1635	1.97081
1636	3.00951
1637	2.79805
1638	2.58685
1639	2.37591
1640	2.16523
1641	1.95481
1642	2.98972
1643	4.02337
1644	3.8122
1645	3.60128
1646	4.63268
1647	5.66282
1648	5.45117
1649	6.47956
1650	6.26767
1651	6.05603
1652	5.84466
1653	5.63353
1654	5.42266
1655	5.21205
1656	5.00169
1657	4.79159
1658	4.58174
1659	4.37214
1660	4.16279
1661	3.9537
1662	3.74486
1663	3.53626
1664	3.32792
1665	3.11983
1666	2.91199
1667	2.7044
1668	2.49706
1669	2.28997
1670	3.30732
1671	3.09999
1672	4.11565
1673	3.90808
1674	3.70077
1675	3.4937
1676	3.28687
1677	3.0803
1678	2.87397
1679	3.88552
1680	3.67896
1681	3.47264
1682	3.26657
1683	3.06074
1684	2.85515
1685	2.64982
1686	3.6573
1687	3.45173
1688	3.2464
1689	3.04132
1690	2.83648
1691	2.63188
1692	2.42752
1693	2.2234
1694	2.01953
1695	1.81589
1696	2.81793
1697	2.61407
1698	2.41044
1699	2.20706
1700	3.20651
1701	3.00289
1702	2.79952
1703	2.59638
1704	2.39348
1705	2.19082
1706	1.9884
1707	2.98388
1708	3.9782
1709	3.77509
1710	3.57221
1711	3.36957
1712	3.16717
1713	4.15848
1714	3.95585
1715	3.75346
1716	3.55131
1717	3.34939
1718	3.14771
1719	2.94626
1720	2.74505
1721	2.54407
1722	3.53055
1723	3.32935
1724	3.12838
1725	2.92764
1726	2.72714
1727	2.52687
1728	3.50994
1729	3.30945
1730	3.10919
1731	2.90916
1732	2.70936
1733	2.50979
1734	2.31045
1735	2.11135
1736	1.91247
1737	2.8908
1738	2.6917
1739	2.49283
1740	2.29419
1741	2.09578
1742	1.89759
1743	2.87257
1744	3.84642
1745	3.64758
1746	3.44896
1747	3.25056
1748	3.0524
1749	2.85446
1750	3.82499
1751	3.62683
1752	3.42891
1753	3.2312
1754	3.03373
1755	2.83648
1756	2.63945
1757	2.44265
1758	2.24607
1759	2.04972
1760	1.85358
1761	1.65767
1762	1.46199
1763	1.26652
1764	1.07128
1765	0.876259
1766	0.681458
1767	0.486878
1768	0.292518
1769	0.0983771
1770	0.0955441
1771	0.289246
1772	0.48273
1773	0.477089
1774	1.43583
1775	1.2417
1776	1.04779
1777	0.854097
1778	0.660623
1779	0.467367
1780	0.274328
1781	0.0815056
1782	0.1111
1783	0.30349
1784	0.650311
1785	0.45771
1786	0.265325
1787	0.0731549
1788	0.1188
1789	0.31054
1790	0.502066
1791	0.448117
1792	0.256382
1793	0.0648601
1794	0.126448
1795	0.317543
1796	0.629892
1797	0.438589
1798	0.247499
1799	0.0566205
1800	0.134045
1801	0.810658
1802	0.619785
1803	0.429124
1804	0.238674
1805	1.18108
1806	0.990423
1807	0.799979
1808	0.609745
1809	0.419722
1810	0.229909
1811	1.16919
1812	0.979177
1813	1.91701
1814	1.72679
1815	1.53678
1816	1.34698
1817	1.15739
1818	0.968006
1819	0.778831
1820	0.589864
1821	0.401104
1822	0.212551
1823	0.0242048
1824	0.956909
1825	1.88859
1826	1.69964
1827	1.51089
1828	1.32235
1829	1.13401
1830	0.945884
1831	0.757961
1832	0.570242
1833	0.382729
1834	0.19542
1835	0.00831498
1836	0.178586
1837	0.747628
1838	0.560528
1839	0.373632
1840	0.186938
1841	0.000447719
1842	0.18584
1843	0.371926
1844	0.55781
1845	0.743493
1846	0.928974
1847	1.11425
1848	1.29933
1849	0.378525
1850	0.563803
1851	0.355614
1852	0.17014
1853	1.08817
1854	2.00521
1855	1.81914
1856	1.63328
1857	2.54854
1858	2.36249
1859	2.17663
1860	1.99098
1861	1.80552
1862	1.62027
1863	1.43521
1864	1.25035
1865	1.06569
1866	0.881225
1867	1.79199
1868	1.60733
1869	1.42288
1870	2.33189
1871	2.14724
1872	1.96279
1873	1.77854
1874	1.59449
1875	1.41063
1876	1.22696
1877	1.0435
1878	0.860223
1879	0.677146
1880	0.494263
1881	0.311575
1882	0.129081
1883	0.0532193
1884	0.235326
1885	0.667333
1886	0.485037
1887	0.302935
1888	0.121026
1889	0.0606912
1890	0.242216
1891	0.657583
1892	0.47587
1893	0.29435
1894	0.113022
1895	0.0681157
1896	0.249062
1897	0.647894
1898	0.466761
1899	0.285819
1900	0.105068
1901	0.99995
1902	0.819013
1903	1.71258
1904	1.53146
1905	1.35053
1906	1.16979
1907	2.0613
1908	1.88037
1909	1.69964
1910	1.51909
1911	1.33873
1912	2.22782
1913	2.04729
1914	2.93507
1915	2.75436
1916	2.57383
1917	2.39348
1918	2.21333
1919	2.03336
1920	1.85358
1921	1.67399
1922	1.49459
1923	1.31537
1924	1.13634
1925	2.01953
1926	1.84032
1927	2.72222
1928	2.54283
1929	2.36363
1930	2.18461
1931	2.00578
1932	1.82713
1933	2.70631
1934	3.58457
1935	3.40539
1936	3.22639
1937	3.04757
1938	2.86894
1939	2.69049
1940	2.51222
1941	2.33414
1942	2.15625
1943	1.97853
1944	1.801
1945	1.62365
1946	2.49706
1947	2.31954
1948	2.1422
1949	1.96504
1950	1.78806
1951	1.61126
1952	1.43465
1953	1.25821
1954	1.08196
1955	0.905883
1956	1.77519
1957	1.59895
1958	2.46701
1959	2.29059
1960	2.11435
1961	1.93829
1962	1.76241
1963	1.58671
1964	1.41118
1965	1.23584
1966	1.06067
1967	0.885681
1968	1.7497
1969	1.57454
1970	2.43733
1971	2.262
1972	2.08685
1973	1.91187
1974	1.73707
1975	1.56245
1976	1.388
1977	1.21373
1978	1.03964
1979	0.865724
1980	0.691982
1981	0.518416
1982	0.345026
1983	0.17181
1984	0.00123146
1985	0.174098
1986	0.346791
1987	0.51931
1988	0.691656
1989	0.863828
1990	1.03583
1991	1.20765
1992	1.37931
1993	1.55079
1994	1.7221
1995	1.89324
1996	2.0642
1997	2.235
1998	2.40562
1999	1.55335
2000	0.701939
2001	0.873074
2002	1.04404
2003	1.21483
2004	1.38545
2005	1.5559
2006	1.72619
2007	0.877656
2008	1.04811
2009	1.21839
2010	1.3885
2011	1.55844
2012	1.72821
2013	1.89782
2014	1.05215
2015	1.22192
2016	0.377429
2017	0.547366
2018	0.295956
2019	0.125853
2020	0.044082
2021	0.213848
2022	0.383447
2023	0.552878
2024	0.722141
2025	0.118352
2026	0.0510757
2027	0.220336
2028	0.38943
2029	0.558357
2030	0.727117
2031	0.895711
2032	1.06414
2033	1.2324
2034	1.4005
2035	1.56843
2036	1.7362
2037	1.9038
2038	1.06809
2039	0.233197
2040	0.40129
2041	0.569218
2042	0.736981
2043	0.90458
2044	0.0718104
2045	0.239571
2046	0.407167
2047	0.5746
2048	0.74187
2049	0.0887886
2050	0.918636
2051	0.750884
2052	0.583294
2053	0.415869
2054	1.24394
2055	1.07636
2056	0.908935
2057	0.741677
2058	0.57458
2059	0.407647
2060	0.240875
2061	0.0742651
2062	0.89929
2063	0.732523
2064	0.565917
2065	0.399473
2066	0.233189
2067	0.0670666
2068	0.0988953
2069	0.264697
2070	0.557304
2071	0.391346
2072	0.225548
2073	0.0599097
2074	0.105569
2075	0.714375
2076	0.548741
2077	1.36758
2078	2.18563
2079	2.01953
2080	1.85358
2081	1.6878
2082	1.52218
2083	1.35671
2084	1.1914
2085	1.02626
2086	0.861267
2087	0.696435
2088	0.531761
2089	0.367246
2090	0.202887
2091	0.0386857
2092	0.125359
2093	0.289246
2094	0.452977
2095	0.616552
2096	0.779971
2097	0.943234
2098	1.10634
2099	1.26929
2100	1.43209
2101	1.59473
2102	0.784611
2103	0.947406
2104	1.11005
2105	0.301311
2106	0.506656
2107	0.343557
2108	0.180613
2109	0.0178239
2110	0.144811
2111	0.307292
2112	0.498382
2113	0.335751
2114	0.173273
2115	0.0109488
2116	0.151222
2117	0.313239
2118	0.475104
2119	0.636815
2120	0.798374
2121	0.959781
2122	1.12104
2123	1.28214
2124	0.480557
2125	0.64181
2126	0.80291
2127	0.96386
2128	1.12466
2129	1.2853
2130	1.4458
2131	1.60615
2132	1.76634
2133	1.92639
2134	2.08628
2135	1.28845
2136	1.4485
2137	1.60839
2138	1.76814
2139	1.92773
2140	2.08718
2141	1.29158
2142	1.45118
2143	1.61062
2144	1.76992
2145	1.92907
2146	2.08807
2147	2.24692
2148	1.45384
2149	1.61284
2150	0.820801
2151	0.979946
2152	1.13894
2153	1.29779
2154	1.4565
2155	1.61505
2156	1.77346
2157	0.983912
2158	1.14247
2159	1.30087
2160	1.45913
2161	1.61724
2162	1.77521
2163	1.93303
2164	2.09071
2165	1.30393
2166	1.46175
2167	0.675995
2168	0.833959
2169	0.991778
2170	1.14945
2171	1.30698
2172	1.46436
2173	1.6216
2174	1.77869
2175	0.995678
2176	1.15291
2177	1.31001
2178	0.528286
2179	0.68552
2180	0.84261
2181	0.999557
2182	1.15636
2183	0.376499
2184	0.533443
2185	0.245417
2186	0.0883322
2187	0.068609
2188	0.225407
2189	0.382061
2190	0.538573
2191	0.694941
2192	0.851167
2193	1.00725
2194	1.16319
2195	0.387593
2196	0.543674
2197	0.699613
2198	0.0747164
2199	0.0813622
2200	0.691982
2201	0.535765
2202	0.37969
2203	1.15177
2204	0.995559
2205	0.839487
2206	0.683557
2207	0.527769
2208	1.29804
2209	2.0676
2210	1.9114
2211	1.75534
2212	1.59942
2213	1.44364
2214	1.288
2215	1.1325
2216	0.977141
2217	0.821922
2218	0.666844
2219	0.511905
2220	0.357106
2221	0.202447
2222	0.0479261
2223	0.106455
2224	0.260698
2225	0.414802
2226	0.568768
2227	0.722595
2228	0.876284
2229	1.02984
2230	0.266469
2231	0.420156
2232	0.573705
2233	0.188431
2234	0.949885
2235	0.795929
2236	0.64211
2237	1.40234
2238	1.24839
2239	1.09457
2240	1.85358
2241	1.69964
2242	2.4577
2243	2.30362
2244	2.14968
2245	1.99587
2246	1.84221
2247	1.68867
2248	1.53528
2249	2.29106
2250	2.13753
2251	1.98414
2252	1.83089
2253	1.67777
2254	1.52479
2255	1.37194
2256	1.21923
2257	1.06666
2258	0.91422
2259	0.761915
2260	0.609745
2261	0.45771
2262	1.20962
2263	1.05745
2264	0.905422
2265	0.753524
2266	0.601761
2267	0.450131
2268	0.298636
2269	0.147274
2270	0.00395512
2271	0.745178
2272	0.593819
2273	1.34203
2274	1.19054
2275	1.03919
2276	0.887964
2277	0.736875
2278	0.585919
2279	0.435095
2280	0.284403
2281	0.133843
2282	0.0165844
2283	0.16688
2284	0.317045
2285	0.467077
2286	0.616979
2287	0.766749
2288	0.916389
2289	1.0659
2290	1.21528
2291	1.36452
2292	0.621661
2293	0.771038
2294	0.920284
2295	1.0694
2296	1.21839
2297	0.477205
2298	0.263332
2299	0.113961
2300	0.0352812
2301	0.704098
2302	1.44284
2303	2.18093
2304	2.03105
2305	2.76825
2306	2.61825
2307	2.46837
2308	2.31863
2309	2.16901
2310	2.90456
2311	2.75482
2312	2.60521
2313	2.45573
2314	3.18988
2315	3.04027
2316	2.8908
2317	2.74145
2318	2.59224
2319	2.44315
2320	3.17541
2321	3.0262
2322	2.87711
2323	2.72816
2324	2.57933
2325	2.43064
2326	2.28207
2327	2.13363
2328	1.98531
2329	1.83712
2330	1.68907
2331	1.54113
2332	1.39333
2333	1.24565
2334	1.09809
2335	0.950669
2336	1.67855
2337	1.531
2338	1.38358
2339	1.23628
2340	1.08911
2341	0.942067
2342	0.795148
2343	0.648354
2344	0.501686
2345	1.22696
2346	1.08017
2347	0.933508
2348	0.786969
2349	0.640553
2350	0.494263
2351	1.21769
2352	1.94051
2353	2.66271
2354	2.51581
2355	2.36903
2356	2.22238
2357	2.07585
2358	2.79646
2359	3.51646
2360	3.36957
2361	4.08872
2362	3.94171
2363	3.79483
2364	3.64807
2365	3.50144
2366	3.35493
2367	4.07226
2368	4.78898
2369	4.64211
2370	4.49537
2371	4.34875
2372	4.20225
2373	4.05588
2374	3.90963
2375	3.7635
2376	3.6175
2377	4.3317
2378	4.18558
2379	4.03958
2380	3.89371
2381	5.69707
2382	5.83873
2383	5.12236
2384	4.40659
2385	4.54862
2386	4.69053
2387	4.83232
2388	4.97399
2389	5.11554
2390	5.25697
2391	5.39829
2392	5.53949
2393	5.68056
2394	5.82153
2395	5.96237
2396	6.1031
2397	6.2437
2398	5.53164
2399	5.67237
