20	0.0395764
40	0.0044435
60	0.000893422
80	0.000238538
100	7.58945e-05
120	2.72766e-05
140	1.07362e-05
160	4.5373e-06
180	2.03117e-06
200	9.53823e-07
220	4.66445e-07
240	2.36216e-07
260	1.23331e-07
280	6.61514e-08
300	3.63448e-08
320	2.04047e-08
340	1.16818e-08
360	6.80802e-09
380	4.03293e-09
400	2.42471e-09
420	1.47838e-09
440	9.1336e-10
460	5.70708e-10
480	3.61524e-10
500	2.30557e-10
520	1.48475e-10
540	9.64064e-11
560	6.29825e-11
580	4.25189e-11
600	2.81943e-11
620	1.8872e-11
640	1.29603e-11
660	8.86757e-12
680	6.13909e-12
700	3.86535e-12
720	3.41061e-12
740	1.36424e-12
760	1.36424e-12
780	9.09495e-13
800	1.13687e-12
820	6.82121e-13
840	2.27374e-13
860	2.27374e-13
880	4.54747e-13
900	0
920	9.09495e-13
940	4.54747e-13
960	4.54747e-13
980	2.27374e-13
1000	2.27374e-13
1020	2.27374e-13
1040	0
1060	4.54747e-13
1080	2.27374e-13
1100	6.82121e-13
1120	0
1140	0
1160	0
1180	4.54747e-13
1200	0
1220	0
1240	4.54747e-13
1260	4.54747e-13
1280	2.27374e-13
1300	2.27374e-13
1320	0
1340	0
1360	2.27374e-13
1380	2.27374e-13
1400	0
1420	4.54747e-13
1440	4.54747e-13
1460	0
1480	4.54747e-13
1500	4.54747e-13
1520	4.54747e-13
1540	0
1560	0
1580	0
1600	0
1620	0
1640	6.82121e-13
1660	0
1680	0
1700	4.54747e-13
1720	0
1740	6.82121e-13
1760	2.27374e-13
1780	2.27374e-13
1800	4.54747e-13
1820	2.27374e-13
1840	2.27374e-13
1860	2.27374e-13
1880	2.27374e-13
1900	0
1920	0
1940	6.82121e-13
1960	4.54747e-13
1980	4.54747e-13
