10	0.724277
20	0.190795
30	0.0747156
40	0.0350915
50	0.0183764
60	0.0103634
70	0.0061717
80	0.00383368
90	0.00246331
100	0.00162757
110	0.00110096
120	0.000759902
130	0.000533765
140	0.000380745
150	0.000275336
160	0.000201565
170	0.000149202
180	0.000111557
190	8.41799e-05
200	6.40591e-05
210	4.91281e-05
220	3.79496e-05
230	2.95115e-05
240	2.30933e-05
250	1.81768e-05
260	1.43857e-05
270	1.14441e-05
280	9.14836e-06
290	7.34682e-06
300	5.92576e-06
310	4.79933e-06
320	3.90229e-06
330	3.18479e-06
340	2.60848e-06
350	2.14372e-06
360	1.76751e-06
370	1.46186e-06
380	1.21268e-06
390	1.00886e-06
400	8.41605e-07
410	7.03939e-07
420	5.90293e-07
430	4.9621e-07
440	4.18111e-07
450	3.5311e-07
460	2.98874e-07
470	2.53507e-07
480	2.15473e-07
490	1.8351e-07
500	1.56592e-07
510	1.33874e-07
520	1.14661e-07
530	9.83785e-08
540	8.45537e-08
550	7.2793e-08
560	6.27704e-08
570	5.42141e-08
580	4.68945e-08
590	4.06249e-08
600	3.52445e-08
610	3.06204e-08
620	2.66405e-08
630	2.32078e-08
640	2.02451e-08
650	1.76835e-08
660	1.54655e-08
670	1.35417e-08
680	1.18721e-08
690	1.04201e-08
700	9.15657e-09
710	8.05562e-09
720	7.09406e-09
730	6.25414e-09
740	5.52063e-09
750	4.87671e-09
760	4.31328e-09
770	3.81806e-09
780	3.38332e-09
790	3.00111e-09
800	2.66436e-09
810	2.36719e-09
820	2.10503e-09
830	1.87424e-09
840	1.67006e-09
850	1.48907e-09
860	1.329e-09
870	1.18666e-09
880	1.06115e-09
890	9.49285e-10
900	8.50378e-10
910	7.61929e-10
920	6.83031e-10
930	6.12772e-10
940	5.50017e-10
950	4.94765e-10
960	4.4497e-10
970	3.9995e-10
980	3.61069e-10
990	3.25372e-10
1000	2.93312e-10
1010	2.63981e-10
1020	2.38288e-10
1030	2.16232e-10
1040	1.94632e-10
1050	1.76215e-10
1060	1.59844e-10
1070	1.4461e-10
1080	1.30512e-10
1090	1.19144e-10
1100	1.07775e-10
1110	9.82254e-11
1120	8.93579e-11
1130	8.16271e-11
1140	7.38964e-11
1150	6.68479e-11
1160	6.13909e-11
1170	5.57066e-11
1180	5.07043e-11
1190	4.54747e-11
1200	4.22915e-11
1210	3.81988e-11
1220	3.45608e-11
1230	3.25144e-11
1240	2.91038e-11
1250	2.56932e-11
1260	2.41016e-11
1270	2.29647e-11
1280	2.09184e-11
1290	1.84173e-11
1300	1.7053e-11
1310	1.63709e-11
1320	1.47793e-11
1330	1.45519e-11
1340	1.18234e-11
1350	1.11413e-11
1360	1.09139e-11
1370	1.00044e-11
1380	8.86757e-12
1390	7.50333e-12
1400	7.27596e-12
1410	8.18545e-12
1420	6.13909e-12
1430	6.13909e-12
1440	5.22959e-12
1450	4.54747e-12
1460	4.54747e-12
1470	4.09273e-12
1480	3.41061e-12
1490	4.3201e-12
1500	4.09273e-12
1510	1.81899e-12
1520	3.18323e-12
1530	2.72848e-12
1540	2.95586e-12
1550	1.13687e-12
1560	1.36424e-12
1570	1.81899e-12
1580	1.36424e-12
1590	1.36424e-12
1600	1.36424e-12
1610	1.59162e-12
1620	2.04636e-12
1630	6.82121e-13
1640	2.04636e-12
1650	1.81899e-12
1660	1.13687e-12
1670	2.27374e-13
1680	1.59162e-12
1690	4.54747e-13
1700	0
1710	1.36424e-12
1720	9.09495e-13
1730	2.27374e-13
1740	2.27374e-13
1750	2.27374e-13
1760	1.13687e-12
1770	1.59162e-12
1780	6.82121e-13
1790	4.54747e-13
1800	2.27374e-13
1810	6.82121e-13
1820	4.54747e-13
1830	2.27374e-13
1840	6.82121e-13
1850	2.27374e-13
1860	2.27374e-13
1870	2.27374e-13
1880	4.54747e-13
1890	4.54747e-13
1900	4.54747e-13
1910	2.27374e-13
1920	9.09495e-13
1930	1.13687e-12
1940	0
1950	0
1960	4.54747e-13
1970	9.09495e-13
1980	1.13687e-12
1990	0
