5	4.95592
10	1.90604
15	1.01634
20	0.623992
25	0.415343
30	0.291567
35	0.212622
40	0.15959
45	0.12254
50	0.0958466
55	0.0761297
60	0.0612627
65	0.0498558
70	0.0409723
75	0.0339639
80	0.0283717
85	0.0238644
90	0.0201987
95	0.0171933
100	0.0147111
105	0.0126474
110	0.010921
115	0.00946879
120	0.00824078
125	0.0071974
130	0.00630691
135	0.00554375
140	0.00488716
145	0.00432018
150	0.0038289
155	0.00340184
160	0.00302946
165	0.00270383
170	0.00241829
175	0.00216725
180	0.001946
185	0.00175054
190	0.00157748
195	0.00142392
200	0.00128739
205	0.00116575
210	0.00105718
215	0.000960089
220	0.000873124
225	0.000795094
230	0.000724968
235	0.000661847
240	0.000604948
245	0.000553581
250	0.000507145
255	0.00046511
260	0.000427009
265	0.000392429
270	0.000361008
275	0.000332423
280	0.000306387
285	0.000282648
290	0.000260979
295	0.000241178
300	0.000223066
305	0.000206483
310	0.000191285
315	0.000177343
320	0.000164541
325	0.000152776
330	0.000141955
335	0.000131992
340	0.000122813
345	0.000114349
350	0.000106538
355	9.93245e-05
360	9.26572e-05
365	8.64905e-05
370	8.07827e-05
375	7.54959e-05
380	7.05957e-05
385	6.60507e-05
390	6.18325e-05
395	5.7915e-05
400	5.42745e-05
405	5.08893e-05
410	4.77395e-05
415	4.48072e-05
420	4.20756e-05
425	3.95296e-05
430	3.71552e-05
435	3.49397e-05
440	3.28713e-05
445	3.09392e-05
450	2.91335e-05
455	2.7445e-05
460	2.58654e-05
465	2.4387e-05
470	2.30024e-05
475	2.17053e-05
480	2.04895e-05
485	1.93493e-05
490	1.82797e-05
495	1.72757e-05
500	1.6333e-05
505	1.54473e-05
510	1.4615e-05
515	1.38325e-05
520	1.30964e-05
525	1.24038e-05
530	1.17519e-05
535	1.11379e-05
540	1.05595e-05
545	1.00144e-05
550	9.5005e-06
555	9.01582e-06
560	8.55854e-06
565	8.12696e-06
570	7.71949e-06
575	7.33464e-06
580	6.97104e-06
585	6.6274e-06
590	6.30251e-06
595	5.99525e-06
600	5.70457e-06
605	5.42948e-06
610	5.16907e-06
615	4.92248e-06
620	4.6889e-06
625	4.46758e-06
630	4.25781e-06
635	4.05893e-06
640	3.87032e-06
645	3.6914e-06
650	3.52162e-06
655	3.36047e-06
660	3.20747e-06
665	3.06216e-06
670	2.92413e-06
675	2.79297e-06
680	2.66831e-06
685	2.54979e-06
690	2.43708e-06
695	2.32988e-06
700	2.22788e-06
705	2.13081e-06
710	2.03841e-06
715	1.95043e-06
720	1.86664e-06
725	1.78682e-06
730	1.71077e-06
735	1.63829e-06
740	1.5692e-06
745	1.50332e-06
750	1.44049e-06
755	1.38055e-06
760	1.32337e-06
765	1.2688e-06
770	1.21671e-06
775	1.16697e-06
780	1.11948e-06
785	1.07412e-06
790	1.03078e-06
795	9.89368e-07
800	9.49791e-07
805	9.11959e-07
810	8.75787e-07
815	8.41194e-07
820	8.08108e-07
825	7.76455e-07
830	7.46166e-07
835	7.17179e-07
840	6.89433e-07
845	6.62867e-07
850	6.37429e-07
855	6.13067e-07
860	5.8973e-07
865	5.67368e-07
870	5.45941e-07
875	5.25406e-07
880	5.05721e-07
885	4.86847e-07
890	4.68747e-07
895	4.51388e-07
900	4.34736e-07
905	4.18762e-07
910	4.03432e-07
915	3.88719e-07
920	3.74597e-07
925	3.61039e-07
930	3.4802e-07
935	3.35519e-07
940	3.23511e-07
945	3.11976e-07
950	3.00892e-07
955	2.90241e-07
960	2.80007e-07
965	2.70168e-07
970	2.60708e-07
975	2.51614e-07
980	2.42868e-07
985	2.34457e-07
990	2.26363e-07
995	2.1858e-07
1000	2.1109e-07
1005	2.03879e-07
1010	1.96945e-07
1015	1.90264e-07
1020	1.83835e-07
1025	1.77643e-07
1030	1.71681e-07
1035	1.65941e-07
1040	1.60409e-07
1045	1.55081e-07
1050	1.49946e-07
1055	1.45e-07
1060	1.40232e-07
1065	1.35635e-07
1070	1.31206e-07
1075	1.26932e-07
1080	1.22814e-07
1085	1.18842e-07
1090	1.15012e-07
1095	1.11316e-07
1100	1.07752e-07
1105	1.04313e-07
1110	1.00991e-07
1115	9.77882e-08
1120	9.46975e-08
1125	9.17132e-08
1130	8.88328e-08
1135	8.60509e-08
1140	8.33656e-08
1145	8.07688e-08
1150	7.8265e-08
1155	7.5845e-08
1160	7.35065e-08
1165	7.12482e-08
1170	6.90652e-08
1175	6.69547e-08
1180	6.49186e-08
1185	6.29466e-08
1190	6.10407e-08
1195	5.91995e-08
1200	5.74189e-08
1205	5.56981e-08
1210	5.40315e-08
1215	5.24217e-08
1220	5.08637e-08
1225	4.93551e-08
1230	4.7899e-08
1235	4.64872e-08
1240	4.51216e-08
1245	4.3801e-08
1250	4.25209e-08
1255	4.12836e-08
1260	4.00837e-08
1265	3.89248e-08
1270	3.78018e-08
1275	3.67127e-08
1280	3.56599e-08
1285	3.46395e-08
1290	3.36508e-08
1295	3.2692e-08
1300	3.17664e-08
1305	3.08667e-08
1310	2.99954e-08
1315	2.91514e-08
1320	2.83337e-08
1325	2.75409e-08
1330	2.6773e-08
1335	2.60277e-08
1340	2.53053e-08
1345	2.46066e-08
1350	2.3927e-08
1355	2.32687e-08
1360	2.26303e-08
1365	2.20093e-08
1370	2.14097e-08
1375	2.08256e-08
1380	2.02608e-08
1385	1.97126e-08
1390	1.91803e-08
1395	1.86637e-08
1400	1.81631e-08
1405	1.76767e-08
1410	1.72035e-08
1415	1.67461e-08
1420	1.63009e-08
1425	1.58682e-08
1430	1.54489e-08
1435	1.50408e-08
1440	1.46458e-08
1445	1.42625e-08
1450	1.38873e-08
1455	1.35262e-08
1460	1.3174e-08
1465	1.28323e-08
1470	1.24996e-08
1475	1.2177e-08
1480	1.18619e-08
1485	1.15563e-08
1490	1.12616e-08
1495	1.09728e-08
1500	1.06932e-08
1505	1.04224e-08
1510	1.01568e-08
1515	9.90121e-09
1520	9.64974e-09
1525	9.40713e-09
1530	9.16907e-09
1535	8.93965e-09
1540	8.71864e-09
1545	8.49877e-09
1550	8.28732e-09
1555	8.08154e-09
1560	7.88168e-09
1565	7.68659e-09
1570	7.49969e-09
1575	7.31166e-09
1580	7.13385e-09
1585	6.96036e-09
1590	6.78938e-09
1595	6.62271e-09
1600	6.46492e-09
1605	6.30803e-09
1610	6.15478e-09
1615	6.00699e-09
1620	5.86147e-09
1625	5.72163e-09
1630	5.58498e-09
1635	5.44901e-09
1640	5.32077e-09
1645	5.19299e-09
1650	5.07043e-09
1655	4.94947e-09
1660	4.83374e-09
1665	4.718e-09
1670	4.60841e-09
1675	4.49995e-09
1680	4.39582e-09
1685	4.29145e-09
1690	4.19232e-09
1695	4.09659e-09
1700	3.99928e-09
1705	3.90855e-09
1710	3.81874e-09
1715	3.72779e-09
1720	3.64435e-09
1725	3.56044e-09
1730	3.4795e-09
1735	3.39969e-09
1740	3.32193e-09
1745	3.24667e-09
1750	3.17209e-09
1755	3.10069e-09
1760	3.03157e-09
1765	2.96291e-09
1770	2.89606e-09
1775	2.83148e-09
1780	2.76759e-09
1785	2.70688e-09
1790	2.64617e-09
1795	2.5866e-09
1800	2.53158e-09
1805	2.47451e-09
1810	2.41766e-09
1815	2.36673e-09
1820	2.31216e-09
1825	2.2626e-09
1830	2.21303e-09
1835	2.16369e-09
1840	2.11753e-09
1845	2.0716e-09
1850	2.02613e-09
1855	1.98088e-09
1860	1.9395e-09
1865	1.89675e-09
1870	1.85378e-09
1875	1.81831e-09
1880	1.77829e-09
1885	1.74009e-09
1890	1.70235e-09
1895	1.66688e-09
1900	1.63163e-09
1905	1.59639e-09
1910	1.56183e-09
1915	1.52909e-09
1920	1.49703e-09
1925	1.46679e-09
1930	1.4345e-09
1935	1.40403e-09
1940	1.37447e-09
1945	1.34673e-09
1950	1.31809e-09
1955	1.29194e-09
1960	1.26329e-09
1965	1.23759e-09
1970	1.21349e-09
1975	1.18757e-09
1980	1.16233e-09
1985	1.13937e-09
1990	1.11595e-09
1995	1.09344e-09
