5	291.994
6	238.787
7	201.421
8	173.808
9	152.61
10	135.849
11	122.282
12	111.086
13	101.697
14	93.7157
15	86.8526
16	80.891
17	75.6666
18	71.0527
19	66.9496
20	63.2782
21	59.9748
22	56.9874
23	54.2734
24	51.7975
25	49.5302
26	47.4465
27	45.5253
28	43.7486
29	42.101
30	40.569
31	39.1412
32	37.8073
33	36.5585
34	35.3871
35	34.2862
36	33.2496
37	32.2721
38	31.3488
39	30.4753
40	29.6477
41	28.8627
42	28.117
43	27.4079
44	26.7326
45	26.0889
46	25.4747
47	24.888
48	24.327
49	23.7901
50	23.2758
51	22.7827
52	22.3095
53	21.8551
54	21.4185
55	20.9985
56	20.5942
57	20.2049
58	19.8297
59	19.4678
60	19.1187
61	18.7815
62	18.4558
63	18.1409
64	17.8364
65	17.5417
66	17.2564
67	16.98
68	16.7122
69	16.4525
70	16.2006
71	15.9561
72	15.7188
73	15.4882
74	15.2643
75	15.0465
76	14.8348
77	14.6289
78	14.4285
79	14.2334
80	14.0434
81	13.8583
82	13.678
83	13.5022
84	13.3308
85	13.1636
86	13.0005
87	12.8413
88	12.6859
89	12.5342
90	12.3859
91	12.2411
92	12.0996
93	11.9613
94	11.8261
95	11.6938
96	11.5644
97	11.4378
98	11.3139
99	11.1926
100	11.0739
101	10.9576
102	10.8437
103	10.7321
104	10.6227
105	10.5155
106	10.4105
107	10.3074
108	10.2064
109	10.1073
110	10.0101
111	9.91474
112	9.82113
113	9.72926
114	9.63906
115	9.5505
116	9.46354
117	9.37812
118	9.29422
119	9.21178
120	9.13078
121	9.05117
122	8.97292
123	8.896
124	8.82037
125	8.746
126	8.67287
127	8.60093
128	8.53016
129	8.46053
130	8.39202
131	8.3246
132	8.25824
133	8.19292
134	8.12862
135	8.0653
136	8.00296
137	7.94156
138	7.88109
139	7.82152
140	7.76284
141	7.70502
142	7.64805
143	7.59191
144	7.53657
145	7.48204
146	7.42827
147	7.37527
148	7.32301
149	7.27148
150	7.22067
151	7.17055
152	7.12112
153	7.07236
154	7.02426
155	6.9768
156	6.92997
157	6.88376
158	6.83816
159	6.79316
160	6.74873
161	6.70488
162	6.6616
163	6.61886
164	6.57666
165	6.535
166	6.49385
167	6.45322
168	6.41309
169	6.37344
170	6.33429
171	6.29561
172	6.25739
173	6.21963
174	6.18232
175	6.14545
176	6.10902
177	6.07302
178	6.03743
179	6.00225
180	5.96748
181	5.93311
182	5.89912
183	5.86553
184	5.83231
185	5.79946
186	5.76698
187	5.73485
188	5.70308
189	5.67166
190	5.64058
191	5.60984
192	5.57943
193	5.54934
194	5.51958
195	5.49013
196	5.46099
197	5.43216
198	5.40363
199	5.37539
200	5.34745
201	5.31979
202	5.29242
203	5.26532
204	5.2385
205	5.21195
206	5.18567
207	5.15965
208	5.13389
209	5.10838
210	5.08312
211	5.05811
212	5.03335
213	5.00882
214	4.98453
215	4.96047
216	4.93665
217	4.91305
218	4.88967
219	4.86651
220	4.84357
221	4.82085
222	4.79834
223	4.77603
224	4.75393
225	4.73203
226	4.71034
227	4.68884
228	4.66753
229	4.64642
230	4.62549
231	4.60475
232	4.5842
233	4.56383
234	4.54364
235	4.52362
236	4.50378
237	4.48411
238	4.46461
239	4.44528
240	4.42612
241	4.40712
242	4.38828
243	4.3696
244	4.35108
245	4.33272
246	4.31451
247	4.29645
248	4.27854
249	4.26078
250	4.24316
251	4.22569
252	4.20836
253	4.19118
254	4.17413
255	4.15722
256	4.14044
257	4.1238
258	4.1073
259	4.09092
260	4.07467
261	4.05856
262	4.04256
263	4.0267
264	4.01095
265	3.99533
266	3.97983
267	3.96445
268	3.94919
269	3.93404
270	3.91901
271	3.90409
272	3.88929
273	3.8746
274	3.86002
275	3.84554
276	3.83118
277	3.81692
278	3.80276
279	3.78871
280	3.77477
281	3.76092
282	3.74718
283	3.73354
284	3.71999
285	3.70654
286	3.69319
287	3.67994
288	3.66678
289	3.65371
290	3.64073
291	3.62785
292	3.61506
293	3.60236
294	3.58974
295	3.57721
296	3.56477
297	3.55242
298	3.54015
299	3.52797
300	3.51587
301	3.50385
302	3.49191
303	3.48005
304	3.46828
305	3.45658
306	3.44496
307	3.43342
308	3.42196
309	3.41057
310	3.39926
311	3.38802
312	3.37686
313	3.36577
314	3.35475
315	3.3438
316	3.33292
317	3.32212
318	3.31138
319	3.30072
320	3.29012
321	3.27959
322	3.26912
323	3.25873
324	3.24839
325	3.23813
326	3.22793
327	3.21779
328	3.20771
329	3.1977
330	3.18775
331	3.17786
332	3.16804
333	3.15827
334	3.14856
335	3.13891
336	3.12933
337	3.1198
338	3.11032
339	3.10091
340	3.09155
341	3.08225
342	3.073
343	3.06381
344	3.05467
345	3.04559
346	3.03656
347	3.02758
348	3.01866
349	3.00979
350	3.00097
351	2.9922
352	2.98349
353	2.97482
354	2.96621
355	2.95764
356	2.94912
357	2.94066
358	2.93224
359	2.92386
360	2.91554
361	2.90726
362	2.89903
363	2.89085
364	2.88271
365	2.87462
366	2.86657
367	2.85857
368	2.85061
369	2.8427
370	2.83483
371	2.827
372	2.81922
373	2.81148
374	2.80378
375	2.79612
376	2.78851
377	2.78093
378	2.7734
379	2.76591
380	2.75846
381	2.75105
382	2.74367
383	2.73634
384	2.72905
385	2.72179
386	2.71458
387	2.7074
388	2.70026
389	2.69315
390	2.68609
391	2.67906
392	2.67207
393	2.66511
394	2.65819
395	2.65131
396	2.64446
397	2.63764
398	2.63087
399	2.62412
400	2.61741
401	2.61074
402	2.6041
403	2.59749
404	2.59091
405	2.58437
406	2.57786
407	2.57139
408	2.56495
409	2.55853
410	2.55215
411	2.54581
412	2.53949
413	2.53321
414	2.52695
415	2.52073
416	2.51454
417	2.50838
418	2.50224
419	2.49614
420	2.49007
421	2.48402
422	2.47801
423	2.47203
424	2.46607
425	2.46014
426	2.45424
427	2.44837
428	2.44253
429	2.43671
430	2.43093
431	2.42517
432	2.41943
433	2.41373
434	2.40805
435	2.4024
436	2.39677
437	2.39117
438	2.3856
439	2.38005
440	2.37452
441	2.36903
442	2.36356
443	2.35811
444	2.35269
445	2.34729
446	2.34192
447	2.33657
448	2.33125
449	2.32595
450	2.32068
451	2.31543
452	2.3102
453	2.305
454	2.29982
455	2.29466
456	2.28953
457	2.28441
458	2.27933
459	2.27426
460	2.26922
461	2.2642
462	2.2592
463	2.25422
464	2.24927
465	2.24433
466	2.23942
467	2.23453
468	2.22966
469	2.22481
470	2.21999
471	2.21518
472	2.21039
473	2.20563
474	2.20089
475	2.19616
476	2.19146
477	2.18677
478	2.18211
479	2.17747
480	2.17284
481	2.16824
482	2.16365
483	2.15909
484	2.15454
485	2.15001
486	2.14551
487	2.14102
488	2.13655
489	2.13209
490	2.12766
491	2.12324
492	2.11885
493	2.11447
494	2.11011
495	2.10576
496	2.10144
497	2.09713
498	2.09284
499	2.08857
500	2.08431
501	2.08008
502	2.07586
503	2.07165
504	2.06747
505	2.0633
506	2.05914
507	2.05501
508	2.05089
509	2.04678
510	2.0427
511	2.03863
512	2.03457
513	2.03054
514	2.02651
515	2.02251
516	2.01852
517	2.01454
518	2.01058
519	2.00664
520	2.00271
521	1.9988
522	1.9949
523	1.99102
524	1.98715
525	1.9833
526	1.97946
527	1.97564
528	1.97183
529	1.96804
530	1.96426
531	1.96049
532	1.95674
533	1.95301
534	1.94928
535	1.94558
536	1.94188
537	1.9382
538	1.93454
539	1.93089
540	1.92725
541	1.92363
542	1.92002
543	1.91642
544	1.91283
545	1.90926
546	1.90571
547	1.90216
548	1.89863
549	1.89512
550	1.89161
551	1.88812
552	1.88464
553	1.88118
554	1.87772
555	1.87428
556	1.87085
557	1.86744
558	1.86403
559	1.86064
560	1.85727
561	1.8539
562	1.85055
563	1.8472
564	1.84387
565	1.84056
566	1.83725
567	1.83396
568	1.83067
569	1.8274
570	1.82414
571	1.8209
572	1.81766
573	1.81444
574	1.81122
575	1.80802
576	1.80483
577	1.80165
578	1.79849
579	1.79533
580	1.79218
581	1.78905
582	1.78592
583	1.78281
584	1.77971
585	1.77662
586	1.77354
587	1.77047
588	1.76741
589	1.76436
590	1.76132
591	1.75829
592	1.75528
593	1.75227
594	1.74927
595	1.74629
596	1.74331
597	1.74034
598	1.73739
599	1.73444
600	1.7315
601	1.72858
602	1.72566
603	1.72275
604	1.71986
605	1.71697
606	1.71409
607	1.71122
608	1.70837
609	1.70552
610	1.70268
611	1.69985
612	1.69703
613	1.69422
614	1.69141
615	1.68862
616	1.68584
617	1.68306
618	1.6803
619	1.67754
620	1.6748
621	1.67206
622	1.66933
623	1.66661
624	1.6639
625	1.66119
626	1.6585
627	1.65582
628	1.65314
629	1.65047
630	1.64781
631	1.64516
632	1.64252
633	1.63989
634	1.63726
635	1.63464
636	1.63204
637	1.62943
638	1.62684
639	1.62426
640	1.62168
641	1.61912
642	1.61656
643	1.61401
644	1.61146
645	1.60893
646	1.6064
647	1.60388
648	1.60137
649	1.59887
650	1.59637
651	1.59388
652	1.5914
653	1.58893
654	1.58646
655	1.58401
656	1.58156
657	1.57912
658	1.57668
659	1.57425
660	1.57183
661	1.56942
662	1.56702
663	1.56462
664	1.56223
665	1.55985
666	1.55747
667	1.5551
668	1.55274
669	1.55039
670	1.54804
671	1.5457
672	1.54337
673	1.54104
674	1.53872
675	1.53641
676	1.53411
677	1.53181
678	1.52952
679	1.52723
680	1.52496
681	1.52269
682	1.52042
683	1.51817
684	1.51591
685	1.51367
686	1.51143
687	1.5092
688	1.50698
689	1.50476
690	1.50255
691	1.50035
692	1.49815
693	1.49596
694	1.49377
695	1.49159
696	1.48942
697	1.48725
698	1.48509
699	1.48294
700	1.48079
701	1.47865
702	1.47652
703	1.47439
704	1.47227
705	1.47015
706	1.46804
707	1.46593
708	1.46384
709	1.46174
710	1.45966
711	1.45758
712	1.4555
713	1.45343
714	1.45137
715	1.44931
716	1.44726
717	1.44522
718	1.44318
719	1.44114
720	1.43911
721	1.43709
722	1.43508
723	1.43306
724	1.43106
725	1.42906
726	1.42706
727	1.42508
728	1.42309
729	1.42111
730	1.41914
731	1.41718
732	1.41521
733	1.41326
734	1.41131
735	1.40936
736	1.40742
737	1.40549
738	1.40356
739	1.40164
740	1.39972
741	1.3978
742	1.3959
743	1.39399
744	1.39209
745	1.3902
746	1.38831
747	1.38643
748	1.38455
749	1.38268
750	1.38082
751	1.37895
752	1.3771
753	1.37524
754	1.3734
755	1.37156
756	1.36972
757	1.36789
758	1.36606
759	1.36424
760	1.36242
761	1.36061
762	1.3588
763	1.35699
764	1.3552
765	1.3534
766	1.35161
767	1.34983
768	1.34805
769	1.34627
770	1.3445
771	1.34274
772	1.34098
773	1.33922
774	1.33747
775	1.33572
776	1.33398
777	1.33224
778	1.33051
779	1.32878
780	1.32705
781	1.32533
782	1.32362
783	1.32191
784	1.3202
785	1.3185
786	1.3168
787	1.31511
788	1.31342
789	1.31173
790	1.31005
791	1.30838
792	1.3067
793	1.30504
794	1.30337
795	1.30171
796	1.30006
797	1.29841
798	1.29676
799	1.29512
800	1.29348
801	1.29185
802	1.29022
803	1.28859
804	1.28697
805	1.28535
806	1.28374
807	1.28213
808	1.28052
809	1.27892
810	1.27732
811	1.27573
812	1.27414
813	1.27255
814	1.27097
815	1.26939
816	1.26782
817	1.26625
818	1.26468
819	1.26312
820	1.26156
821	1.26001
822	1.25846
823	1.25691
824	1.25537
825	1.25383
826	1.25229
827	1.25076
828	1.24923
829	1.24771
830	1.24619
831	1.24467
832	1.24316
833	1.24165
834	1.24014
835	1.23864
836	1.23714
837	1.23564
838	1.23415
839	1.23266
840	1.23118
841	1.2297
842	1.22822
843	1.22675
844	1.22528
845	1.22381
846	1.22235
847	1.22089
848	1.21943
849	1.21798
850	1.21653
851	1.21509
852	1.21364
853	1.21221
854	1.21077
855	1.20934
856	1.20791
857	1.20648
858	1.20506
859	1.20364
860	1.20223
861	1.20082
862	1.19941
863	1.198
864	1.1966
865	1.1952
866	1.19381
867	1.19241
868	1.19102
869	1.18964
870	1.18826
871	1.18688
872	1.1855
873	1.18413
874	1.18276
875	1.18139
876	1.18003
877	1.17867
878	1.17731
879	1.17596
880	1.17461
881	1.17326
882	1.17191
883	1.17057
884	1.16923
885	1.1679
886	1.16656
887	1.16523
888	1.16391
889	1.16258
890	1.16126
891	1.15995
892	1.15863
893	1.15732
894	1.15601
895	1.15471
896	1.1534
897	1.1521
898	1.15081
899	1.14951
900	1.14822
901	1.14693
902	1.14565
903	1.14437
904	1.14309
905	1.14181
906	1.14054
907	1.13927
908	1.138
909	1.13673
910	1.13547
911	1.13421
912	1.13295
913	1.1317
914	1.13045
915	1.1292
916	1.12796
917	1.12671
918	1.12547
919	1.12423
920	1.123
921	1.12177
922	1.12054
923	1.11931
924	1.11809
925	1.11687
926	1.11565
927	1.11443
928	1.11322
929	1.11201
930	1.1108
931	1.10959
932	1.10839
933	1.10719
934	1.10599
935	1.1048
936	1.1036
937	1.10241
938	1.10123
939	1.10004
940	1.09886
941	1.09768
942	1.0965
943	1.09533
944	1.09416
945	1.09299
946	1.09182
947	1.09065
948	1.08949
949	1.08833
950	1.08718
951	1.08602
952	1.08487
953	1.08372
954	1.08257
955	1.08143
956	1.08028
957	1.07914
958	1.07801
959	1.07687
960	1.07574
961	1.07461
962	1.07348
963	1.07235
964	1.07123
965	1.07011
966	1.06899
967	1.06787
968	1.06676
969	1.06565
970	1.06454
971	1.06343
972	1.06232
973	1.06122
974	1.06012
975	1.05902
976	1.05793
977	1.05683
978	1.05574
979	1.05465
980	1.05357
981	1.05248
982	1.0514
983	1.05032
984	1.04924
985	1.04817
986	1.04709
987	1.04602
988	1.04495
989	1.04388
990	1.04282
991	1.04176
992	1.0407
993	1.03964
994	1.03858
995	1.03753
996	1.03648
997	1.03543
998	1.03438
999	1.03333
1000	1.03229
1001	1.03125
1002	1.03021
1003	1.02917
1004	1.02814
1005	1.02711
1006	1.02607
1007	1.02505
1008	1.02402
1009	1.02299
1010	1.02197
1011	1.02095
1012	1.01993
1013	1.01892
1014	1.0179
1015	1.01689
1016	1.01588
1017	1.01487
1018	1.01386
1019	1.01286
1020	1.01186
1021	1.01086
1022	1.00986
1023	1.00886
1024	1.00787
1025	1.00687
1026	1.00588
1027	1.0049
1028	1.00391
1029	1.00292
1030	1.00194
1031	1.00096
1032	0.999981
1033	0.999004
1034	0.998028
1035	0.997055
1036	0.996084
1037	0.995114
1038	0.994147
1039	0.993181
1040	0.992217
1041	0.991255
1042	0.990295
1043	0.989336
1044	0.98838
1045	0.987425
1046	0.986473
1047	0.985522
1048	0.984573
1049	0.983625
1050	0.98268
1051	0.981736
1052	0.980794
1053	0.979854
1054	0.978916
1055	0.97798
1056	0.977045
1057	0.976112
1058	0.975181
1059	0.974252
1060	0.973324
1061	0.972399
1062	0.971475
1063	0.970552
1064	0.969632
1065	0.968713
1066	0.967796
1067	0.966881
1068	0.965967
1069	0.965056
1070	0.964145
1071	0.963237
1072	0.96233
1073	0.961425
1074	0.960522
1075	0.959621
1076	0.958721
1077	0.957822
1078	0.956926
1079	0.956031
1080	0.955138
1081	0.954246
1082	0.953357
1083	0.952468
1084	0.951582
1085	0.950697
1086	0.949814
1087	0.948932
1088	0.948052
1089	0.947174
1090	0.946297
1091	0.945422
1092	0.944548
1093	0.943677
1094	0.942806
1095	0.941938
1096	0.941071
1097	0.940205
1098	0.939341
1099	0.938479
1100	0.937618
1101	0.936759
1102	0.935902
1103	0.935046
1104	0.934191
1105	0.933338
1106	0.932487
1107	0.931637
1108	0.930789
1109	0.929943
1110	0.929097
1111	0.928254
1112	0.927412
1113	0.926571
1114	0.925732
1115	0.924895
1116	0.924059
1117	0.923224
1118	0.922391
1119	0.92156
1120	0.92073
1121	0.919901
1122	0.919074
1123	0.918249
1124	0.917425
1125	0.916602
1126	0.915781
1127	0.914962
1128	0.914144
1129	0.913327
1130	0.912512
1131	0.911698
1132	0.910886
1133	0.910075
1134	0.909265
1135	0.908457
1136	0.907651
1137	0.906846
1138	0.906042
1139	0.90524
1140	0.904439
1141	0.903639
1142	0.902841
1143	0.902045
1144	0.90125
1145	0.900456
1146	0.899663
1147	0.898872
1148	0.898083
1149	0.897295
1150	0.896508
1151	0.895722
1152	0.894938
1153	0.894155
1154	0.893374
1155	0.892594
1156	0.891815
1157	0.891038
1158	0.890262
1159	0.889488
1160	0.888714
1161	0.887942
1162	0.887172
1163	0.886403
1164	0.885635
1165	0.884868
1166	0.884103
1167	0.883339
1168	0.882577
1169	0.881815
1170	0.881055
1171	0.880297
1172	0.879539
1173	0.878783
1174	0.878029
1175	0.877275
1176	0.876523
1177	0.875772
1178	0.875022
1179	0.874274
1180	0.873527
1181	0.872781
1182	0.872037
1183	0.871294
1184	0.870552
1185	0.869811
1186	0.869072
1187	0.868334
1188	0.867597
1189	0.866861
1190	0.866127
1191	0.865393
1192	0.864661
1193	0.863931
1194	0.863201
1195	0.862473
1196	0.861746
1197	0.86102
1198	0.860296
1199	0.859572
1200	0.85885
1201	0.858129
1202	0.85741
1203	0.856691
1204	0.855974
1205	0.855258
1206	0.854543
1207	0.853829
1208	0.853117
1209	0.852405
1210	0.851695
1211	0.850986
1212	0.850278
1213	0.849572
1214	0.848866
1215	0.848162
1216	0.847459
1217	0.846757
1218	0.846056
1219	0.845357
1220	0.844658
1221	0.843961
1222	0.843265
1223	0.84257
1224	0.841876
1225	0.841183
1226	0.840492
1227	0.839801
1228	0.839112
1229	0.838424
1230	0.837737
1231	0.837051
1232	0.836366
1233	0.835682
1234	0.835
1235	0.834318
1236	0.833638
1237	0.832959
1238	0.832281
1239	0.831604
1240	0.830928
1241	0.830253
1242	0.829579
1243	0.828907
1244	0.828235
1245	0.827565
1246	0.826895
1247	0.826227
1248	0.82556
1249	0.824893
1250	0.824228
1251	0.823564
1252	0.822902
1253	0.82224
1254	0.821579
1255	0.820919
1256	0.82026
1257	0.819603
1258	0.818946
1259	0.818291
1260	0.817636
1261	0.816983
1262	0.816331
1263	0.815679
1264	0.815029
1265	0.81438
1266	0.813731
1267	0.813084
1268	0.812438
1269	0.811793
1270	0.811149
1271	0.810506
1272	0.809864
1273	0.809223
1274	0.808583
1275	0.807943
1276	0.807305
1277	0.806668
1278	0.806032
1279	0.805397
1280	0.804763
1281	0.80413
1282	0.803498
1283	0.802867
1284	0.802237
1285	0.801608
1286	0.80098
1287	0.800353
1288	0.799727
1289	0.799102
1290	0.798478
1291	0.797855
1292	0.797232
1293	0.796611
1294	0.795991
1295	0.795372
1296	0.794753
1297	0.794136
1298	0.793519
1299	0.792904
1300	0.79229
1301	0.791676
1302	0.791063
1303	0.790452
1304	0.789841
1305	0.789231
1306	0.788622
1307	0.788015
1308	0.787408
1309	0.786802
1310	0.786196
1311	0.785592
1312	0.784989
1313	0.784387
1314	0.783785
1315	0.783185
1316	0.782585
1317	0.781987
1318	0.781389
1319	0.780792
1320	0.780196
1321	0.779601
1322	0.779007
1323	0.778414
1324	0.777822
1325	0.777231
1326	0.77664
1327	0.776051
1328	0.775462
1329	0.774874
1330	0.774287
1331	0.773701
1332	0.773116
1333	0.772532
1334	0.771949
1335	0.771366
1336	0.770784
1337	0.770204
1338	0.769624
1339	0.769045
1340	0.768467
1341	0.76789
1342	0.767313
1343	0.766738
1344	0.766163
1345	0.765589
1346	0.765016
1347	0.764444
1348	0.763873
1349	0.763303
1350	0.762733
1351	0.762165
1352	0.761597
1353	0.76103
1354	0.760464
1355	0.759899
1356	0.759334
1357	0.75877
1358	0.758208
1359	0.757646
1360	0.757085
1361	0.756524
1362	0.755965
1363	0.755406
1364	0.754849
1365	0.754292
1366	0.753736
1367	0.75318
1368	0.752626
1369	0.752072
1370	0.751519
1371	0.750967
1372	0.750416
1373	0.749865
1374	0.749316
1375	0.748767
1376	0.748219
1377	0.747672
1378	0.747125
1379	0.74658
1380	0.746035
1381	0.745491
1382	0.744948
1383	0.744405
1384	0.743863
1385	0.743323
1386	0.742782
1387	0.742243
1388	0.741705
1389	0.741167
1390	0.74063
1391	0.740094
1392	0.739558
1393	0.739024
1394	0.73849
1395	0.737957
1396	0.737424
1397	0.736893
1398	0.736362
1399	0.735832
1400	0.735303
1401	0.734774
1402	0.734247
1403	0.73372
1404	0.733193
1405	0.732668
1406	0.732143
1407	0.731619
1408	0.731096
1409	0.730573
1410	0.730052
1411	0.729531
1412	0.729011
1413	0.728491
1414	0.727972
1415	0.727454
1416	0.726937
1417	0.72642
1418	0.725905
1419	0.725389
1420	0.724875
1421	0.724362
1422	0.723849
1423	0.723336
1424	0.722825
1425	0.722314
1426	0.721804
1427	0.721295
1428	0.720786
1429	0.720279
1430	0.719771
1431	0.719265
1432	0.718759
1433	0.718254
1434	0.71775
1435	0.717246
1436	0.716744
1437	0.716241
1438	0.71574
1439	0.715239
1440	0.714739
1441	0.71424
1442	0.713741
1443	0.713243
1444	0.712746
1445	0.712249
1446	0.711753
1447	0.711258
1448	0.710764
1449	0.71027
1450	0.709777
1451	0.709284
1452	0.708792
1453	0.708301
1454	0.707811
1455	0.707321
1456	0.706832
1457	0.706344
1458	0.705856
1459	0.705369
1460	0.704883
1461	0.704397
1462	0.703912
1463	0.703427
1464	0.702944
1465	0.702461
1466	0.701978
1467	0.701497
1468	0.701016
1469	0.700535
1470	0.700056
1471	0.699576
1472	0.699098
1473	0.69862
1474	0.698143
1475	0.697667
1476	0.697191
1477	0.696716
1478	0.696241
1479	0.695767
1480	0.695294
1481	0.694822
1482	0.69435
1483	0.693878
1484	0.693408
1485	0.692938
1486	0.692468
1487	0.692
1488	0.691531
1489	0.691064
1490	0.690597
1491	0.690131
1492	0.689665
1493	0.6892
1494	0.688736
1495	0.688272
1496	0.687809
1497	0.687347
1498	0.686885
1499	0.686424
1500	0.685963
1501	0.685503
1502	0.685044
1503	0.684585
1504	0.684127
1505	0.683669
1506	0.683212
1507	0.682756
1508	0.6823
1509	0.681845
1510	0.681391
1511	0.680937
1512	0.680484
1513	0.680031
1514	0.679579
1515	0.679128
1516	0.678677
1517	0.678226
1518	0.677777
1519	0.677328
1520	0.676879
1521	0.676431
1522	0.675984
1523	0.675537
1524	0.675091
1525	0.674646
1526	0.674201
1527	0.673756
1528	0.673313
1529	0.672869
1530	0.672427
1531	0.671985
1532	0.671543
1533	0.671103
1534	0.670662
1535	0.670223
1536	0.669783
1537	0.669345
1538	0.668907
1539	0.66847
1540	0.668033
1541	0.667596
1542	0.667161
1543	0.666726
1544	0.666291
1545	0.665857
1546	0.665424
1547	0.664991
1548	0.664558
1549	0.664127
1550	0.663696
1551	0.663265
1552	0.662835
1553	0.662405
1554	0.661976
1555	0.661548
1556	0.66112
1557	0.660693
1558	0.660266
1559	0.65984
1560	0.659414
1561	0.658989
1562	0.658565
1563	0.658141
1564	0.657717
1565	0.657294
1566	0.656872
1567	0.65645
1568	0.656029
1569	0.655608
1570	0.655188
1571	0.654768
1572	0.654349
1573	0.653931
1574	0.653513
1575	0.653095
1576	0.652678
1577	0.652262
1578	0.651846
1579	0.651431
1580	0.651016
1581	0.650601
1582	0.650188
1583	0.649774
1584	0.649362
1585	0.648949
1586	0.648538
1587	0.648126
1588	0.647716
1589	0.647306
1590	0.646896
1591	0.646487
1592	0.646078
1593	0.64567
1594	0.645263
1595	0.644856
1596	0.644449
1597	0.644043
1598	0.643638
1599	0.643233
1600	0.642828
1601	0.642424
1602	0.642021
1603	0.641618
1604	0.641215
1605	0.640813
1606	0.640412
1607	0.640011
1608	0.639611
1609	0.639211
1610	0.638811
1611	0.638412
1612	0.638014
1613	0.637616
1614	0.637218
1615	0.636821
1616	0.636425
1617	0.636029
1618	0.635634
1619	0.635239
1620	0.634844
1621	0.63445
1622	0.634057
1623	0.633663
1624	0.633271
1625	0.632879
1626	0.632487
1627	0.632096
1628	0.631706
1629	0.631316
1630	0.630926
1631	0.630537
1632	0.630148
1633	0.62976
1634	0.629372
1635	0.628985
1636	0.628598
1637	0.628212
1638	0.627826
1639	0.627441
1640	0.627056
1641	0.626671
1642	0.626287
1643	0.625904
1644	0.625521
1645	0.625138
1646	0.624756
1647	0.624375
1648	0.623994
1649	0.623613
1650	0.623233
1651	0.622853
1652	0.622474
1653	0.622095
1654	0.621717
1655	0.621339
1656	0.620961
1657	0.620584
1658	0.620208
1659	0.619832
1660	0.619456
1661	0.619081
1662	0.618706
1663	0.618332
1664	0.617958
1665	0.617585
1666	0.617212
1667	0.61684
1668	0.616468
1669	0.616096
1670	0.615725
1671	0.615355
1672	0.614984
1673	0.614615
1674	0.614245
1675	0.613876
1676	0.613508
1677	0.61314
1678	0.612773
1679	0.612405
1680	0.612039
1681	0.611673
1682	0.611307
1683	0.610941
1684	0.610577
1685	0.610212
1686	0.609848
1687	0.609484
1688	0.609121
1689	0.608759
1690	0.608396
1691	0.608034
1692	0.607673
1693	0.607312
1694	0.606951
1695	0.606591
1696	0.606231
1697	0.605872
1698	0.605513
1699	0.605155
1700	0.604797
1701	0.604439
1702	0.604082
1703	0.603725
1704	0.603369
1705	0.603013
1706	0.602658
1707	0.602302
1708	0.601948
1709	0.601594
1710	0.60124
1711	0.600886
1712	0.600533
1713	0.600181
1714	0.599829
1715	0.599477
1716	0.599125
1717	0.598775
1718	0.598424
1719	0.598074
1720	0.597724
1721	0.597375
1722	0.597026
1723	0.596678
1724	0.59633
1725	0.595982
1726	0.595635
1727	0.595288
1728	0.594941
1729	0.594595
1730	0.59425
1731	0.593904
1732	0.59356
1733	0.593215
1734	0.592871
1735	0.592527
1736	0.592184
1737	0.591841
1738	0.591499
1739	0.591157
1740	0.590815
1741	0.590474
1742	0.590133
1743	0.589793
1744	0.589452
1745	0.589113
1746	0.588773
1747	0.588435
1748	0.588096
1749	0.587758
1750	0.58742
1751	0.587083
1752	0.586746
1753	0.586409
1754	0.586073
1755	0.585737
1756	0.585402
1757	0.585067
1758	0.584732
1759	0.584398
1760	0.584064
1761	0.58373
1762	0.583397
1763	0.583065
1764	0.582732
1765	0.5824
1766	0.582069
1767	0.581737
1768	0.581406
1769	0.581076
1770	0.580746
1771	0.580416
1772	0.580087
1773	0.579758
1774	0.579429
1775	0.579101
1776	0.578773
1777	0.578446
1778	0.578118
1779	0.577792
1780	0.577465
1781	0.577139
1782	0.576814
1783	0.576488
1784	0.576163
1785	0.575839
1786	0.575515
1787	0.575191
1788	0.574867
1789	0.574544
1790	0.574221
1791	0.573899
1792	0.573577
1793	0.573255
1794	0.572934
1795	0.572613
1796	0.572293
1797	0.571972
1798	0.571653
1799	0.571333
1800	0.571014
1801	0.570695
1802	0.570377
1803	0.570059
1804	0.569741
1805	0.569424
1806	0.569107
1807	0.56879
1808	0.568474
1809	0.568158
1810	0.567842
1811	0.567527
1812	0.567212
1813	0.566897
1814	0.566583
1815	0.566269
1816	0.565956
1817	0.565643
1818	0.56533
1819	0.565017
1820	0.564705
1821	0.564393
1822	0.564082
1823	0.563771
1824	0.56346
1825	0.56315
1826	0.56284
1827	0.56253
1828	0.562221
1829	0.561912
1830	0.561603
1831	0.561295
1832	0.560987
1833	0.560679
1834	0.560371
1835	0.560064
1836	0.559758
1837	0.559451
1838	0.559145
1839	0.55884
1840	0.558534
1841	0.558229
1842	0.557925
1843	0.55762
1844	0.557316
1845	0.557013
1846	0.556709
1847	0.556406
1848	0.556104
1849	0.555801
1850	0.555499
1851	0.555198
1852	0.554896
1853	0.554595
1854	0.554294
1855	0.553994
1856	0.553694
1857	0.553394
1858	0.553095
1859	0.552796
1860	0.552497
1861	0.552199
1862	0.5519
1863	0.551603
1864	0.551305
1865	0.551008
1866	0.550711
1867	0.550415
1868	0.550118
1869	0.549823
1870	0.549527
1871	0.549232
1872	0.548937
1873	0.548642
1874	0.548348
1875	0.548054
1876	0.54776
1877	0.547467
1878	0.547174
1879	0.546881
1880	0.546589
1881	0.546297
1882	0.546005
1883	0.545713
1884	0.545422
1885	0.545131
1886	0.544841
1887	0.544551
1888	0.544261
1889	0.543971
1890	0.543682
1891	0.543393
1892	0.543104
1893	0.542816
1894	0.542528
1895	0.54224
1896	0.541952
1897	0.541665
1898	0.541378
1899	0.541092
1900	0.540805
1901	0.540519
1902	0.540234
1903	0.539948
1904	0.539663
1905	0.539379
1906	0.539094
1907	0.53881
1908	0.538526
1909	0.538243
1910	0.537959
1911	0.537676
1912	0.537394
1913	0.537111
1914	0.536829
1915	0.536548
1916	0.536266
1917	0.535985
1918	0.535704
1919	0.535424
1920	0.535143
1921	0.534863
1922	0.534584
1923	0.534304
1924	0.534025
1925	0.533746
1926	0.533468
1927	0.533189
1928	0.532911
1929	0.532634
1930	0.532356
1931	0.532079
1932	0.531802
1933	0.531526
1934	0.53125
1935	0.530974
1936	0.530698
1937	0.530423
1938	0.530148
1939	0.529873
1940	0.529598
1941	0.529324
1942	0.52905
1943	0.528777
1944	0.528503
1945	0.52823
1946	0.527957
1947	0.527685
1948	0.527412
1949	0.52714
1950	0.526869
1951	0.526597
1952	0.526326
1953	0.526055
1954	0.525785
1955	0.525515
1956	0.525245
1957	0.524975
1958	0.524705
1959	0.524436
1960	0.524167
1961	0.523899
1962	0.52363
1963	0.523362
1964	0.523094
1965	0.522827
1966	0.52256
1967	0.522293
1968	0.522026
1969	0.521759
1970	0.521493
1971	0.521227
1972	0.520962
1973	0.520696
1974	0.520431
1975	0.520166
1976	0.519902
1977	0.519638
1978	0.519374
1979	0.51911
1980	0.518846
1981	0.518583
1982	0.51832
1983	0.518057
1984	0.517795
1985	0.517533
1986	0.517271
1987	0.517009
1988	0.516748
1989	0.516487
1990	0.516226
1991	0.515966
1992	0.515705
1993	0.515445
1994	0.515186
1995	0.514926
1996	0.514667
1997	0.514408
1998	0.514149
1999	0.513891
