5	116.89
6	101.95
7	90.6389
8	81.7448
9	74.5479
10	68.5924
11	63.5743
12	59.2827
13	55.5664
14	52.3142
15	49.442
16	46.8852
17	44.5933
18	42.5261
19	40.6514
20	38.9427
21	37.3785
22	35.9408
23	34.6144
24	33.3866
25	32.2466
26	31.185
27	30.1939
28	29.2663
29	28.3962
30	27.5783
31	26.8078
32	26.0808
33	25.3936
34	24.7429
35	24.1258
36	23.5398
37	22.9824
38	22.4517
39	21.9457
40	21.4627
41	21.0012
42	20.5596
43	20.1368
44	19.7314
45	19.3426
46	18.9692
47	18.6103
48	18.265
49	17.9327
50	17.6126
51	17.304
52	17.0062
53	16.7188
54	16.4412
55	16.1728
56	15.9132
57	15.6621
58	15.4189
59	15.1833
60	14.955
61	14.7335
62	14.5187
63	14.3102
64	14.1076
65	13.9109
66	13.7196
67	13.5337
68	13.3528
69	13.1768
70	13.0054
71	12.8385
72	12.6759
73	12.5175
74	12.363
75	12.2124
76	12.0654
77	11.922
78	11.782
79	11.6454
80	11.5119
81	11.3814
82	11.254
83	11.1294
84	11.0075
85	10.8884
86	10.7718
87	10.6578
88	10.5461
89	10.4368
90	10.3298
91	10.225
92	10.1223
93	10.0217
94	9.92308
95	9.82642
96	9.73164
97	9.63869
98	9.54752
99	9.45809
100	9.37033
101	9.2842
102	9.19966
103	9.11666
104	9.03516
105	8.95512
106	8.87651
107	8.79927
108	8.72338
109	8.64881
110	8.5755
111	8.50345
112	8.43261
113	8.36294
114	8.29443
115	8.22705
116	8.16076
117	8.09554
118	8.03136
119	7.96821
120	7.90604
121	7.84485
122	7.78461
123	7.72529
124	7.66687
125	7.60934
126	7.55268
127	7.49686
128	7.44186
129	7.38767
130	7.33428
131	7.28165
132	7.22978
133	7.17865
134	7.12824
135	7.07854
136	7.02953
137	6.9812
138	6.93354
139	6.88653
140	6.84015
141	6.7944
142	6.74927
143	6.70473
144	6.66078
145	6.6174
146	6.57459
147	6.53234
148	6.49063
149	6.44945
150	6.40879
151	6.36864
152	6.329
153	6.28985
154	6.25119
155	6.213
156	6.17528
157	6.13801
158	6.1012
159	6.06482
160	6.02888
161	5.99337
162	5.95827
163	5.92359
164	5.8893
165	5.85542
166	5.82192
167	5.78881
168	5.75607
169	5.72371
170	5.6917
171	5.66006
172	5.62877
173	5.59782
174	5.56721
175	5.53694
176	5.50699
177	5.47737
178	5.44807
179	5.41908
180	5.3904
181	5.36202
182	5.33394
183	5.30616
184	5.27866
185	5.25145
186	5.22452
187	5.19787
188	5.17148
189	5.14537
190	5.11952
191	5.09392
192	5.06859
193	5.0435
194	5.01866
195	4.99407
196	4.96972
197	4.9456
198	4.92172
199	4.89807
200	4.87465
201	4.85145
202	4.82847
203	4.8057
204	4.78316
205	4.76082
206	4.73869
207	4.71677
208	4.69505
209	4.67353
210	4.65221
211	4.63108
212	4.61014
213	4.58939
214	4.56883
215	4.54845
216	4.52826
217	4.50824
218	4.4884
219	4.46873
220	4.44924
221	4.42991
222	4.41076
223	4.39177
224	4.37294
225	4.35427
226	4.33576
227	4.31741
228	4.29922
229	4.28118
230	4.26329
231	4.24554
232	4.22795
233	4.2105
234	4.1932
235	4.17603
236	4.15901
237	4.14213
238	4.12538
239	4.10877
240	4.09229
241	4.07594
242	4.05973
243	4.04364
244	4.02768
245	4.01185
246	3.99614
247	3.98055
248	3.96509
249	3.94974
250	3.93451
251	3.9194
252	3.90441
253	3.88953
254	3.87476
255	3.86011
256	3.84557
257	3.83113
258	3.81681
259	3.80259
260	3.78848
261	3.77447
262	3.76056
263	3.74676
264	3.73306
265	3.71946
266	3.70595
267	3.69255
268	3.67924
269	3.66603
270	3.65291
271	3.63989
272	3.62695
273	3.61412
274	3.60137
275	3.58871
276	3.57614
277	3.56366
278	3.55126
279	3.53895
280	3.52673
281	3.51459
282	3.50253
283	3.49056
284	3.47867
285	3.46686
286	3.45512
287	3.44347
288	3.4319
289	3.4204
290	3.40899
291	3.39764
292	3.38638
293	3.37518
294	3.36406
295	3.35302
296	3.34205
297	3.33114
298	3.32031
299	3.30955
300	3.29886
301	3.28824
302	3.27769
303	3.2672
304	3.25678
305	3.24643
306	3.23614
307	3.22592
308	3.21576
309	3.20567
310	3.19564
311	3.18567
312	3.17577
313	3.16592
314	3.15614
315	3.14642
316	3.13676
317	3.12715
318	3.11761
319	3.10812
320	3.09869
321	3.08932
322	3.08
323	3.07074
324	3.06154
325	3.05239
326	3.0433
327	3.03426
328	3.02527
329	3.01634
330	3.00746
331	2.99863
332	2.98985
333	2.98113
334	2.97245
335	2.96383
336	2.95525
337	2.94673
338	2.93825
339	2.92983
340	2.92145
341	2.91312
342	2.90483
343	2.8966
344	2.88841
345	2.88026
346	2.87217
347	2.86411
348	2.85611
349	2.84814
350	2.84022
351	2.83235
352	2.82452
353	2.81673
354	2.80899
355	2.80129
356	2.79363
357	2.78601
358	2.77843
359	2.7709
360	2.7634
361	2.75595
362	2.74853
363	2.74116
364	2.73382
365	2.72653
366	2.71927
367	2.71205
368	2.70487
369	2.69773
370	2.69063
371	2.68356
372	2.67653
373	2.66954
374	2.66258
375	2.65566
376	2.64878
377	2.64193
378	2.63511
379	2.62833
380	2.62159
381	2.61488
382	2.60821
383	2.60157
384	2.59496
385	2.58839
386	2.58185
387	2.57534
388	2.56886
389	2.56242
390	2.55601
391	2.54963
392	2.54329
393	2.53697
394	2.53069
395	2.52444
396	2.51822
397	2.51203
398	2.50587
399	2.49974
400	2.49363
401	2.48756
402	2.48152
403	2.47551
404	2.46953
405	2.46358
406	2.45765
407	2.45175
408	2.44589
409	2.44004
410	2.43423
411	2.42845
412	2.42269
413	2.41696
414	2.41126
415	2.40558
416	2.39993
417	2.39431
418	2.38871
419	2.38314
420	2.3776
421	2.37208
422	2.36658
423	2.36112
424	2.35567
425	2.35025
426	2.34486
427	2.33949
428	2.33415
429	2.32883
430	2.32354
431	2.31826
432	2.31302
433	2.30779
434	2.30259
435	2.29742
436	2.29226
437	2.28713
438	2.28203
439	2.27694
440	2.27188
441	2.26684
442	2.26182
443	2.25683
444	2.25186
445	2.24691
446	2.24198
447	2.23707
448	2.23218
449	2.22732
450	2.22247
451	2.21765
452	2.21285
453	2.20807
454	2.20331
455	2.19857
456	2.19385
457	2.18915
458	2.18447
459	2.17981
460	2.17517
461	2.17055
462	2.16595
463	2.16137
464	2.15681
465	2.15227
466	2.14774
467	2.14324
468	2.13876
469	2.13429
470	2.12984
471	2.12541
472	2.121
473	2.11661
474	2.11223
475	2.10788
476	2.10354
477	2.09922
478	2.09492
479	2.09063
480	2.08636
481	2.08211
482	2.07788
483	2.07366
484	2.06946
485	2.06528
486	2.06112
487	2.05697
488	2.05284
489	2.04872
490	2.04462
491	2.04054
492	2.03648
493	2.03243
494	2.02839
495	2.02438
496	2.02037
497	2.01639
498	2.01242
499	2.00846
500	2.00452
501	2.0006
502	1.99669
503	1.9928
504	1.98892
505	1.98506
506	1.98121
507	1.97738
508	1.97356
509	1.96975
510	1.96597
511	1.96219
512	1.95843
513	1.95469
514	1.95096
515	1.94724
516	1.94354
517	1.93985
518	1.93617
519	1.93251
520	1.92886
521	1.92523
522	1.92161
523	1.91801
524	1.91441
525	1.91083
526	1.90727
527	1.90372
528	1.90018
529	1.89665
530	1.89314
531	1.88964
532	1.88615
533	1.88268
534	1.87921
535	1.87577
536	1.87233
537	1.86891
538	1.8655
539	1.8621
540	1.85871
541	1.85534
542	1.85197
543	1.84863
544	1.84529
545	1.84196
546	1.83865
547	1.83535
548	1.83206
549	1.82878
550	1.82551
551	1.82226
552	1.81902
553	1.81578
554	1.81256
555	1.80936
556	1.80616
557	1.80297
558	1.7998
559	1.79663
560	1.79348
561	1.79034
562	1.78721
563	1.78409
564	1.78098
565	1.77788
566	1.7748
567	1.77172
568	1.76865
569	1.7656
570	1.76256
571	1.75952
572	1.7565
573	1.75348
574	1.75048
575	1.74749
576	1.74451
577	1.74153
578	1.73857
579	1.73562
580	1.73268
581	1.72974
582	1.72682
583	1.72391
584	1.72101
585	1.71811
586	1.71523
587	1.71236
588	1.70949
589	1.70664
590	1.7038
591	1.70096
592	1.69813
593	1.69532
594	1.69251
595	1.68971
596	1.68692
597	1.68414
598	1.68137
599	1.67861
600	1.67586
601	1.67312
602	1.67038
603	1.66766
604	1.66494
605	1.66223
606	1.65954
607	1.65685
608	1.65416
609	1.65149
610	1.64883
611	1.64617
612	1.64353
613	1.64089
614	1.63826
615	1.63564
616	1.63302
617	1.63042
618	1.62782
619	1.62523
620	1.62265
621	1.62008
622	1.61752
623	1.61496
624	1.61241
625	1.60988
626	1.60734
627	1.60482
628	1.6023
629	1.5998
630	1.5973
631	1.5948
632	1.59232
633	1.58984
634	1.58737
635	1.58491
636	1.58246
637	1.58001
638	1.57758
639	1.57514
640	1.57272
641	1.5703
642	1.5679
643	1.56549
644	1.5631
645	1.56071
646	1.55833
647	1.55596
648	1.5536
649	1.55124
650	1.54889
651	1.54655
652	1.54421
653	1.54188
654	1.53956
655	1.53724
656	1.53493
657	1.53263
658	1.53034
659	1.52805
660	1.52577
661	1.5235
662	1.52123
663	1.51897
664	1.51671
665	1.51447
666	1.51223
667	1.50999
668	1.50777
669	1.50554
670	1.50333
671	1.50112
672	1.49892
673	1.49673
674	1.49454
675	1.49236
676	1.49018
677	1.48801
678	1.48585
679	1.48369
680	1.48154
681	1.4794
682	1.47726
683	1.47513
684	1.473
685	1.47088
686	1.46877
687	1.46666
688	1.46456
689	1.46246
690	1.46037
691	1.45829
692	1.45621
693	1.45414
694	1.45208
695	1.45002
696	1.44796
697	1.44591
698	1.44387
699	1.44184
700	1.4398
701	1.43778
702	1.43576
703	1.43375
704	1.43174
705	1.42974
706	1.42774
707	1.42575
708	1.42376
709	1.42178
710	1.41981
711	1.41784
712	1.41587
713	1.41391
714	1.41196
715	1.41001
716	1.40807
717	1.40613
718	1.4042
719	1.40228
720	1.40036
721	1.39844
722	1.39653
723	1.39462
724	1.39272
725	1.39083
726	1.38894
727	1.38705
728	1.38518
729	1.3833
730	1.38143
731	1.37957
732	1.37771
733	1.37585
734	1.374
735	1.37216
736	1.37032
737	1.36849
738	1.36666
739	1.36483
740	1.36301
741	1.3612
742	1.35939
743	1.35758
744	1.35578
745	1.35398
746	1.35219
747	1.35041
748	1.34863
749	1.34685
750	1.34508
751	1.34331
752	1.34155
753	1.33979
754	1.33803
755	1.33628
756	1.33454
757	1.3328
758	1.33106
759	1.32933
760	1.32761
761	1.32588
762	1.32417
763	1.32245
764	1.32075
765	1.31904
766	1.31734
767	1.31565
768	1.31395
769	1.31227
770	1.31059
771	1.30891
772	1.30723
773	1.30556
774	1.3039
775	1.30224
776	1.30058
777	1.29893
778	1.29728
779	1.29564
780	1.29399
781	1.29236
782	1.29073
783	1.2891
784	1.28748
785	1.28586
786	1.28424
787	1.28263
788	1.28102
789	1.27942
790	1.27782
791	1.27622
792	1.27463
793	1.27305
794	1.27146
795	1.26988
796	1.26831
797	1.26674
798	1.26517
799	1.2636
800	1.26204
801	1.26049
802	1.25893
803	1.25739
804	1.25584
805	1.2543
806	1.25276
807	1.25123
808	1.2497
809	1.24817
810	1.24665
811	1.24513
812	1.24362
813	1.24211
814	1.2406
815	1.2391
816	1.2376
817	1.2361
818	1.23461
819	1.23312
820	1.23163
821	1.23015
822	1.22867
823	1.2272
824	1.22572
825	1.22426
826	1.22279
827	1.22133
828	1.21987
829	1.21842
830	1.21697
831	1.21552
832	1.21408
833	1.21264
834	1.2112
835	1.20977
836	1.20834
837	1.20691
838	1.20549
839	1.20407
840	1.20265
841	1.20124
842	1.19983
843	1.19842
844	1.19702
845	1.19562
846	1.19422
847	1.19283
848	1.19144
849	1.19005
850	1.18867
851	1.18729
852	1.18591
853	1.18453
854	1.18316
855	1.1818
856	1.18043
857	1.17907
858	1.17771
859	1.17636
860	1.175
861	1.17365
862	1.17231
863	1.17097
864	1.16963
865	1.16829
866	1.16695
867	1.16562
868	1.1643
869	1.16297
870	1.16165
871	1.16033
872	1.15902
873	1.1577
874	1.15639
875	1.15509
876	1.15378
877	1.15248
878	1.15118
879	1.14989
880	1.1486
881	1.14731
882	1.14602
883	1.14474
884	1.14346
885	1.14218
886	1.14091
887	1.13963
888	1.13837
889	1.1371
890	1.13584
891	1.13457
892	1.13332
893	1.13206
894	1.13081
895	1.12956
896	1.12831
897	1.12707
898	1.12583
899	1.12459
900	1.12335
901	1.12212
902	1.12089
903	1.11966
904	1.11844
905	1.11721
906	1.11599
907	1.11478
908	1.11356
909	1.11235
910	1.11114
911	1.10994
912	1.10873
913	1.10753
914	1.10633
915	1.10514
916	1.10394
917	1.10275
918	1.10156
919	1.10038
920	1.09919
921	1.09801
922	1.09684
923	1.09566
924	1.09449
925	1.09332
926	1.09215
927	1.09098
928	1.08982
929	1.08866
930	1.0875
931	1.08635
932	1.08519
933	1.08404
934	1.08289
935	1.08175
936	1.0806
937	1.07946
938	1.07832
939	1.07719
940	1.07605
941	1.07492
942	1.07379
943	1.07267
944	1.07154
945	1.07042
946	1.0693
947	1.06818
948	1.06707
949	1.06595
950	1.06484
951	1.06374
952	1.06263
953	1.06153
954	1.06043
955	1.05933
956	1.05823
957	1.05714
958	1.05604
959	1.05495
960	1.05387
961	1.05278
962	1.0517
963	1.05062
964	1.04954
965	1.04846
966	1.04739
967	1.04632
968	1.04525
969	1.04418
970	1.04311
971	1.04205
972	1.04099
973	1.03993
974	1.03887
975	1.03782
976	1.03676
977	1.03571
978	1.03467
979	1.03362
980	1.03258
981	1.03153
982	1.03049
983	1.02946
984	1.02842
985	1.02739
986	1.02636
987	1.02533
988	1.0243
989	1.02327
990	1.02225
991	1.02123
992	1.02021
993	1.01919
994	1.01818
995	1.01716
996	1.01615
997	1.01514
998	1.01414
999	1.01313
1000	1.01213
1001	1.01113
1002	1.01013
1003	1.00913
1004	1.00814
1005	1.00714
1006	1.00615
1007	1.00516
1008	1.00417
1009	1.00319
1010	1.00221
1011	1.00122
1012	1.00024
1013	0.999266
1014	0.99829
1015	0.997316
1016	0.996344
1017	0.995374
1018	0.994406
1019	0.993439
1020	0.992475
1021	0.991512
1022	0.990551
1023	0.989592
1024	0.988635
1025	0.98768
1026	0.986727
1027	0.985775
1028	0.984826
1029	0.983878
1030	0.982932
1031	0.981987
1032	0.981045
1033	0.980104
1034	0.979166
1035	0.978229
1036	0.977293
1037	0.97636
1038	0.975428
1039	0.974498
1040	0.97357
1041	0.972644
1042	0.971719
1043	0.970797
1044	0.969875
1045	0.968956
1046	0.968039
1047	0.967123
1048	0.966209
1049	0.965296
1050	0.964385
1051	0.963477
1052	0.962569
1053	0.961664
1054	0.96076
1055	0.959858
1056	0.958957
1057	0.958059
1058	0.957162
1059	0.956266
1060	0.955372
1061	0.95448
1062	0.95359
1063	0.952701
1064	0.951814
1065	0.950929
1066	0.950045
1067	0.949163
1068	0.948282
1069	0.947403
1070	0.946526
1071	0.945651
1072	0.944777
1073	0.943904
1074	0.943033
1075	0.942164
1076	0.941297
1077	0.940431
1078	0.939566
1079	0.938704
1080	0.937842
1081	0.936983
1082	0.936125
1083	0.935268
1084	0.934413
1085	0.93356
1086	0.932708
1087	0.931858
1088	0.931009
1089	0.930162
1090	0.929316
1091	0.928472
1092	0.92763
1093	0.926789
1094	0.925949
1095	0.925111
1096	0.924275
1097	0.92344
1098	0.922606
1099	0.921775
1100	0.920944
1101	0.920115
1102	0.919288
1103	0.918462
1104	0.917637
1105	0.916814
1106	0.915993
1107	0.915173
1108	0.914354
1109	0.913537
1110	0.912721
1111	0.911907
1112	0.911094
1113	0.910283
1114	0.909473
1115	0.908665
1116	0.907858
1117	0.907052
1118	0.906248
1119	0.905445
1120	0.904644
1121	0.903844
1122	0.903046
1123	0.902249
1124	0.901453
1125	0.900659
1126	0.899866
1127	0.899074
1128	0.898284
1129	0.897496
1130	0.896708
1131	0.895922
1132	0.895138
1133	0.894355
1134	0.893573
1135	0.892793
1136	0.892013
1137	0.891236
1138	0.890459
1139	0.889684
1140	0.888911
1141	0.888138
1142	0.887368
1143	0.886598
1144	0.88583
1145	0.885063
1146	0.884297
1147	0.883533
1148	0.88277
1149	0.882008
1150	0.881248
1151	0.880489
1152	0.879731
1153	0.878974
1154	0.878219
1155	0.877465
1156	0.876713
1157	0.875962
1158	0.875212
1159	0.874463
1160	0.873716
1161	0.872969
1162	0.872225
1163	0.871481
1164	0.870739
1165	0.869998
1166	0.869258
1167	0.868519
1168	0.867782
1169	0.867046
1170	0.866311
1171	0.865578
1172	0.864845
1173	0.864114
1174	0.863384
1175	0.862656
1176	0.861928
1177	0.861202
1178	0.860477
1179	0.859754
1180	0.859031
1181	0.85831
1182	0.85759
1183	0.856871
1184	0.856153
1185	0.855437
1186	0.854721
1187	0.854007
1188	0.853295
1189	0.852583
1190	0.851872
1191	0.851163
1192	0.850455
1193	0.849748
1194	0.849042
1195	0.848338
1196	0.847634
1197	0.846932
1198	0.846231
1199	0.845531
1200	0.844832
1201	0.844134
1202	0.843438
1203	0.842743
1204	0.842048
1205	0.841355
1206	0.840663
1207	0.839973
1208	0.839283
1209	0.838594
1210	0.837907
1211	0.837221
1212	0.836536
1213	0.835852
1214	0.835169
1215	0.834487
1216	0.833806
1217	0.833127
1218	0.832448
1219	0.831771
1220	0.831095
1221	0.83042
1222	0.829746
1223	0.829073
1224	0.828401
1225	0.82773
1226	0.82706
1227	0.826392
1228	0.825724
1229	0.825058
1230	0.824392
1231	0.823728
1232	0.823065
1233	0.822403
1234	0.821741
1235	0.821081
1236	0.820422
1237	0.819764
1238	0.819108
1239	0.818452
1240	0.817797
1241	0.817143
1242	0.816491
1243	0.815839
1244	0.815188
1245	0.814539
1246	0.81389
1247	0.813243
1248	0.812596
1249	0.811951
1250	0.811306
1251	0.810663
1252	0.810021
1253	0.809379
1254	0.808739
1255	0.8081
1256	0.807461
1257	0.806824
1258	0.806188
1259	0.805552
1260	0.804918
1261	0.804285
1262	0.803653
1263	0.803021
1264	0.802391
1265	0.801762
1266	0.801133
1267	0.800506
1268	0.79988
1269	0.799254
1270	0.79863
1271	0.798006
1272	0.797384
1273	0.796762
1274	0.796142
1275	0.795522
1276	0.794904
1277	0.794286
1278	0.793669
1279	0.793053
1280	0.792439
1281	0.791825
1282	0.791212
1283	0.7906
1284	0.789989
1285	0.789379
1286	0.78877
1287	0.788162
1288	0.787555
1289	0.786948
1290	0.786343
1291	0.785738
1292	0.785135
1293	0.784532
1294	0.783931
1295	0.78333
1296	0.78273
1297	0.782131
1298	0.781533
1299	0.780936
1300	0.78034
1301	0.779745
1302	0.779151
1303	0.778557
1304	0.777965
1305	0.777373
1306	0.776782
1307	0.776193
1308	0.775604
1309	0.775016
1310	0.774428
1311	0.773842
1312	0.773257
1313	0.772672
1314	0.772089
1315	0.771506
1316	0.770924
1317	0.770343
1318	0.769763
1319	0.769184
1320	0.768606
1321	0.768028
1322	0.767452
1323	0.766876
1324	0.766301
1325	0.765727
1326	0.765154
1327	0.764581
1328	0.76401
1329	0.763439
1330	0.76287
1331	0.762301
1332	0.761733
1333	0.761166
1334	0.760599
1335	0.760034
1336	0.759469
1337	0.758905
1338	0.758342
1339	0.75778
1340	0.757219
1341	0.756658
1342	0.756099
1343	0.75554
1344	0.754982
1345	0.754425
1346	0.753868
1347	0.753313
1348	0.752758
1349	0.752204
1350	0.751651
1351	0.751099
1352	0.750547
1353	0.749996
1354	0.749447
1355	0.748898
1356	0.748349
1357	0.747802
1358	0.747255
1359	0.746709
1360	0.746164
1361	0.74562
1362	0.745077
1363	0.744534
1364	0.743992
1365	0.743451
1366	0.742911
1367	0.742371
1368	0.741832
1369	0.741294
1370	0.740757
1371	0.740221
1372	0.739685
1373	0.73915
1374	0.738616
1375	0.738083
1376	0.73755
1377	0.737019
1378	0.736488
1379	0.735957
1380	0.735428
1381	0.734899
1382	0.734371
1383	0.733844
1384	0.733318
1385	0.732792
1386	0.732267
1387	0.731743
1388	0.731219
1389	0.730697
1390	0.730175
1391	0.729654
1392	0.729133
1393	0.728614
1394	0.728095
1395	0.727576
1396	0.727059
1397	0.726542
1398	0.726026
1399	0.725511
1400	0.724996
1401	0.724482
1402	0.723969
1403	0.723457
1404	0.722945
1405	0.722434
1406	0.721924
1407	0.721415
1408	0.720906
1409	0.720398
1410	0.719891
1411	0.719384
1412	0.718878
1413	0.718373
1414	0.717868
1415	0.717365
1416	0.716862
1417	0.716359
1418	0.715858
1419	0.715357
1420	0.714856
1421	0.714357
1422	0.713858
1423	0.71336
1424	0.712862
1425	0.712365
1426	0.711869
1427	0.711374
1428	0.710879
1429	0.710385
1430	0.709892
1431	0.709399
1432	0.708907
1433	0.708416
1434	0.707925
1435	0.707436
1436	0.706946
1437	0.706458
1438	0.70597
1439	0.705483
1440	0.704996
1441	0.70451
1442	0.704025
1443	0.70354
1444	0.703057
1445	0.702573
1446	0.702091
1447	0.701609
1448	0.701128
1449	0.700647
1450	0.700167
1451	0.699688
1452	0.699209
1453	0.698732
1454	0.698254
1455	0.697778
1456	0.697302
1457	0.696826
1458	0.696352
1459	0.695878
1460	0.695404
1461	0.694931
1462	0.694459
1463	0.693988
1464	0.693517
1465	0.693047
1466	0.692577
1467	0.692108
1468	0.69164
1469	0.691172
1470	0.690705
1471	0.690239
1472	0.689773
1473	0.689308
1474	0.688844
1475	0.68838
1476	0.687917
1477	0.687454
1478	0.686992
1479	0.686531
1480	0.68607
1481	0.68561
1482	0.68515
1483	0.684691
1484	0.684233
1485	0.683775
1486	0.683318
1487	0.682862
1488	0.682406
1489	0.681951
1490	0.681496
1491	0.681042
1492	0.680588
1493	0.680136
1494	0.679683
1495	0.679232
1496	0.678781
1497	0.67833
1498	0.677881
1499	0.677431
1500	0.676983
1501	0.676535
1502	0.676087
1503	0.67564
1504	0.675194
1505	0.674748
1506	0.674303
1507	0.673859
1508	0.673415
1509	0.672972
1510	0.672529
1511	0.672087
1512	0.671645
1513	0.671204
1514	0.670764
1515	0.670324
1516	0.669884
1517	0.669446
1518	0.669008
1519	0.66857
1520	0.668133
1521	0.667697
1522	0.667261
1523	0.666826
1524	0.666391
1525	0.665957
1526	0.665523
1527	0.66509
1528	0.664658
1529	0.664226
1530	0.663795
1531	0.663364
1532	0.662934
1533	0.662504
1534	0.662075
1535	0.661646
1536	0.661218
1537	0.660791
1538	0.660364
1539	0.659938
1540	0.659512
1541	0.659087
1542	0.658662
1543	0.658238
1544	0.657814
1545	0.657391
1546	0.656969
1547	0.656547
1548	0.656125
1549	0.655705
1550	0.655284
1551	0.654864
1552	0.654445
1553	0.654026
1554	0.653608
1555	0.653191
1556	0.652774
1557	0.652357
1558	0.651941
1559	0.651525
1560	0.65111
1561	0.650696
1562	0.650282
1563	0.649869
1564	0.649456
1565	0.649043
1566	0.648631
1567	0.64822
1568	0.647809
1569	0.647399
1570	0.646989
1571	0.64658
1572	0.646171
1573	0.645763
1574	0.645356
1575	0.644948
1576	0.644542
1577	0.644136
1578	0.64373
1579	0.643325
1580	0.64292
1581	0.642516
1582	0.642112
1583	0.641709
1584	0.641307
1585	0.640905
1586	0.640503
1587	0.640102
1588	0.639702
1589	0.639301
1590	0.638902
1591	0.638503
1592	0.638104
1593	0.637706
1594	0.637309
1595	0.636912
1596	0.636515
1597	0.636119
1598	0.635723
1599	0.635328
1600	0.634933
1601	0.634539
1602	0.634146
1603	0.633753
1604	0.63336
1605	0.632968
1606	0.632576
1607	0.632185
1608	0.631794
1609	0.631404
1610	0.631014
1611	0.630625
1612	0.630236
1613	0.629848
1614	0.62946
1615	0.629072
1616	0.628686
1617	0.628299
1618	0.627913
1619	0.627528
1620	0.627143
1621	0.626758
1622	0.626374
1623	0.625991
1624	0.625608
1625	0.625225
1626	0.624843
1627	0.624461
1628	0.62408
1629	0.623699
1630	0.623319
1631	0.622939
1632	0.622559
1633	0.622181
1634	0.621802
1635	0.621424
1636	0.621047
1637	0.620669
1638	0.620293
1639	0.619917
1640	0.619541
1641	0.619166
1642	0.618791
1643	0.618417
1644	0.618043
1645	0.617669
1646	0.617296
1647	0.616924
1648	0.616552
1649	0.61618
1650	0.615809
1651	0.615438
1652	0.615068
1653	0.614698
1654	0.614328
1655	0.613959
1656	0.613591
1657	0.613223
1658	0.612855
1659	0.612488
1660	0.612121
1661	0.611755
1662	0.611389
1663	0.611024
1664	0.610659
1665	0.610294
1666	0.60993
1667	0.609566
1668	0.609203
1669	0.60884
1670	0.608478
1671	0.608116
1672	0.607754
1673	0.607393
1674	0.607032
1675	0.606672
1676	0.606312
1677	0.605953
1678	0.605594
1679	0.605235
1680	0.604877
1681	0.604519
1682	0.604162
1683	0.603805
1684	0.603449
1685	0.603093
1686	0.602737
1687	0.602382
1688	0.602027
1689	0.601673
1690	0.601319
1691	0.600965
1692	0.600612
1693	0.60026
1694	0.599907
1695	0.599555
1696	0.599204
1697	0.598853
1698	0.598502
1699	0.598152
1700	0.597802
1701	0.597453
1702	0.597104
1703	0.596755
1704	0.596407
1705	0.596059
1706	0.595712
1707	0.595365
1708	0.595019
1709	0.594672
1710	0.594327
1711	0.593981
1712	0.593636
1713	0.593292
1714	0.592948
1715	0.592604
1716	0.592261
1717	0.591918
1718	0.591575
1719	0.591233
1720	0.590891
1721	0.59055
1722	0.590209
1723	0.589868
1724	0.589528
1725	0.589188
1726	0.588849
1727	0.58851
1728	0.588171
1729	0.587833
1730	0.587495
1731	0.587158
1732	0.586821
1733	0.586484
1734	0.586148
1735	0.585812
1736	0.585476
1737	0.585141
1738	0.584806
1739	0.584472
1740	0.584138
1741	0.583805
1742	0.583471
1743	0.583138
1744	0.582806
1745	0.582474
1746	0.582142
1747	0.581811
1748	0.58148
1749	0.581149
1750	0.580819
1751	0.580489
1752	0.58016
1753	0.579831
1754	0.579502
1755	0.579174
1756	0.578846
1757	0.578518
1758	0.578191
1759	0.577864
1760	0.577538
1761	0.577211
1762	0.576886
1763	0.57656
1764	0.576235
1765	0.575911
1766	0.575586
1767	0.575263
1768	0.574939
1769	0.574616
1770	0.574293
1771	0.573971
1772	0.573648
1773	0.573327
1774	0.573005
1775	0.572684
1776	0.572364
1777	0.572043
1778	0.571723
1779	0.571404
1780	0.571085
1781	0.570766
1782	0.570447
1783	0.570129
1784	0.569811
1785	0.569494
1786	0.569177
1787	0.56886
1788	0.568544
1789	0.568228
1790	0.567912
1791	0.567597
1792	0.567282
1793	0.566967
1794	0.566653
1795	0.566339
1796	0.566025
1797	0.565712
1798	0.565399
1799	0.565086
1800	0.564774
1801	0.564462
1802	0.564151
1803	0.56384
1804	0.563529
1805	0.563218
1806	0.562908
1807	0.562598
1808	0.562289
1809	0.56198
1810	0.561671
1811	0.561363
1812	0.561054
1813	0.560747
1814	0.560439
1815	0.560132
1816	0.559825
1817	0.559519
1818	0.559213
1819	0.558907
1820	0.558602
1821	0.558297
1822	0.557992
1823	0.557687
1824	0.557383
1825	0.55708
1826	0.556776
1827	0.556473
1828	0.55617
1829	0.555868
1830	0.555566
1831	0.555264
1832	0.554963
1833	0.554661
1834	0.554361
1835	0.55406
1836	0.55376
1837	0.55346
1838	0.553161
1839	0.552862
1840	0.552563
1841	0.552264
1842	0.551966
1843	0.551668
1844	0.55137
1845	0.551073
1846	0.550776
1847	0.55048
1848	0.550183
1849	0.549887
1850	0.549592
1851	0.549297
1852	0.549002
1853	0.548707
1854	0.548412
1855	0.548118
1856	0.547825
1857	0.547531
1858	0.547238
1859	0.546945
1860	0.546653
1861	0.546361
1862	0.546069
1863	0.545777
1864	0.545486
1865	0.545195
1866	0.544904
1867	0.544614
1868	0.544324
1869	0.544034
1870	0.543745
1871	0.543456
1872	0.543167
1873	0.542879
1874	0.542591
1875	0.542303
1876	0.542015
1877	0.541728
1878	0.541441
1879	0.541154
1880	0.540868
1881	0.540582
1882	0.540296
1883	0.540011
1884	0.539726
1885	0.539441
1886	0.539156
1887	0.538872
1888	0.538588
1889	0.538305
1890	0.538021
1891	0.537738
1892	0.537456
1893	0.537173
1894	0.536891
1895	0.536609
1896	0.536328
1897	0.536046
1898	0.535765
1899	0.535485
1900	0.535204
1901	0.534924
1902	0.534645
1903	0.534365
1904	0.534086
1905	0.533807
1906	0.533528
1907	0.53325
1908	0.532972
1909	0.532694
1910	0.532417
1911	0.53214
1912	0.531863
1913	0.531586
1914	0.53131
1915	0.531034
1916	0.530758
1917	0.530483
1918	0.530208
1919	0.529933
1920	0.529658
1921	0.529384
1922	0.52911
1923	0.528836
1924	0.528563
1925	0.52829
1926	0.528017
1927	0.527744
1928	0.527472
1929	0.5272
1930	0.526928
1931	0.526656
1932	0.526385
1933	0.526114
1934	0.525844
1935	0.525573
1936	0.525303
1937	0.525033
1938	0.524764
1939	0.524495
1940	0.524226
1941	0.523957
1942	0.523689
1943	0.52342
1944	0.523153
1945	0.522885
1946	0.522618
1947	0.522351
1948	0.522084
1949	0.521817
1950	0.521551
1951	0.521285
1952	0.521019
1953	0.520754
1954	0.520489
1955	0.520224
1956	0.519959
1957	0.519695
1958	0.519431
1959	0.519167
1960	0.518904
1961	0.51864
1962	0.518377
1963	0.518115
1964	0.517852
1965	0.51759
1966	0.517328
1967	0.517066
1968	0.516805
1969	0.516544
1970	0.516283
1971	0.516022
1972	0.515762
1973	0.515502
1974	0.515242
1975	0.514982
1976	0.514723
1977	0.514464
1978	0.514205
1979	0.513947
1980	0.513688
1981	0.51343
1982	0.513173
1983	0.512915
1984	0.512658
1985	0.512401
1986	0.512144
1987	0.511888
1988	0.511632
1989	0.511376
1990	0.51112
1991	0.510864
1992	0.510609
1993	0.510354
1994	0.5101
1995	0.509845
1996	0.509591
1997	0.509337
1998	0.509084
1999	0.50883
