5	20.2953
6	16.6155
7	13.9896
8	12.0257
9	10.5043
10	9.29304
11	8.30729
12	7.49053
13	6.80357
14	6.21841
15	5.7145
16	5.27645
17	4.89247
18	4.55343
19	4.25211
20	3.98275
21	3.74069
22	3.52213
23	3.32392
24	3.14347
25	2.97859
26	2.82742
27	2.68839
28	2.56018
29	2.44161
30	2.33169
31	2.22955
32	2.13444
33	2.04569
34	1.96272
35	1.88501
36	1.8121
37	1.74359
38	1.67911
39	1.61834
40	1.56098
41	1.50677
42	1.45548
43	1.4069
44	1.36081
45	1.31706
46	1.27548
47	1.23591
48	1.19824
49	1.16233
50	1.12807
51	1.09537
52	1.06411
53	1.03422
54	1.00562
55	0.97822
56	0.951964
57	0.926783
58	0.902617
59	0.879412
60	0.857114
61	0.835677
62	0.815055
63	0.795206
64	0.77609
65	0.757672
66	0.739916
67	0.72279
68	0.706265
69	0.690312
70	0.674903
71	0.660014
72	0.645622
73	0.631703
74	0.618237
75	0.605204
76	0.592585
77	0.580363
78	0.56852
79	0.557041
80	0.545911
81	0.535115
82	0.524641
83	0.514474
84	0.504603
85	0.495017
86	0.485704
87	0.476654
88	0.467857
89	0.459303
90	0.450983
91	0.44289
92	0.435014
93	0.427347
94	0.419883
95	0.412614
96	0.405533
97	0.398634
98	0.391911
99	0.385356
100	0.378966
101	0.372734
102	0.366655
103	0.360724
104	0.354936
105	0.349287
106	0.343772
107	0.338387
108	0.333127
109	0.32799
110	0.32297
111	0.318065
112	0.313271
113	0.308585
114	0.304003
115	0.299523
116	0.29514
117	0.290854
118	0.286659
119	0.282555
120	0.278539
121	0.274607
122	0.270758
123	0.266989
124	0.263298
125	0.259683
126	0.256141
127	0.252672
128	0.249272
129	0.24594
130	0.242675
131	0.239474
132	0.236335
133	0.233258
134	0.23024
135	0.22728
136	0.224377
137	0.221529
138	0.218734
139	0.215992
140	0.2133
141	0.210659
142	0.208066
143	0.20552
144	0.203021
145	0.200567
146	0.198156
147	0.195789
148	0.193464
149	0.191179
150	0.188935
151	0.186729
152	0.184562
153	0.182432
154	0.180339
155	0.178281
156	0.176258
157	0.174269
158	0.172313
159	0.17039
160	0.168499
161	0.166638
162	0.164809
163	0.163009
164	0.161238
165	0.159495
166	0.157781
167	0.156093
168	0.154433
169	0.152799
170	0.15119
171	0.149606
172	0.148047
173	0.146512
174	0.145001
175	0.143512
176	0.142047
177	0.140603
178	0.139181
179	0.137781
180	0.136401
181	0.135042
182	0.133703
183	0.132383
184	0.131083
185	0.129802
186	0.128539
187	0.127295
188	0.126068
189	0.124859
190	0.123667
191	0.122492
192	0.121333
193	0.120191
194	0.119064
195	0.117953
196	0.116858
197	0.115777
198	0.114712
199	0.113661
200	0.112624
201	0.111601
202	0.110592
203	0.109596
204	0.108614
205	0.107644
206	0.106688
207	0.105744
208	0.104812
209	0.103893
210	0.102986
211	0.10209
212	0.101206
213	0.100333
214	0.0994711
215	0.0986204
216	0.0977804
217	0.096951
218	0.096132
219	0.0953233
220	0.0945246
221	0.0937359
222	0.0929569
223	0.0921874
224	0.0914274
225	0.0906767
226	0.0899351
227	0.0892025
228	0.0884787
229	0.0877637
230	0.0870571
231	0.086359
232	0.0856692
233	0.0849876
234	0.0843139
235	0.0836482
236	0.0829903
237	0.08234
238	0.0816973
239	0.081062
240	0.080434
241	0.0798132
242	0.0791995
243	0.0785929
244	0.077993
245	0.0774
246	0.0768136
247	0.0762339
248	0.0756606
249	0.0750937
250	0.074533
251	0.0739786
252	0.0734303
253	0.072888
254	0.0723516
255	0.0718211
256	0.0712964
257	0.0707773
258	0.0702638
259	0.0697559
260	0.0692533
261	0.0687562
262	0.0682643
263	0.0677776
264	0.0672961
265	0.0668197
266	0.0663482
267	0.0658817
268	0.06542
269	0.0649632
270	0.064511
271	0.0640635
272	0.0636206
273	0.0631823
274	0.0627484
275	0.062319
276	0.0618939
277	0.061473
278	0.0610565
279	0.0606441
280	0.0602358
281	0.0598317
282	0.0594315
283	0.0590353
284	0.058643
285	0.0582546
286	0.05787
287	0.0574891
288	0.057112
289	0.0567385
290	0.0563687
291	0.0560024
292	0.0556397
293	0.0552804
294	0.0549246
295	0.0545722
296	0.0542231
297	0.0538773
298	0.0535348
299	0.0531956
300	0.0528595
301	0.0525266
302	0.0521967
303	0.05187
304	0.0515463
305	0.0512255
306	0.0509078
307	0.0505929
308	0.050281
309	0.0499719
310	0.0496656
311	0.0493621
312	0.0490613
313	0.0487633
314	0.048468
315	0.0481753
316	0.0478852
317	0.0475977
318	0.0473128
319	0.0470304
320	0.0467505
321	0.0464731
322	0.0461981
323	0.0459255
324	0.0456553
325	0.0453875
326	0.045122
327	0.0448588
328	0.0445979
329	0.0443392
330	0.0440828
331	0.0438286
332	0.0435765
333	0.0433266
334	0.0430788
335	0.0428331
336	0.0425895
337	0.042348
338	0.0421085
339	0.041871
340	0.0416354
341	0.0414019
342	0.0411703
343	0.0409406
344	0.0407128
345	0.0404869
346	0.0402629
347	0.0400407
348	0.0398203
349	0.0396017
350	0.0393849
351	0.0391699
352	0.0389566
353	0.038745
354	0.0385352
355	0.038327
356	0.0381205
357	0.0379156
358	0.0377124
359	0.0375108
360	0.0373108
361	0.0371124
362	0.0369155
363	0.0367202
364	0.0365264
365	0.0363342
366	0.0361434
367	0.0359542
368	0.0357664
369	0.03558
370	0.0353951
371	0.0352117
372	0.0350296
373	0.034849
374	0.0346697
375	0.0344918
376	0.0343152
377	0.03414
378	0.0339661
379	0.0337936
380	0.0336223
381	0.0334524
382	0.0332837
383	0.0331162
384	0.03295
385	0.0327851
386	0.0326214
387	0.0324589
388	0.0322976
389	0.0321375
390	0.0319786
391	0.0318208
392	0.0316642
393	0.0315087
394	0.0313544
395	0.0312012
396	0.0310491
397	0.0308981
398	0.0307482
399	0.0305994
400	0.0304517
401	0.030305
402	0.0301593
403	0.0300148
404	0.0298712
405	0.0297286
406	0.0295871
407	0.0294466
408	0.029307
409	0.0291685
410	0.0290309
411	0.0288943
412	0.0287586
413	0.0286239
414	0.0284901
415	0.0283573
416	0.0282253
417	0.0280943
418	0.0279642
419	0.027835
420	0.0277066
421	0.0275792
422	0.0274526
423	0.0273269
424	0.027202
425	0.027078
426	0.0269549
427	0.0268325
428	0.026711
429	0.0265903
430	0.0264704
431	0.0263513
432	0.0262331
433	0.0261156
434	0.0259989
435	0.0258829
436	0.0257678
437	0.0256534
438	0.0255397
439	0.0254268
440	0.0253146
441	0.0252032
442	0.0250925
443	0.0249826
444	0.0248733
445	0.0247648
446	0.0246569
447	0.0245498
448	0.0244433
449	0.0243376
450	0.0242325
451	0.0241281
452	0.0240244
453	0.0239213
454	0.0238189
455	0.0237171
456	0.023616
457	0.0235155
458	0.0234157
459	0.0233165
460	0.0232179
461	0.0231199
462	0.0230226
463	0.0229258
464	0.0228297
465	0.0227342
466	0.0226392
467	0.0225449
468	0.0224511
469	0.0223579
470	0.0222653
471	0.0221733
472	0.0220818
473	0.0219909
474	0.0219006
475	0.0218108
476	0.0217215
477	0.0216328
478	0.0215446
479	0.021457
480	0.0213699
481	0.0212833
482	0.0211972
483	0.0211117
484	0.0210267
485	0.0209422
486	0.0208582
487	0.0207747
488	0.0206916
489	0.0206091
490	0.0205271
491	0.0204456
492	0.0203645
493	0.0202839
494	0.0202038
495	0.0201242
496	0.020045
497	0.0199663
498	0.0198881
499	0.0198103
500	0.019733
501	0.0196561
502	0.0195796
503	0.0195036
504	0.0194281
505	0.019353
506	0.0192783
507	0.019204
508	0.0191302
509	0.0190568
510	0.0189838
511	0.0189112
512	0.018839
513	0.0187673
514	0.0186959
515	0.018625
516	0.0185545
517	0.0184843
518	0.0184146
519	0.0183452
520	0.0182762
521	0.0182077
522	0.0181395
523	0.0180717
524	0.0180042
525	0.0179372
526	0.0178705
527	0.0178041
528	0.0177382
529	0.0176726
530	0.0176074
531	0.0175425
532	0.017478
533	0.0174138
534	0.01735
535	0.0172865
536	0.0172234
537	0.0171606
538	0.0170982
539	0.0170361
540	0.0169743
541	0.0169129
542	0.0168518
543	0.0167911
544	0.0167306
545	0.0166705
546	0.0166107
547	0.0165512
548	0.0164921
549	0.0164332
550	0.0163747
551	0.0163165
552	0.0162586
553	0.016201
554	0.0161437
555	0.0160867
556	0.01603
557	0.0159736
558	0.0159175
559	0.0158617
560	0.0158062
561	0.0157509
562	0.015696
563	0.0156413
564	0.015587
565	0.0155329
566	0.0154791
567	0.0154255
568	0.0153723
569	0.0153193
570	0.0152666
571	0.0152141
572	0.015162
573	0.01511
574	0.0150584
575	0.015007
576	0.0149559
577	0.0149051
578	0.0148545
579	0.0148041
580	0.014754
581	0.0147042
582	0.0146546
583	0.0146053
584	0.0145562
585	0.0145073
586	0.0144587
587	0.0144104
588	0.0143623
589	0.0143144
590	0.0142667
591	0.0142193
592	0.0141722
593	0.0141252
594	0.0140785
595	0.0140321
596	0.0139858
597	0.0139398
598	0.013894
599	0.0138485
600	0.0138031
601	0.013758
602	0.0137131
603	0.0136684
604	0.013624
605	0.0135797
606	0.0135357
607	0.0134918
608	0.0134482
609	0.0134048
610	0.0133616
611	0.0133187
612	0.0132759
613	0.0132333
614	0.0131909
615	0.0131488
616	0.0131068
617	0.013065
618	0.0130235
619	0.0129821
620	0.0129409
621	0.0128999
622	0.0128592
623	0.0128186
624	0.0127782
625	0.0127379
626	0.0126979
627	0.0126581
628	0.0126184
629	0.012579
630	0.0125397
631	0.0125006
632	0.0124617
633	0.0124229
634	0.0123844
635	0.012346
636	0.0123078
637	0.0122698
638	0.0122319
639	0.0121942
640	0.0121567
641	0.0121194
642	0.0120823
643	0.0120453
644	0.0120085
645	0.0119718
646	0.0119353
647	0.011899
648	0.0118628
649	0.0118269
650	0.011791
651	0.0117554
652	0.0117199
653	0.0116845
654	0.0116493
655	0.0116143
656	0.0115794
657	0.0115447
658	0.0115102
659	0.0114757
660	0.0114415
661	0.0114074
662	0.0113735
663	0.0113397
664	0.011306
665	0.0112725
666	0.0112392
667	0.011206
668	0.0111729
669	0.01114
670	0.0111072
671	0.0110746
672	0.0110421
673	0.0110098
674	0.0109776
675	0.0109455
676	0.0109136
677	0.0108818
678	0.0108502
679	0.0108187
680	0.0107873
681	0.0107561
682	0.010725
683	0.0106941
684	0.0106632
685	0.0106325
686	0.010602
687	0.0105715
688	0.0105412
689	0.0105111
690	0.010481
691	0.0104511
692	0.0104213
693	0.0103917
694	0.0103621
695	0.0103327
696	0.0103034
697	0.0102743
698	0.0102453
699	0.0102163
700	0.0101875
701	0.0101589
702	0.0101303
703	0.0101019
704	0.0100736
705	0.0100454
706	0.0100173
707	0.00998935
708	0.00996151
709	0.00993378
710	0.00990617
711	0.00987867
712	0.00985129
713	0.00982402
714	0.00979686
715	0.00976982
716	0.00974288
717	0.00971606
718	0.00968935
719	0.00966275
720	0.00963625
721	0.00960987
722	0.00958359
723	0.00955742
724	0.00953136
725	0.0095054
726	0.00947955
727	0.0094538
728	0.00942816
729	0.00940262
730	0.00937719
731	0.00935185
732	0.00932662
733	0.00930149
734	0.00927647
735	0.00925154
736	0.00922671
737	0.00920198
738	0.00917736
739	0.00915283
740	0.00912839
741	0.00910406
742	0.00907982
743	0.00905568
744	0.00903163
745	0.00900768
746	0.00898383
747	0.00896007
748	0.0089364
749	0.00891282
750	0.00888934
751	0.00886595
752	0.00884266
753	0.00881945
754	0.00879634
755	0.00877331
756	0.00875038
757	0.00872753
758	0.00870478
759	0.00868211
760	0.00865953
761	0.00863704
762	0.00861464
763	0.00859232
764	0.00857009
765	0.00854794
766	0.00852588
767	0.00850391
768	0.00848202
769	0.00846021
770	0.00843849
771	0.00841685
772	0.0083953
773	0.00837382
774	0.00835243
775	0.00833112
776	0.00830989
777	0.00828875
778	0.00826768
779	0.00824669
780	0.00822578
781	0.00820496
782	0.00818421
783	0.00816353
784	0.00814294
785	0.00812242
786	0.00810199
787	0.00808162
788	0.00806134
789	0.00804113
790	0.008021
791	0.00800094
792	0.00798095
793	0.00796104
794	0.00794121
795	0.00792145
796	0.00790176
797	0.00788215
798	0.00786261
799	0.00784314
800	0.00782374
801	0.00780441
802	0.00778516
803	0.00776598
804	0.00774686
805	0.00772782
806	0.00770885
807	0.00768995
808	0.00767111
809	0.00765235
810	0.00763365
811	0.00761502
812	0.00759646
813	0.00757797
814	0.00755954
815	0.00754119
816	0.00752289
817	0.00750467
818	0.00748651
819	0.00746842
820	0.00745039
821	0.00743242
822	0.00741453
823	0.00739669
824	0.00737892
825	0.00736121
826	0.00734357
827	0.00732599
828	0.00730848
829	0.00729102
830	0.00727363
831	0.0072563
832	0.00723903
833	0.00722182
834	0.00720468
835	0.00718759
836	0.00717057
837	0.0071536
838	0.0071367
839	0.00711985
840	0.00710307
841	0.00708634
842	0.00706968
843	0.00705307
844	0.00703652
845	0.00702003
846	0.00700359
847	0.00698721
848	0.00697089
849	0.00695463
850	0.00693842
851	0.00692228
852	0.00690618
853	0.00689014
854	0.00687416
855	0.00685824
856	0.00684236
857	0.00682655
858	0.00681079
859	0.00679508
860	0.00677942
861	0.00676382
862	0.00674828
863	0.00673279
864	0.00671735
865	0.00670196
866	0.00668663
867	0.00667135
868	0.00665612
869	0.00664094
870	0.00662581
871	0.00661074
872	0.00659572
873	0.00658075
874	0.00656582
875	0.00655095
876	0.00653613
877	0.00652136
878	0.00650664
879	0.00649197
880	0.00647735
881	0.00646278
882	0.00644826
883	0.00643379
884	0.00641936
885	0.00640498
886	0.00639065
887	0.00637637
888	0.00636214
889	0.00634795
890	0.00633382
891	0.00631972
892	0.00630568
893	0.00629168
894	0.00627773
895	0.00626382
896	0.00624997
897	0.00623615
898	0.00622238
899	0.00620866
900	0.00619498
901	0.00618135
902	0.00616777
903	0.00615422
904	0.00614073
905	0.00612727
906	0.00611386
907	0.0061005
908	0.00608717
909	0.00607389
910	0.00606066
911	0.00604747
912	0.00603432
913	0.00602121
914	0.00600815
915	0.00599512
916	0.00598215
917	0.00596921
918	0.00595631
919	0.00594346
920	0.00593065
921	0.00591787
922	0.00590514
923	0.00589245
924	0.00587981
925	0.0058672
926	0.00585463
927	0.0058421
928	0.00582962
929	0.00581717
930	0.00580476
931	0.00579239
932	0.00578006
933	0.00576778
934	0.00575553
935	0.00574331
936	0.00573114
937	0.00571901
938	0.00570691
939	0.00569485
940	0.00568283
941	0.00567085
942	0.00565891
943	0.005647
944	0.00563514
945	0.0056233
946	0.00561151
947	0.00559975
948	0.00558803
949	0.00557635
950	0.0055647
951	0.00555309
952	0.00554152
953	0.00552998
954	0.00551848
955	0.00550701
956	0.00549558
957	0.00548418
958	0.00547282
959	0.0054615
960	0.00545021
961	0.00543895
962	0.00542773
963	0.00541654
964	0.00540539
965	0.00539428
966	0.00538319
967	0.00537214
968	0.00536113
969	0.00535015
970	0.0053392
971	0.00532829
972	0.00531741
973	0.00530656
974	0.00529574
975	0.00528496
976	0.00527421
977	0.0052635
978	0.00525282
979	0.00524216
980	0.00523155
981	0.00522096
982	0.00521041
983	0.00519988
984	0.00518939
985	0.00517893
986	0.00516851
987	0.00515811
988	0.00514774
989	0.00513741
990	0.00512711
991	0.00511684
992	0.0051066
993	0.00509638
994	0.0050862
995	0.00507606
996	0.00506594
997	0.00505585
998	0.00504579
999	0.00503576
1000	0.00502576
1001	0.00501579
1002	0.00500585
1003	0.00499594
1004	0.00498606
1005	0.00497621
1006	0.00496638
1007	0.00495659
1008	0.00494683
1009	0.00493709
1010	0.00492738
1011	0.0049177
1012	0.00490805
1013	0.00489843
1014	0.00488884
1015	0.00487927
1016	0.00486973
1017	0.00486022
1018	0.00485074
1019	0.00484129
1020	0.00483186
1021	0.00482246
1022	0.00481309
1023	0.00480374
1024	0.00479443
1025	0.00478513
1026	0.00477587
1027	0.00476663
1028	0.00475742
1029	0.00474824
1030	0.00473908
1031	0.00472995
1032	0.00472085
1033	0.00471177
1034	0.00470272
1035	0.00469369
1036	0.00468469
1037	0.00467572
1038	0.00466677
1039	0.00465785
1040	0.00464895
1041	0.00464008
1042	0.00463123
1043	0.00462241
1044	0.00461361
1045	0.00460484
1046	0.00459609
1047	0.00458737
1048	0.00457867
1049	0.00457
1050	0.00456135
1051	0.00455273
1052	0.00454413
1053	0.00453556
1054	0.00452701
1055	0.00451848
1056	0.00450998
1057	0.0045015
1058	0.00449305
1059	0.00448462
1060	0.00447621
1061	0.00446783
1062	0.00445947
1063	0.00445113
1064	0.00444282
1065	0.00443453
1066	0.00442626
1067	0.00441802
1068	0.0044098
1069	0.0044016
1070	0.00439342
1071	0.00438527
1072	0.00437714
1073	0.00436903
1074	0.00436095
1075	0.00435289
1076	0.00434485
1077	0.00433683
1078	0.00432883
1079	0.00432086
1080	0.00431291
1081	0.00430498
1082	0.00429707
1083	0.00428918
1084	0.00428132
1085	0.00427348
1086	0.00426566
1087	0.00425786
1088	0.00425008
1089	0.00424232
1090	0.00423458
1091	0.00422687
1092	0.00421917
1093	0.0042115
1094	0.00420385
1095	0.00419622
1096	0.00418861
1097	0.00418102
1098	0.00417345
1099	0.0041659
1100	0.00415837
1101	0.00415086
1102	0.00414337
1103	0.0041359
1104	0.00412846
1105	0.00412103
1106	0.00411362
1107	0.00410623
1108	0.00409887
1109	0.00409152
1110	0.00408419
1111	0.00407688
1112	0.00406959
1113	0.00406232
1114	0.00405507
1115	0.00404784
1116	0.00404063
1117	0.00403344
1118	0.00402626
1119	0.00401911
1120	0.00401197
1121	0.00400486
1122	0.00399776
1123	0.00399068
1124	0.00398362
1125	0.00397658
1126	0.00396956
1127	0.00396256
1128	0.00395557
1129	0.0039486
1130	0.00394165
1131	0.00393472
1132	0.00392781
1133	0.00392092
1134	0.00391404
1135	0.00390719
1136	0.00390035
1137	0.00389352
1138	0.00388672
1139	0.00387993
1140	0.00387317
1141	0.00386641
1142	0.00385968
1143	0.00385297
1144	0.00384627
1145	0.00383959
1146	0.00383292
1147	0.00382628
1148	0.00381965
1149	0.00381304
1150	0.00380644
1151	0.00379987
1152	0.0037933
1153	0.00378676
1154	0.00378023
1155	0.00377373
1156	0.00376723
1157	0.00376076
1158	0.0037543
1159	0.00374785
1160	0.00374143
1161	0.00373502
1162	0.00372862
1163	0.00372225
1164	0.00371589
1165	0.00370954
1166	0.00370321
1167	0.0036969
1168	0.0036906
1169	0.00368432
1170	0.00367806
1171	0.00367181
1172	0.00366558
1173	0.00365936
1174	0.00365316
1175	0.00364698
1176	0.00364081
1177	0.00363465
1178	0.00362852
1179	0.00362239
1180	0.00361629
1181	0.0036102
1182	0.00360412
1183	0.00359806
1184	0.00359201
1185	0.00358598
1186	0.00357997
1187	0.00357397
1188	0.00356798
1189	0.00356201
1190	0.00355606
1191	0.00355012
1192	0.00354419
1193	0.00353828
1194	0.00353238
1195	0.0035265
1196	0.00352063
1197	0.00351478
1198	0.00350895
1199	0.00350312
1200	0.00349731
1201	0.00349152
1202	0.00348574
1203	0.00347997
1204	0.00347422
1205	0.00346849
1206	0.00346276
1207	0.00345706
1208	0.00345136
1209	0.00344568
1210	0.00344001
1211	0.00343436
1212	0.00342872
1213	0.0034231
1214	0.00341749
1215	0.00341189
1216	0.00340631
1217	0.00340074
1218	0.00339518
1219	0.00338964
1220	0.00338411
1221	0.00337859
1222	0.00337309
1223	0.0033676
1224	0.00336213
1225	0.00335666
1226	0.00335122
1227	0.00334578
1228	0.00334036
1229	0.00333495
1230	0.00332955
1231	0.00332417
1232	0.0033188
1233	0.00331344
1234	0.0033081
1235	0.00330277
1236	0.00329745
1237	0.00329214
1238	0.00328685
1239	0.00328157
1240	0.0032763
1241	0.00327105
1242	0.00326581
1243	0.00326058
1244	0.00325536
1245	0.00325016
1246	0.00324497
1247	0.00323979
1248	0.00323462
1249	0.00322946
1250	0.00322432
1251	0.00321919
1252	0.00321407
1253	0.00320897
1254	0.00320387
1255	0.00319879
1256	0.00319372
1257	0.00318867
1258	0.00318362
1259	0.00317859
1260	0.00317356
1261	0.00316855
1262	0.00316356
1263	0.00315857
1264	0.0031536
1265	0.00314863
1266	0.00314368
1267	0.00313874
1268	0.00313382
1269	0.0031289
1270	0.00312399
1271	0.0031191
1272	0.00311422
1273	0.00310935
1274	0.00310449
1275	0.00309964
1276	0.00309481
1277	0.00308998
1278	0.00308517
1279	0.00308037
1280	0.00307558
1281	0.0030708
1282	0.00306603
1283	0.00306127
1284	0.00305652
1285	0.00305179
1286	0.00304706
1287	0.00304235
1288	0.00303765
1289	0.00303295
1290	0.00302827
1291	0.0030236
1292	0.00301894
1293	0.00301429
1294	0.00300966
1295	0.00300503
1296	0.00300041
1297	0.00299581
1298	0.00299121
1299	0.00298663
1300	0.00298205
1301	0.00297749
1302	0.00297293
1303	0.00296839
1304	0.00296386
1305	0.00295934
1306	0.00295482
1307	0.00295032
1308	0.00294583
1309	0.00294135
1310	0.00293688
1311	0.00293242
1312	0.00292797
1313	0.00292353
1314	0.0029191
1315	0.00291468
1316	0.00291027
1317	0.00290587
1318	0.00290147
1319	0.00289709
1320	0.00289272
1321	0.00288836
1322	0.00288401
1323	0.00287967
1324	0.00287534
1325	0.00287102
1326	0.00286671
1327	0.0028624
1328	0.00285811
1329	0.00285383
1330	0.00284956
1331	0.00284529
1332	0.00284104
1333	0.00283679
1334	0.00283256
1335	0.00282833
1336	0.00282412
1337	0.00281991
1338	0.00281571
1339	0.00281152
1340	0.00280735
1341	0.00280318
1342	0.00279902
1343	0.00279487
1344	0.00279072
1345	0.00278659
1346	0.00278247
1347	0.00277835
1348	0.00277425
1349	0.00277015
1350	0.00276607
1351	0.00276199
1352	0.00275792
1353	0.00275386
1354	0.00274981
1355	0.00274577
1356	0.00274173
1357	0.00273771
1358	0.00273369
1359	0.00272969
1360	0.00272569
1361	0.0027217
1362	0.00271772
1363	0.00271375
1364	0.00270978
1365	0.00270583
1366	0.00270188
1367	0.00269795
1368	0.00269402
1369	0.0026901
1370	0.00268619
1371	0.00268229
1372	0.00267839
1373	0.0026745
1374	0.00267063
1375	0.00266676
1376	0.0026629
1377	0.00265905
1378	0.0026552
1379	0.00265137
1380	0.00264754
1381	0.00264372
1382	0.00263991
1383	0.00263611
1384	0.00263231
1385	0.00262853
1386	0.00262475
1387	0.00262098
1388	0.00261722
1389	0.00261346
1390	0.00260972
1391	0.00260598
1392	0.00260225
1393	0.00259853
1394	0.00259481
1395	0.00259111
1396	0.00258741
1397	0.00258372
1398	0.00258004
1399	0.00257637
1400	0.0025727
1401	0.00256904
1402	0.00256539
1403	0.00256175
1404	0.00255811
1405	0.00255448
1406	0.00255086
1407	0.00254725
1408	0.00254365
1409	0.00254005
1410	0.00253646
1411	0.00253288
1412	0.00252931
1413	0.00252574
1414	0.00252218
1415	0.00251863
1416	0.00251509
1417	0.00251155
1418	0.00250802
1419	0.0025045
1420	0.00250098
1421	0.00249748
1422	0.00249398
1423	0.00249049
1424	0.002487
1425	0.00248352
1426	0.00248005
1427	0.00247659
1428	0.00247314
1429	0.00246969
1430	0.00246625
1431	0.00246281
1432	0.00245938
1433	0.00245597
1434	0.00245255
1435	0.00244915
1436	0.00244575
1437	0.00244236
1438	0.00243897
1439	0.0024356
1440	0.00243223
1441	0.00242886
1442	0.00242551
1443	0.00242216
1444	0.00241881
1445	0.00241548
1446	0.00241215
1447	0.00240883
1448	0.00240551
1449	0.0024022
1450	0.0023989
1451	0.00239561
1452	0.00239232
1453	0.00238904
1454	0.00238576
1455	0.0023825
1456	0.00237924
1457	0.00237598
1458	0.00237273
1459	0.00236949
1460	0.00236626
1461	0.00236303
1462	0.00235981
1463	0.0023566
1464	0.00235339
1465	0.00235019
1466	0.00234699
1467	0.0023438
1468	0.00234062
1469	0.00233745
1470	0.00233428
1471	0.00233112
1472	0.00232796
1473	0.00232481
1474	0.00232167
1475	0.00231853
1476	0.0023154
1477	0.00231227
1478	0.00230916
1479	0.00230604
1480	0.00230294
1481	0.00229984
1482	0.00229675
1483	0.00229366
1484	0.00229058
1485	0.00228751
1486	0.00228444
1487	0.00228138
1488	0.00227832
1489	0.00227527
1490	0.00227223
1491	0.00226919
1492	0.00226616
1493	0.00226313
1494	0.00226011
1495	0.0022571
1496	0.00225409
1497	0.00225109
1498	0.0022481
1499	0.00224511
1500	0.00224212
1501	0.00223915
1502	0.00223618
1503	0.00223321
1504	0.00223025
1505	0.0022273
1506	0.00222435
1507	0.00222141
1508	0.00221847
1509	0.00221554
1510	0.00221262
1511	0.0022097
1512	0.00220678
1513	0.00220388
1514	0.00220097
1515	0.00219808
1516	0.00219519
1517	0.0021923
1518	0.00218943
1519	0.00218655
1520	0.00218368
1521	0.00218082
1522	0.00217797
1523	0.00217512
1524	0.00217227
1525	0.00216943
1526	0.0021666
1527	0.00216377
1528	0.00216095
1529	0.00215813
1530	0.00215532
1531	0.00215251
1532	0.00214971
1533	0.00214691
1534	0.00214412
1535	0.00214134
1536	0.00213856
1537	0.00213579
1538	0.00213302
1539	0.00213026
1540	0.0021275
1541	0.00212475
1542	0.002122
1543	0.00211926
1544	0.00211652
1545	0.00211379
1546	0.00211106
1547	0.00210834
1548	0.00210563
1549	0.00210292
1550	0.00210021
1551	0.00209751
1552	0.00209482
1553	0.00209213
1554	0.00208945
1555	0.00208677
1556	0.00208409
1557	0.00208143
1558	0.00207876
1559	0.0020761
1560	0.00207345
1561	0.0020708
1562	0.00206816
1563	0.00206552
1564	0.00206289
1565	0.00206026
1566	0.00205764
1567	0.00205502
1568	0.00205241
1569	0.0020498
1570	0.0020472
1571	0.0020446
1572	0.002042
1573	0.00203942
1574	0.00203683
1575	0.00203425
1576	0.00203168
1577	0.00202911
1578	0.00202655
1579	0.00202399
1580	0.00202144
1581	0.00201889
1582	0.00201634
1583	0.0020138
1584	0.00201127
1585	0.00200874
1586	0.00200621
1587	0.00200369
1588	0.00200118
1589	0.00199866
1590	0.00199616
1591	0.00199366
1592	0.00199116
1593	0.00198867
1594	0.00198618
1595	0.0019837
1596	0.00198122
1597	0.00197875
1598	0.00197628
1599	0.00197381
1600	0.00197135
1601	0.0019689
1602	0.00196645
1603	0.001964
1604	0.00196156
1605	0.00195912
1606	0.00195669
1607	0.00195426
1608	0.00195184
1609	0.00194942
1610	0.001947
1611	0.00194459
1612	0.00194219
1613	0.00193979
1614	0.00193739
1615	0.001935
1616	0.00193261
1617	0.00193023
1618	0.00192785
1619	0.00192548
1620	0.00192311
1621	0.00192074
1622	0.00191838
1623	0.00191602
1624	0.00191367
1625	0.00191132
1626	0.00190898
1627	0.00190664
1628	0.0019043
1629	0.00190197
1630	0.00189964
1631	0.00189732
1632	0.001895
1633	0.00189269
1634	0.00189038
1635	0.00188807
1636	0.00188577
1637	0.00188347
1638	0.00188118
1639	0.00187889
1640	0.00187661
1641	0.00187433
1642	0.00187205
1643	0.00186978
1644	0.00186751
1645	0.00186525
1646	0.00186299
1647	0.00186073
1648	0.00185848
1649	0.00185623
1650	0.00185399
1651	0.00185175
1652	0.00184951
1653	0.00184728
1654	0.00184505
1655	0.00184283
1656	0.00184061
1657	0.00183839
1658	0.00183618
1659	0.00183398
1660	0.00183177
1661	0.00182957
1662	0.00182738
1663	0.00182519
1664	0.001823
1665	0.00182082
1666	0.00181864
1667	0.00181646
1668	0.00181429
1669	0.00181212
1670	0.00180996
1671	0.0018078
1672	0.00180564
1673	0.00180349
1674	0.00180134
1675	0.00179919
1676	0.00179705
1677	0.00179491
1678	0.00179278
1679	0.00179065
1680	0.00178853
1681	0.0017864
1682	0.00178429
1683	0.00178217
1684	0.00178006
1685	0.00177795
1686	0.00177585
1687	0.00177375
1688	0.00177165
1689	0.00176956
1690	0.00176747
1691	0.00176539
1692	0.00176331
1693	0.00176123
1694	0.00175916
1695	0.00175709
1696	0.00175502
1697	0.00175296
1698	0.0017509
1699	0.00174884
1700	0.00174679
1701	0.00174474
1702	0.0017427
1703	0.00174066
1704	0.00173862
1705	0.00173659
1706	0.00173455
1707	0.00173253
1708	0.0017305
1709	0.00172849
1710	0.00172647
1711	0.00172446
1712	0.00172245
1713	0.00172044
1714	0.00171844
1715	0.00171644
1716	0.00171445
1717	0.00171245
1718	0.00171047
1719	0.00170848
1720	0.0017065
1721	0.00170452
1722	0.00170255
1723	0.00170058
1724	0.00169861
1725	0.00169664
1726	0.00169468
1727	0.00169273
1728	0.00169077
1729	0.00168882
1730	0.00168687
1731	0.00168493
1732	0.00168299
1733	0.00168105
1734	0.00167912
1735	0.00167719
1736	0.00167526
1737	0.00167334
1738	0.00167142
1739	0.0016695
1740	0.00166758
1741	0.00166567
1742	0.00166377
1743	0.00166186
1744	0.00165996
1745	0.00165806
1746	0.00165617
1747	0.00165428
1748	0.00165239
1749	0.00165051
1750	0.00164862
1751	0.00164675
1752	0.00164487
1753	0.001643
1754	0.00164113
1755	0.00163926
1756	0.0016374
1757	0.00163554
1758	0.00163369
1759	0.00163183
1760	0.00162998
1761	0.00162814
1762	0.0016263
1763	0.00162445
1764	0.00162262
1765	0.00162078
1766	0.00161895
1767	0.00161712
1768	0.0016153
1769	0.00161348
1770	0.00161166
1771	0.00160984
1772	0.00160803
1773	0.00160622
1774	0.00160442
1775	0.00160261
1776	0.00160081
1777	0.00159902
1778	0.00159722
1779	0.00159543
1780	0.00159364
1781	0.00159186
1782	0.00159007
1783	0.0015883
1784	0.00158652
1785	0.00158475
1786	0.00158298
1787	0.00158121
1788	0.00157944
1789	0.00157768
1790	0.00157592
1791	0.00157417
1792	0.00157242
1793	0.00157067
1794	0.00156892
1795	0.00156718
1796	0.00156544
1797	0.0015637
1798	0.00156196
1799	0.00156023
1800	0.0015585
1801	0.00155677
1802	0.00155505
1803	0.00155333
1804	0.00155161
1805	0.0015499
1806	0.00154818
1807	0.00154647
1808	0.00154477
1809	0.00154306
1810	0.00154136
1811	0.00153967
1812	0.00153797
1813	0.00153628
1814	0.00153459
1815	0.0015329
1816	0.00153122
1817	0.00152954
1818	0.00152786
1819	0.00152618
1820	0.00152451
1821	0.00152284
1822	0.00152117
1823	0.0015195
1824	0.00151784
1825	0.00151618
1826	0.00151453
1827	0.00151287
1828	0.00151122
1829	0.00150957
1830	0.00150793
1831	0.00150628
1832	0.00150464
1833	0.001503
1834	0.00150137
1835	0.00149974
1836	0.00149811
1837	0.00149648
1838	0.00149486
1839	0.00149323
1840	0.00149161
1841	0.00149
1842	0.00148838
1843	0.00148677
1844	0.00148516
1845	0.00148356
1846	0.00148195
1847	0.00148035
1848	0.00147875
1849	0.00147716
1850	0.00147557
1851	0.00147397
1852	0.00147239
1853	0.0014708
1854	0.00146922
1855	0.00146764
1856	0.00146606
1857	0.00146448
1858	0.00146291
1859	0.00146134
1860	0.00145977
1861	0.00145821
1862	0.00145665
1863	0.00145509
1864	0.00145353
1865	0.00145197
1866	0.00145042
1867	0.00144887
1868	0.00144732
1869	0.00144578
1870	0.00144423
1871	0.00144269
1872	0.00144116
1873	0.00143962
1874	0.00143809
1875	0.00143656
1876	0.00143503
1877	0.0014335
1878	0.00143198
1879	0.00143046
1880	0.00142894
1881	0.00142742
1882	0.00142591
1883	0.0014244
1884	0.00142289
1885	0.00142138
1886	0.00141988
1887	0.00141838
1888	0.00141688
1889	0.00141538
1890	0.00141389
1891	0.0014124
1892	0.00141091
1893	0.00140942
1894	0.00140793
1895	0.00140645
1896	0.00140497
1897	0.00140349
1898	0.00140202
1899	0.00140054
1900	0.00139907
1901	0.00139761
1902	0.00139614
1903	0.00139467
1904	0.00139321
1905	0.00139175
1906	0.0013903
1907	0.00138884
1908	0.00138739
1909	0.00138594
1910	0.00138449
1911	0.00138304
1912	0.0013816
1913	0.00138016
1914	0.00137872
1915	0.00137728
1916	0.00137585
1917	0.00137442
1918	0.00137299
1919	0.00137156
1920	0.00137013
1921	0.00136871
1922	0.00136729
1923	0.00136587
1924	0.00136445
1925	0.00136304
1926	0.00136163
1927	0.00136022
1928	0.00135881
1929	0.0013574
1930	0.001356
1931	0.0013546
1932	0.0013532
1933	0.0013518
1934	0.00135041
1935	0.00134901
1936	0.00134762
1937	0.00134623
1938	0.00134485
1939	0.00134346
1940	0.00134208
1941	0.0013407
1942	0.00133932
1943	0.00133795
1944	0.00133657
1945	0.0013352
1946	0.00133383
1947	0.00133247
1948	0.0013311
1949	0.00132974
1950	0.00132838
1951	0.00132702
1952	0.00132566
1953	0.00132431
1954	0.00132295
1955	0.0013216
1956	0.00132025
1957	0.00131891
1958	0.00131756
1959	0.00131622
1960	0.00131488
1961	0.00131354
1962	0.00131221
1963	0.00131087
1964	0.00130954
1965	0.00130821
1966	0.00130688
1967	0.00130556
1968	0.00130423
1969	0.00130291
1970	0.00130159
1971	0.00130027
1972	0.00129896
1973	0.00129764
1974	0.00129633
1975	0.00129502
1976	0.00129371
1977	0.00129241
1978	0.0012911
1979	0.0012898
1980	0.0012885
1981	0.0012872
1982	0.0012859
1983	0.00128461
1984	0.00128332
1985	0.00128203
1986	0.00128074
1987	0.00127945
1988	0.00127817
1989	0.00127689
1990	0.0012756
1991	0.00127433
1992	0.00127305
1993	0.00127177
1994	0.0012705
1995	0.00126923
1996	0.00126796
1997	0.00126669
1998	0.00126543
1999	0.00126416
