6	61.0139
9	33.9779
12	22.0868
15	15.6539
18	11.7291
21	9.1373
24	7.3267
27	6.00743
30	5.01416
33	4.24643
36	3.64013
39	3.15263
42	2.75464
45	2.42543
48	2.14999
51	1.91724
54	1.71881
57	1.54831
60	1.40075
63	1.27225
66	1.15968
69	1.06055
72	0.972838
75	0.894876
78	0.8253
81	0.76297
84	0.706936
87	0.656395
90	0.610671
93	0.569185
96	0.531444
99	0.497022
102	0.465553
105	0.436719
108	0.410244
111	0.385886
114	0.363432
117	0.342697
120	0.323515
123	0.305742
126	0.289249
129	0.27392
132	0.259652
135	0.246355
138	0.233946
141	0.222352
144	0.211505
147	0.201346
150	0.19182
153	0.18288
156	0.174479
159	0.166578
162	0.15914
165	0.152132
168	0.145521
171	0.139282
174	0.133387
177	0.127814
180	0.122541
183	0.117547
186	0.112815
189	0.108327
192	0.104069
195	0.100025
198	0.0961825
201	0.0925291
204	0.0890532
207	0.0857443
210	0.0825926
213	0.0795888
216	0.0767245
219	0.0739917
222	0.0713829
225	0.0688914
228	0.0665106
231	0.0642346
234	0.0620576
237	0.0599744
240	0.0579801
243	0.05607
246	0.0542398
249	0.0524853
252	0.0508029
255	0.0491888
258	0.0476397
261	0.0461524
264	0.0447239
267	0.0433513
270	0.042032
273	0.0407635
276	0.0395433
279	0.0383693
282	0.0372393
285	0.0361513
288	0.0351034
291	0.0340939
294	0.0331209
297	0.032183
300	0.0312785
303	0.030406
306	0.0295642
309	0.0287517
312	0.0279673
315	0.0272098
318	0.0264781
321	0.0257712
324	0.025088
327	0.0244275
330	0.0237889
333	0.0231713
336	0.0225737
339	0.0219955
342	0.0214359
345	0.0208942
348	0.0203696
351	0.0198615
354	0.0193694
357	0.0188925
360	0.0184303
363	0.0179822
366	0.0175478
369	0.0171266
372	0.016718
375	0.0163216
378	0.015937
381	0.0155637
384	0.0152013
387	0.0148495
390	0.0145078
393	0.014176
396	0.0138537
399	0.0135405
402	0.0132362
405	0.0129404
408	0.0126528
411	0.0123733
414	0.0121014
417	0.011837
420	0.0115798
423	0.0113296
426	0.0110861
429	0.0108492
432	0.0106185
435	0.010394
438	0.0101754
441	0.00996252
444	0.00975519
447	0.00955324
450	0.0093565
453	0.00916481
456	0.008978
459	0.00879594
462	0.00861848
465	0.00844547
468	0.00827678
471	0.00811229
474	0.00795187
477	0.00779539
480	0.00764275
483	0.00749382
486	0.00734851
489	0.0072067
492	0.00706829
495	0.00693319
498	0.00680129
501	0.00667252
504	0.00654678
507	0.00642398
510	0.00630405
513	0.0061869
516	0.00607245
519	0.00596063
522	0.00585137
525	0.0057446
528	0.00564025
531	0.00553826
534	0.00543855
537	0.00534107
540	0.00524577
543	0.00515257
546	0.00506143
549	0.00497229
552	0.0048851
555	0.00479981
558	0.00471636
561	0.00463472
564	0.00455483
567	0.00447665
570	0.00440013
573	0.00432524
576	0.00425192
579	0.00418015
582	0.00410988
585	0.00404108
588	0.00397371
591	0.00390772
594	0.0038431
597	0.0037798
600	0.0037178
603	0.00365705
606	0.00359754
609	0.00353923
612	0.00348208
615	0.00342609
618	0.0033712
621	0.00331741
624	0.00326468
627	0.00321299
630	0.00316232
633	0.00311263
636	0.00306392
639	0.00301614
642	0.00296929
645	0.00292334
648	0.00287828
651	0.00283407
654	0.00279071
657	0.00274816
660	0.00270642
663	0.00266547
666	0.00262528
669	0.00258584
672	0.00254714
675	0.00250915
678	0.00247187
681	0.00243527
684	0.00239934
687	0.00236407
690	0.00232944
693	0.00229544
696	0.00226206
699	0.00222927
702	0.00219708
705	0.00216545
708	0.0021344
711	0.00210389
714	0.00207392
717	0.00204449
720	0.00201557
723	0.00198715
726	0.00195923
729	0.0019318
732	0.00190484
735	0.00187835
738	0.00185231
741	0.00182673
744	0.00180157
747	0.00177685
750	0.00175255
753	0.00172866
756	0.00170517
759	0.00168207
762	0.00165937
765	0.00163704
768	0.00161508
771	0.00159349
774	0.00157226
777	0.00155137
780	0.00153083
783	0.00151063
786	0.00149075
789	0.0014712
792	0.00145197
795	0.00143305
798	0.00141443
801	0.00139611
804	0.00137809
807	0.00136035
810	0.0013429
813	0.00132572
816	0.00130881
819	0.00129217
822	0.0012758
825	0.00125968
828	0.00124381
831	0.00122819
834	0.00121281
837	0.00119767
840	0.00118276
843	0.00116809
846	0.00115363
849	0.0011394
852	0.00112539
855	0.00111159
858	0.001098
861	0.00108462
864	0.00107143
867	0.00105845
870	0.00104566
873	0.00103306
876	0.00102065
879	0.00100842
882	0.000996374
885	0.000984506
888	0.000972813
891	0.000961292
894	0.000949939
897	0.000938753
900	0.000927729
903	0.000916866
906	0.00090616
909	0.000895608
912	0.000885209
915	0.000874958
918	0.000864855
921	0.000854896
924	0.000845079
927	0.000835401
930	0.00082586
933	0.000816454
936	0.000807181
939	0.000798038
942	0.000789023
945	0.000780134
948	0.000771368
951	0.000762725
954	0.000754202
957	0.000745796
960	0.000737506
963	0.00072933
966	0.000721266
969	0.000713313
972	0.000705468
975	0.000697729
978	0.000690096
981	0.000682566
984	0.000675138
987	0.000667809
990	0.000660579
993	0.000653446
996	0.000646408
999	0.000639464
1002	0.000632612
1005	0.000625851
1008	0.000619179
1011	0.000612596
1014	0.000606099
1017	0.000599687
1020	0.000593359
1023	0.000587114
1026	0.00058095
1029	0.000574866
1032	0.00056886
1035	0.000562933
1038	0.000557082
1041	0.000551306
1044	0.000545604
1047	0.000539975
1050	0.000534418
1053	0.000528932
1056	0.000523515
1059	0.000518167
1062	0.000512887
1065	0.000507673
1068	0.000502525
1071	0.000497441
1074	0.000492421
1077	0.000487463
1080	0.000482568
1083	0.000477733
1086	0.000472958
1089	0.000468242
1092	0.000463585
1095	0.000458984
1098	0.00045444
1101	0.000449952
1104	0.000445519
1107	0.000441139
1110	0.000436813
1113	0.00043254
1116	0.000428318
1119	0.000424147
1122	0.000420027
1125	0.000415955
1128	0.000411933
1131	0.000407959
1134	0.000404032
1137	0.000400152
1140	0.000396319
1143	0.00039253
1146	0.000388787
1149	0.000385087
1152	0.000381432
1155	0.000377819
1158	0.000374248
1161	0.000370719
1164	0.000367232
1167	0.000363785
1170	0.000360378
1173	0.00035701
1176	0.000353682
1179	0.000350392
1182	0.00034714
1185	0.000343925
1188	0.000340747
1191	0.000337605
1194	0.000334499
1197	0.000331429
1200	0.000328393
1203	0.000325392
1206	0.000322424
1209	0.000319491
1212	0.00031659
1215	0.000313722
1218	0.000310886
1221	0.000308082
1224	0.000305309
1227	0.000302567
1230	0.000299855
1233	0.000297174
1236	0.000294522
1239	0.000291899
1242	0.000289306
1245	0.000286741
1248	0.000284204
1251	0.000281695
1254	0.000279213
1257	0.000276758
1260	0.00027433
1263	0.000271929
1266	0.000269553
1269	0.000267203
1272	0.000264879
1275	0.000262579
1278	0.000260305
1281	0.000258054
1284	0.000255828
1287	0.000253626
1290	0.000251447
1293	0.000249291
1296	0.000247158
1299	0.000245047
1302	0.000242959
1305	0.000240893
1308	0.000238849
1311	0.000236826
1314	0.000234825
1317	0.000232844
1320	0.000230884
1323	0.000228945
1326	0.000227025
1329	0.000225126
1332	0.000223246
1335	0.000221386
1338	0.000219545
1341	0.000217723
1344	0.000215919
1347	0.000214134
1350	0.000212368
1353	0.000210619
1356	0.000208888
1359	0.000207175
1362	0.000205479
1365	0.000203801
1368	0.000202139
1371	0.000200494
1374	0.000198866
1377	0.000197254
1380	0.000195658
1383	0.000194079
1386	0.000192515
1389	0.000190967
1392	0.000189434
1395	0.000187916
1398	0.000186413
1401	0.000184926
1404	0.000183453
1407	0.000181994
1410	0.00018055
1413	0.00017912
1416	0.000177705
1419	0.000176303
1422	0.000174914
1425	0.000173539
1428	0.000172178
1431	0.00017083
1434	0.000169495
1437	0.000168173
1440	0.000166863
1443	0.000165567
1446	0.000164282
1449	0.00016301
1452	0.000161751
1455	0.000160503
1458	0.000159267
1461	0.000158043
1464	0.000156831
1467	0.00015563
1470	0.000154441
1473	0.000153263
1476	0.000152096
1479	0.00015094
1482	0.000149795
1485	0.00014866
1488	0.000147537
1491	0.000146424
1494	0.000145321
1497	0.000144228
1500	0.000143146
1503	0.000142074
1506	0.000141012
1509	0.000139959
1512	0.000138917
1515	0.000137883
1518	0.00013686
1521	0.000135846
1524	0.000134841
1527	0.000133845
1530	0.000132859
1533	0.000131881
1536	0.000130913
1539	0.000129953
1542	0.000129002
1545	0.00012806
1548	0.000127126
1551	0.0001262
1554	0.000125283
1557	0.000124374
1560	0.000123474
1563	0.000122581
1566	0.000121697
1569	0.00012082
1572	0.000119951
1575	0.00011909
1578	0.000118237
1581	0.000117391
1584	0.000116552
1587	0.000115721
1590	0.000114898
1593	0.000114082
1596	0.000113272
1599	0.00011247
1602	0.000111675
1605	0.000110887
1608	0.000110106
1611	0.000109332
1614	0.000108564
1617	0.000107804
1620	0.000107049
1623	0.000106302
1626	0.00010556
1629	0.000104826
1632	0.000104097
1635	0.000103375
1638	0.000102659
1641	0.000101949
1644	0.000101245
1647	0.000100548
1650	9.98558e-05
1653	9.91699e-05
1656	9.84898e-05
1659	9.78156e-05
1662	9.71471e-05
1665	9.64842e-05
1668	9.58269e-05
1671	9.51752e-05
1674	9.4529e-05
1677	9.38883e-05
1680	9.32529e-05
1683	9.26228e-05
1686	9.19981e-05
1689	9.13785e-05
1692	9.07642e-05
1695	9.01549e-05
1698	8.95508e-05
1701	8.89516e-05
1704	8.83574e-05
1707	8.77682e-05
1710	8.71838e-05
1713	8.66042e-05
1716	8.60294e-05
1719	8.54594e-05
1722	8.4894e-05
1725	8.43333e-05
1728	8.37772e-05
1731	8.32256e-05
1734	8.26785e-05
1737	8.21359e-05
1740	8.15977e-05
1743	8.10638e-05
1746	8.05343e-05
1749	8.00091e-05
1752	7.94882e-05
1755	7.89714e-05
1758	7.84588e-05
1761	7.79504e-05
1764	7.7446e-05
1767	7.69457e-05
1770	7.64494e-05
1773	7.59571e-05
1776	7.54686e-05
1779	7.49841e-05
1782	7.45035e-05
1785	7.40267e-05
1788	7.35536e-05
1791	7.30843e-05
1794	7.26187e-05
1797	7.21568e-05
1800	7.16986e-05
1803	7.1244e-05
1806	7.07929e-05
1809	7.03454e-05
1812	6.99014e-05
1815	6.94608e-05
1818	6.90237e-05
1821	6.859e-05
1824	6.81598e-05
1827	6.77328e-05
1830	6.73092e-05
1833	6.68888e-05
1836	6.64717e-05
1839	6.60579e-05
1842	6.56472e-05
1845	6.52397e-05
1848	6.48354e-05
1851	6.44341e-05
1854	6.4036e-05
1857	6.36409e-05
1860	6.32488e-05
1863	6.28597e-05
1866	6.24736e-05
1869	6.20904e-05
1872	6.17101e-05
1875	6.13328e-05
1878	6.09583e-05
1881	6.05866e-05
1884	6.02178e-05
1887	5.98517e-05
1890	5.94884e-05
1893	5.91278e-05
1896	5.877e-05
1899	5.84148e-05
1902	5.80623e-05
1905	5.77124e-05
1908	5.73652e-05
1911	5.70205e-05
1914	5.66785e-05
1917	5.63389e-05
1920	5.60019e-05
1923	5.56674e-05
1926	5.53354e-05
1929	5.50058e-05
1932	5.46787e-05
1935	5.4354e-05
1938	5.40316e-05
1941	5.37117e-05
1944	5.33941e-05
1947	5.30788e-05
1950	5.27658e-05
1953	5.24552e-05
1956	5.21468e-05
1959	5.18406e-05
1962	5.15367e-05
1965	5.1235e-05
1968	5.09355e-05
1971	5.06382e-05
1974	5.0343e-05
1977	5.00499e-05
