6	171.74
8	117.865
10	87.5523
12	68.4184
14	55.391
16	46.0314
18	39.0309
20	33.6285
22	29.3539
24	25.9014
26	23.065
28	20.7007
30	18.7053
32	17.0029
34	15.5367
36	14.2633
38	13.1491
40	12.1678
42	11.2981
44	10.5233
46	9.82951
48	9.20546
50	8.6418
52	8.13073
54	7.6657
56	7.24116
58	6.8524
60	6.49539
62	6.16666
64	5.86321
66	5.58245
68	5.3221
70	5.08018
72	4.85494
74	4.64484
76	4.44851
78	4.26476
80	4.0925
82	3.93078
84	3.77872
86	3.63555
88	3.50058
90	3.37319
92	3.25279
94	3.13888
96	3.03099
98	2.9287
100	2.83161
102	2.73937
104	2.65166
106	2.56818
108	2.48865
110	2.41283
112	2.34049
114	2.27141
116	2.2054
118	2.14227
120	2.08185
122	2.02399
124	1.96855
126	1.91539
128	1.86439
130	1.81542
132	1.76838
134	1.72317
136	1.67969
138	1.63786
140	1.59758
142	1.5588
144	1.52142
146	1.48538
148	1.45062
150	1.41708
152	1.3847
154	1.35343
156	1.32321
158	1.29401
160	1.26576
162	1.23844
164	1.212
166	1.1864
168	1.16162
170	1.1376
172	1.11433
174	1.09176
176	1.06988
178	1.04866
180	1.02806
182	1.00807
184	0.988657
186	0.969803
188	0.951484
190	0.933682
192	0.916377
194	0.89955
196	0.883184
198	0.867262
200	0.851767
202	0.836686
204	0.822002
206	0.807703
208	0.793774
210	0.780203
212	0.766978
214	0.754087
216	0.741518
218	0.729262
220	0.717307
222	0.705644
224	0.694264
226	0.683157
228	0.672314
230	0.661728
232	0.65139
234	0.641292
236	0.631427
238	0.621788
240	0.612368
242	0.60316
244	0.594159
246	0.585357
248	0.576749
250	0.56833
252	0.560094
254	0.552035
256	0.544148
258	0.536429
260	0.528873
262	0.521475
264	0.514232
266	0.507137
268	0.500189
270	0.493382
272	0.486712
274	0.480177
276	0.473772
278	0.467495
280	0.46134
282	0.455307
284	0.44939
286	0.443588
288	0.437898
290	0.432315
292	0.426839
294	0.421466
296	0.416193
298	0.411018
300	0.405939
302	0.400953
304	0.396059
306	0.391253
308	0.386533
310	0.381899
312	0.377347
314	0.372875
316	0.368482
318	0.364166
320	0.359926
322	0.355758
324	0.351663
326	0.347637
328	0.34368
330	0.33979
332	0.335965
334	0.332204
336	0.328506
338	0.324869
340	0.321292
342	0.317773
344	0.314312
346	0.310906
348	0.307556
350	0.304259
352	0.301014
354	0.297821
356	0.294678
358	0.291585
360	0.28854
362	0.285542
364	0.28259
366	0.279684
368	0.276822
370	0.274003
372	0.271228
374	0.268494
376	0.265801
378	0.263148
380	0.260534
382	0.257959
384	0.255422
386	0.252922
388	0.250458
390	0.24803
392	0.245637
394	0.243278
396	0.240953
398	0.23866
400	0.236401
402	0.234173
404	0.231976
406	0.22981
408	0.227674
410	0.225567
412	0.223489
414	0.22144
416	0.219419
418	0.217425
420	0.215458
422	0.213518
424	0.211603
426	0.209714
428	0.20785
430	0.206011
432	0.204196
434	0.202404
436	0.200636
438	0.198891
440	0.197168
442	0.195468
444	0.19379
446	0.192132
448	0.190496
450	0.188881
452	0.187286
454	0.185711
456	0.184156
458	0.18262
460	0.181103
462	0.179604
464	0.178125
466	0.176663
468	0.175219
470	0.173793
472	0.172384
474	0.170992
476	0.169616
478	0.168257
480	0.166915
482	0.165588
484	0.164277
486	0.162981
488	0.161701
490	0.160435
492	0.159184
494	0.157948
496	0.156726
498	0.155518
500	0.154324
502	0.153143
504	0.151976
506	0.150822
508	0.149681
510	0.148553
512	0.147438
514	0.146335
516	0.145244
518	0.144166
520	0.143099
522	0.142044
524	0.141001
526	0.139969
528	0.138948
530	0.137938
532	0.13694
534	0.135952
536	0.134974
538	0.134007
540	0.133051
542	0.132104
544	0.131168
546	0.130241
548	0.129324
550	0.128417
552	0.127519
554	0.126631
556	0.125751
558	0.124881
560	0.12402
562	0.123168
564	0.122324
566	0.121489
568	0.120662
570	0.119844
572	0.119034
574	0.118232
576	0.117438
578	0.116652
580	0.115874
582	0.115104
584	0.114341
586	0.113586
588	0.112838
590	0.112098
592	0.111365
594	0.110639
596	0.10992
598	0.109207
600	0.108502
602	0.107804
604	0.107112
606	0.106427
608	0.105748
610	0.105076
612	0.10441
614	0.103751
616	0.103097
618	0.10245
620	0.101809
622	0.101174
624	0.100544
626	0.0999207
628	0.099303
630	0.0986909
632	0.0980845
634	0.0974836
636	0.0968882
638	0.0962981
640	0.0957135
642	0.0951341
644	0.09456
646	0.093991
648	0.0934271
650	0.0928682
652	0.0923143
654	0.0917653
656	0.0912212
658	0.0906819
660	0.0901473
662	0.0896175
664	0.0890922
666	0.0885716
668	0.0880555
670	0.0875438
672	0.0870366
674	0.0865337
676	0.0860352
678	0.085541
680	0.085051
682	0.0845651
684	0.0840834
686	0.0836058
688	0.0831322
690	0.0826626
692	0.082197
694	0.0817353
696	0.0812774
698	0.0808234
700	0.0803731
702	0.0799266
704	0.0794837
706	0.0790445
708	0.078609
710	0.078177
712	0.0777485
714	0.0773235
716	0.076902
718	0.076484
720	0.0760693
722	0.0756579
724	0.0752499
726	0.0748451
728	0.0744436
730	0.0740453
732	0.0736502
734	0.0732582
736	0.0728693
738	0.0724835
740	0.0721007
742	0.071721
744	0.0713442
746	0.0709704
748	0.0705994
750	0.0702314
752	0.0698663
754	0.0695039
756	0.0691444
758	0.0687876
760	0.0684336
762	0.0680823
764	0.0677337
766	0.0673877
768	0.0670444
770	0.0667037
772	0.0663655
774	0.0660299
776	0.0656969
778	0.0653663
780	0.0650383
782	0.0647126
784	0.0643894
786	0.0640686
788	0.0637502
790	0.0634342
792	0.0631205
794	0.0628091
796	0.0625
798	0.0621931
800	0.0618885
802	0.0615861
804	0.061286
806	0.060988
808	0.0606921
810	0.0603984
812	0.0601069
814	0.0598174
816	0.05953
818	0.0592446
820	0.0589613
822	0.05868
824	0.0584008
826	0.0581235
828	0.0578481
830	0.0575747
832	0.0573033
834	0.0570337
836	0.056766
838	0.0565002
840	0.0562363
842	0.0559742
844	0.0557139
846	0.0554554
848	0.0551987
850	0.0549438
852	0.0546906
854	0.0544392
856	0.0541895
858	0.0539415
860	0.0536952
862	0.0534506
864	0.0532076
866	0.0529663
868	0.0527266
870	0.0524885
872	0.0522521
874	0.0520172
876	0.0517839
878	0.0515521
880	0.0513219
882	0.0510933
884	0.0508661
886	0.0506405
888	0.0504163
890	0.0501937
892	0.0499725
894	0.0497527
896	0.0495344
898	0.0493175
900	0.0491021
902	0.048888
904	0.0486754
906	0.0484641
908	0.0482542
910	0.0480456
912	0.0478384
914	0.0476325
916	0.0474279
918	0.0472247
920	0.0470227
922	0.0468221
924	0.0466227
926	0.0464246
928	0.0462277
930	0.0460321
932	0.0458377
934	0.0456445
936	0.0454526
938	0.0452618
940	0.0450723
942	0.0448839
944	0.0446967
946	0.0445107
948	0.0443258
950	0.0441421
952	0.0439595
954	0.0437781
956	0.0435977
958	0.0434185
960	0.0432404
962	0.0430633
964	0.0428873
966	0.0427125
968	0.0425386
970	0.0423659
972	0.0421941
974	0.0420234
976	0.0418538
978	0.0416851
980	0.0415175
982	0.0413509
984	0.0411853
986	0.0410207
988	0.040857
990	0.0406944
992	0.0405326
994	0.0403719
996	0.0402121
998	0.0400533
1000	0.0398953
1002	0.0397384
1004	0.0395823
1006	0.0394271
1008	0.0392729
1010	0.0391196
1012	0.0389671
1014	0.0388156
1016	0.0386649
1018	0.0385151
1020	0.0383661
1022	0.038218
1024	0.0380708
1026	0.0379244
1028	0.0377789
1030	0.0376342
1032	0.0374903
1034	0.0373472
1036	0.037205
1038	0.0370635
1040	0.0369229
1042	0.0367831
1044	0.036644
1046	0.0365058
1048	0.0363683
1050	0.0362316
1052	0.0360956
1054	0.0359604
1056	0.035826
1058	0.0356923
1060	0.0355594
1062	0.0354272
1064	0.0352958
1066	0.035165
1068	0.035035
1070	0.0349057
1072	0.0347771
1074	0.0346493
1076	0.0345221
1078	0.0343956
1080	0.0342698
1082	0.0341448
1084	0.0340203
1086	0.0338966
1088	0.0337735
1090	0.0336511
1092	0.0335294
1094	0.0334083
1096	0.0332879
1098	0.0331681
1100	0.033049
1102	0.0329305
1104	0.0328126
1106	0.0326954
1108	0.0325788
1110	0.0324628
1112	0.0323475
1114	0.0322327
1116	0.0321186
1118	0.032005
1120	0.0318921
1122	0.0317797
1124	0.031668
1126	0.0315568
1128	0.0314462
1130	0.0313362
1132	0.0312268
1134	0.0311179
1136	0.0310096
1138	0.0309019
1140	0.0307947
1142	0.0306881
1144	0.030582
1146	0.0304765
1148	0.0303715
1150	0.0302671
1152	0.0301632
1154	0.0300598
1156	0.0299569
1158	0.0298546
1160	0.0297528
1162	0.0296516
1164	0.0295508
1166	0.0294506
1168	0.0293508
1170	0.0292516
1172	0.0291528
1174	0.0290546
1176	0.0289569
1178	0.0288596
1180	0.0287628
1182	0.0286666
1184	0.0285708
1186	0.0284755
1188	0.0283806
1190	0.0282862
1192	0.0281923
1194	0.0280989
1196	0.0280059
1198	0.0279134
1200	0.0278213
1202	0.0277297
1204	0.0276386
1206	0.0275479
1208	0.0274576
1210	0.0273678
1212	0.0272784
1214	0.0271895
1216	0.0271009
1218	0.0270129
1220	0.0269252
1222	0.026838
1224	0.0267512
1226	0.0266648
1228	0.0265788
1230	0.0264933
1232	0.0264081
1234	0.0263234
1236	0.026239
1238	0.0261551
1240	0.0260716
1242	0.0259885
1244	0.0259057
1246	0.0258234
1248	0.0257414
1250	0.0256599
1252	0.0255787
1254	0.0254979
1256	0.0254175
1258	0.0253375
1260	0.0252578
1262	0.0251786
1264	0.0250996
1266	0.0250211
1268	0.0249429
1270	0.0248651
1272	0.0247877
1274	0.0247106
1276	0.0246339
1278	0.0245575
1280	0.0244815
1282	0.0244058
1284	0.0243305
1286	0.0242556
1288	0.0241809
1290	0.0241067
1292	0.0240327
1294	0.0239591
1296	0.0238859
1298	0.0238129
1300	0.0237403
1302	0.0236681
1304	0.0235961
1306	0.0235245
1308	0.0234533
1310	0.0233823
1312	0.0233117
1314	0.0232413
1316	0.0231713
1318	0.0231016
1320	0.0230323
1322	0.0229632
1324	0.0228945
1326	0.022826
1328	0.0227579
1330	0.02269
1332	0.0226225
1334	0.0225553
1336	0.0224883
1338	0.0224217
1340	0.0223553
1342	0.0222893
1344	0.0222235
1346	0.0221581
1348	0.0220929
1350	0.022028
1352	0.0219634
1354	0.0218991
1356	0.021835
1358	0.0217712
1360	0.0217078
1362	0.0216446
1364	0.0215816
1366	0.021519
1368	0.0214566
1370	0.0213945
1372	0.0213326
1374	0.021271
1376	0.0212097
1378	0.0211487
1380	0.0210879
1382	0.0210273
1384	0.0209671
1386	0.0209071
1388	0.0208473
1390	0.0207878
1392	0.0207286
1394	0.0206696
1396	0.0206108
1398	0.0205523
1400	0.0204941
1402	0.0204361
1404	0.0203783
1406	0.0203208
1408	0.0202636
1410	0.0202065
1412	0.0201498
1414	0.0200932
1416	0.0200369
1418	0.0199808
1420	0.019925
1422	0.0198694
1424	0.019814
1426	0.0197589
1428	0.019704
1430	0.0196493
1432	0.0195948
1434	0.0195406
1436	0.0194866
1438	0.0194328
1440	0.0193792
1442	0.0193259
1444	0.0192728
1446	0.0192199
1448	0.0191672
1450	0.0191147
1452	0.0190625
1454	0.0190104
1456	0.0189586
1458	0.018907
1460	0.0188556
1462	0.0188044
1464	0.0187534
1466	0.0187026
1468	0.018652
1470	0.0186016
1472	0.0185515
1474	0.0185015
1476	0.0184517
1478	0.0184022
1480	0.0183528
1482	0.0183036
1484	0.0182546
1486	0.0182059
1488	0.0181573
1490	0.0181089
1492	0.0180607
1494	0.0180127
1496	0.0179649
1498	0.0179173
1500	0.0178698
1502	0.0178226
1504	0.0177755
1506	0.0177286
1508	0.017682
1510	0.0176354
1512	0.0175891
1514	0.017543
1516	0.017497
1518	0.0174512
1520	0.0174056
1522	0.0173602
1524	0.017315
1526	0.0172699
1528	0.017225
1530	0.0171803
1532	0.0171357
1534	0.0170914
1536	0.0170472
1538	0.0170031
1540	0.0169593
1542	0.0169156
1544	0.0168721
1546	0.0168287
1548	0.0167855
1550	0.0167425
1552	0.0166996
1554	0.016657
1556	0.0166144
1558	0.0165721
1560	0.0165298
1562	0.0164878
1564	0.0164459
1566	0.0164042
1568	0.0163626
1570	0.0163212
1572	0.01628
1574	0.0162389
1576	0.0161979
1578	0.0161571
1580	0.0161165
1582	0.016076
1584	0.0160357
1586	0.0159955
1588	0.0159555
1590	0.0159156
1592	0.0158759
1594	0.0158363
1596	0.0157969
1598	0.0157576
1600	0.0157184
1602	0.0156794
1604	0.0156406
1606	0.0156019
1608	0.0155633
1610	0.0155249
1612	0.0154866
1614	0.0154485
1616	0.0154105
1618	0.0153726
1620	0.0153349
1622	0.0152973
1624	0.0152599
1626	0.0152226
1628	0.0151854
1630	0.0151484
1632	0.0151115
1634	0.0150747
1636	0.0150381
1638	0.0150016
1640	0.0149652
1642	0.014929
1644	0.0148929
1646	0.0148569
1648	0.0148211
1650	0.0147854
1652	0.0147498
1654	0.0147143
1656	0.014679
1658	0.0146438
1660	0.0146087
1662	0.0145738
1664	0.014539
1666	0.0145043
1668	0.0144697
1670	0.0144352
1672	0.0144009
1674	0.0143667
1676	0.0143326
1678	0.0142987
1680	0.0142648
1682	0.0142311
1684	0.0141975
1686	0.014164
1688	0.0141306
1690	0.0140974
1692	0.0140643
1694	0.0140312
1696	0.0139983
1698	0.0139656
1700	0.0139329
1702	0.0139003
1704	0.0138679
1706	0.0138356
1708	0.0138033
1710	0.0137712
1712	0.0137392
1714	0.0137074
1716	0.0136756
1718	0.0136439
1720	0.0136124
1722	0.0135809
1724	0.0135496
1726	0.0135184
1728	0.0134873
1730	0.0134563
1732	0.0134254
1734	0.0133946
1736	0.0133639
1738	0.0133333
1740	0.0133028
1742	0.0132724
1744	0.0132422
1746	0.013212
1748	0.0131819
1750	0.013152
1752	0.0131221
1754	0.0130923
1756	0.0130627
1758	0.0130331
1760	0.0130036
1762	0.0129743
1764	0.012945
1766	0.0129159
1768	0.0128868
1770	0.0128578
1772	0.012829
1774	0.0128002
1776	0.0127715
1778	0.0127429
1780	0.0127145
1782	0.0126861
1784	0.0126578
1786	0.0126296
1788	0.0126015
1790	0.0125735
1792	0.0125455
1794	0.0125177
1796	0.01249
1798	0.0124623
1800	0.0124348
1802	0.0124073
1804	0.01238
1806	0.0123527
1808	0.0123255
1810	0.0122984
1812	0.0122714
1814	0.0122445
1816	0.0122177
1818	0.0121909
1820	0.0121643
1822	0.0121377
1824	0.0121112
1826	0.0120848
1828	0.0120585
1830	0.0120323
1832	0.0120061
1834	0.0119801
1836	0.0119541
1838	0.0119282
1840	0.0119024
1842	0.0118767
1844	0.0118511
1846	0.0118255
1848	0.0118001
1850	0.0117747
1852	0.0117494
1854	0.0117241
1856	0.011699
1858	0.0116739
1860	0.011649
1862	0.0116241
1864	0.0115992
1866	0.0115745
1868	0.0115498
1870	0.0115252
1872	0.0115007
1874	0.0114763
1876	0.011452
1878	0.0114277
1880	0.0114035
1882	0.0113794
1884	0.0113553
1886	0.0113314
1888	0.0113075
1890	0.0112836
1892	0.0112599
1894	0.0112362
1896	0.0112126
1898	0.0111891
1900	0.0111657
1902	0.0111423
1904	0.011119
1906	0.0110958
1908	0.0110726
1910	0.0110496
1912	0.0110266
1914	0.0110036
1916	0.0109808
1918	0.010958
1920	0.0109352
1922	0.0109126
1924	0.01089
1926	0.0108675
1928	0.010845
1930	0.0108227
1932	0.0108004
1934	0.0107781
1936	0.010756
1938	0.0107339
1940	0.0107118
1942	0.0106899
1944	0.010668
1946	0.0106462
1948	0.0106244
1950	0.0106027
1952	0.0105811
1954	0.0105595
1956	0.010538
1958	0.0105166
1960	0.0104952
1962	0.0104739
1964	0.0104527
1966	0.0104315
1968	0.0104104
1970	0.0103894
1972	0.0103684
1974	0.0103475
1976	0.0103266
1978	0.0103058
1980	0.0102851
1982	0.0102644
1984	0.0102438
1986	0.0102233
1988	0.0102028
1990	0.0101824
1992	0.010162
1994	0.0101417
1996	0.0101215
1998	0.0101013
