100	0.0734512
101	0.115132
102	0.0943951
103	0.0740612
104	0.0541183
105	0.0943951
106	0.0746367
107	0.0552475
108	0.0362175
109	0.0751805
110	0.0563152
111	0.0377898
112	0.0195953
113	0.0573262
114	0.0392794
115	0.0215466
116	0.0582848
117	0.0406927
118	0.0233987
119	0.00639531
120	0.0103247
121	0.0267683
122	0.0429423
123	0.0588533
124	0.0238369
125	0.0396462
126	0.0552045
127	0.021044
128	0.0365046
129	0.00301862
130	0.0299522
131	0.0144564
132	0.0467952
133	0.0314058
134	0.016246
135	0.00131088
136	0.0134046
137	0.0279053
138	0.0421959
139	0.0562808
140	0.0701645
141	0.0838513
142	0.0530975
143	0.0227739
144	0.0365046
145	0.0500459
146	0.0203663
147	0.00890959
148	0.0377898
149	0.0662824
150	0.0943951
151	0.0805249
152	0.0668373
153	0.0533285
154	0.0399952
155	0.0673706
156	0.0943951
157	0.081055
158	0.107651
159	0.0943951
160	0.120575
161	0.107404
162	0.0943951
163	0.120093
164	0.107166
165	0.132475
166	0.119629
167	0.106936
168	0.131795
169	0.119181
170	0.106715
171	0.0943951
172	0.0822184
173	0.0701824
174	0.0582848
175	0.0824271
176	0.106295
177	0.0943951
178	0.0826288
179	0.070994
180	0.0594885
181	0.0481101
182	0.0368568
183	0.0257264
184	0.014717
185	0.0377898
186	0.026834
187	0.0159953
188	0.0386931
189	0.0611507
190	0.0503026
191	0.0724643
192	0.0616702
193	0.050988
194	0.0404158
195	0.0299522
196	0.0516523
197	0.0731322
198	0.0626618
199	0.0522967
200	0.0734512
201	0.0631355
202	0.0840268
203	0.0737607
204	0.0635952
205	0.0535289
206	0.0435603
207	0.033688
208	0.0239107
209	0.04429
210	0.0345552
211	0.0249128
212	0.044999
213	0.0353981
214	0.0258869
215	0.0456882
216	0.0653063
217	0.0557887
218	0.0751805
219	0.0657048
220	0.0563152
221	0.0754413
222	0.0943951
223	0.0850032
224	0.0756951
225	0.0664698
226	0.0573262
227	0.0482631
228	0.0392794
229	0.0578118
230	0.076183
231	0.0943951
232	0.0853675
233	0.0764175
234	0.0675439
235	0.0587458
236	0.0500223
237	0.0413724
238	0.0327952
239	0.0505793
240	0.0420352
241	0.033562
242	0.0511225
243	0.0426816
244	0.03431
245	0.0260067
246	0.0177709
247	0.00960178
248	0.026834
249	0.0186941
250	0.0106193
251	0.00260886
252	0.005338
253	0.013222
254	0.021044
255	0.0288046
256	0.0365046
257	0.0441447
258	0.0273721
259	0.010729
260	0.00578608
261	0.00189893
262	0.00952527
263	0.00679683
264	0.000804675
265	0.00834881
266	0.0158362
267	0.0232675
268	0.00719869
269	0.0146069
270	0.00131088
271	0.00607404
272	0.0134046
273	0.0206816
274	0.0279053
275	0.0122286
276	0.0194307
277	0.00389781
278	0.011078
279	0.00431359
280	0.00284467
281	0.00995198
282	0.0170089
283	0.00181386
284	0.00884973
285	0.0158362
286	0.000804675
287	0.0141221
288	0.0289453
289	0.0219247
290	0.0366187
291	0.0512117
292	0.044187
293	0.0586546
294	0.0730237
295	0.0872955
296	0.0802438
297	0.0732396
298	0.0662824
299	0.0593718
300	0.0525072
301	0.0665626
302	0.0597197
303	0.0529219
304	0.0461689
305	0.0394601
306	0.0327952
307	0.0261738
308	0.0195953
309	0.0130594
310	0.00656563
311	0.0203168
312	0.0339799
313	0.0274815
314	0.0210246
315	0.0146086
316	0.00823328
317	0.00189816
318	0.0153613
319	0.0287401
320	0.0224003
321	0.0161
322	0.00983878
323	0.00361637
324	0.00256763
325	0.00871358
326	0.0148218
327	0.0208927
328	0.00777051
329	0.00527191
330	0.000804675
331	0.0121379
332	0.0250025
333	0.0189214
334	0.0316887
335	0.0443797
336	0.0382952
337	0.0508913
338	0.0448236
339	0.0387917
340	0.0327952
341	0.026834
342	0.0209076
343	0.033334
344	0.0274232
345	0.0397587
346	0.0338635
347	0.0280022
348	0.0221746
349	0.0343838
350	0.0285713
351	0.0227919
352	0.0348952
353	0.0291307
354	0.0233987
355	0.0176989
356	0.0120313
357	0.0239953
358	0.0358924
359	0.0302214
360	0.0245819
361	0.0363786
362	0.0481101
363	0.042468
364	0.0368568
365	0.0312763
366	0.0257264
367	0.0202067
368	0.014717
369	0.0262847
370	0.0208082
371	0.0153613
372	0.00994369
373	0.0214001
374	0.0159953
375	0.0273745
376	0.0386931
377	0.0499517
378	0.0611507
379	0.0557123
380	0.0503026
381	0.0449212
382	0.039568
383	0.0342428
384	0.0289453
385	0.0236753
386	0.0184326
387	0.013217
388	0.00802829
389	0.00286627
390	0.00226929
391	0.00869095
392	0.0195953
393	0.0144564
394	0.0252907
395	0.0201634
396	0.015062
397	0.00998623
398	0.00493602
399	8.88872e-05
400	0.00508866
401	0.0100635
402	0.0150136
403	0.00434809
404	0.00928782
405	0.0142032
406	0.0190943
407	0.00852358
408	0.0134046
409	0.0182618
410	0.00777051
411	0.0126178
412	0.0174415
413	0.0222419
414	0.0118423
415	0.0166331
416	0.0214008
417	0.011078
418	0.0158362
419	0.00557602
420	0.0103247
421	0.0150507
422	0.00486533
423	0.00958196
424	0.000542492
425	0.0106193
426	0.0206488
427	0.0159166
428	0.0112065
429	0.00651838
430	0.00185206
431	0.0117856
432	0.00712864
433	0.0170041
434	0.0123566
435	0.0221746
436	0.0319475
437	0.0416758
438	0.0370144
439	0.0323743
440	0.0420352
441	0.0374048
442	0.0470106
443	0.0565731
444	0.0519411
445	0.0614496
446	0.0568275
447	0.0522261
448	0.0616702
449	0.0570785
450	0.0664698
451	0.0618879
452	0.0573262
453	0.0527846
454	0.0621027
455	0.0575706
456	0.0668373
457	0.0760634
458	0.0852493
459	0.0807062
460	0.076183
461	0.0716793
462	0.0671952
463	0.076301
464	0.0853675
465	0.0943951
466	0.0899007
467	0.0988799
468	0.0943951
469	0.0899294
470	0.0988513
471	0.107735
472	0.116581
473	0.112107
474	0.107651
475	0.103214
476	0.0987951
477	0.107567
478	0.116303
479	0.111885
480	0.107485
481	0.116166
482	0.124812
483	0.120412
484	0.129013
485	0.124623
486	0.120252
487	0.115898
488	0.111562
489	0.120093
490	0.128589
491	0.124254
492	0.119937
493	0.115636
494	0.111354
495	0.119782
496	0.128176
497	0.136536
498	0.144862
499	0.140564
500	0.148849
501	0.157102
502	0.152805
503	0.148525
504	0.144262
505	0.140016
506	0.135786
507	0.131574
508	0.139746
509	0.135542
510	0.131355
511	0.127184
512	0.123029
513	0.118891
514	0.114769
515	0.110662
516	0.118749
517	0.11465
518	0.110568
519	0.118608
520	0.126617
521	0.122535
522	0.118469
523	0.126432
524	0.134364
525	0.130299
526	0.138194
527	0.134137
528	0.130095
529	0.126068
530	0.122057
531	0.129893
532	0.12589
533	0.13369
534	0.14146
535	0.149202
536	0.156914
537	0.164598
538	0.160575
539	0.156566
540	0.152573
541	0.160208
542	0.167815
543	0.163823
544	0.159845
545	0.155882
546	0.151933
547	0.147999
548	0.14408
549	0.140174
550	0.136283
551	0.143809
552	0.139925
553	0.136056
554	0.1322
555	0.139679
556	0.135831
557	0.131996
558	0.128176
559	0.124369
560	0.120575
561	0.127995
562	0.135389
563	0.131596
564	0.138957
565	0.135171
566	0.131399
567	0.138721
568	0.134956
569	0.131203
570	0.127464
571	0.134742
572	0.13101
573	0.127291
574	0.123585
575	0.119892
576	0.12712
577	0.134323
578	0.13063
579	0.12695
580	0.123283
581	0.130443
582	0.137579
583	0.133912
584	0.130258
585	0.126617
586	0.122988
587	0.119371
588	0.115766
589	0.112174
590	0.108594
591	0.105027
592	0.112084
593	0.119118
594	0.115551
595	0.122555
596	0.118994
597	0.115444
598	0.122414
599	0.118871
600	0.115339
601	0.111819
602	0.108311
603	0.104815
604	0.10133
605	0.0978569
606	0.0943951
607	0.0909447
608	0.0875056
609	0.0840779
610	0.0806614
611	0.077256
612	0.0841285
613	0.0807286
614	0.0773398
615	0.0841785
616	0.0807951
617	0.0774227
618	0.0740612
619	0.0707105
620	0.0673706
621	0.0741594
622	0.0708247
623	0.0775862
624	0.0843259
625	0.080991
626	0.0776667
627	0.0843741
628	0.081055
629	0.0777465
630	0.0844218
631	0.0811184
632	0.0877673
633	0.0844691
634	0.0811813
635	0.0877986
636	0.0845159
637	0.0812435
638	0.0779813
639	0.0747294
640	0.0714877
641	0.0780582
642	0.0846082
643	0.0813662
644	0.0878908
645	0.0846537
646	0.091153
647	0.0879209
648	0.0943951
649	0.091168
650	0.0879508
651	0.0847435
652	0.0815461
653	0.0783584
654	0.0847878
655	0.0911976
656	0.0880098
657	0.0943951
658	0.100761
659	0.0975732
660	0.103915
661	0.100732
662	0.10705
663	0.113349
664	0.110166
665	0.116441
666	0.122698
667	0.119515
668	0.116342
669	0.122571
670	0.128781
671	0.125608
672	0.131795
673	0.128627
674	0.134791
675	0.131629
676	0.13777
677	0.134612
678	0.140731
679	0.137579
680	0.134435
681	0.140527
682	0.137389
683	0.143459
684	0.149511
685	0.155545
686	0.161562
687	0.167562
688	0.164411
689	0.16127
690	0.158138
691	0.164107
692	0.17006
693	0.175995
694	0.172859
695	0.169733
696	0.175643
697	0.172522
698	0.169409
699	0.166306
700	0.172187
701	0.169088
702	0.165998
703	0.171855
704	0.177695
705	0.183518
706	0.180425
707	0.186229
708	0.183141
709	0.188924
710	0.19469
711	0.191603
712	0.19735
713	0.20308
714	0.208795
715	0.214493
716	0.220176
717	0.217079
718	0.222742
719	0.219651
720	0.225295
721	0.230923
722	0.227833
723	0.233442
724	0.00471796
725	0.00195284
726	0.000804675
727	0.0035546
728	0.00629697
729	0.00903182
730	0.00315207
731	0.00588373
732	0.00860794
733	0.00275283
734	0.00308632
735	0.000361037
736	0.00618009
737	0.003458
738	0.000743289
739	0.00196408
740	0.00466413
741	0.00112245
742	0.00157448
743	0.00426416
744	0.00149855
745	0.00118803
746	0.0038674
747	0.0065396
748	0.00920466
749	0.0118626
750	0.0145134
751	0.0171572
752	0.019794
753	0.0224237
754	0.0250465
755	0.0276624
756	0.0219602
757	0.0162731
758	0.010601
759	0.013222
760	0.00756887
761	0.010187
762	0.0045527
763	0.00106688
764	0.00155232
765	0.00404865
766	0.0014324
767	0.00117703
768	0.00377967
769	0.00637553
770	0.00896466
771	0.0115471
772	0.00598394
773	0.00856352
774	0.00301862
775	0.00251196
776	0.00802829
777	0.00544396
778	0.0109423
779	0.0083609
780	0.0138414
781	0.0112629
782	0.00869095
783	0.0141501
784	0.011581
785	0.0170225
786	0.0224502
787	0.0278641
788	0.0252907
789	0.0227238
790	0.0201634
791	0.0176094
792	0.015062
793	0.0125209
794	0.00998623
795	0.00745795
796	0.0128295
797	0.010304
798	0.00778478
799	0.00527191
800	0.00276532
801	0.000264985
802	0.00222911
803	0.00310764
804	0.00843112
805	0.00593618
806	0.00344742
807	0.00875069
808	0.00626462
809	0.00378468
810	0.00131088
811	0.00659062
812	0.0118574
813	0.0171112
814	0.022352
815	0.02758
816	0.0250953
817	0.0226166
818	0.0201439
819	0.0176773
820	0.0228792
821	0.0280683
822	0.0256011
823	0.0231399
824	0.0206846
825	0.0258513
826	0.0233987
827	0.0285495
828	0.0260996
829	0.0236556
830	0.0212174
831	0.0187852
832	0.0163587
833	0.0139381
834	0.0115234
835	0.0166391
836	0.0217426
837	0.0193272
838	0.0169175
839	0.0145135
840	0.0195953
841	0.0246649
842	0.0222604
843	0.0273148
844	0.0249128
845	0.0299522
846	0.0275527
847	0.0251589
848	0.0301802
849	0.0351896
850	0.0401872
851	0.0377898
852	0.0427727
853	0.0403779
854	0.0379887
855	0.0356051
856	0.0405672
857	0.0381861
858	0.0358106
859	0.0407552
860	0.0383822
861	0.0433123
862	0.0409419
863	0.0385769
864	0.0362175
865	0.0411273
866	0.0460257
867	0.0509129
868	0.04855
869	0.0461927
870	0.0438407
871	0.0414942
872	0.039153
873	0.0368172
874	0.0344868
875	0.0321616
876	0.0298418
877	0.0346917
878	0.0395305
879	0.0372103
880	0.0420352
881	0.0468492
882	0.0445286
883	0.0422131
884	0.0399029
885	0.0375979
886	0.0423898
887	0.0471709
888	0.0519411
889	0.0567007
890	0.0614496
891	0.0591359
892	0.0568275
893	0.0545242
894	0.0522261
895	0.0569534
896	0.0616702
897	0.0593718
898	0.0570785
899	0.0547903
900	0.0525072
901	0.0502292
902	0.0479562
903	0.0526464
904	0.0503757
905	0.0550529
906	0.0527846
907	0.0574488
908	0.0551829
909	0.0598341
910	0.0575706
911	0.055312
912	0.0599478
913	0.0576916
914	0.0554403
915	0.0531939
916	0.0509524
917	0.0487158
918	0.0533285
919	0.0579312
920	0.0556943
921	0.0602844
922	0.0648646
923	0.0626275
924	0.0603952
925	0.0649604
926	0.0627304
927	0.0605052
928	0.0650555
929	0.069596
930	0.0741268
931	0.0718989
932	0.0764175
933	0.0741919
934	0.0719712
935	0.0697552
936	0.0675439
937	0.072043
938	0.069834
939	0.074321
940	0.0721143
941	0.0699123
942	0.074385
943	0.0721852
944	0.076646
945	0.0744485
946	0.0722556
947	0.0700674
948	0.0678838
949	0.0657048
950	0.0635303
951	0.0613605
952	0.0591952
953	0.0570344
954	0.0614644
955	0.0593058
956	0.0571517
957	0.0615676
958	0.0594156
959	0.0572682
960	0.0551252
961	0.0595248
962	0.0639153
963	0.0682967
964	0.072669
965	0.0705212
966	0.0683778
967	0.0662388
968	0.0705952
969	0.0684583
970	0.0663259
971	0.0641979
972	0.0685384
973	0.0664124
974	0.0642909
975	0.0686179
976	0.0664984
977	0.0643833
978	0.0622725
979	0.060166
980	0.0580638
981	0.0623707
982	0.0602705
983	0.0581746
984	0.056083
985	0.0539956
986	0.0519124
987	0.0561994
988	0.0541183
989	0.0583944
990	0.0563152
991	0.0605804
992	0.0648371
993	0.0627577
994	0.0606825
995	0.0649262
996	0.062853
997	0.0607839
998	0.058719
999	0.0629477
1000	0.0608848
1001	0.058826
1002	0.0630419
1003	0.0672494
1004	0.0714485
1005	0.0756393
1006	0.0735761
1007	0.0715169
1008	0.0694618
1009	0.0674108
1010	0.0653639
1011	0.063321
1012	0.0612821
1013	0.0654499
1014	0.0696094
1015	0.0675703
1016	0.0655353
1017	0.0696825
1018	0.0676494
1019	0.0656203
1020	0.0635952
1021	0.061574
1022	0.0657048
1023	0.0636855
1024	0.0616702
1025	0.0657887
1026	0.0637753
1027	0.0678838
1028	0.0658722
1029	0.0699707
1030	0.0740612
1031	0.0720495
1032	0.07613
1033	0.0741202
1034	0.0721143
1035	0.0701123
1036	0.0681141
1037	0.0661198
1038	0.0641293
1039	0.0621426
1040	0.0601598
1041	0.0642165
1042	0.0622355
1043	0.0662824
1044	0.0643032
1045	0.0683404
1046	0.0723699
1047	0.0703906
1048	0.068415
1049	0.0664432
1050	0.0644752
1051	0.0684892
1052	0.0665229
1053	0.0645604
1054	0.0626016
1055	0.0606466
1056	0.0586952
1057	0.0567475
1058	0.0548035
1059	0.0528632
1060	0.0509265
1061	0.0549155
1062	0.0529805
1063	0.0510492
1064	0.0550268
1065	0.0530972
1066	0.0570654
1067	0.0610261
1068	0.0590963
1069	0.0630477
1070	0.0611197
1071	0.0591952
1072	0.0572743
1073	0.055357
1074	0.0534432
1075	0.0573779
1076	0.0613052
1077	0.0593913
1078	0.0574809
1079	0.0613972
1080	0.0594885
1081	0.0575833
1082	0.0556817
1083	0.0537836
1084	0.0518889
1085	0.0499978
1086	0.0481101
1087	0.0520062
1088	0.0501202
1089	0.0482376
1090	0.0463585
1091	0.050242
1092	0.0541183
1093	0.0522389
1094	0.050363
1095	0.0484906
1096	0.0523543
1097	0.0504834
1098	0.048616
1099	0.0467519
1100	0.0448912
1101	0.0430339
1102	0.0468816
1103	0.0507223
1104	0.0488648
1105	0.0470106
1106	0.0451598
1107	0.0433123
1108	0.0471389
1109	0.045293
1110	0.0434504
1111	0.0416111
1112	0.0397751
1113	0.0435877
1114	0.0473934
1115	0.0511923
1116	0.0493543
1117	0.0475197
1118	0.0513083
1119	0.0550901
1120	0.0588652
1121	0.0570286
1122	0.0607952
1123	0.0589601
1124	0.0571283
1125	0.0608848
1126	0.0646346
1127	0.0628026
1128	0.0609739
1129	0.0591484
1130	0.0573262
1131	0.0555071
1132	0.0536913
1133	0.0574243
1134	0.05561
1135	0.0593347
1136	0.0630529
1137	0.0612385
1138	0.0594272
1139	0.0631355
1140	0.0668373
1141	0.0705326
1142	0.0742214
1143	0.0779038
1144	0.0815797
1145	0.0797618
1146	0.077947
1147	0.0761353
1148	0.0743269
1149	0.0725215
1150	0.0707193
1151	0.0689203
1152	0.0725785
1153	0.0707809
1154	0.0689865
1155	0.0671952
1156	0.0654069
1157	0.0636218
1158	0.0618397
1159	0.0600608
1160	0.0582848
1161	0.056512
1162	0.0547422
1163	0.0529754
1164	0.0512117
1165	0.0548443
1166	0.0584707
1167	0.0620908
1168	0.0603253
1169	0.0585629
1170	0.0568034
1171	0.0604126
1172	0.0586546
1173	0.0568995
1174	0.0551475
1175	0.0533984
1176	0.0569952
1177	0.0552475
1178	0.0535028
1179	0.0517611
1180	0.0553471
1181	0.0536067
1182	0.0518693
1183	0.0554461
1184	0.0590168
1185	0.0625815
1186	0.0661402
1187	0.0643996
1188	0.0679507
1189	0.0714959
1190	0.0697552
1191	0.0732929
1192	0.0715535
1193	0.0698171
1194	0.0733459
1195	0.0716109
1196	0.0698788
1197	0.0733987
1198	0.0769127
1199	0.0751805
1200	0.0734512
1201	0.0717247
1202	0.0700011
1203	0.0735034
1204	0.0717812
1205	0.0752761
1206	0.0787653
1207	0.0822487
1208	0.0805249
1209	0.0788041
1210	0.0770861
1211	0.0753709
1212	0.0736585
1213	0.071949
1214	0.0702423
1215	0.0737097
1216	0.0720044
1217	0.0703018
1218	0.0686021
1219	0.0720595
1220	0.0703611
1221	0.0686654
1222	0.0721143
1223	0.07042
1224	0.0687285
1225	0.0670397
1226	0.0653537
1227	0.0636705
1228	0.06199
1229	0.0654246
1230	0.0637454
1231	0.0620689
1232	0.0603952
1233	0.0587241
1234	0.0621475
1235	0.0604778
1236	0.0588107
1237	0.0571464
1238	0.06056
1239	0.0588969
1240	0.0572365
1241	0.0555788
1242	0.0589826
1243	0.0573262
1244	0.0556724
1245	0.0540212
1246	0.0523727
1247	0.0507269
1248	0.0541183
1249	0.0575042
1250	0.0608848
1251	0.0592374
1252	0.0575926
1253	0.0559505
1254	0.054311
1255	0.0576806
1256	0.0560423
1257	0.0544067
1258	0.0527736
1259	0.0511431
1260	0.0545019
1261	0.0528726
1262	0.0562247
1263	0.0545966
1264	0.057942
1265	0.0563152
1266	0.059654
1267	0.0580283
1268	0.0564053
1269	0.0597361
1270	0.0581142
1271	0.0614385
1272	0.0598178
1273	0.0581997
1274	0.0565842
1275	0.0549712
1276	0.0582848
1277	0.056673
1278	0.0599802
1279	0.0632821
1280	0.0616702
1281	0.0600608
1282	0.0584538
1283	0.0617467
1284	0.060141
1285	0.0585378
1286	0.056937
1287	0.0602208
1288	0.0586213
1289	0.0570242
1290	0.0554296
1291	0.0538375
1292	0.0522478
1293	0.0506606
1294	0.0539315
1295	0.0523455
1296	0.05561
1297	0.0540251
1298	0.0524427
1299	0.0508626
1300	0.0541183
1301	0.0573689
1302	0.0557887
1303	0.054211
1304	0.0526357
1305	0.0558775
1306	0.0543033
1307	0.0527315
1308	0.0511622
1309	0.0495952
1310	0.0480306
1311	0.0464684
1312	0.0449086
1313	0.0481366
1314	0.0465779
1315	0.0450215
1316	0.0434676
1317	0.0466868
1318	0.0451339
1319	0.0435834
1320	0.0420352
1321	0.0452458
1322	0.0436987
1323	0.042154
1324	0.0406115
1325	0.0390715
1326	0.0422721
1327	0.045468
1328	0.0439278
1329	0.0471176
1330	0.0455784
1331	0.0440415
1332	0.047224
1333	0.0504018
1334	0.0535748
1335	0.0520365
1336	0.0505006
1337	0.0489669
1338	0.0474356
1339	0.0459065
1340	0.0490686
1341	0.0475406
1342	0.0460149
1343	0.0444914
1344	0.0429702
1345	0.0414513
1346	0.0399346
1347	0.0384202
1348	0.0415691
1349	0.0400557
1350	0.0385446
1351	0.0370357
1352	0.035529
1353	0.0340245
1354	0.0325223
1355	0.0356593
1356	0.0341581
1357	0.0326591
1358	0.0357891
1359	0.034291
1360	0.0327952
1361	0.0313016
1362	0.0344234
1363	0.0329308
1364	0.0360469
1365	0.0391583
1366	0.0376655
1367	0.0407712
1368	0.0438724
1369	0.0469691
1370	0.0454749
1371	0.0485659
1372	0.0470728
1373	0.0455818
1374	0.044093
1375	0.0426064
1376	0.041122
1377	0.0442026
1378	0.0427192
1379	0.0412379
1380	0.0443117
1381	0.0428314
1382	0.0458997
1383	0.0444204
1384	0.0429432
1385	0.0414682
1386	0.0399952
1387	0.0385244
1388	0.0370558
1389	0.0355892
1390	0.038645
1391	0.0371794
1392	0.0357159
1393	0.0342545
1394	0.0373026
1395	0.0403462
1396	0.0433855
1397	0.0464204
1398	0.0449566
1399	0.0434949
1400	0.0420352
1401	0.0405777
1402	0.0391222
1403	0.0376688
1404	0.0406927
1405	0.0437122
1406	0.0467275
1407	0.0452728
1408	0.0438202
1409	0.0423697
1410	0.0409212
1411	0.0394747
1412	0.0380304
1413	0.0410347
1414	0.0395913
1415	0.0381499
1416	0.0367105
1417	0.0397073
1418	0.0382689
1419	0.0368324
1420	0.0353981
1421	0.0383874
1422	0.0413724
1423	0.0399379
1424	0.0385053
1425	0.0370748
1426	0.0400525
1427	0.0386228
1428	0.0371952
1429	0.0357696
1430	0.034346
1431	0.0329244
1432	0.0315047
1433	0.0300871
1434	0.033053
1435	0.0360148
1436	0.0345969
1437	0.033181
1438	0.0317672
1439	0.0347216
1440	0.0376719
1441	0.0362578
1442	0.039203
1443	0.0421441
1444	0.0407299
1445	0.0436658
1446	0.0422525
1447	0.0451833
1448	0.0437709
1449	0.0423604
1450	0.0409519
1451	0.0438756
1452	0.0467952
1453	0.0453865
1454	0.0439798
1455	0.0468934
1456	0.0454875
1457	0.0440836
1458	0.0469911
1459	0.0498946
1460	0.0527941
1461	0.0556896
1462	0.0585812
1463	0.0571741
1464	0.055769
1465	0.0586546
1466	0.0615362
1467	0.060131
1468	0.0630077
1469	0.0658805
1470	0.0687494
1471	0.0673431
1472	0.0659386
1473	0.0645361
1474	0.0631355
1475	0.0659965
1476	0.0688537
1477	0.067453
1478	0.0660542
1479	0.0646572
1480	0.0632622
1481	0.061869
1482	0.0604778
1483	0.0590884
1484	0.0577008
1485	0.0563152
1486	0.0591597
1487	0.0577749
1488	0.0606145
1489	0.0592306
1490	0.0620655
1491	0.0606825
1492	0.0593014
1493	0.057922
1494	0.0565446
1495	0.0593718
1496	0.0621952
1497	0.0608176
1498	0.0594419
1499	0.058068
1500	0.0608848
1501	0.0595118
1502	0.0623238
1503	0.0609517
1504	0.0595814
1505	0.0623877
1506	0.0610183
1507	0.0596507
1508	0.0624514
1509	0.0610846
1510	0.0597197
1511	0.0583565
1512	0.0611507
1513	0.0597884
1514	0.062578
1515	0.0653639
1516	0.0640015
1517	0.0626409
1518	0.0612821
1519	0.0599251
1520	0.0585699
1521	0.0613474
1522	0.0599931
1523	0.062766
1524	0.0614125
1525	0.0600608
1526	0.0587108
1527	0.0614773
1528	0.0642402
1529	0.0628901
1530	0.0615418
1531	0.0601953
1532	0.0588505
1533	0.0575075
1534	0.0561662
1535	0.0548267
1536	0.0575796
1537	0.0562409
1538	0.0589892
1539	0.0576513
1540	0.0563152
1541	0.0590581
1542	0.0577228
1543	0.0563892
1544	0.0550574
1545	0.0537272
1546	0.056463
1547	0.0551337
1548	0.0538061
1549	0.0565364
1550	0.0552096
1551	0.0538846
1552	0.0525612
1553	0.0552853
1554	0.058006
1555	0.0566825
1556	0.0553607
1557	0.0540407
1558	0.0527223
1559	0.0514056
1560	0.0541183
1561	0.0528024
1562	0.0555107
1563	0.0541956
1564	0.0528822
1565	0.0515704
1566	0.0542726
1567	0.0529616
1568	0.0556595
1569	0.0543493
1570	0.0570428
1571	0.0597329
1572	0.0584227
1573	0.0571141
1574	0.059799
1575	0.0584912
1576	0.0611718
1577	0.0598648
1578	0.0585594
1579	0.0572557
1580	0.0559537
1581	0.0546533
1582	0.0533545
1583	0.0560265
1584	0.0586952
1585	0.0573963
1586	0.0560991
1587	0.0548035
1588	0.0535096
1589	0.0522172
1590	0.0509265
1591	0.0496374
1592	0.04835
1593	0.0510084
1594	0.0536635
1595	0.0523759
1596	0.0510899
1597	0.0498056
1598	0.0485229
1599	0.0472417
1600	0.0498892
1601	0.0486088
1602	0.0512521
1603	0.0499725
1604	0.0486945
1605	0.047418
1606	0.0461432
1607	0.0487798
1608	0.0475057
1609	0.0501382
1610	0.0488648
1611	0.047593
1612	0.0502205
1613	0.0489495
1614	0.0515729
1615	0.0503026
1616	0.0490338
1617	0.0477666
1618	0.046501
1619	0.045237
1620	0.0439745
1621	0.0427135
1622	0.0453279
1623	0.0440677
1624	0.042809
1625	0.0415519
1626	0.0402963
1627	0.0390423
1628	0.0416493
1629	0.044253
1630	0.0468536
1631	0.0455986
1632	0.0443452
1633	0.0430933
1634	0.0456882
1635	0.0444371
1636	0.047028
1637	0.0457775
1638	0.0445286
1639	0.0432811
1640	0.0458664
1641	0.0446197
1642	0.0433745
1643	0.0421308
1644	0.0408887
1645	0.039648
1646	0.0422261
1647	0.0409861
1648	0.0397477
1649	0.0385107
1650	0.0372752
1651	0.0360413
1652	0.0348088
1653	0.0373789
1654	0.0361471
1655	0.0387133
1656	0.0412764
1657	0.0400445
1658	0.0388141
1659	0.0375851
1660	0.0363576
1661	0.0351317
1662	0.0339072
1663	0.0326841
1664	0.0314626
1665	0.0340161
1666	0.0365667
1667	0.035345
1668	0.0341247
1669	0.032906
1670	0.0316887
1671	0.0342329
1672	0.0330163
1673	0.0318011
1674	0.0343408
1675	0.0331262
1676	0.0319131
1677	0.0307015
1678	0.0294913
1679	0.0320248
1680	0.0345552
1681	0.0370827
1682	0.0396071
1683	0.0421286
1684	0.044647
1685	0.0471625
1686	0.0496749
1687	0.0484599
1688	0.0472464
1689	0.0497544
1690	0.0522593
1691	0.0510457
1692	0.0498335
1693	0.0486227
1694	0.0511225
1695	0.0499124
1696	0.0487037
1697	0.0474964
1698	0.0462906
1699	0.0450862
1700	0.0438832
1701	0.0426816
1702	0.0414815
1703	0.0439722
1704	0.0427727
1705	0.0415746
1706	0.0440609
1707	0.0428634
1708	0.0416674
1709	0.0441492
1710	0.0429538
1711	0.0417598
1712	0.0405672
1713	0.039376
1714	0.0381861
1715	0.0406614
1716	0.0394722
1717	0.0419437
1718	0.0407552
1719	0.039568
1720	0.0383822
1721	0.0408487
1722	0.0396635
1723	0.0384797
1724	0.0372973
1725	0.0361163
1726	0.0385769
1727	0.0373965
1728	0.0362175
1729	0.0386738
1730	0.0374954
1731	0.0363183
1732	0.0351426
1733	0.0339682
1734	0.0327952
1735	0.0316236
1736	0.0340727
1737	0.0329016
1738	0.031732
1739	0.0305636
1740	0.0293966
1741	0.0318399
1742	0.0306736
1743	0.0295085
1744	0.0283448
1745	0.0271824
1746	0.0260214
1747	0.0284582
1748	0.0272978
1749	0.0261387
1750	0.0249809
1751	0.0238244
1752	0.0262555
1753	0.0250997
1754	0.0275273
1755	0.0299522
1756	0.0287962
1757	0.0312176
1758	0.0300621
1759	0.0324801
1760	0.0313252
1761	0.0301717
1762	0.0325855
1763	0.0314326
1764	0.030281
1765	0.0326905
1766	0.0315395
1767	0.0303898
1768	0.0292414
1769	0.0280943
1770	0.0269485
1771	0.025804
1772	0.0246607
1773	0.0235188
1774	0.0223781
1775	0.0212388
1776	0.0201007
1777	0.0189639
1778	0.0213622
1779	0.020226
1780	0.019091
1781	0.0179573
1782	0.0203508
1783	0.0192177
1784	0.0180859
1785	0.0204753
1786	0.019344
1787	0.018214
1788	0.0170852
1789	0.0159577
1790	0.0148315
1791	0.0137065
1792	0.0125828
1793	0.0114603
1794	0.0103391
1795	0.0127195
1796	0.0115989
1797	0.0139759
1798	0.0163503
1799	0.0152295
1800	0.01411
1801	0.0129916
1802	0.0153613
1803	0.0177284
1804	0.0166099
1805	0.0154927
1806	0.0143767
1807	0.0132619
1808	0.0121484
1809	0.0110361
1810	0.0133964
1811	0.0122846
1812	0.0146416
1813	0.0169961
1814	0.0158842
1815	0.0147735
1816	0.0171239
1817	0.0194718
1818	0.0218171
1819	0.0241598
1820	0.0230476
1821	0.025387
1822	0.0277239
1823	0.0266116
1824	0.0289453
1825	0.0278335
1826	0.0301639
1827	0.0290527
1828	0.0313799
1829	0.0337046
1830	0.0325933
1831	0.0314832
1832	0.0303743
1833	0.0292666
1834	0.0281601
1835	0.0270549
1836	0.0259508
1837	0.0282683
1838	0.0271648
1839	0.0260625
1840	0.0249614
1841	0.0238614
1842	0.0227627
1843	0.0216652
1844	0.0205688
1845	0.0194737
1846	0.0217834
1847	0.0206887
1848	0.0195953
1849	0.018503
1850	0.0174119
1851	0.016322
1852	0.0152333
1853	0.0141457
1854	0.0130594
1855	0.0119742
1856	0.0142755
1857	0.0131908
1858	0.0121072
1859	0.0144048
1860	0.0133217
1861	0.0122399
1862	0.0145336
1863	0.0134523
1864	0.0123721
1865	0.0112931
1866	0.0102152
1867	0.0125039
1868	0.0147901
1869	0.0137121
1870	0.0126353
1871	0.0115596
1872	0.010485
1873	0.0127662
1874	0.015045
1875	0.0139703
1876	0.0128968
1877	0.0118244
1878	0.0140988
1879	0.0130269
1880	0.0152983
1881	0.0142269
1882	0.0131566
1883	0.0120875
1884	0.0110195
1885	0.00995265
1886	0.00888692
1887	0.0111521
1888	0.0100868
1889	0.0123489
1890	0.0112842
1891	0.0102206
1892	0.012479
1893	0.0147351
1894	0.0136713
1895	0.0159244
1896	0.018175
1897	0.0171112
1898	0.0160484
1899	0.0182954
1900	0.0205401
1901	0.0227824
1902	0.0217189
1903	0.0239583
1904	0.0228953
1905	0.0218334
1906	0.0240691
1907	0.0230077
1908	0.0219475
1909	0.0241797
1910	0.0231199
1911	0.0220612
1912	0.0210036
1913	0.0232317
1914	0.0221746
1915	0.0211186
1916	0.0200638
1917	0.0222876
1918	0.0212332
1919	0.0234542
1920	0.0224003
1921	0.0213475
1922	0.0202958
1923	0.0192452
1924	0.0181957
1925	0.0204113
1926	0.0193623
1927	0.0215749
1928	0.0205264
1929	0.0227362
1930	0.0216881
1931	0.0206412
1932	0.0195953
1933	0.0185505
1934	0.0175068
1935	0.0164641
1936	0.018668
1937	0.0176258
1938	0.0165848
1939	0.0155447
1940	0.0145058
1941	0.0134679
1942	0.0124311
1943	0.0113954
1944	0.0103607
1945	0.00932713
1946	0.00829458
1947	0.0072631
1948	0.00945813
1949	0.0116509
1950	0.0106193
1951	0.00958874
1952	0.00855924
1953	0.00753079
1954	0.00971894
1955	0.0119049
1956	0.0108763
1957	0.00984875
1958	0.00882227
1959	0.00779684
1960	0.00677245
1961	0.00895318
1962	0.00792925
1963	0.00690636
1964	0.00908369
1965	0.00806126
1966	0.00703986
1967	0.00601951
1968	0.00819286
1969	0.010364
1970	0.012533
1971	0.0115119
1972	0.0104919
1973	0.00947285
1974	0.00845488
1975	0.00743794
1976	0.00642203
1977	0.00540715
1978	0.00439329
1979	0.00655539
1980	0.00554198
1981	0.00452959
1982	0.00668834
1983	0.00884492
1984	0.0109993
1985	0.0131516
1986	0.0153016
1987	0.0142874
1988	0.0164347
1989	0.0185799
1990	0.0175655
1991	0.0165522
1992	0.0155399
1993	0.0145286
1994	0.0135183
1995	0.012509
1996	0.0115007
1997	0.0104934
1998	0.0126319
1999	0.0116251
2000	0.0137609
2001	0.0127545
2002	0.0117491
2003	0.0107448
2004	0.00974141
2005	0.0118728
2006	0.0108699
2007	0.00986795
2008	0.0119961
2009	0.0109946
2010	0.0131201
2011	0.012119
2012	0.0142418
2013	0.0132412
2014	0.0122416
2015	0.0143611
2016	0.013362
2017	0.0123638
2018	0.0113666
2019	0.0103703
2020	0.0093751
2021	0.00838086
2022	0.00738759
2023	0.00639531
2024	0.00540401
2025	0.00441368
2026	0.00342434
2027	0.00243597
2028	0.00144857
2029	0.000462153
2030	0.000523296
2031	0.00158587
2032	0.000600834
2033	0.00270737
2034	0.00172275
2035	0.000739105
2036	0.000243576
2037	0.00122529
2038	0.00087697
2039	0.000104333
2040	0.00199532
2041	0.00101443
2042	0.00311148
2043	0.002131
2044	0.00115148
2045	0.000172927
2046	0.000804675
2047	0.00178132
2048	0.00275701
2049	0.00066529
2050	0.00164058
2051	0.00261491
2052	0.00358829
2053	0.00456073
2054	0.00247322
2055	0.00344525
2056	0.00441634
2057	0.00233194
2058	0.00330263
2059	0.00427237
2060	0.00219108
2061	0.000111809
2062	0.00108169
2063	0.00205062
2064	0.00301862
2065	0.00398568
2066	0.00495181
2067	0.005917
2068	0.00688126
2069	0.00784458
2070	0.00880698
2071	0.00976844
2072	0.00769655
2073	0.00865762
2074	0.00961777
2075	0.00754895
2076	0.0085087
2077	0.00946753
2078	0.0104254
2079	0.00836021
2080	0.00629697
2081	0.00725502
2082	0.00519429
2083	0.00313554
2084	0.00409373
2085	0.005051
2086	0.00299527
2087	0.00395215
2088	0.00189893
2089	0.00285541
2090	0.000804675
2091	0.0012441
2092	0.000287483
2093	0.00233378
2094	0.00137755
2095	0.000422243
2096	0.000532157
2097	0.00148565
2098	0.00243823
2099	0.0033899
2100	0.00434067
2101	0.00529053
2102	0.00623949
2103	0.00718754
2104	0.00514839
2105	0.00609606
2106	0.00405937
2107	0.00202461
2108	0.00297241
2109	0.000940094
2110	0.00188752
2111	0.000142362
2112	0.000804675
2113	0.00122277
2114	0.0032483
2115	0.00230113
2116	0.00135487
2117	0.000409493
2118	0.000534987
2119	0.00147858
2120	0.00242127
2121	0.00336308
2122	0.00430401
2123	0.00524404
2124	0.00322501
2125	0.00120787
2126	0.00214804
2127	0.000133308
2128	0.00187953
2129	0.000939238
2130	1.69827e-07
2131	0.000938696
2132	0.00107074
2133	0.000132594
2134	0.000804675
2135	0.00174107
2136	0.00267658
2137	0.00361122
2138	0.00454498
2139	0.00547788
2140	0.0064099
2141	0.00440635
2142	0.005338
2143	0.00333682
2144	0.0042681
2145	0.00519851
2146	0.0032002
2147	0.00413024
2148	0.00213428
2149	0.000140181
2150	0.00107035
2151	0.00199965
2152	0.00292809
2153	0.000937327
2154	0.00105159
2155	0.00303866
2156	0.0021096
2157	0.00118141
2158	0.000254081
2159	0.00223784
2160	0.00131088
2161	0.00329231
2162	0.00527191
2163	0.00434483
2164	0.00632211
2165	0.0053954
2166	0.00446955
2167	0.00354455
2168	0.00262041
2169	0.00459393
2170	0.00367015
2171	0.00564137
2172	0.00471796
2173	0.00379541
2174	0.0028737
2175	0.00195284
2176	0.00103282
2177	0.00299982
2178	0.00208017
2179	0.00116136
2180	0.000243396
2181	0.000673726
2182	0.00159001
2183	0.00250545
2184	0.000543137
2185	0.00145822
2186	0.00237247
2187	0.000412906
2188	0.00132679
2189	0.000630498
2190	0.002586
2191	0.001672
2192	0.00362524
2193	0.0027116
2194	0.00466259
2195	0.0066118
2196	0.00855924
2197	0.00764501
2198	0.00673161
2199	0.00581905
2200	0.0077633
2201	0.0068511
2202	0.00593972
2203	0.00788128
2204	0.00982107
2205	0.00890959
2206	0.00799893
2207	0.00993603
2208	0.00902574
2209	0.00811626
2210	0.0100507
2211	0.00914157
2212	0.00823328
2213	0.00732581
2214	0.00925709
2215	0.0111866
2216	0.0102791
2217	0.0093723
2218	0.00846636
2219	0.00756124
2220	0.00665693
2221	0.00858243
2222	0.00767847
2223	0.00960178
2224	0.00869818
2225	0.00779539
2226	0.00689342
2227	0.00599226
2228	0.0050919
2229	0.00419235
2230	0.00329361
2231	0.00239568
2232	0.00149855
2233	0.003416
2234	0.00251922
2235	0.00162324
2236	0.00353807
2237	0.00264243
2238	0.0045551
2239	0.00365981
2240	0.00557031
2241	0.00747911
2242	0.00658371
2243	0.00849035
2244	0.00759531
2245	0.00670105
2246	0.0058076
2247	0.00771119
2248	0.00681808
2249	0.00592577
2250	0.00503424
2251	0.00414351
2252	0.00604362
2253	0.00515323
2254	0.00426364
2255	0.00616116
2256	0.00527191
2257	0.0071673
2258	0.00906102
2259	0.00817167
2260	0.00728309
2261	0.00917425
2262	0.0833785
2263	0.0814489
2264	0.0795211
2265	0.080369
2266	0.0784433
2267	0.0765194
2268	0.0773675
2269	0.0782148
2270	0.0790614
2271	0.0799073
2272	0.0807524
2273	0.0788325
2274	0.0796773
2275	0.0805214
2276	0.0813648
2277	0.0822074
2278	0.0802911
2279	0.0783764
2280	0.0792192
2281	0.0773067
2282	0.0781493
2283	0.0789911
2284	0.0798322
2285	0.0806725
2286	0.0787635
2287	0.0796036
2288	0.080443
2289	0.0812816
2290	0.0821194
2291	0.080214
2292	0.0783103
2293	0.0764082
2294	0.0772467
2295	0.0780845
2296	0.0789216
2297	0.0770225
2298	0.0778593
2299	0.0786954
2300	0.0795308
2301	0.0803654
2302	0.0811993
2303	0.0793042
2304	0.0801378
2305	0.0809707
2306	0.0790782
2307	0.0771873
2308	0.0752981
2309	0.0761317
2310	0.0769645
2311	0.0777966
2312	0.078628
2313	0.0794587
2314	0.0802887
2315	0.0811179
2316	0.0792335
2317	0.0800625
2318	0.0808908
2319	0.0790089
2320	0.0798369
2321	0.0806642
2322	0.0814908
2323	0.0823167
2324	0.0804382
2325	0.0785614
2326	0.0766862
2327	0.0775127
2328	0.0783385
2329	0.0764658
2330	0.0772914
2331	0.0754207
2332	0.076246
2333	0.0770706
2334	0.0778945
2335	0.0760268
2336	0.0741607
2337	0.0722962
2338	0.0731207
2339	0.0739445
2340	0.0747676
2341	0.07559
2342	0.0764117
2343	0.074551
2344	0.0726919
2345	0.0735138
2346	0.0743349
2347	0.0751554
2348	0.0759752
2349	0.0741194
2350	0.0722653
2351	0.0730852
2352	0.0739045
2353	0.0747231
2354	0.0728718
2355	0.0736901
2356	0.0745077
2357	0.0726589
2358	0.0708116
2359	0.0716294
2360	0.0724465
2361	0.0706017
2362	0.0714186
2363	0.0722347
2364	0.0730502
2365	0.073865
2366	0.0746791
2367	0.0754925
2368	0.0763052
2369	0.074465
2370	0.0726263
2371	0.0707892
2372	0.0716025
2373	0.0724151
2374	0.0732271
2375	0.0740384
2376	0.0722045
2377	0.0730155
2378	0.0738259
2379	0.0719944
2380	0.0728045
2381	0.0736139
2382	0.0717849
2383	0.0699573
2384	0.0681314
2385	0.0689414
2386	0.0697507
2387	0.0679271
2388	0.0687362
2389	0.0695446
2390	0.0703523
2391	0.0711593
2392	0.069339
2393	0.0701458
2394	0.0709519
2395	0.0717573
2396	0.0725621
2397	0.0707449
2398	0.0715495
2399	0.0723533
