20 	 1.00000000000000133227 
40 	 1.00000000000000022204 
60 	 1.00000000000000000000 
80 	 1.00000000000000000000 
100 	 1.00000000000000000000 
120 	 1.00000000000000022204 
140 	 1.00000000000000000000 
160 	 1.00000000000000000000 
180 	 1.00000000000000000000 
200 	 1.00000000000000000000 
220 	 1.00000000000000000000 
240 	 1.00000000000000000000 
260 	 1.00000000000000022204 
280 	 1.00000000000000000000 
300 	 1.00000000000000022204 
320 	 1.00000000000000000000 
340 	 1.00000000000000000000 
360 	 1.00000000000000044409 
380 	 1.00000000000000000000 
400 	 1.00000000000000022204 
420 	 1.00000000000000000000 
440 	 1.00000000000000000000 
460 	 1.00000000000000000000 
480 	 1.00000000000000044409 
500 	 1.00000000000000000000 
520 	 1.00000000000000000000 
540 	 1.00000000000000000000 
560 	 0.99999999999999977796 
580 	 1.00000000000000044409 
600 	 1.00000000000000044409 
620 	 1.00000000000000044409 
640 	 1.00000000000000000000 
660 	 1.00000000000000000000 
680 	 0.99999999999999955591 
700 	 1.00000000000000000000 
720 	 0.99999999999999955591 
740 	 1.00000000000000022204 
760 	 1.00000000000000044409 
780 	 1.00000000000000000000 
800 	 1.00000000000000000000 
820 	 1.00000000000000044409 
840 	 1.00000000000000044409 
860 	 1.00000000000000000000 
880 	 0.99999999999999955591 
900 	 0.99999999999999955591 
920 	 1.00000000000000000000 
940 	 1.00000000000000000000 
960 	 0.99999999999999955591 
980 	 1.00000000000000000000 
1000 	 1.00000000000000000000 
1020 	 1.00000000000000000000 
1040 	 1.00000000000000000000 
1060 	 0.99999999999999955591 
1080 	 1.00000000000000000000 
1100 	 1.00000000000000044409 
1120 	 1.00000000000000000000 
1140 	 0.99999999999999977796 
1160 	 1.00000000000000000000 
1180 	 1.00000000000000044409 
1200 	 1.00000000000000044409 
1220 	 1.00000000000000044409 
1240 	 0.99999999999999955591 
1260 	 0.99999999999999977796 
1280 	 1.00000000000000022204 
1300 	 1.00000000000000000000 
1320 	 1.00000000000000022204 
1340 	 0.99999999999999955591 
1360 	 1.00000000000000044409 
1380 	 1.00000000000000044409 
1400 	 1.00000000000000044409 
1420 	 1.00000000000000044409 
1440 	 1.00000000000000044409 
1460 	 1.00000000000000022204 
1480 	 1.00000000000000000000 
1500 	 1.00000000000000022204 
1520 	 1.00000000000000000000 
1540 	 1.00000000000000000000 
1560 	 1.00000000000000000000 
1580 	 0.99999999999999911182 
1600 	 0.99999999999999955591 
1620 	 1.00000000000000044409 
1640 	 1.00000000000000022204 
1660 	 0.99999999999999977796 
1680 	 0.99999999999999955591 
1700 	 1.00000000000000044409 
1720 	 1.00000000000000000000 
1740 	 0.99999999999999955591 
1760 	 1.00000000000000022204 
1780 	 1.00000000000000022204 
1800 	 1.00000000000000022204 
1820 	 1.00000000000000000000 
1840 	 1.00000000000000000000 
1860 	 1.00000000000000044409 
1880 	 1.00000000000000044409 
1900 	 0.99999999999999955591 
1920 	 1.00000000000000133227 
1940 	 0.99999999999999911182 
1960 	 0.99999999999999977796 
1980 	 0.99999999999999911182 
