5 	 0.00000011028447177708 
10 	 0.00000000007912959177 
15 	 0.00000000000130295774 
20 	 0.00000000000007194245 
25 	 0.00000000000000754952 
30 	 0.00000000000000088818 
35 	 0.00000000000000044409 
40 	 0.00000000000000000000 
45 	 0.00000000000000000000 
50 	 0.00000000000000000000 
55 	 0.00000000000000022204 
60 	 0.00000000000000000000 
65 	 0.00000000000000022204 
70 	 0.00000000000000000000 
75 	 0.00000000000000000000 
80 	 0.00000000000000000000 
85 	 0.00000000000000044409 
90 	 0.00000000000000022204 
95 	 0.00000000000000000000 
100 	 0.00000000000000022204 
105 	 0.00000000000000000000 
110 	 0.00000000000000000000 
115 	 0.00000000000000000000 
120 	 0.00000000000000000000 
125 	 0.00000000000000000000 
130 	 0.00000000000000000000 
135 	 0.00000000000000022204 
140 	 0.00000000000000000000 
145 	 0.00000000000000044409 
150 	 0.00000000000000044409 
155 	 0.00000000000000022204 
160 	 0.00000000000000000000 
165 	 0.00000000000000044409 
170 	 0.00000000000000000000 
175 	 0.00000000000000000000 
180 	 0.00000000000000044409 
185 	 0.00000000000000000000 
190 	 0.00000000000000022204 
195 	 0.00000000000000022204 
200 	 0.00000000000000000000 
205 	 0.00000000000000044409 
210 	 0.00000000000000000000 
215 	 0.00000000000000022204 
220 	 0.00000000000000000000 
225 	 0.00000000000000000000 
230 	 0.00000000000000044409 
235 	 0.00000000000000000000 
240 	 0.00000000000000000000 
245 	 0.00000000000000022204 
250 	 0.00000000000000000000 
255 	 0.00000000000000000000 
260 	 0.00000000000000022204 
265 	 0.00000000000000000000 
270 	 0.00000000000000022204 
275 	 0.00000000000000022204 
280 	 0.00000000000000044409 
285 	 0.00000000000000044409 
290 	 0.00000000000000044409 
295 	 0.00000000000000000000 
300 	 0.00000000000000044409 
305 	 0.00000000000000044409 
310 	 0.00000000000000000000 
315 	 0.00000000000000044409 
320 	 0.00000000000000000000 
325 	 0.00000000000000088818 
330 	 0.00000000000000022204 
335 	 0.00000000000000000000 
340 	 0.00000000000000066613 
345 	 0.00000000000000044409 
350 	 0.00000000000000022204 
355 	 0.00000000000000000000 
360 	 0.00000000000000022204 
365 	 0.00000000000000022204 
370 	 0.00000000000000044409 
375 	 0.00000000000000000000 
380 	 0.00000000000000000000 
385 	 0.00000000000000022204 
390 	 0.00000000000000044409 
395 	 0.00000000000000088818 
400 	 0.00000000000000000000 
405 	 0.00000000000000066613 
410 	 0.00000000000000044409 
415 	 0.00000000000000044409 
420 	 0.00000000000000044409 
425 	 0.00000000000000066613 
430 	 0.00000000000000000000 
435 	 0.00000000000000088818 
440 	 0.00000000000000088818 
445 	 0.00000000000000000000 
450 	 0.00000000000000066613 
455 	 0.00000000000000044409 
460 	 0.00000000000000022204 
465 	 0.00000000000000044409 
470 	 0.00000000000000044409 
475 	 0.00000000000000000000 
480 	 0.00000000000000133227 
485 	 0.00000000000000088818 
490 	 0.00000000000000022204 
495 	 0.00000000000000044409 
500 	 0.00000000000000022204 
505 	 0.00000000000000044409 
510 	 0.00000000000000022204 
515 	 0.00000000000000088818 
520 	 0.00000000000000000000 
525 	 0.00000000000000066613 
530 	 0.00000000000000111022 
535 	 0.00000000000000066613 
540 	 0.00000000000000000000 
545 	 0.00000000000000022204 
550 	 0.00000000000000044409 
555 	 0.00000000000000044409 
560 	 0.00000000000000022204 
565 	 0.00000000000000022204 
570 	 0.00000000000000044409 
575 	 0.00000000000000066613 
580 	 0.00000000000000022204 
585 	 0.00000000000000000000 
590 	 0.00000000000000044409 
595 	 0.00000000000000044409 
600 	 0.00000000000000000000 
605 	 0.00000000000000022204 
610 	 0.00000000000000044409 
615 	 0.00000000000000000000 
620 	 0.00000000000000066613 
625 	 0.00000000000000044409 
630 	 0.00000000000000000000 
635 	 0.00000000000000066613 
640 	 0.00000000000000000000 
645 	 0.00000000000000044409 
650 	 0.00000000000000111022 
655 	 0.00000000000000022204 
660 	 0.00000000000000000000 
665 	 0.00000000000000000000 
670 	 0.00000000000000066613 
675 	 0.00000000000000044409 
680 	 0.00000000000000000000 
685 	 0.00000000000000088818 
690 	 0.00000000000000044409 
695 	 0.00000000000000044409 
700 	 0.00000000000000044409 
705 	 0.00000000000000044409 
710 	 0.00000000000000000000 
715 	 0.00000000000000044409 
720 	 0.00000000000000088818 
725 	 0.00000000000000000000 
730 	 0.00000000000000022204 
735 	 0.00000000000000066613 
740 	 0.00000000000000044409 
745 	 0.00000000000000000000 
750 	 0.00000000000000044409 
755 	 0.00000000000000044409 
760 	 0.00000000000000044409 
765 	 0.00000000000000000000 
770 	 0.00000000000000044409 
775 	 0.00000000000000044409 
780 	 0.00000000000000044409 
785 	 0.00000000000000066613 
790 	 0.00000000000000066613 
795 	 0.00000000000000088818 
800 	 0.00000000000000088818 
805 	 0.00000000000000044409 
810 	 0.00000000000000000000 
815 	 0.00000000000000000000 
820 	 0.00000000000000044409 
825 	 0.00000000000000000000 
830 	 0.00000000000000000000 
835 	 0.00000000000000088818 
840 	 0.00000000000000088818 
845 	 0.00000000000000000000 
850 	 0.00000000000000000000 
855 	 0.00000000000000044409 
860 	 0.00000000000000022204 
865 	 0.00000000000000111022 
870 	 0.00000000000000000000 
875 	 0.00000000000000022204 
880 	 0.00000000000000044409 
885 	 0.00000000000000133227 
890 	 0.00000000000000044409 
895 	 0.00000000000000044409 
900 	 0.00000000000000022204 
905 	 0.00000000000000044409 
910 	 0.00000000000000044409 
915 	 0.00000000000000044409 
920 	 0.00000000000000044409 
925 	 0.00000000000000022204 
930 	 0.00000000000000000000 
935 	 0.00000000000000088818 
940 	 0.00000000000000044409 
945 	 0.00000000000000044409 
950 	 0.00000000000000000000 
955 	 0.00000000000000000000 
960 	 0.00000000000000133227 
965 	 0.00000000000000044409 
970 	 0.00000000000000066613 
975 	 0.00000000000000000000 
980 	 0.00000000000000111022 
985 	 0.00000000000000022204 
990 	 0.00000000000000111022 
995 	 0.00000000000000000000 
1000 	 0.00000000000000022204 
1005 	 0.00000000000000022204 
1010 	 0.00000000000000066613 
1015 	 0.00000000000000000000 
1020 	 0.00000000000000044409 
1025 	 0.00000000000000022204 
1030 	 0.00000000000000022204 
1035 	 0.00000000000000111022 
1040 	 0.00000000000000044409 
1045 	 0.00000000000000000000 
1050 	 0.00000000000000111022 
1055 	 0.00000000000000088818 
1060 	 0.00000000000000044409 
1065 	 0.00000000000000088818 
1070 	 0.00000000000000044409 
1075 	 0.00000000000000000000 
1080 	 0.00000000000000066613 
1085 	 0.00000000000000044409 
1090 	 0.00000000000000022204 
1095 	 0.00000000000000044409 
1100 	 0.00000000000000066613 
1105 	 0.00000000000000044409 
1110 	 0.00000000000000044409 
1115 	 0.00000000000000088818 
1120 	 0.00000000000000044409 
1125 	 0.00000000000000155431 
1130 	 0.00000000000000088818 
1135 	 0.00000000000000000000 
1140 	 0.00000000000000022204 
1145 	 0.00000000000000088818 
1150 	 0.00000000000000000000 
1155 	 0.00000000000000044409 
1160 	 0.00000000000000133227 
1165 	 0.00000000000000088818 
1170 	 0.00000000000000088818 
1175 	 0.00000000000000000000 
1180 	 0.00000000000000044409 
1185 	 0.00000000000000000000 
1190 	 0.00000000000000044409 
1195 	 0.00000000000000177636 
1200 	 0.00000000000000044409 
1205 	 0.00000000000000000000 
1210 	 0.00000000000000088818 
1215 	 0.00000000000000088818 
1220 	 0.00000000000000066613 
1225 	 0.00000000000000088818 
1230 	 0.00000000000000199840 
1235 	 0.00000000000000000000 
1240 	 0.00000000000000044409 
1245 	 0.00000000000000088818 
1250 	 0.00000000000000044409 
1255 	 0.00000000000000066613 
1260 	 0.00000000000000044409 
1265 	 0.00000000000000088818 
1270 	 0.00000000000000000000 
1275 	 0.00000000000000088818 
1280 	 0.00000000000000066613 
1285 	 0.00000000000000022204 
1290 	 0.00000000000000155431 
1295 	 0.00000000000000044409 
1300 	 0.00000000000000088818 
1305 	 0.00000000000000022204 
1310 	 0.00000000000000066613 
1315 	 0.00000000000000022204 
1320 	 0.00000000000000066613 
1325 	 0.00000000000000066613 
1330 	 0.00000000000000066613 
1335 	 0.00000000000000044409 
1340 	 0.00000000000000088818 
1345 	 0.00000000000000044409 
1350 	 0.00000000000000222045 
1355 	 0.00000000000000000000 
1360 	 0.00000000000000088818 
1365 	 0.00000000000000044409 
1370 	 0.00000000000000088818 
1375 	 0.00000000000000044409 
1380 	 0.00000000000000044409 
1385 	 0.00000000000000000000 
1390 	 0.00000000000000133227 
1395 	 0.00000000000000155431 
1400 	 0.00000000000000000000 
1405 	 0.00000000000000000000 
1410 	 0.00000000000000000000 
1415 	 0.00000000000000044409 
1420 	 0.00000000000000088818 
1425 	 0.00000000000000044409 
1430 	 0.00000000000000088818 
1435 	 0.00000000000000044409 
1440 	 0.00000000000000133227 
1445 	 0.00000000000000022204 
1450 	 0.00000000000000044409 
1455 	 0.00000000000000044409 
1460 	 0.00000000000000000000 
1465 	 0.00000000000000066613 
1470 	 0.00000000000000044409 
1475 	 0.00000000000000133227 
1480 	 0.00000000000000000000 
1485 	 0.00000000000000111022 
1490 	 0.00000000000000088818 
1495 	 0.00000000000000199840 
1500 	 0.00000000000000000000 
1505 	 0.00000000000000111022 
1510 	 0.00000000000000000000 
1515 	 0.00000000000000000000 
1520 	 0.00000000000000088818 
1525 	 0.00000000000000022204 
1530 	 0.00000000000000022204 
1535 	 0.00000000000000111022 
1540 	 0.00000000000000177636 
1545 	 0.00000000000000044409 
1550 	 0.00000000000000155431 
1555 	 0.00000000000000133227 
1560 	 0.00000000000000066613 
1565 	 0.00000000000000044409 
1570 	 0.00000000000000022204 
1575 	 0.00000000000000088818 
1580 	 0.00000000000000000000 
1585 	 0.00000000000000044409 
1590 	 0.00000000000000000000 
1595 	 0.00000000000000066613 
1600 	 0.00000000000000044409 
1605 	 0.00000000000000044409 
1610 	 0.00000000000000044409 
1615 	 0.00000000000000088818 
1620 	 0.00000000000000044409 
1625 	 0.00000000000000133227 
1630 	 0.00000000000000088818 
1635 	 0.00000000000000088818 
1640 	 0.00000000000000044409 
1645 	 0.00000000000000066613 
1650 	 0.00000000000000000000 
1655 	 0.00000000000000022204 
1660 	 0.00000000000000066613 
1665 	 0.00000000000000088818 
1670 	 0.00000000000000111022 
1675 	 0.00000000000000000000 
1680 	 0.00000000000000044409 
1685 	 0.00000000000000133227 
1690 	 0.00000000000000133227 
1695 	 0.00000000000000000000 
1700 	 0.00000000000000066613 
1705 	 0.00000000000000022204 
1710 	 0.00000000000000044409 
1715 	 0.00000000000000155431 
1720 	 0.00000000000000266454 
1725 	 0.00000000000000022204 
1730 	 0.00000000000000022204 
1735 	 0.00000000000000088818 
1740 	 0.00000000000000066613 
1745 	 0.00000000000000111022 
1750 	 0.00000000000000022204 
1755 	 0.00000000000000111022 
1760 	 0.00000000000000000000 
1765 	 0.00000000000000088818 
1770 	 0.00000000000000177636 
1775 	 0.00000000000000088818 
1780 	 0.00000000000000022204 
1785 	 0.00000000000000133227 
1790 	 0.00000000000000088818 
1795 	 0.00000000000000044409 
1800 	 0.00000000000000000000 
1805 	 0.00000000000000133227 
1810 	 0.00000000000000022204 
1815 	 0.00000000000000044409 
1820 	 0.00000000000000044409 
1825 	 0.00000000000000111022 
1830 	 0.00000000000000044409 
1835 	 0.00000000000000177636 
1840 	 0.00000000000000022204 
1845 	 0.00000000000000199840 
1850 	 0.00000000000000022204 
1855 	 0.00000000000000044409 
1860 	 0.00000000000000088818 
1865 	 0.00000000000000066613 
1870 	 0.00000000000000133227 
1875 	 0.00000000000000022204 
1880 	 0.00000000000000022204 
1885 	 0.00000000000000199840 
1890 	 0.00000000000000088818 
1895 	 0.00000000000000000000 
1900 	 0.00000000000000000000 
1905 	 0.00000000000000044409 
1910 	 0.00000000000000177636 
1915 	 0.00000000000000044409 
1920 	 0.00000000000000044409 
1925 	 0.00000000000000088818 
1930 	 0.00000000000000088818 
1935 	 0.00000000000000000000 
1940 	 0.00000000000000044409 
1945 	 0.00000000000000111022 
1950 	 0.00000000000000133227 
1955 	 0.00000000000000000000 
1960 	 0.00000000000000000000 
1965 	 0.00000000000000066613 
1970 	 0.00000000000000044409 
1975 	 0.00000000000000044409 
1980 	 0.00000000000000044409 
1985 	 0.00000000000000022204 
1990 	 0.00000000000000199840 
1995 	 0.00000000000000133227 
