10 	 1.00000000003956479588 
20 	 1.00000000000003597123 
30 	 1.00000000000000044409 
40 	 1.00000000000000000000 
50 	 1.00000000000000000000 
60 	 1.00000000000000000000 
70 	 1.00000000000000000000 
80 	 1.00000000000000000000 
90 	 1.00000000000000000000 
100 	 1.00000000000000000000 
110 	 1.00000000000000000000 
120 	 1.00000000000000000000 
130 	 1.00000000000000000000 
140 	 1.00000000000000000000 
150 	 1.00000000000000022204 
160 	 1.00000000000000000000 
170 	 0.99999999999999977796 
180 	 1.00000000000000022204 
190 	 1.00000000000000000000 
200 	 1.00000000000000000000 
210 	 1.00000000000000000000 
220 	 1.00000000000000000000 
230 	 0.99999999999999977796 
240 	 1.00000000000000000000 
250 	 1.00000000000000000000 
260 	 1.00000000000000000000 
270 	 1.00000000000000000000 
280 	 0.99999999999999977796 
290 	 1.00000000000000000000 
300 	 1.00000000000000000000 
310 	 1.00000000000000000000 
320 	 1.00000000000000000000 
330 	 1.00000000000000000000 
340 	 0.99999999999999955591 
350 	 1.00000000000000000000 
360 	 0.99999999999999955591 
370 	 1.00000000000000022204 
380 	 1.00000000000000000000 
390 	 1.00000000000000000000 
400 	 1.00000000000000000000 
410 	 1.00000000000000044409 
420 	 1.00000000000000022204 
430 	 1.00000000000000000000 
440 	 0.99999999999999955591 
450 	 0.99999999999999955591 
460 	 1.00000000000000000000 
470 	 1.00000000000000000000 
480 	 0.99999999999999911182 
490 	 1.00000000000000000000 
500 	 1.00000000000000000000 
510 	 1.00000000000000000000 
520 	 1.00000000000000000000 
530 	 0.99999999999999955591 
540 	 1.00000000000000000000 
550 	 1.00000000000000044409 
560 	 1.00000000000000000000 
570 	 1.00000000000000022204 
580 	 0.99999999999999955591 
590 	 1.00000000000000022204 
600 	 0.99999999999999977796 
610 	 1.00000000000000044409 
620 	 0.99999999999999955591 
630 	 0.99999999999999977796 
640 	 1.00000000000000000000 
650 	 1.00000000000000000000 
660 	 1.00000000000000000000 
670 	 0.99999999999999955591 
680 	 1.00000000000000044409 
690 	 1.00000000000000044409 
700 	 1.00000000000000044409 
710 	 1.00000000000000000000 
720 	 1.00000000000000044409 
730 	 1.00000000000000000000 
740 	 1.00000000000000000000 
750 	 1.00000000000000022204 
760 	 0.99999999999999977796 
770 	 1.00000000000000000000 
780 	 0.99999999999999977796 
790 	 0.99999999999999911182 
800 	 0.99999999999999955591 
810 	 1.00000000000000044409 
820 	 1.00000000000000000000 
830 	 0.99999999999999977796 
840 	 0.99999999999999933387 
850 	 1.00000000000000044409 
860 	 1.00000000000000000000 
870 	 0.99999999999999977796 
880 	 1.00000000000000000000 
890 	 1.00000000000000022204 
900 	 1.00000000000000044409 
910 	 0.99999999999999977796 
920 	 1.00000000000000000000 
930 	 1.00000000000000044409 
940 	 1.00000000000000044409 
950 	 1.00000000000000000000 
960 	 1.00000000000000133227 
970 	 0.99999999999999955591 
980 	 0.99999999999999955591 
990 	 0.99999999999999955591 
1000 	 1.00000000000000000000 
1010 	 0.99999999999999955591 
1020 	 1.00000000000000000000 
1030 	 0.99999999999999955591 
1040 	 0.99999999999999977796 
1050 	 0.99999999999999977796 
1060 	 1.00000000000000088818 
1070 	 1.00000000000000000000 
1080 	 0.99999999999999955591 
1090 	 1.00000000000000000000 
1100 	 0.99999999999999955591 
1110 	 1.00000000000000000000 
1120 	 1.00000000000000044409 
1130 	 0.99999999999999955591 
1140 	 1.00000000000000000000 
1150 	 1.00000000000000044409 
1160 	 1.00000000000000088818 
1170 	 1.00000000000000044409 
1180 	 1.00000000000000000000 
1190 	 1.00000000000000022204 
1200 	 1.00000000000000000000 
1210 	 1.00000000000000044409 
1220 	 0.99999999999999955591 
1230 	 0.99999999999999911182 
1240 	 1.00000000000000044409 
1250 	 1.00000000000000000000 
1260 	 0.99999999999999977796 
1270 	 1.00000000000000044409 
1280 	 0.99999999999999955591 
1290 	 0.99999999999999866773 
1300 	 1.00000000000000088818 
1310 	 0.99999999999999977796 
1320 	 0.99999999999999955591 
1330 	 0.99999999999999955591 
1340 	 1.00000000000000088818 
1350 	 1.00000000000000088818 
1360 	 0.99999999999999955591 
1370 	 1.00000000000000022204 
1380 	 1.00000000000000000000 
1390 	 1.00000000000000066613 
1400 	 0.99999999999999977796 
1410 	 0.99999999999999977796 
1420 	 1.00000000000000022204 
1430 	 1.00000000000000088818 
1440 	 0.99999999999999911182 
1450 	 0.99999999999999977796 
1460 	 1.00000000000000000000 
1470 	 1.00000000000000044409 
1480 	 1.00000000000000000000 
1490 	 1.00000000000000044409 
1500 	 0.99999999999999977796 
1510 	 1.00000000000000044409 
1520 	 1.00000000000000066613 
1530 	 0.99999999999999955591 
1540 	 1.00000000000000111022 
1550 	 0.99999999999999933387 
1560 	 1.00000000000000000000 
1570 	 1.00000000000000022204 
1580 	 1.00000000000000044409 
1590 	 0.99999999999999955591 
1600 	 1.00000000000000022204 
1610 	 1.00000000000000000000 
1620 	 1.00000000000000022204 
1630 	 1.00000000000000044409 
1640 	 1.00000000000000000000 
1650 	 0.99999999999999977796 
1660 	 0.99999999999999955591 
1670 	 0.99999999999999911182 
1680 	 1.00000000000000000000 
1690 	 1.00000000000000088818 
1700 	 0.99999999999999955591 
1710 	 1.00000000000000000000 
1720 	 1.00000000000000133227 
1730 	 1.00000000000000044409 
1740 	 0.99999999999999955591 
1750 	 1.00000000000000000000 
1760 	 1.00000000000000022204 
1770 	 1.00000000000000155431 
1780 	 0.99999999999999955591 
1790 	 1.00000000000000044409 
1800 	 1.00000000000000000000 
1810 	 0.99999999999999955591 
1820 	 1.00000000000000000000 
1830 	 1.00000000000000044409 
1840 	 1.00000000000000000000 
1850 	 1.00000000000000000000 
1860 	 1.00000000000000044409 
1870 	 1.00000000000000022204 
1880 	 0.99999999999999955591 
1890 	 1.00000000000000044409 
1900 	 1.00000000000000022204 
1910 	 1.00000000000000088818 
1920 	 0.99999999999999955591 
1930 	 1.00000000000000022204 
1940 	 1.00000000000000088818 
1950 	 1.00000000000000066613 
1960 	 1.00000000000000044409 
1970 	 1.00000000000000044409 
1980 	 1.00000000000000088818 
1990 	 0.99999999999999911182 
