5 	 0.06623440190719498410 
6 	 0.04590276668629345025 
7 	 0.03368332123410788803 
8 	 0.02576839805444919307 
9 	 0.02034918878351676952 
10 	 0.01647646249054535161 
11 	 0.01361301341834275647 
12 	 0.01143622341568417689 
13 	 0.00974282465222597871 
14 	 0.00839957264492507960 
15 	 0.00731616846923088815 
16 	 0.00642965622766045186 
17 	 0.00569505569053530003 
18 	 0.00507953641654856902 
19 	 0.00455868167980488792 
20 	 0.00411402729128540479 
21 	 0.00373140126053672638 
22 	 0.00339977973072924655 
23 	 0.00311048353323384319 
24 	 0.00285660419605093807 
25 	 0.00263258745436956154 
26 	 0.00243392673595810294 
27 	 0.00225693464145781952 
28 	 0.00209857053432283003 
29 	 0.00195630902944587959 
30 	 0.00182803865634584284 
31 	 0.00171198303582831279 
32 	 0.00160663902985525020 
33 	 0.00151072781239802723 
34 	 0.00142315586581553966 
35 	 0.00134298366654750367 
36 	 0.00126940037515410609 
37 	 0.00120170325002910694 
38 	 0.00113928080344805061 
39 	 0.00108159894213621932 
40 	 0.00102818950293404043 
41 	 0.00097864072191944373 
42 	 0.00093258927311046236 
43 	 0.00088971358812717227 
44 	 0.00084972822656470548 
45 	 0.00081237911234977034 
46 	 0.00077743948713537847 
47 	 0.00074470645996371765 
48 	 0.00071399805486649370 
49 	 0.00068515067593777346 
50 	 0.00065801692373868015 
51 	 0.00063246370848846212 
52 	 0.00060837061479723786 
53 	 0.00058562848034560133 
54 	 0.00056413815709799309 
55 	 0.00054380942875975613 
56 	 0.00052456006232781682 
57 	 0.00050631497510944534 
58 	 0.00048900550140151822 
59 	 0.00047256874543655236 
60 	 0.00045694700919218789 
61 	 0.00044208728531813790 
62 	 0.00042794080686281433 
63 	 0.00041446264661892940 
64 	 0.00040161135996252817 
65 	 0.00038934866584705574 
66 	 0.00037763916138766618 
67 	 0.00036645006603097663 
68 	 0.00035575099187568071 
69 	 0.00034551373711888544 
70 	 0.00033571210001426266 
71 	 0.00032632171104318708 
72 	 0.00031731988128558264 
73 	 0.00030868546523632467 
74 	 0.00030039873650400395 
75 	 0.00029244127504246542 
76 	 0.00028479586469254414 
77 	 0.00027744639998195098 
78 	 0.00027037780123739807 
79 	 0.00026357593716452854 
80 	 0.00025702755416467937 
81 	 0.00025072021172345416 
82 	 0.00024464222327535978 
83 	 0.00023878260203513690 
84 	 0.00023313101130173486 
85 	 0.00022767771885057186 
86 	 0.00022241355499708071 
87 	 0.00021732987402733883 
88 	 0.00021241851867470629 
89 	 0.00020767178737401970 
90 	 0.00020308240405686462 
91 	 0.00019864349023901440 
92 	 0.00019434853924527040 
93 	 0.00019019139233811266 
94 	 0.00018616621663780641 
95 	 0.00018226748464056364 
96 	 0.00017848995524039069 
97 	 0.00017482865609808051 
98 	 0.00017127886727363872 
99 	 0.00016783610600801246 
100 	 0.00016449611255642260 
101 	 0.00016125483701534549 
102 	 0.00015810842703012362 
103 	 0.00015505321634945446 
104 	 0.00015208571413660721 
105 	 0.00014920259499673350 
106 	 0.00014640068965388053 
107 	 0.00014367697623485221 
108 	 0.00014102857212394682 
109 	 0.00013845272633195016 
110 	 0.00013594681234185835 
111 	 0.00013350832141956204 
112 	 0.00013113485632887389 
113 	 0.00012882412543491206 
114 	 0.00012657393717607768 
115 	 0.00012438219485799706 
116 	 0.00012224689177764425 
117 	 0.00012016610661746974 
118 	 0.00011813799912840928 
119 	 0.00011616080606091650 
120 	 0.00011423283732536760 
121 	 0.00011235247238405854 
122 	 0.00011051815684326449 
123 	 0.00010872839923647959 
124 	 0.00010698176799817105 
125 	 0.00010527688859363060 
126 	 0.00010361244082246479 
127 	 0.00010198715624842869 
128 	 0.00010039981579734736 
129 	 0.00009884924745939827 
130 	 0.00009733432412839527 
131 	 0.00009585396155631365 
132 	 0.00009440711640529287 
133 	 0.00009299278441998737 
134 	 0.00009160999867141584 
135 	 0.00009025782791227677 
136 	 0.00008893537500953563 
137 	 0.00008764177544984264 
138 	 0.00008637619592599677 
139 	 0.00008513783300578837 
140 	 0.00008392591184502862 
141 	 0.00008273968497762851 
142 	 0.00008157843116451957 
143 	 0.00008044145429964011 
144 	 0.00007932808236077449 
145 	 0.00007823766641990026 
146 	 0.00007716957969439164 
147 	 0.00007612321665262378 
148 	 0.00007509799214777679 
149 	 0.00007409334060293205 
150 	 0.00007310871523502627 
151 	 0.00007214358730101011 
152 	 0.00007119744539485495 
153 	 0.00007026979477187112 
154 	 0.00006936015669434248 
155 	 0.00006846806782134784 
156 	 0.00006759307961523575 
157 	 0.00006673475777030369 
158 	 0.00006589268169387985 
159 	 0.00006506644396520045 
160 	 0.00006425564986334287 
161 	 0.00006345991688783137 
162 	 0.00006267887429989294 
163 	 0.00006191216270967637 
164 	 0.00006115943364082277 
165 	 0.00006042034914965910 
166 	 0.00005969458144328144 
167 	 0.00005898181250607593 
168 	 0.00005828173376709600 
169 	 0.00005759404575145233 
170 	 0.00005691845777100468 
171 	 0.00005625468760994679 
172 	 0.00005560246123303969 
173 	 0.00005496151250183878 
174 	 0.00005433158290668594 
175 	 0.00005371242129781351 
176 	 0.00005310378364176138 
177 	 0.00005250543278334519 
178 	 0.00005191713820429378 
179 	 0.00005133867581252893 
180 	 0.00005076982772167504 
181 	 0.00005021038204366945 
182 	 0.00004966013270224501 
183 	 0.00004911887923264580 
184 	 0.00004858642660199308 
185 	 0.00004806258503564642 
186 	 0.00004754716984889384 
187 	 0.00004704000127575547 
188 	 0.00004654090432687497 
189 	 0.00004604970862254198 
190 	 0.00004556624826057565 
191 	 0.00004509036166600033 
192 	 0.00004462189146225981 
193 	 0.00004416068433976683 
194 	 0.00004370659093155815 
195 	 0.00004325946568739525 
196 	 0.00004281916676096564 
197 	 0.00004238555590174720 
198 	 0.00004195849833510401 
199 	 0.00004153786266813952 
200 	 0.00004112352078555759 
201 	 0.00004071534774618968 
202 	 0.00004031322169617546 
203 	 0.00003991702378103312 
204 	 0.00003952663804085432 
205 	 0.00003914195134946397 
206 	 0.00003876285331116947 
207 	 0.00003838923619148282 
208 	 0.00003802099484762067 
209 	 0.00003765802663258100 
210 	 0.00003730023135029015 
211 	 0.00003694751116278816 
212 	 0.00003659977054271124 
213 	 0.00003625691619646432 
214 	 0.00003591885700249264 
215 	 0.00003558550395732496 
216 	 0.00003525677011184669 
217 	 0.00003493257051578880 
218 	 0.00003461282216266071 
219 	 0.00003429744393468326 
220 	 0.00003398635655660343 
221 	 0.00003367948254195952 
222 	 0.00003337674614622976 
223 	 0.00003307807331576207 
224 	 0.00003278339165180277 
225 	 0.00003249263035409733 
226 	 0.00003220572019158041 
227 	 0.00003192259345041748 
228 	 0.00003164318390180831 
229 	 0.00003136742675735604 
230 	 0.00003109525863687068 
231 	 0.00003082661752307203 
232 	 0.00003056144273827499 
233 	 0.00003029967490553176 
234 	 0.00003004125590688744 
235 	 0.00002978612886250787 
236 	 0.00002953423809626265 
237 	 0.00002928552910264060 
238 	 0.00002903994851588543 
239 	 0.00002879744408690321 
240 	 0.00002855796465972560 
241 	 0.00002832146012554659 
242 	 0.00002808788141406282 
243 	 0.00002785718046438568 
244 	 0.00002762931019284487 
245 	 0.00002740422448388458 
246 	 0.00002718187814987338 
247 	 0.00002696222691844774 
248 	 0.00002674522740497842 
249 	 0.00002653083709902582 
250 	 0.00002631901433947093 
251 	 0.00002610971828498343 
252 	 0.00002590290891402169 
253 	 0.00002569854698619700 
254 	 0.00002549659403627835 
255 	 0.00002529701234954551 
256 	 0.00002509976494780020 
257 	 0.00002490481556938207 
258 	 0.00002471212865429173 
259 	 0.00002452166933175626 
260 	 0.00002433340339602630 
261 	 0.00002414729729349752 
262 	 0.00002396331811427288 
263 	 0.00002378143357217866 
264 	 0.00002360161198877719 
265 	 0.00002342382228448514 
266 	 0.00002324803396347441 
267 	 0.00002307421709391022 
268 	 0.00002290234231083765 
269 	 0.00002273238078775996 
270 	 0.00002256430423175360 
271 	 0.00002239808487303208 
272 	 0.00002223369545117926 
273 	 0.00002207110919782984 
274 	 0.00002191029984155435 
275 	 0.00002175124158498853 
276 	 0.00002159390909217684 
277 	 0.00002143827748746219 
278 	 0.00002128432234194122 
279 	 0.00002113201966769118 
280 	 0.00002098134589334499 
281 	 0.00002083227787874620 
282 	 0.00002068479288430680 
283 	 0.00002053886857522613 
284 	 0.00002039448300883429 
285 	 0.00002025161462704261 
286 	 0.00002011024224746194 
287 	 0.00001997034505518691 
288 	 0.00001983190259768897 
289 	 0.00001969489477615660 
290 	 0.00001955930183439314 
291 	 0.00001942510435837264 
292 	 0.00001929228326491561 
293 	 0.00001916081979658202 
294 	 0.00001903069551190129 
295 	 0.00001890189228492822 
296 	 0.00001877439229280853 
297 	 0.00001864817801244811 
298 	 0.00001852323221696039 
299 	 0.00001839953796434202 
300 	 0.00001827707859236583 
301 	 0.00001815583772035723 
302 	 0.00001803579923653764 
303 	 0.00001791694729269544 
304 	 0.00001779926630263162 
305 	 0.00001768274093549849 
306 	 0.00001756735610825011 
307 	 0.00001745309698542030 
308 	 0.00001733994897112900 
309 	 0.00001722789770508548 
310 	 0.00001711692905770335 
311 	 0.00001700702912943441 
312 	 0.00001689818423877831 
313 	 0.00001679038092405882 
314 	 0.00001668360593809481 
315 	 0.00001657784624731207 
316 	 0.00001647308901264743 
317 	 0.00001636932161175331 
318 	 0.00001626653161057590 
319 	 0.00001616470677112680 
320 	 0.00001606383505170506 
321 	 0.00001596390459046582 
322 	 0.00001586490371141558 
323 	 0.00001576682092507831 
324 	 0.00001566964491317435 
325 	 0.00001557336453039682 
326 	 0.00001547796880707608 
327 	 0.00001538344693341465 
328 	 0.00001528978827569638 
329 	 0.00001519698235141753 
330 	 0.00001510501883950077 
331 	 0.00001501388757430000 
332 	 0.00001492357854671056 
333 	 0.00001483408189328905 
334 	 0.00001474538789891788 
335 	 0.00001465748699414071 
336 	 0.00001457036975249792 
337 	 0.00001448402688497552 
338 	 0.00001439844924266964 
339 	 0.00001431362780746070 
340 	 0.00001422955369845269 
341 	 0.00001414621815998274 
342 	 0.00001406361256561794 
343 	 0.00001398172841837741 
344 	 0.00001390055734140638 
345 	 0.00001382009107353532 
346 	 0.00001374032148593329 
347 	 0.00001366124055657281 
348 	 0.00001358284037800139 
349 	 0.00001350511316200453 
350 	 0.00001342805123161206 
351 	 0.00001335164700844160 
352 	 0.00001327589303468102 
353 	 0.00001320078195266028 
354 	 0.00001312630650618374 
355 	 0.00001305245954252854 
356 	 0.00001297923401399892 
357 	 0.00001290662296238310 
358 	 0.00001283461953494047 
359 	 0.00001276321696952465 
360 	 0.00001269240859991250 
361 	 0.00001262218785291758 
362 	 0.00001255254823995244 
363 	 0.00001248348336990723 
364 	 0.00001241498693849152 
365 	 0.00001234705271468961 
366 	 0.00001227967457162471 
367 	 0.00001221284645258613 
368 	 0.00001214656238857081 
369 	 0.00001208081649095583 
370 	 0.00001201560294550319 
371 	 0.00001195091602679277 
372 	 0.00001188675007446349 
373 	 0.00001182309951053284 
374 	 0.00001175995883051506 
375 	 0.00001169732260319911 
376 	 0.00001163518546820619 
377 	 0.00001157354214087469 
378 	 0.00001151238739449667 
379 	 0.00001145171608785134 
380 	 0.00001139152313545111 
381 	 0.00001133180352108631 
382 	 0.00001127255229538271 
383 	 0.00001121376457491330 
384 	 0.00001115543553242837 
385 	 0.00001109756041284271 
386 	 0.00001104013452080110 
387 	 0.00001098315321268473 
388 	 0.00001092661191459676 
389 	 0.00001087050610926177 
390 	 0.00001081483133336114 
391 	 0.00001075958318530468 
392 	 0.00001070475731457243 
393 	 0.00001065034942882015 
394 	 0.00001059635529077063 
395 	 0.00001054277071554921 
396 	 0.00001048959157357032 
397 	 0.00001043681378365413 
398 	 0.00001038443331635719 
399 	 0.00001033244619375040 
400 	 0.00001028084848697652 
401 	 0.00001022963631736040 
402 	 0.00001017880585330033 
403 	 0.00001012835331071216 
404 	 0.00001007827495236313 
405 	 0.00001002856708698374 
406 	 0.00000997922606904567 
407 	 0.00000993024829831768 
408 	 0.00000988163021697908 
409 	 0.00000983336831095194 
410 	 0.00000978545910945705 
411 	 0.00000973789918790047 
412 	 0.00000969068515543903 
413 	 0.00000964381366475031 
414 	 0.00000959728141425309 
415 	 0.00000955108513855940 
416 	 0.00000950522160647616 
417 	 0.00000945968763343963 
418 	 0.00000941448006819279 
419 	 0.00000936959579989072 
420 	 0.00000932503175077315 
421 	 0.00000928078488149353 
422 	 0.00000923685219578196 
423 	 0.00000919323071801870 
424 	 0.00000914991751899130 
425 	 0.00000910690970079564 
426 	 0.00000906420440083266 
427 	 0.00000902179878536913 
428 	 0.00000897969005997368 
429 	 0.00000893787545819258 
430 	 0.00000889635224510243 
431 	 0.00000885511772352743 
432 	 0.00000881416922182687 
433 	 0.00000877350409833610 
434 	 0.00000873311974913804 
435 	 0.00000869301359118779 
436 	 0.00000865318307696761 
437 	 0.00000861362568560509 
438 	 0.00000857433892642590 
439 	 0.00000853532033828763 
440 	 0.00000849656748247440 
441 	 0.00000845807795246678 
442 	 0.00000841984936839069 
443 	 0.00000838187937568513 
444 	 0.00000834416565154150 
445 	 0.00000830670588669591 
446 	 0.00000826949781540520 
447 	 0.00000823253918014188 
448 	 0.00000819582776179217 
449 	 0.00000815936135856177 
450 	 0.00000812313779219309 
451 	 0.00000808715491551482 
452 	 0.00000805141059934122 
453 	 0.00000801590273979969 
454 	 0.00000798062925344567 
455 	 0.00000794558808725476 
456 	 0.00000791077720263544 
457 	 0.00000787619458408884 
458 	 0.00000784183824098506 
459 	 0.00000780770620578686 
460 	 0.00000777379652983079 
461 	 0.00000774010728288310 
462 	 0.00000770663656157744 
463 	 0.00000767338248208738 
464 	 0.00000764034317346507 
465 	 0.00000760751679274030 
466 	 0.00000757490151093165 
467 	 0.00000754249552992192 
468 	 0.00000751029705492456 
469 	 0.00000747830432223928 
470 	 0.00000744651558037823 
471 	 0.00000741492910316666 
472 	 0.00000738354316887069 
473 	 0.00000735235609305995 
474 	 0.00000732136619574497 
475 	 0.00000729057181692028 
476 	 0.00000725997131789669 
477 	 0.00000722956306997702 
478 	 0.00000719934547266377 
479 	 0.00000716931693234280 
480 	 0.00000713947587338559 
481 	 0.00000710982074214606 
482 	 0.00000708034999075124 
483 	 0.00000705106210174833 
484 	 0.00000702195556057106 
485 	 0.00000699302887530173 
486 	 0.00000696428056690124 
487 	 0.00000693570916765474 
488 	 0.00000690731323671478 
489 	 0.00000687909133323394 
490 	 0.00000685104204145581 
491 	 0.00000682316395250737 
492 	 0.00000679545568416096 
493 	 0.00000676791585307868 
494 	 0.00000674054309701688 
495 	 0.00000671333607260571 
496 	 0.00000668629343958393 
497 	 0.00000665941387700819 
498 	 0.00000663269607836803 
499 	 0.00000660613874403637 
500 	 0.00000657974059703470 
501 	 0.00000655350036371516 
502 	 0.00000652741678885960 
503 	 0.00000650148862657574 
504 	 0.00000647571464651442 
505 	 0.00000645009362920668 
506 	 0.00000642462436428737 
507 	 0.00000639930565560221 
508 	 0.00000637413632009753 
509 	 0.00000634911518471171 
510 	 0.00000632424108881757 
511 	 0.00000629951288266817 
512 	 0.00000627492942451013 
513 	 0.00000625048959079777 
514 	 0.00000622619226353649 
515 	 0.00000620203633672212 
516 	 0.00000617802071256612 
517 	 0.00000615414431126560 
518 	 0.00000613040605834669 
519 	 0.00000610680488732918 
520 	 0.00000608333974683184 
521 	 0.00000606000959213482 
522 	 0.00000603681339095274 
523 	 0.00000601375011988203 
524 	 0.00000599081876329066 
525 	 0.00000596801831664884 
526 	 0.00000594534778852740 
527 	 0.00000592280619216012 
528 	 0.00000590039255254915 
529 	 0.00000587810590135796 
530 	 0.00000585594528446087 
531 	 0.00000583390975017473 
532 	 0.00000581199835680835 
533 	 0.00000579021017710346 
534 	 0.00000576854429024110 
535 	 0.00000574699978228566 
536 	 0.00000572557574307631 
537 	 0.00000570427128243622 
538 	 0.00000568308550841223 
539 	 0.00000566201754059747 
540 	 0.00000564106651079754 
541 	 0.00000562023155237235 
542 	 0.00000559951181178242 
543 	 0.00000557890643926306 
544 	 0.00000555841459237705 
545 	 0.00000553803544467435 
546 	 0.00000551776816615224 
547 	 0.00000549761194035270 
548 	 0.00000547756596014359 
549 	 0.00000545762941905892 
550 	 0.00000543780152484352 
551 	 0.00000541808149012724 
552 	 0.00000539846852820602 
553 	 0.00000537896187391418 
554 	 0.00000535956075542465 
555 	 0.00000534026440912605 
556 	 0.00000532107209272326 
557 	 0.00000530198304926621 
558 	 0.00000528299654511954 
559 	 0.00000526411184265108 
560 	 0.00000524532822088197 
561 	 0.00000522664495350433 
562 	 0.00000520806133308405 
563 	 0.00000518957664685793 
564 	 0.00000517119019827206 
565 	 0.00000515290129121659 
566 	 0.00000513470923380055 
567 	 0.00000511661334767766 
568 	 0.00000509861295383551 
569 	 0.00000508070738214350 
570 	 0.00000506289596802212 
571 	 0.00000504517805022253 
572 	 0.00000502755297926427 
573 	 0.00000501002010344642 
574 	 0.00000499257878572301 
575 	 0.00000497522838505127 
576 	 0.00000495796827548745 
577 	 0.00000494079782553669 
578 	 0.00000492371641880318 
579 	 0.00000490672344444221 
580 	 0.00000488981828450363 
581 	 0.00000487300034346383 
582 	 0.00000485626901425285 
583 	 0.00000483962370978475 
584 	 0.00000482306383742248 
585 	 0.00000480658881762963 
586 	 0.00000479019806642889 
587 	 0.00000477389101249948 
588 	 0.00000475766708785130 
589 	 0.00000474152572782494 
590 	 0.00000472546637064752 
591 	 0.00000470948846853503 
592 	 0.00000469359146548776 
593 	 0.00000467777481683029 
594 	 0.00000466203798432652 
595 	 0.00000464638042774190 
596 	 0.00000463080162083074 
597 	 0.00000461530103179619 
598 	 0.00000459987814371843 
599 	 0.00000458453243146195 
600 	 0.00000456926338587849 
601 	 0.00000455407049382295 
602 	 0.00000453895324903364 
603 	 0.00000452391115568496 
604 	 0.00000450894370995769 
605 	 0.00000449405042468598 
606 	 0.00000447923080337809 
607 	 0.00000446448436752789 
608 	 0.00000444981063707495 
609 	 0.00000443520912840611 
610 	 0.00000442067937211910 
611 	 0.00000440622089659115 
612 	 0.00000439183323908132 
613 	 0.00000437751594017932 
614 	 0.00000436326853492375 
615 	 0.00000434909057345223 
616 	 0.00000433498160590240 
617 	 0.00000432094118307802 
618 	 0.00000430696886066784 
619 	 0.00000429306420324238 
620 	 0.00000427922677048720 
621 	 0.00000426545613163576 
622 	 0.00000425175185947424 
623 	 0.00000423811352368020 
624 	 0.00000422454070370115 
625 	 0.00000421103298409164 
626 	 0.00000419758994496533 
627 	 0.00000418421117509560 
628 	 0.00000417089626703060 
629 	 0.00000415764481132008 
630 	 0.00000414445640894989 
631 	 0.00000413133066068383 
632 	 0.00000411826716528729 
633 	 0.00000410526553418222 
634 	 0.00000409232537723625 
635 	 0.00000407944631031221 
636 	 0.00000406662794349977 
637 	 0.00000405386989688061 
638 	 0.00000404117179253483 
639 	 0.00000402853326120223 
640 	 0.00000401595392496290 
641 	 0.00000400343341655507 
642 	 0.00000399097136694060 
643 	 0.00000397856741973790 
644 	 0.00000396622120857337 
645 	 0.00000395393237861974 
646 	 0.00000394170056994270 
647 	 0.00000392952543704084 
648 	 0.00000391740662508688 
649 	 0.00000390534379235419 
650 	 0.00000389333658601387 
651 	 0.00000388138467233290 
652 	 0.00000386948770936257 
653 	 0.00000385764536314781 
654 	 0.00000384585729618081 
655 	 0.00000383412317872533 
656 	 0.00000382244268615217 
657 	 0.00000381081548495033 
658 	 0.00000379924125648579 
659 	 0.00000378771967857183 
660 	 0.00000377625043213037 
661 	 0.00000376483320008170 
662 	 0.00000375346766623430 
663 	 0.00000374215352350049 
664 	 0.00000373089045924146 
665 	 0.00000371967816992225 
666 	 0.00000370851634556857 
667 	 0.00000369740468930679 
668 	 0.00000368634289693581 
669 	 0.00000367533067358039 
670 	 0.00000366436772059053 
671 	 0.00000365345374553350 
672 	 0.00000364258845642063 
673 	 0.00000363177156814665 
674 	 0.00000362100278783473 
675 	 0.00000361028183415435 
676 	 0.00000359960842488682 
677 	 0.00000358898227603710 
678 	 0.00000357840311115964 
679 	 0.00000356787065358688 
680 	 0.00000355738462864963 
681 	 0.00000354694476301098 
682 	 0.00000353655078755288 
683 	 0.00000352620243360136 
684 	 0.00000351589943248243 
685 	 0.00000350564152151733 
686 	 0.00000349542843802730 
687 	 0.00000348525992133197 
688 	 0.00000347513571097302 
689 	 0.00000346505555048893 
690 	 0.00000345501918741498 
691 	 0.00000344502636684396 
692 	 0.00000343507683253641 
693 	 0.00000342517033891099 
694 	 0.00000341530663838796 
695 	 0.00000340548548605213 
696 	 0.00000339570663498989 
697 	 0.00000338596984450490 
698 	 0.00000337627487190240 
699 	 0.00000336662147781830 
700 	 0.00000335700942821759 
701 	 0.00000334743848195984 
702 	 0.00000333790840989501 
703 	 0.00000332841897732195 
704 	 0.00000331896995242609 
705 	 0.00000330956111138647 
706 	 0.00000330019222039013 
707 	 0.00000329086305783655 
708 	 0.00000328157339701818 
709 	 0.00000327232301500224 
710 	 0.00000326311168863391 
711 	 0.00000325393920563855 
712 	 0.00000324480534708016 
713 	 0.00000323570988514099 
714 	 0.00000322665261931476 
715 	 0.00000321763332356007 
716 	 0.00000320865179626040 
717 	 0.00000319970781981205 
718 	 0.00000319080118904580 
719 	 0.00000318193169301928 
720 	 0.00000317309912944985 
721 	 0.00000316430329183603 
722 	 0.00000315554397545270 
723 	 0.00000314682097979357 
724 	 0.00000313813410435237 
725 	 0.00000312948315017714 
726 	 0.00000312086792098043 
727 	 0.00000311228821558984 
728 	 0.00000310374384282497 
729 	 0.00000309523461083927 
730 	 0.00000308676032156896 
731 	 0.00000307832078760839 
732 	 0.00000306991581644489 
733 	 0.00000306154521911850 
734 	 0.00000305320881466287 
735 	 0.00000304490641367394 
736 	 0.00000303663783096653 
737 	 0.00000302840288202155 
738 	 0.00000302020138520653 
739 	 0.00000301203316133147 
740 	 0.00000300389803009615 
741 	 0.00000299579581120035 
742 	 0.00000298772632878475 
743 	 0.00000297968940610183 
744 	 0.00000297168486840249 
745 	 0.00000296371254138172 
746 	 0.00000295577225672972 
747 	 0.00000294786383681078 
748 	 0.00000293998711353716 
749 	 0.00000293214192104152 
750 	 0.00000292432808413068 
751 	 0.00000291654544426478 
752 	 0.00000290879382736087 
753 	 0.00000290107307643339 
754 	 0.00000289338302472686 
755 	 0.00000288572350526373 
756 	 0.00000287809436216868 
757 	 0.00000287049543667983 
758 	 0.00000286292656470621 
759 	 0.00000285538758548753 
760 	 0.00000284787835114209 
761 	 0.00000284039869735686 
762 	 0.00000283294847336357 
763 	 0.00000282552752084442 
764 	 0.00000281813569147360 
765 	 0.00000281077282826558 
766 	 0.00000280343878422684 
767 	 0.00000279613340725682 
768 	 0.00000278885654791949 
769 	 0.00000278160805744498 
770 	 0.00000277438779261452 
771 	 0.00000276719560399208 
772 	 0.00000276003134369596 
773 	 0.00000275289487006170 
774 	 0.00000274578604098075 
775 	 0.00000273870471190207 
776 	 0.00000273165074005099 
777 	 0.00000272462398620554 
778 	 0.00000271762431025557 
779 	 0.00000271065157431138 
780 	 0.00000270370563981714 
781 	 0.00000269678636888315 
782 	 0.00000268989362584016 
783 	 0.00000268302727235437 
784 	 0.00000267618717963991 
785 	 0.00000266937320803073 
786 	 0.00000266258522985119 
787 	 0.00000265582310920998 
788 	 0.00000264908672020781 
789 	 0.00000264237592140226 
790 	 0.00000263569059422153 
791 	 0.00000262903060743724 
792 	 0.00000262239582893287 
793 	 0.00000261578613813818 
794 	 0.00000260920140338072 
795 	 0.00000260264150186984 
796 	 0.00000259610630770624 
797 	 0.00000258959569565675 
798 	 0.00000258310954737162 
799 	 0.00000257664773561928 
800 	 0.00000257021013982950 
801 	 0.00000256379664365092 
802 	 0.00000255740711740948 
803 	 0.00000255104145208129 
804 	 0.00000254469952087888 
805 	 0.00000253838121100358 
806 	 0.00000253208640410563 
807 	 0.00000252581498494386 
808 	 0.00000251956683361421 
809 	 0.00000251334183909435 
810 	 0.00000250713988481088 
811 	 0.00000250096086085172 
812 	 0.00000249480465241980 
813 	 0.00000248867114027718 
814 	 0.00000248256022628013 
815 	 0.00000247647178919230 
816 	 0.00000247040572043389 
817 	 0.00000246436191830846 
818 	 0.00000245834026446623 
819 	 0.00000245234065632260 
820 	 0.00000244636298174505 
821 	 0.00000244040713903715 
822 	 0.00000243447301939703 
823 	 0.00000242856051690943 
824 	 0.00000242266952676928 
825 	 0.00000241679994705812 
826 	 0.00000241095167141658 
827 	 0.00000240512459992459 
828 	 0.00000239931862866527 
829 	 0.00000239353365238948 
830 	 0.00000238776957406373 
831 	 0.00000238202629310180 
832 	 0.00000237630371002773 
833 	 0.00000237060171826009 
834 	 0.00000236492023186763 
835 	 0.00000235925914071622 
836 	 0.00000235361835576597 
837 	 0.00000234799777354411 
838 	 0.00000234239730478869 
839 	 0.00000233681684425058 
840 	 0.00000233125630799691 
841 	 0.00000232571559055650 
842 	 0.00000232019460733035 
843 	 0.00000231469325595590 
844 	 0.00000230921144872553 
845 	 0.00000230374909238051 
846 	 0.00000229830609499437 
847 	 0.00000229288236619496 
848 	 0.00000228747780894878 
849 	 0.00000228209234331977 
850 	 0.00000227672587049810 
851 	 0.00000227137830566271 
852 	 0.00000226604955866350 
853 	 0.00000226073954445738 
854 	 0.00000225544817022971 
855 	 0.00000225017535160354 
856 	 0.00000224492100175944 
857 	 0.00000223968503543226 
858 	 0.00000223446736491439 
859 	 0.00000222926790849343 
860 	 0.00000222408658134832 
861 	 0.00000221892328955420 
862 	 0.00000221377795983635 
863 	 0.00000220865050892805 
864 	 0.00000220354084889962 
865 	 0.00000219844889826071 
866 	 0.00000219337458040592 
867 	 0.00000218831781029216 
868 	 0.00000218327850687317 
869 	 0.00000217825659065696 
870 	 0.00000217325197970908 
871 	 0.00000216826460075481 
872 	 0.00000216329436542040 
873 	 0.00000215834120353975 
874 	 0.00000215340502895955 
875 	 0.00000214848577195781 
876 	 0.00000214358335259845 
877 	 0.00000213869769338793 
878 	 0.00000213382871705470 
879 	 0.00000212897635187836 
880 	 0.00000212414051570242 
881 	 0.00000211932113969304 
882 	 0.00000211451814524644 
883 	 0.00000210973146086424 
884 	 0.00000210496101171742 
885 	 0.00000210020672652966 
886 	 0.00000209546852536491 
887 	 0.00000209074634560658 
888 	 0.00000208604010798474 
889 	 0.00000208134974144514 
890 	 0.00000207667517826415 
891 	 0.00000207201634294663 
892 	 0.00000206737317087757 
893 	 0.00000206274558878228 
894 	 0.00000205813352471829 
895 	 0.00000205353691007382 
896 	 0.00000204895568023389 
897 	 0.00000204438976680876 
898 	 0.00000203983909075056 
899 	 0.00000203530359610404 
900 	 0.00000203078321048267 
901 	 0.00000202627787149190 
902 	 0.00000202178750074999 
903 	 0.00000201731204629851 
904 	 0.00000201285143597296 
905 	 0.00000200840560271587 
906 	 0.00000200397447924772 
907 	 0.00000199955800872509 
908 	 0.00000199515612053780 
909 	 0.00000199076874762838 
910 	 0.00000198639584070293 
911 	 0.00000198203732004743 
912 	 0.00000197769312570983 
913 	 0.00000197336320262309 
914 	 0.00000196904748461790 
915 	 0.00000196474590485884 
916 	 0.00000196045840628045 
917 	 0.00000195618492893068 
918 	 0.00000195192540708433 
919 	 0.00000194767978078936 
920 	 0.00000194344799875346 
921 	 0.00000193922998836804 
922 	 0.00000193502569811876 
923 	 0.00000193083506094816 
924 	 0.00000192665802956071 
925 	 0.00000192249453068172 
926 	 0.00000191834451590545 
927 	 0.00000191420792239327 
928 	 0.00000191008469685450 
929 	 0.00000190597478000321 
930 	 0.00000190187811366371 
931 	 0.00000189779463766193 
932 	 0.00000189372430270396 
933 	 0.00000188966704683935 
934 	 0.00000188562281588922 
935 	 0.00000188159155434242 
936 	 0.00000187757320535553 
937 	 0.00000187356771697011 
938 	 0.00000186957503278684 
939 	 0.00000186559509796069 
940 	 0.00000186162785364985 
941 	 0.00000185767325833197 
942 	 0.00000185373124161892 
943 	 0.00000184980176531901 
944 	 0.00000184588477081249 
945 	 0.00000184198020525272 
946 	 0.00000183808800757745 
947 	 0.00000183420814181545 
948 	 0.00000183034054157538 
949 	 0.00000182648516688921 
950 	 0.00000182264195713877 
951 	 0.00000181881086835922 
952 	 0.00000181499183904421 
953 	 0.00000181118482989184 
954 	 0.00000180738978738937 
955 	 0.00000180360665935630 
956 	 0.00000179983539827511 
957 	 0.00000179607595174325 
958 	 0.00000179232826846842 
959 	 0.00000178859230759443 
960 	 0.00000178486801249989 
961 	 0.00000178115533988610 
962 	 0.00000177745423535214 
963 	 0.00000177376466115042 
964 	 0.00000177008655599664 
965 	 0.00000176641988636206 
966 	 0.00000176276459429303 
967 	 0.00000175912063760109 
968 	 0.00000175548796432778 
969 	 0.00000175186653561532 
970 	 0.00000174825630216979 
971 	 0.00000174465721469730 
972 	 0.00000174106923078732 
973 	 0.00000173749230492071 
974 	 0.00000173392638957992 
975 	 0.00000173037144080013 
976 	 0.00000172682741439445 
977 	 0.00000172329426217921 
978 	 0.00000171977194596273 
979 	 0.00000171626041733930 
980 	 0.00000171275963034567 
981 	 0.00000170926954501383 
982 	 0.00000170579011715688 
983 	 0.00000170232130058956 
984 	 0.00000169886305534384 
985 	 0.00000169541533612261 
986 	 0.00000169197810384603 
987 	 0.00000168855131565948 
988 	 0.00000168513492404543 
989 	 0.00000168172888947993 
990 	 0.00000167833317243904 
991 	 0.00000167494773095633 
992 	 0.00000167157252262129 
993 	 0.00000166820750502339 
994 	 0.00000166485263775051 
995 	 0.00000166150788216690 
996 	 0.00000165817319364159 
997 	 0.00000165484853797970 
998 	 0.00000165153386855188 
999 	 0.00000164822914938689 
1000 	 0.00000164493433629787 
1001 	 0.00000164164939508993 
1002 	 0.00000163837428646119 
1003 	 0.00000163510896644681 
1004 	 0.00000163185340174010 
1005 	 0.00000162860754238103 
1006 	 0.00000162537136549901 
1007 	 0.00000162214482246625 
1008 	 0.00000161892787908791 
1009 	 0.00000161572049051095 
1010 	 0.00000161252262986800 
1011 	 0.00000160933424986354 
1012 	 0.00000160615531630270 
1013 	 0.00000160298579277018 
1014 	 0.00000159982564640337 
1015 	 0.00000159667482924064 
1016 	 0.00000159353331730117 
1017 	 0.00000159040106240127 
1018 	 0.00000158727804033809 
1019 	 0.00000158416420581453 
1020 	 0.00000158105952041687 
1021 	 0.00000157796395727772 
1022 	 0.00000157487747687313 
1023 	 0.00000157180004167756 
1024 	 0.00000156873161882842 
1025 	 0.00000156567217213244 
1026 	 0.00000156262166584042 
1027 	 0.00000155958006464729 
1028 	 0.00000155654733857702 
1029 	 0.00000155352344899384 
1030 	 0.00000155050836259107 
1031 	 0.00000154750204561793 
1032 	 0.00000154450446432364 
1033 	 0.00000154151558073856 
1034 	 0.00000153853536843940 
1035 	 0.00000153556378879038 
1036 	 0.00000153260080959505 
1037 	 0.00000152964639865694 
1038 	 0.00000152670052133708 
1039 	 0.00000152376314654923 
1040 	 0.00000152083424276306 
1041 	 0.00000151791377556165 
1042 	 0.00000151500170897378 
1043 	 0.00000151209801657615 
1044 	 0.00000150920266306365 
1045 	 0.00000150631561912640 
1046 	 0.00000150343684968135 
1047 	 0.00000150056632830520 
1048 	 0.00000149770401725036 
1049 	 0.00000149484988920534 
1050 	 0.00000149200391219573 
1051 	 0.00000148916605269278 
1052 	 0.00000148633628427319 
1053 	 0.00000148351457496254 
1054 	 0.00000148070089056596 
1055 	 0.00000147789520510422 
1056 	 0.00000147509748615882 
1057 	 0.00000147230770264350 
1058 	 0.00000146952582746884 
1059 	 0.00000146675183176903 
1060 	 0.00000146398567624217 
1061 	 0.00000146122734623333 
1062 	 0.00000145847679822175 
1063 	 0.00000145573401155730 
1064 	 0.00000145299895648598 
1065 	 0.00000145027160258770 
1066 	 0.00000144755191300305 
1067 	 0.00000144483987574162 
1068 	 0.00000144213545083538 
1069 	 0.00000143943860786422 
1070 	 0.00000143674932706617 
1071 	 0.00000143406757158182 
1072 	 0.00000143139332187125 
1073 	 0.00000142872654529391 
1074 	 0.00000142606720765492 
1075 	 0.00000142341529518752 
1076 	 0.00000142077076903391 
1077 	 0.00000141813360943210 
1078 	 0.00000141550378662814 
1079 	 0.00000141288126576100 
1080 	 0.00000141026603173167 
1081 	 0.00000140765804945708 
1082 	 0.00000140505729540052 
1083 	 0.00000140246374358277 
1084 	 0.00000139987736469394 
1085 	 0.00000139729813364298 
1086 	 0.00000139472602800339 
1087 	 0.00000139216101269213 
1088 	 0.00000138960306905744 
1089 	 0.00000138705216756740 
1090 	 0.00000138450828490733 
1091 	 0.00000138197139420981 
1092 	 0.00000137944147304836 
1093 	 0.00000137691848967059 
1094 	 0.00000137440241698705 
1095 	 0.00000137189323878850 
1096 	 0.00000136939092598709 
1097 	 0.00000136689545460200 
1098 	 0.00000136440679865402 
1099 	 0.00000136192492994347 
1100 	 0.00000135944982670999 
1101 	 0.00000135698146674912 
1102 	 0.00000135451982230528 
1103 	 0.00000135206487072992 
1104 	 0.00000134961658826427 
1105 	 0.00000134717494604253 
1106 	 0.00000134473992274842 
1107 	 0.00000134231150439312 
1108 	 0.00000133988965034249 
1109 	 0.00000133747434860609 
1110 	 0.00000133506556276863 
1111 	 0.00000133266329127579 
1112 	 0.00000133026749349341 
1113 	 0.00000132787814743907 
1114 	 0.00000132549523579328 
1115 	 0.00000132311872991231 
1116 	 0.00000132074861425302 
1117 	 0.00000131838486017166 
1118 	 0.00000131602744080084 
1119 	 0.00000131367634104151 
1120 	 0.00000131133154068763 
1121 	 0.00000130899300732068 
1122 	 0.00000130666072517549 
1123 	 0.00000130433467138147 
1124 	 0.00000130201482551051 
1125 	 0.00000129970116136136 
1126 	 0.00000129739365850590 
1127 	 0.00000129509229163105 
1128 	 0.00000129279704785823 
1129 	 0.00000129050789787755 
1130 	 0.00000128822482192703 
1131 	 0.00000128594780401947 
1132 	 0.00000128367681284658 
1133 	 0.00000128141183597386 
1134 	 0.00000127915284520164 
1135 	 0.00000127689982543089 
1136 	 0.00000127465274823990 
1137 	 0.00000127241160163827 
1138 	 0.00000127017636075699 
1139 	 0.00000126794700450183 
1140 	 0.00000126572351133447 
1141 	 0.00000126350586038271 
1142 	 0.00000126129403454911 
1143 	 0.00000125908801273944 
1144 	 0.00000125688777008470 
1145 	 0.00000125469329104178 
1146 	 0.00000125250455496051 
1147 	 0.00000125032154119076 
1148 	 0.00000124814423041464 
1149 	 0.00000124597260042769 
1150 	 0.00000124380663235613 
1151 	 0.00000124164630799228 
1152 	 0.00000123949160601988 
1153 	 0.00000123734251089580 
1154 	 0.00000123519900174784 
1155 	 0.00000123306105104248 
1156 	 0.00000123092865211838 
1157 	 0.00000122880177455542 
1158 	 0.00000122668041213636 
1159 	 0.00000122456452755770 
1160 	 0.00000122245412237376 
1161 	 0.00000122034916683056 
1162 	 0.00000121824964316453 
1163 	 0.00000121615552806098 
1164 	 0.00000121406681241609 
1165 	 0.00000121198347069473 
1166 	 0.00000120990548868605 
1167 	 0.00000120783284462966 
1168 	 0.00000120576552453677 
1169 	 0.00000120370350642496 
1170 	 0.00000120164677119838 
1171 	 0.00000119959530597846 
1172 	 0.00000119754908567415 
1173 	 0.00000119550810318003 
1174 	 0.00000119347232518940 
1175 	 0.00000119144174948183 
1176 	 0.00000118941634652536 
1177 	 0.00000118739610721619 
1178 	 0.00000118538100890575 
1179 	 0.00000118337103693911 
1180 	 0.00000118136617621722 
1181 	 0.00000117936639942862 
1182 	 0.00000117737170368670 
1183 	 0.00000117538205768319 
1184 	 0.00000117339745520084 
1185 	 0.00000117141787314701 
1186 	 0.00000116944329353608 
1187 	 0.00000116747370371151 
1188 	 0.00000116550908746405 
1189 	 0.00000116354942458763 
1190 	 0.00000116159470264776 
1191 	 0.00000115964490166043 
1192 	 0.00000115770000341797 
1193 	 0.00000115575999570794 
1194 	 0.00000115382485921245 
1195 	 0.00000115189457994269 
1196 	 0.00000114996913769261 
1197 	 0.00000114804852380246 
1198 	 0.00000114613271162689 
1199 	 0.00000114422169761319 
1200 	 0.00000114231545644827 
1201 	 0.00000114041397458742 
1202 	 0.00000113851723315683 
1203 	 0.00000113662522327473 
1204 	 0.00000113473792739960 
1205 	 0.00000113285532798990 
1206 	 0.00000113097740350732 
1207 	 0.00000112910414951095 
1208 	 0.00000112723554601679 
1209 	 0.00000112537157570536 
1210 	 0.00000112351222947282 
1211 	 0.00000112165748089588 
1212 	 0.00000111980732442341 
1213 	 0.00000111796174229184 
1214 	 0.00000111612071851397 
1215 	 0.00000111428423976712 
1216 	 0.00000111245228673340 
1217 	 0.00000111062485053104 
1218 	 0.00000110880191228624 
1219 	 0.00000110698345845428 
1220 	 0.00000110516947726680 
1221 	 0.00000110335994607524 
1222 	 0.00000110155486110486 
1223 	 0.00000109975419948505 
1224 	 0.00000109795794633882 
1225 	 0.00000109616609611507 
1226 	 0.00000109437862616524 
1227 	 0.00000109259552161234 
1228 	 0.00000109081677535094 
1229 	 0.00000108904236983953 
1230 	 0.00000108727228864680 
1231 	 0.00000108550651733985 
1232 	 0.00000108374504703690 
1233 	 0.00000108198786596958 
1234 	 0.00000108023494371778 
1235 	 0.00000107848628339013 
1236 	 0.00000107674186877738 
1237 	 0.00000107500168011754 
1238 	 0.00000107326570608635 
1239 	 0.00000107153393402726 
1240 	 0.00000106980635239395 
1241 	 0.00000106808293898197 
1242 	 0.00000106636369157087 
1243 	 0.00000106464859306321 
1244 	 0.00000106293762613952 
1245 	 0.00000106123078147391 
1246 	 0.00000105952804352327 
1247 	 0.00000105782940251764 
1248 	 0.00000105613484135958 
1249 	 0.00000105444434828073 
1250 	 0.00000105275791373316 
1251 	 0.00000105107552350603 
1252 	 0.00000104939715650509 
1253 	 0.00000104772280828946 
1254 	 0.00000104605246464828 
1255 	 0.00000104438610937230 
1256 	 0.00000104272373935288 
1257 	 0.00000104106533282966 
1258 	 0.00000103941087892245 
1259 	 0.00000103776036342040 
1260 	 0.00000103611378188262 
1261 	 0.00000103447110810784 
1262 	 0.00000103283234387241 
1263 	 0.00000103119746963642 
1264 	 0.00000102956647407559 
1265 	 0.00000102793934209089 
1266 	 0.00000102631607123982 
1267 	 0.00000102469663376681 
1268 	 0.00000102308102922777 
1269 	 0.00000102146924385593 
1270 	 0.00000101986126432863 
1271 	 0.00000101825707798930 
1272 	 0.00000101665667684436 
1273 	 0.00000101506004157592 
1274 	 0.00000101346716485651 
1275 	 0.00000101187803336344 
1276 	 0.00000101029264421015 
1277 	 0.00000100871096919697 
1278 	 0.00000100713301165456 
1279 	 0.00000100555875115482 
1280 	 0.00000100398817748371 
1281 	 0.00000100242128286965 
1282 	 0.00000100085805132544 
1283 	 0.00000099929847929836 
1284 	 0.00000099774254458396 
1285 	 0.00000099619024163111 
1286 	 0.00000099464156133600 
1287 	 0.00000099309648371460 
1288 	 0.00000099155500699055 
1289 	 0.00000099001711806324 
1290 	 0.00000098848280050134 
1291 	 0.00000098695205075217 
1292 	 0.00000098542485149622 
1293 	 0.00000098390119340763 
1294 	 0.00000098238106938098 
1295 	 0.00000098086446120860 
1296 	 0.00000097935136733618 
1297 	 0.00000097784177444105 
1298 	 0.00000097633566076283 
1299 	 0.00000097483302741175 
1300 	 0.00000097333386439580 
1301 	 0.00000097183815195301 
1302 	 0.00000097034588475431 
1303 	 0.00000096885705413996 
1304 	 0.00000096737164989591 
1305 	 0.00000096588965381450 
1306 	 0.00000096441106012257 
1307 	 0.00000096293586326901 
1308 	 0.00000096146404882091 
1309 	 0.00000095999560079107 
1310 	 0.00000095853051984562 
1311 	 0.00000095706878511237 
1312 	 0.00000095561039881176 
1313 	 0.00000095415533518661 
1314 	 0.00000095270360223054 
1315 	 0.00000095125517152184 
1316 	 0.00000094981004283845 
1317 	 0.00000094836820840882 
1318 	 0.00000094692965513232 
1319 	 0.00000094549436546743 
1320 	 0.00000094406234096844 
1321 	 0.00000094263356964497 
1322 	 0.00000094120803462161 
1323 	 0.00000093978573212361 
1324 	 0.00000093836665371327 
1325 	 0.00000093695078628997 
1326 	 0.00000093553811830738 
1327 	 0.00000093412864510256 
1328 	 0.00000093272235313080 
1329 	 0.00000093131923795120 
1330 	 0.00000092991927980179 
1331 	 0.00000092852248423370 
1332 	 0.00000092712883215107 
1333 	 0.00000092573830934306 
1334 	 0.00000092435091492149 
1335 	 0.00000092296663800617 
1336 	 0.00000092158546949328 
1337 	 0.00000092020739739240 
1338 	 0.00000091883241615243 
1339 	 0.00000091746051178454 
1340 	 0.00000091609167740536 
1341 	 0.00000091472590657560 
1342 	 0.00000091336318774893 
1343 	 0.00000091200351048926 
1344 	 0.00000091064686658093 
1345 	 0.00000090929324958466 
1346 	 0.00000090794264395733 
1347 	 0.00000090659504814461 
1348 	 0.00000090525044948997 
1349 	 0.00000090390884444069 
1350 	 0.00000090257021634343 
1351 	 0.00000090123456009117 
1352 	 0.00000089990186302735 
1353 	 0.00000089857211982292 
1354 	 0.00000089724532825741 
1355 	 0.00000089592146879092 
1356 	 0.00000089460053764867 
1357 	 0.00000089328252661502 
1358 	 0.00000089196742614206 
1359 	 0.00000089065522601572 
1360 	 0.00000088934591846446 
1361 	 0.00000088803949926941 
1362 	 0.00000088673595444178 
1363 	 0.00000088543527843044 
1364 	 0.00000088413746168747 
1365 	 0.00000088284249910586 
1366 	 0.00000088155037181181 
1367 	 0.00000088026108691075 
1368 	 0.00000087897462841546 
1369 	 0.00000087769098211510 
1370 	 0.00000087641015134032 
1371 	 0.00000087513211899370 
1372 	 0.00000087385687930208 
1373 	 0.00000087258442782456 
1374 	 0.00000087131475345892 
1375 	 0.00000087004784865563 
1376 	 0.00000086878369986998 
1377 	 0.00000086752231043263 
1378 	 0.00000086626366502252 
1379 	 0.00000086500775497989 
1380 	 0.00000086375457186705 
1381 	 0.00000086250411257538 
1382 	 0.00000086125636689083 
1383 	 0.00000086001132726388 
1384 	 0.00000085876898880954 
1385 	 0.00000085752933576266 
1386 	 0.00000085629236457052 
1387 	 0.00000085505806990405 
1388 	 0.00000085382644487986 
1389 	 0.00000085259747439892 
1390 	 0.00000085137115202194 
1391 	 0.00000085014747863710 
1392 	 0.00000084892644358625 
1393 	 0.00000084770803443490 
1394 	 0.00000084649224540989 
1395 	 0.00000084527907495691 
1396 	 0.00000084406850264784 
1397 	 0.00000084286053336768 
1398 	 0.00000084165515712442 
1399 	 0.00000084045236570240 
1400 	 0.00000083925214311442 
1401 	 0.00000083805449890839 
1402 	 0.00000083685941199008 
1403 	 0.00000083566687592018 
1404 	 0.00000083447689447347 
1405 	 0.00000083328944811001 
1406 	 0.00000083210453749594 
1407 	 0.00000083092215041880 
1408 	 0.00000082974228599042 
1409 	 0.00000082856492378269 
1410 	 0.00000082739007312149 
1411 	 0.00000082621771624325 
1412 	 0.00000082504784937321 
1413 	 0.00000082388047095705 
1414 	 0.00000082271556145486 
1415 	 0.00000082155312042254 
1416 	 0.00000082039314697191 
1417 	 0.00000081923562889052 
1418 	 0.00000081808055329979 
1419 	 0.00000081692792242016 
1420 	 0.00000081577772426122 
1421 	 0.00000081462995438208 
1422 	 0.00000081348460456709 
1423 	 0.00000081234166882105 
1424 	 0.00000081120113781807 
1425 	 0.00000081006301289044 
1426 	 0.00000080892727871706 
1427 	 0.00000080779392552799 
1428 	 0.00000080666295732001 
1429 	 0.00000080553436632158 
1430 	 0.00000080440813854388 
1431 	 0.00000080328426976806 
1432 	 0.00000080216275888390 
1433 	 0.00000080104358723965 
1434 	 0.00000079992676216278 
1435 	 0.00000079881227255107 
1436 	 0.00000079770010485980 
1437 	 0.00000079659025953305 
1438 	 0.00000079548273190788 
1439 	 0.00000079437751421274 
1440 	 0.00000079327459268086 
1441 	 0.00000079217396908859 
1442 	 0.00000079107563832892 
1443 	 0.00000078997957997373 
1444 	 0.00000078888580934411 
1445 	 0.00000078779430001674 
1446 	 0.00000078670505998524 
1447 	 0.00000078561807614896 
1448 	 0.00000078453334118045 
1449 	 0.00000078345085530174 
1450 	 0.00000078237060252562 
1451 	 0.00000078129258795911 
1452 	 0.00000078021679894569 
1453 	 0.00000077914322482719 
1454 	 0.00000077807186960044 
1455 	 0.00000077700272549386 
1456 	 0.00000077593578362567 
1457 	 0.00000077487103200546 
1458 	 0.00000077380847263164 
1459 	 0.00000077274809684447 
1460 	 0.00000077168990197940 
1461 	 0.00000077063387693421 
1462 	 0.00000076958001393734 
1463 	 0.00000076852832275875 
1464 	 0.00000076747877564287 
1465 	 0.00000076643137791876 
1466 	 0.00000076538613158483 
1467 	 0.00000076434301798933 
1468 	 0.00000076330203024888 
1469 	 0.00000076226316991779 
1470 	 0.00000076122642878040 
1471 	 0.00000076019180039744 
1472 	 0.00000075915928321457 
1473 	 0.00000075812887012638 
1474 	 0.00000075710054914246 
1475 	 0.00000075607432048486 
1476 	 0.00000075505017682609 
1477 	 0.00000075402811439140 
1478 	 0.00000075300811874790 
1479 	 0.00000075199019922145 
1480 	 0.00000075097434026894 
1481 	 0.00000074996053966991 
1482 	 0.00000074894878654419 
1483 	 0.00000074793908111381 
1484 	 0.00000074693141449700 
1485 	 0.00000074592578580557 
1486 	 0.00000074492218105071 
1487 	 0.00000074392060778194 
1488 	 0.00000074292105045615 
1489 	 0.00000074192350663083 
1490 	 0.00000074092797319736 
1491 	 0.00000073993443572284 
1492 	 0.00000073894290175680 
1493 	 0.00000073795335686633 
1494 	 0.00000073696579283578 
1495 	 0.00000073598022054533 
1496 	 0.00000073499661623622 
1497 	 0.00000073401498212888 
1498 	 0.00000073303531911151 
1499 	 0.00000073205761186301 
1500 	 0.00000073108186460225 
1501 	 0.00000073010805845541 
1502 	 0.00000072913620163817 
1503 	 0.00000072816628593486 
1504 	 0.00000072719829602441 
1505 	 0.00000072623224167678 
1506 	 0.00000072526811023543 
1507 	 0.00000072430590192241 
1508 	 0.00000072334560097254 
1509 	 0.00000072238720538742 
1510 	 0.00000072143071983000 
1511 	 0.00000072047613319803 
1512 	 0.00000071952343505544 
1513 	 0.00000071857262828878 
1514 	 0.00000071762370490447 
1515 	 0.00000071667665979547 
1516 	 0.00000071573148408000 
1517 	 0.00000071478818663984 
1518 	 0.00000071384674460440 
1519 	 0.00000071290716374683 
1520 	 0.00000071196943340901 
1521 	 0.00000071103355780977 
1522 	 0.00000071009952185008 
1523 	 0.00000070916732930471 
1524 	 0.00000070823696773914 
1525 	 0.00000070730843626521 
1526 	 0.00000070638173066406 
1527 	 0.00000070545684693890 
1528 	 0.00000070453377332136 
1529 	 0.00000070361251336415 
1530 	 0.00000070269305685322 
1531 	 0.00000070177540689720 
1532 	 0.00000070085954906318 
1533 	 0.00000069994548668184 
1534 	 0.00000069903320398801 
1535 	 0.00000069812271186187 
1536 	 0.00000069721399342804 
1537 	 0.00000069630704824242 
1538 	 0.00000069540187053185 
1539 	 0.00000069449846029634 
1540 	 0.00000069359680243686 
1541 	 0.00000069269690783358 
1542 	 0.00000069179875872294 
1543 	 0.00000069090235776947 
1544 	 0.00000069000769364891 
1545 	 0.00000068911476791556 
1546 	 0.00000068822357790488 
1547 	 0.00000068733410740762 
1548 	 0.00000068644636730397 
1549 	 0.00000068556034782397 
1550 	 0.00000068467603897560 
1551 	 0.00000068379343787228 
1552 	 0.00000068291254717856 
1553 	 0.00000068203335557016 
1554 	 0.00000068115585838413 
1555 	 0.00000068028005228982 
1556 	 0.00000067940593795335 
1557 	 0.00000067853350582681 
1558 	 0.00000067766275524406 
1559 	 0.00000067679367887763 
1560 	 0.00000067592627317481 
1561 	 0.00000067506053369470 
1562 	 0.00000067419645399802 
1563 	 0.00000067333403563907 
1564 	 0.00000067247326818176 
1565 	 0.00000067161415584494 
1566 	 0.00000067075668352956 
1567 	 0.00000066990085212382 
1568 	 0.00000066904666096157 
1569 	 0.00000066819409894059 
1570 	 0.00000066734316805928 
1571 	 0.00000066649386010198 
1572 	 0.00000066564617728915 
1573 	 0.00000066480010585401 
1574 	 0.00000066395564157773 
1575 	 0.00000066311279400821 
1576 	 0.00000066227154826848 
1577 	 0.00000066143190147194 
1578 	 0.00000066059384806749 
1579 	 0.00000065975738916535 
1580 	 0.00000065892252254507 
1581 	 0.00000065808923066513 
1582 	 0.00000065725752151913 
1583 	 0.00000065642739066618 
1584 	 0.00000065559882900246 
1585 	 0.00000065477183586182 
1586 	 0.00000065394640724747 
1587 	 0.00000065312253605398 
1588 	 0.00000065230022094909 
1589 	 0.00000065147945949029 
1590 	 0.00000065066024768079 
1591 	 0.00000064984257841516 
1592 	 0.00000064902645102727 
1593 	 0.00000064821185885577 
1594 	 0.00000064739879745979 
1595 	 0.00000064658726639522 
1596 	 0.00000064577726210935 
1597 	 0.00000064496877860698 
1598 	 0.00000064416181078109 
1599 	 0.00000064335635441282 
1600 	 0.00000064255241016831 
1601 	 0.00000064174997360666 
1602 	 0.00000064094903451384 
1603 	 0.00000064014959866299 
1604 	 0.00000063935165517393 
1605 	 0.00000063855520715528 
1606 	 0.00000063776023817574 
1607 	 0.00000063696675978164 
1608 	 0.00000063617475776212 
1609 	 0.00000063538423766829 
1610 	 0.00000063459518395703 
1611 	 0.00000063380760040310 
1612 	 0.00000063302148012312 
1613 	 0.00000063223682533753 
1614 	 0.00000063145362938499 
1615 	 0.00000063067188360577 
1616 	 0.00000062989158977622 
1617 	 0.00000062911274434363 
1618 	 0.00000062833533776008 
1619 	 0.00000062755937690895 
1620 	 0.00000062678485734935 
1621 	 0.00000062601176220589 
1622 	 0.00000062524009769582 
1623 	 0.00000062446985804598 
1624 	 0.00000062370104636500 
1625 	 0.00000062293364710975 
1626 	 0.00000062216767271472 
1627 	 0.00000062140310297387 
1628 	 0.00000062063993855332 
1629 	 0.00000061987818456011 
1630 	 0.00000061911783255653 
1631 	 0.00000061835887432693 
1632 	 0.00000061760131853106 
1633 	 0.00000061684514607308 
1634 	 0.00000061609036827726 
1635 	 0.00000061533696804617 
1636 	 0.00000061458495448363 
1637 	 0.00000061383431426698 
1638 	 0.00000061308504850643 
1639 	 0.00000061233715809017 
1640 	 0.00000061159063657890 
1641 	 0.00000061084547287038 
1642 	 0.00000061010166918507 
1643 	 0.00000060935922774341 
1644 	 0.00000060861814454860 
1645 	 0.00000060787840805432 
1646 	 0.00000060714001981488 
1647 	 0.00000060640297672165 
1648 	 0.00000060566727166922 
1649 	 0.00000060493290532371 
1650 	 0.00000060419987701898 
1651 	 0.00000060346817742918 
1652 	 0.00000060273780944087 
1653 	 0.00000060200876506045 
1654 	 0.00000060128104295565 
1655 	 0.00000060055463113606 
1656 	 0.00000059982954736526 
1657 	 0.00000059910577343558 
1658 	 0.00000059838330312978 
1659 	 0.00000059766214710599 
1660 	 0.00000059694228782270 
1661 	 0.00000059622372883261 
1662 	 0.00000059550646880346 
1663 	 0.00000059479049951960 
1664 	 0.00000059407582009285 
1665 	 0.00000059336243163344 
1666 	 0.00000059265032326117 
1667 	 0.00000059193950008307 
1668 	 0.00000059122995277328 
1669 	 0.00000059052168510654 
1670 	 0.00000058981468153974 
1671 	 0.00000058910895117670 
1672 	 0.00000058840448535769 
1673 	 0.00000058770127875363 
1674 	 0.00000058699934180062 
1675 	 0.00000058629865407056 
1676 	 0.00000058559922333501 
1677 	 0.00000058490104248854 
1678 	 0.00000058420410842253 
1679 	 0.00000058350842224719 
1680 	 0.00000058281397286031 
1681 	 0.00000058212076869957 
1682 	 0.00000058142880043910 
1683 	 0.00000058073805653258 
1684 	 0.00000058004854741611 
1685 	 0.00000057936026731653 
1686 	 0.00000057867321334726 
1687 	 0.00000057798737596038 
1688 	 0.00000057730276026291 
1689 	 0.00000057661936203601 
1690 	 0.00000057593717328608 
1691 	 0.00000057525619534537 
1692 	 0.00000057457642621550 
1693 	 0.00000057389785701467 
1694 	 0.00000057322049062947 
1695 	 0.00000057254432594966 
1696 	 0.00000057186935187303 
1697 	 0.00000057119557439478 
1698 	 0.00000057052298974014 
1699 	 0.00000056985158858325 
1700 	 0.00000056918137048001 
1701 	 0.00000056851233543043 
1702 	 0.00000056784448188019 
1703 	 0.00000056717779783888 
1704 	 0.00000056651229529692 
1705 	 0.00000056584795604664 
1706 	 0.00000056518479341072 
1707 	 0.00000056452279029173 
1708 	 0.00000056386194913216 
1709 	 0.00000056320226682338 
1710 	 0.00000056254374358744 
1711 	 0.00000056188637120869 
1712 	 0.00000056123015412801 
1713 	 0.00000056057508923679 
1714 	 0.00000055992116543280 
1715 	 0.00000055926838848919 
1716 	 0.00000055861674663760 
1717 	 0.00000055796624698345 
1718 	 0.00000055731688375360 
1719 	 0.00000055666865317328 
1720 	 0.00000055602155235590 
1721 	 0.00000055537557641649 
1722 	 0.00000055473072935186 
1723 	 0.00000055408700405657 
1724 	 0.00000055344439564564 
1725 	 0.00000055280290833792 
1726 	 0.00000055216253436186 
1727 	 0.00000055152327416153 
1728 	 0.00000055088512151968 
1729 	 0.00000055024807465998 
1730 	 0.00000054961213402649 
1731 	 0.00000054897729562242 
1732 	 0.00000054834355922573 
1733 	 0.00000054771090818306 
1734 	 0.00000054707936159026 
1735 	 0.00000054644890878919 
1736 	 0.00000054581953734534 
1737 	 0.00000054519125769481 
1738 	 0.00000054456406295422 
1739 	 0.00000054393794401975 
1740 	 0.00000054331290955112 
1741 	 0.00000054268894467135 
1742 	 0.00000054206606336926 
1743 	 0.00000054144424899150 
1744 	 0.00000054082350042783 
1745 	 0.00000054020382522779 
1746 	 0.00000053958521162301 
1747 	 0.00000053896766338823 
1748 	 0.00000053835117075351 
1749 	 0.00000053773573638338 
1750 	 0.00000053712135317241 
1751 	 0.00000053650803022443 
1752 	 0.00000053589575155222 
1753 	 0.00000053528452470530 
1754 	 0.00000053467433747123 
1755 	 0.00000053406519140431 
1756 	 0.00000053345709249975 
1757 	 0.00000053285003143166 
1758 	 0.00000053224400575758 
1759 	 0.00000053163900881614 
1760 	 0.00000053103504860097 
1761 	 0.00000053043210801462 
1762 	 0.00000052983020215613 
1763 	 0.00000052922931814692 
1764 	 0.00000052862945421062 
1765 	 0.00000052803060968110 
1766 	 0.00000052743278433631 
1767 	 0.00000052683597040470 
1768 	 0.00000052624017188307 
1769 	 0.00000052564537988964 
1770 	 0.00000052505159575666 
1771 	 0.00000052445882525731 
1772 	 0.00000052386704885166 
1773 	 0.00000052327627764193 
1774 	 0.00000052268650252429 
1775 	 0.00000052209772727352 
1776 	 0.00000052150994278577 
1777 	 0.00000052092315372398 
1778 	 0.00000052033735498114 
1779 	 0.00000051975254145020 
1780 	 0.00000051916871268709 
1781 	 0.00000051858586647135 
1782 	 0.00000051800400968638 
1783 	 0.00000051742311901748 
1784 	 0.00000051684321200618 
1785 	 0.00000051626427799434 
1786 	 0.00000051568631209697 
1787 	 0.00000051510932408405 
1788 	 0.00000051453330507378 
1789 	 0.00000051395824307576 
1790 	 0.00000051338414763791 
1791 	 0.00000051281101720591 
1792 	 0.00000051223884112161 
1793 	 0.00000051166762493615 
1794 	 0.00000051109736265431 
1795 	 0.00000051052805405405 
1796 	 0.00000050995968980949 
1797 	 0.00000050939228768421 
1798 	 0.00000050882582081080 
1799 	 0.00000050826030384421 
1800 	 0.00000050769572546017 
1801 	 0.00000050713208921138 
1802 	 0.00000050656938888061 
1803 	 0.00000050600762691033 
1804 	 0.00000050544679641717 
1805 	 0.00000050488689851136 
1806 	 0.00000050432793252675 
1807 	 0.00000050376989624290 
1808 	 0.00000050321278188825 
1809 	 0.00000050265659767845 
1810 	 0.00000050210132518380 
1811 	 0.00000050154697595062 
1812 	 0.00000050099354420574 
1813 	 0.00000050044102795077 
1814 	 0.00000049988942785184 
1815 	 0.00000049933873635943 
1816 	 0.00000049878895613809 
1817 	 0.00000049824007986032 
1818 	 0.00000049769211662998 
1819 	 0.00000049714505001575 
1820 	 0.00000049659888978759 
1821 	 0.00000049605362439920 
1822 	 0.00000049550925385056 
1823 	 0.00000049496578391484 
1824 	 0.00000049442320770865 
1825 	 0.00000049388152101315 
1826 	 0.00000049334072693696 
1827 	 0.00000049280081726444 
1828 	 0.00000049226179998918 
1829 	 0.00000049172366156647 
1830 	 0.00000049118640399470 
1831 	 0.00000049065002993842 
1832 	 0.00000049011452962766 
1833 	 0.00000048957990728127 
1834 	 0.00000048904615845835 
1835 	 0.00000048851328404709 
1836 	 0.00000048798127982863 
1837 	 0.00000048745014091800 
1838 	 0.00000048691987553084 
1839 	 0.00000048639047056653 
1840 	 0.00000048586192713529 
1841 	 0.00000048533425078823 
1842 	 0.00000048480742842472 
1843 	 0.00000048428146426360 
1844 	 0.00000048375635319786 
1845 	 0.00000048323209878021 
1846 	 0.00000048270869656974 
1847 	 0.00000048218614323581 
1848 	 0.00000048166444055475 
1849 	 0.00000048114357698026 
1850 	 0.00000048062356139411 
1851 	 0.00000048010439090973 
1852 	 0.00000047958606153031 
1853 	 0.00000047906856881497 
1854 	 0.00000047855191209756 
1855 	 0.00000047803609115604 
1856 	 0.00000047752110732269 
1857 	 0.00000047700695415820 
1858 	 0.00000047649362744373 
1859 	 0.00000047598112939973 
1860 	 0.00000047546945891597 
1861 	 0.00000047495861887903 
1862 	 0.00000047444858997103 
1863 	 0.00000047393938906737 
1864 	 0.00000047343100817443 
1865 	 0.00000047292344906857 
1866 	 0.00000047241669332010 
1867 	 0.00000047191075891462 
1868 	 0.00000047140563763648 
1869 	 0.00000047090132615502 
1870 	 0.00000047039782336000 
1871 	 0.00000046989512547668 
1872 	 0.00000046939323783413 
1873 	 0.00000046889214799783 
1874 	 0.00000046839186240710 
1875 	 0.00000046789238061784 
1876 	 0.00000046739369419235 
1877 	 0.00000046689579957793 
1878 	 0.00000046639870721066 
1879 	 0.00000046590240909694 
1880 	 0.00000046540689746521 
1881 	 0.00000046491218119726 
1882 	 0.00000046441824874677 
1883 	 0.00000046392510477666 
1884 	 0.00000046343274440197 
1885 	 0.00000046294117383994 
1886 	 0.00000046245037887971 
1887 	 0.00000046196036551649 
1888 	 0.00000046147112775508 
1889 	 0.00000046098267159067 
1890 	 0.00000046049498925171 
1891 	 0.00000046000807607527 
1892 	 0.00000045952194138721 
1893 	 0.00000045903657253099 
1894 	 0.00000045855197150502 
1895 	 0.00000045806814452654 
1896 	 0.00000045758507605242 
1897 	 0.00000045710277185584 
1898 	 0.00000045662123215884 
1899 	 0.00000045614044430486 
1900 	 0.00000045566042738976 
1901 	 0.00000045518115698862 
1902 	 0.00000045470265197523 
1903 	 0.00000045422489791669 
1904 	 0.00000045374789503505 
1905 	 0.00000045327164688302 
1906 	 0.00000045279614613314 
1907 	 0.00000045232139411766 
1908 	 0.00000045184738617365 
1909 	 0.00000045137412207907 
1910 	 0.00000045090160338823 
1911 	 0.00000045042982632637 
1912 	 0.00000044995879000531 
1913 	 0.00000044948848887394 
1914 	 0.00000044901892137794 
1915 	 0.00000044855009884159 
1916 	 0.00000044808200638791 
1917 	 0.00000044761464801368 
1918 	 0.00000044714801661350 
1919 	 0.00000044668211462984 
1920 	 0.00000044621694339497 
1921 	 0.00000044575249802392 
1922 	 0.00000044528877607419 
1923 	 0.00000044482577465921 
1924 	 0.00000044436349910804 
1925 	 0.00000044390193854049 
1926 	 0.00000044344110539107 
1927 	 0.00000044298098189621 
1928 	 0.00000044252158226676 
1929 	 0.00000044206288962734 
1930 	 0.00000044160490886291 
1931 	 0.00000044114764574665 
1932 	 0.00000044069109184086 
1933 	 0.00000044023524226056 
1934 	 0.00000043978009856005 
1935 	 0.00000043932566518023 
1936 	 0.00000043887193479364 
1937 	 0.00000043841890184915 
1938 	 0.00000043796657722694 
1939 	 0.00000043751495071298 
1940 	 0.00000043706401942067 
1941 	 0.00000043661378157367 
1942 	 0.00000043616424871828 
1943 	 0.00000043571540220277 
1944 	 0.00000043526725179710 
1945 	 0.00000043481979217219 
1946 	 0.00000043437301844307 
1947 	 0.00000043392693660493 
1948 	 0.00000043348154044054 
1949 	 0.00000043303683239238 
1950 	 0.00000043259280313457 
1951 	 0.00000043214945977255 
1952 	 0.00000043170679675519 
1953 	 0.00000043126481497069 
1954 	 0.00000043082351242063 
1955 	 0.00000043038288444208 
1956 	 0.00000042994293081300 
1957 	 0.00000042950364997907 
1958 	 0.00000042906504860163 
1959 	 0.00000042862711469027 
1960 	 0.00000042818985312998 
1961 	 0.00000042775326059008 
1962 	 0.00000042731732907697 
1963 	 0.00000042688206836061 
1964 	 0.00000042644747311193 
1965 	 0.00000042601354199867 
1966 	 0.00000042558027035788 
1967 	 0.00000042514765885571 
1968 	 0.00000042471571259917 
1969 	 0.00000042428441915376 
1970 	 0.00000042385378229426 
1971 	 0.00000042342379691362 
1972 	 0.00000042299447056138 
1973 	 0.00000042256579790845 
1974 	 0.00000042213777184941 
1975 	 0.00000042171040282035 
1976 	 0.00000042128367616634 
1977 	 0.00000042085759921484 
1978 	 0.00000042043217107768 
1979 	 0.00000042000738376125 
1980 	 0.00000041958324126234 
1981 	 0.00000041915973936213 
1982 	 0.00000041873688161331 
1983 	 0.00000041831465935616 
1984 	 0.00000041789307569928 
1985 	 0.00000041747213153087 
1986 	 0.00000041705182818319 
1987 	 0.00000041663214878085 
1988 	 0.00000041621310908901 
1989 	 0.00000041579469600705 
1990 	 0.00000041537692130333 
1991 	 0.00000041495976610406 
1992 	 0.00000041454324462009 
1993 	 0.00000041412735396484 
1994 	 0.00000041371208214791 
1995 	 0.00000041329743960539 
1996 	 0.00000041288341590118 
1997 	 0.00000041247001547617 
1998 	 0.00000041205723588789 
1999 	 0.00000041164507291747 
