5 	 0.03328147692610361474 
6 	 0.02303031985492509648 
7 	 0.01688417594425661861 
8 	 0.01290908559912784526 
9 	 0.01019011595042007556 
10 	 0.00824840790797498613 
11 	 0.00681345395688381927 
12 	 0.00572301502358119052 
13 	 0.00487497118030955079 
14 	 0.00420243157627897546 
15 	 0.00366009115653964656 
16 	 0.00321637816794995146 
17 	 0.00284874395890488685 
18 	 0.00254073566623969072 
19 	 0.00228012007290967489 
20 	 0.00205764828541710187 
21 	 0.00186622271431735598 
22 	 0.00170032327760027968 
23 	 0.00155560455896308625 
24 	 0.00142860808631617431 
25 	 0.00131655360689286738 
26 	 0.00121718550636318312 
27 	 0.00112865832726116722 
28 	 0.00104945040966741843 
29 	 0.00097829802664239907 
30 	 0.00091414463796235523 
31 	 0.00085610142210290618 
32 	 0.00080341630993041591 
33 	 0.00075544948962180669 
34 	 0.00071165388206395619 
35 	 0.00067155946651897835 
36 	 0.00063476061258205263 
37 	 0.00060090577702087700 
38 	 0.00056968907406318436 
39 	 0.00054084333966164522 
40 	 0.00051413439460556987 
41 	 0.00048935627536916826 
42 	 0.00046632725050654855 
43 	 0.00044488647813256676 
44 	 0.00042489118921640312 
45 	 0.00040621430423737337 
46 	 0.00038874240864572585 
47 	 0.00037237402668965913 
48 	 0.00035701814438704460 
49 	 0.00034259294138960783 
50 	 0.00032902469862516881 
51 	 0.00031624685442865896 
52 	 0.00030419918652313527 
53 	 0.00029282710103872844 
54 	 0.00028208101284965537 
55 	 0.00027191580407714966 
56 	 0.00026229034967029108 
57 	 0.00025316710075751203 
58 	 0.00024451171784578563 
59 	 0.00023629274717906767 
60 	 0.00022848133454012043 
61 	 0.00022105097163427345 
62 	 0.00021397727086824858 
63 	 0.00020723776497577617 
64 	 0.00020081172836761141 
65 	 0.00019468001759026521 
66 	 0.00018882492857574817 
67 	 0.00018323006868836700 
68 	 0.00017788024185527718 
69 	 0.00017276134526644782 
70 	 0.00016786027632509359 
71 	 0.00016316484871348180 
72 	 0.00015866371656336753 
73 	 0.00015434630584643116 
74 	 0.00015020275220756218 
75 	 0.00014622384457174675 
76 	 0.00014240097390372242 
77 	 0.00013872608659282193 
78 	 0.00013519164200914702 
79 	 0.00013179057377765702 
80 	 0.00012851625443710546 
81 	 0.00012536246312233601 
82 	 0.00012232335599415833 
83 	 0.00011939343914857403 
84 	 0.00011656754376820899 
85 	 0.00011384080330900659 
86 	 0.00011120863253166746 
87 	 0.00010866670821663149 
88 	 0.00010621095139029535 
89 	 0.00010383751096432192 
90 	 0.00010154274861307044 
91 	 0.00009932322483452438 
92 	 0.00009717568604283855 
93 	 0.00009509705264276747 
94 	 0.00009308440798427853 
95 	 0.00009113498812052256 
96 	 0.00008924617231498289 
97 	 0.00008741547423429807 
98 	 0.00008564053374948699 
99 	 0.00008391910933580604 
100 	 0.00008224907098730583 
101 	 0.00008062839362121821 
102 	 0.00007905515094686066 
103 	 0.00007752750972800371 
104 	 0.00007604372444358631 
105 	 0.00007460213229970591 
106 	 0.00007320114856756987 
107 	 0.00007183926223008896 
108 	 0.00007051503189936525 
109 	 0.00006922708200640670 
110 	 0.00006797409922620901 
111 	 0.00006675482912577024 
112 	 0.00006556807302526835 
113 	 0.00006441268505330555 
114 	 0.00006328756937268309 
115 	 0.00006219167758736432 
116 	 0.00006112400629909587 
117 	 0.00006008359480347281 
118 	 0.00005906952293521783 
119 	 0.00005808090902892360 
120 	 0.00005711690800414004 
121 	 0.00005617670955615495 
122 	 0.00005525953645468817 
123 	 0.00005436464293717691 
124 	 0.00005349131318954647 
125 	 0.00005263885991713124 
126 	 0.00005180662299331118 
127 	 0.00005099396817564994 
128 	 0.00005020028590330128 
129 	 0.00004942499014815027 
130 	 0.00004866751733612062 
131 	 0.00004792732532665767 
132 	 0.00004720389242818257 
133 	 0.00004649671649659126 
134 	 0.00004580531405018462 
135 	 0.00004512921944987980 
136 	 0.00004446798411006370 
137 	 0.00004382117576406941 
138 	 0.00004318837774475170 
139 	 0.00004256918832012957 
140 	 0.00004196322005567410 
141 	 0.00004137009920723855 
142 	 0.00004078946514596282 
143 	 0.00004022096980627055 
144 	 0.00003966427716450838 
145 	 0.00003911906275266830 
146 	 0.00003858501316544860 
147 	 0.00003806182562948734 
148 	 0.00003754920756326996 
149 	 0.00003704687617034352 
150 	 0.00003655455805073871 
151 	 0.00003607198882571439 
152 	 0.00003559891278648308 
153 	 0.00003513508255448272 
154 	 0.00003468025875363878 
155 	 0.00003423420970571911 
156 	 0.00003379671113812321 
157 	 0.00003336754589255975 
158 	 0.00003294650366569840 
159 	 0.00003253338074449275 
160 	 0.00003212797976059889 
161 	 0.00003173010946122545 
162 	 0.00003133958447287810 
163 	 0.00003095622509574625 
164 	 0.00003057985708920796 
165 	 0.00003021031147332209 
166 	 0.00002984742435074850 
167 	 0.00002949103670912834 
168 	 0.00002914099426298833 
169 	 0.00002879714726589100 
170 	 0.00002845935037454339 
171 	 0.00002812746247649045 
172 	 0.00002780134655289146 
173 	 0.00002748086952975015 
174 	 0.00002716590215046111 
175 	 0.00002685631883636574 
176 	 0.00002655199757128912 
177 	 0.00002625281977186589 
178 	 0.00002595867018051479 
179 	 0.00002566943674375821 
180 	 0.00002538501051940756 
181 	 0.00002510528556287639 
182 	 0.00002483015883036899 
183 	 0.00002455953009095069 
184 	 0.00002429330182485145 
185 	 0.00002403137914308573 
186 	 0.00002377366970041095 
187 	 0.00002352008361672375 
188 	 0.00002327053339046259 
189 	 0.00002302493383243842 
190 	 0.00002278320199122774 
191 	 0.00002254525707590105 
192 	 0.00002231102039917943 
193 	 0.00002208041530149529 
194 	 0.00002185336710081032 
195 	 0.00002162980301978479 
196 	 0.00002140965213692780 
197 	 0.00002119284532087207 
198 	 0.00002097931518685314 
199 	 0.00002076899603720150 
200 	 0.00002056182381116045 
201 	 0.00002035773603692448 
202 	 0.00002015667179078307 
203 	 0.00001995857164072135 
204 	 0.00001976337760911662 
205 	 0.00001957103312788533 
206 	 0.00001938148300029141 
207 	 0.00001919467336142233 
208 	 0.00001901055163289200 
209 	 0.00001882906649575133 
210 	 0.00001865016784829976 
211 	 0.00001847380677277854 
212 	 0.00001829993550295228 
213 	 0.00001812850739346672 
214 	 0.00001795947688121302 
215 	 0.00001779279946623191 
216 	 0.00001762843166908112 
217 	 0.00001746633101973316 
218 	 0.00001730645600783731 
219 	 0.00001714876607961102 
220 	 0.00001699322159520733 
221 	 0.00001683978380784268 
222 	 0.00001668841484869787 
223 	 0.00001653907768961460 
224 	 0.00001639173612844047 
225 	 0.00001624635476860092 
226 	 0.00001610289899023343 
227 	 0.00001596133493864116 
228 	 0.00001582162949809174 
229 	 0.00001568375027449775 
230 	 0.00001554766557587683 
231 	 0.00001541334439636444 
232 	 0.00001528075639400939 
233 	 0.00001514987188011574 
234 	 0.00001502066179570605 
235 	 0.00001489309770219549 
236 	 0.00001476715175918741 
237 	 0.00001464279671337110 
238 	 0.00001452000588164637 
239 	 0.00001439875314268591 
240 	 0.00001427901291384259 
241 	 0.00001416076014226775 
242 	 0.00001404397029336479 
243 	 0.00001392861933213752 
244 	 0.00001381468372407824 
245 	 0.00001370214040408158 
246 	 0.00001359096678221761 
247 	 0.00001348114071708650 
248 	 0.00001337264052603260 
249 	 0.00001326544494517634 
250 	 0.00001315953314451335 
251 	 0.00001305488470659810 
252 	 0.00001295147961855037 
253 	 0.00001284929826006476 
254 	 0.00001274832139586124 
255 	 0.00001264853017257650 
256 	 0.00001254990609922402 
257 	 0.00001245243104541771 
258 	 0.00001235608722760517 
259 	 0.00001226085721617309 
260 	 0.00001216672390347284 
261 	 0.00001207367051359043 
262 	 0.00001198168059257654 
263 	 0.00001189073799290341 
264 	 0.00001180082688279072 
265 	 0.00001171193171822793 
266 	 0.00001162403724874750 
267 	 0.00001153712851387212 
268 	 0.00001145119082446300 
269 	 0.00001136620977337799 
270 	 0.00001128217120927033 
271 	 0.00001119906124991132 
272 	 0.00001111686626220632 
273 	 0.00001103557286663559 
274 	 0.00001095516792393170 
275 	 0.00001087563853463536 
276 	 0.00001079697203287822 
277 	 0.00001071915597883333 
278 	 0.00001064217816004742 
279 	 0.00001056602657945049 
280 	 0.00001049068945446763 
281 	 0.00001041615521391037 
282 	 0.00001034241248643042 
283 	 0.00001026945010718094 
284 	 0.00001019725710049713 
285 	 0.00001012582269455109 
286 	 0.00001005513628893340 
287 	 0.00000998518748351884 
288 	 0.00000991596604738021 
289 	 0.00000984746193255503 
290 	 0.00000977966526338747 
291 	 0.00000971256632809059 
292 	 0.00000964615558984860 
293 	 0.00000958042366416834 
294 	 0.00000951536133664277 
295 	 0.00000945095954030251 
296 	 0.00000938720936494164 
297 	 0.00000932410204645961 
298 	 0.00000926162897529892 
299 	 0.00000919978167646107 
300 	 0.00000913855182327339 
301 	 0.00000907793122228995 
302 	 0.00000901791181595613 
303 	 0.00000895848568394086 
304 	 0.00000889964503247853 
305 	 0.00000884138219348074 
306 	 0.00000878368962631271 
307 	 0.00000872655991512872 
308 	 0.00000866998576087852 
309 	 0.00000861395998352776 
310 	 0.00000855847551628486 
311 	 0.00000850352541181820 
312 	 0.00000844910282760125 
313 	 0.00000839520103346203 
314 	 0.00000834181340625406 
315 	 0.00000828893343030046 
316 	 0.00000823655468362716 
317 	 0.00000818467085395014 
318 	 0.00000813327572757316 
319 	 0.00000808236318494693 
320 	 0.00000803192720244539 
321 	 0.00000798196185058941 
322 	 0.00000793246129626723 
323 	 0.00000788341978497087 
324 	 0.00000783483166388876 
325 	 0.00000778669136058951 
326 	 0.00000773899338701867 
327 	 0.00000769173234083098 
328 	 0.00000764490290361408 
329 	 0.00000759849983555938 
330 	 0.00000755251797546208 
331 	 0.00000750695223894482 
332 	 0.00000746179762423083 
333 	 0.00000741704919660080 
334 	 0.00000737270210260377 
335 	 0.00000732875155318169 
336 	 0.00000728519283788032 
337 	 0.00000724202130975016 
338 	 0.00000719923239556053 
339 	 0.00000715682158647368 
340 	 0.00000711478444248570 
341 	 0.00000707311658443288 
342 	 0.00000703181369976491 
343 	 0.00000699087153943623 
344 	 0.00000695028591524149 
345 	 0.00000691005269937151 
346 	 0.00000687016782352501 
347 	 0.00000683062727713235 
348 	 0.00000679142710735547 
349 	 0.00000675256342219654 
350 	 0.00000671403237673118 
351 	 0.00000667583018953977 
352 	 0.00000663795312894067 
353 	 0.00000660039751165797 
354 	 0.00000656315971481192 
355 	 0.00000652623615993164 
356 	 0.00000648962332494563 
357 	 0.00000645331772908264 
358 	 0.00000641731594575035 
359 	 0.00000638161459276532 
360 	 0.00000634621034256710 
361 	 0.00000631109990179013 
362 	 0.00000627628002858316 
363 	 0.00000624174752994477 
364 	 0.00000620749924840069 
365 	 0.00000617353207488236 
366 	 0.00000613984293851288 
367 	 0.00000610642881992973 
368 	 0.00000607328672730389 
369 	 0.00000604041371943254 
370 	 0.00000600780688797542 
371 	 0.00000597546336900123 
372 	 0.00000594338033454989 
373 	 0.00000591155499529705 
374 	 0.00000587998460144235 
375 	 0.00000584866643249526 
376 	 0.00000581759781104196 
377 	 0.00000578677609208711 
378 	 0.00000575619866793886 
379 	 0.00000572586296199162 
380 	 0.00000569576643316694 
381 	 0.00000566590657413713 
382 	 0.00000563628091265755 
383 	 0.00000560688700090850 
384 	 0.00000557772243281462 
385 	 0.00000554878482539323 
386 	 0.00000552007183030057 
387 	 0.00000549158113072323 
388 	 0.00000546331043427273 
389 	 0.00000543525748675222 
390 	 0.00000540742005261663 
391 	 0.00000537979593184801 
392 	 0.00000535238295551466 
393 	 0.00000532517896623119 
394 	 0.00000529818185546205 
395 	 0.00000527138952621797 
396 	 0.00000524479991392823 
397 	 0.00000521841097533837 
398 	 0.00000519222070138881 
399 	 0.00000516622709989534 
400 	 0.00000514042820620730 
401 	 0.00000511482208365166 
402 	 0.00000508940681021031 
403 	 0.00000506418050250090 
404 	 0.00000503914128557881 
405 	 0.00000501428731647380 
406 	 0.00000498961676864695 
407 	 0.00000496512784664560 
408 	 0.00000494081877100427 
409 	 0.00000491668778268561 
410 	 0.00000489273314618899 
411 	 0.00000486895314999458 
412 	 0.00000484534609945797 
413 	 0.00000482191032080692 
414 	 0.00000479864416247366 
415 	 0.00000477554598976582 
416 	 0.00000475261419152773 
417 	 0.00000472984717259095 
418 	 0.00000470724335821515 
419 	 0.00000468480119142356 
420 	 0.00000466251913611160 
421 	 0.00000464039567127372 
422 	 0.00000461842929766476 
423 	 0.00000459661852847404 
424 	 0.00000457496189820716 
425 	 0.00000455345795868922 
426 	 0.00000453210528217340 
427 	 0.00000451090244490970 
428 	 0.00000448984805334618 
429 	 0.00000446894072281268 
430 	 0.00000444817909173167 
431 	 0.00000442756180163428 
432 	 0.00000440708752602603 
433 	 0.00000438675493619201 
434 	 0.00000436656273450353 
435 	 0.00000434650963043737 
436 	 0.00000432659434634886 
437 	 0.00000430681562502144 
438 	 0.00000428717222078490 
439 	 0.00000426766290040348 
440 	 0.00000424828644840503 
441 	 0.00000422904165953142 
442 	 0.00000420992734051495 
443 	 0.00000419094232162465 
444 	 0.00000417208543579406 
445 	 0.00000415335552972351 
446 	 0.00000413475147187370 
447 	 0.00000411627213114940 
448 	 0.00000409791640043622 
449 	 0.00000407968317617247 
450 	 0.00000406157136945140 
451 	 0.00000404357991135029 
452 	 0.00000402570772983779 
453 	 0.00000400795377819563 
454 	 0.00000399031701414643 
455 	 0.00000397279641051185 
456 	 0.00000395539094633079 
457 	 0.00000393809961751757 
458 	 0.00000392092142709188 
459 	 0.00000390385538784344 
460 	 0.00000388690052899321 
461 	 0.00000387005588997624 
462 	 0.00000385332050889531 
463 	 0.00000383669344827808 
464 	 0.00000382017377331678 
465 	 0.00000380376056696718 
466 	 0.00000378745290774418 
467 	 0.00000377124989947575 
468 	 0.00000375515064421350 
469 	 0.00000373915425821991 
470 	 0.00000372325987063604 
471 	 0.00000370746661193522 
472 	 0.00000369177362724571 
473 	 0.00000367618007324211 
474 	 0.00000366068510659900 
475 	 0.00000364528790131047 
476 	 0.00000362998763403510 
477 	 0.00000361478349741873 
478 	 0.00000359967468233080 
479 	 0.00000358466039385164 
480 	 0.00000356973984771969 
481 	 0.00000355491226367022 
482 	 0.00000354017687476116 
483 	 0.00000352553291627089 
484 	 0.00000351097963013913 
485 	 0.00000349651627162828 
486 	 0.00000348214209999753 
487 	 0.00000346785638738467 
488 	 0.00000345365840859202 
489 	 0.00000343954744153052 
490 	 0.00000342552277965424 
491 	 0.00000341158372219041 
492 	 0.00000339772957458351 
493 	 0.00000338395964316618 
494 	 0.00000337027325514327 
495 	 0.00000335666972528514 
496 	 0.00000334314839722794 
497 	 0.00000332970860128512 
498 	 0.00000331634968686600 
499 	 0.00000330307101004124 
500 	 0.00000328987192110830 
501 	 0.00000327675179390141 
502 	 0.00000326370999292891 
503 	 0.00000325074589779817 
504 	 0.00000323785889611017 
505 	 0.00000322504837413362 
506 	 0.00000321231372923947 
507 	 0.00000319965436190728 
508 	 0.00000318706968238658 
509 	 0.00000317455910359143 
510 	 0.00000316212204509725 
511 	 0.00000314975792869987 
512 	 0.00000313746618862965 
513 	 0.00000312524626000510 
514 	 0.00000311309758549427 
515 	 0.00000310101960954157 
516 	 0.00000308901178946996 
517 	 0.00000307707357638520 
518 	 0.00000306520443871250 
519 	 0.00000305340384176844 
520 	 0.00000304167126152777 
521 	 0.00000303000617396521 
522 	 0.00000301840806127274 
523 	 0.00000300687641630049 
524 	 0.00000299541072923404 
525 	 0.00000298401049247943 
526 	 0.00000297267521975897 
527 	 0.00000296140441102821 
528 	 0.00000295019758134174 
529 	 0.00000293905424619822 
530 	 0.00000292797392598132 
531 	 0.00000291695614995646 
532 	 0.00000290600044516864 
533 	 0.00000289510634621237 
534 	 0.00000288427339345532 
535 	 0.00000287350113037377 
536 	 0.00000286278910088811 
537 	 0.00000285213686224139 
538 	 0.00000284154396679170 
539 	 0.00000283100997355845 
540 	 0.00000282053444866648 
541 	 0.00000281011696090516 
542 	 0.00000279975707995206 
543 	 0.00000278945438703104 
544 	 0.00000277920845670465 
545 	 0.00000276901887241721 
546 	 0.00000275888522338619 
547 	 0.00000274880710415815 
548 	 0.00000273878410528283 
549 	 0.00000272881582663587 
550 	 0.00000271890186986923 
551 	 0.00000270904184418441 
552 	 0.00000269923535789474 
553 	 0.00000268948202375441 
554 	 0.00000267978145540582 
555 	 0.00000267013327448495 
556 	 0.00000266053710573644 
557 	 0.00000265099257834578 
558 	 0.00000264149931794577 
559 	 0.00000263205695905100 
560 	 0.00000262266513972875 
561 	 0.00000261332350248722 
562 	 0.00000260403168361734 
563 	 0.00000259478933495316 
564 	 0.00000258559610211151 
565 	 0.00000257645164092324 
566 	 0.00000256735560544286 
567 	 0.00000255830765416576 
568 	 0.00000254930744914006 
569 	 0.00000254035465996338 
570 	 0.00000253144894646340 
571 	 0.00000252258998001409 
572 	 0.00000251377743776260 
573 	 0.00000250501099463563 
574 	 0.00000249629033044485 
575 	 0.00000248761512011697 
576 	 0.00000247898505811861 
577 	 0.00000247039982781416 
578 	 0.00000246185911967345 
579 	 0.00000245336262461038 
580 	 0.00000244491003975611 
581 	 0.00000243650106002136 
582 	 0.00000242813539186315 
583 	 0.00000241981273330083 
584 	 0.00000241153279212369 
585 	 0.00000240329527434469 
586 	 0.00000239509989308218 
587 	 0.00000238694635923409 
588 	 0.00000237883439169195 
589 	 0.00000237076370535050 
590 	 0.00000236273402354215 
591 	 0.00000235474506382616 
592 	 0.00000234679655930492 
593 	 0.00000233888822842587 
594 	 0.00000233101980695594 
595 	 0.00000232319102622114 
596 	 0.00000231540161266253 
597 	 0.00000230765131670196 
598 	 0.00000229993986611277 
599 	 0.00000229226700332319 
600 	 0.00000228463247564648 
601 	 0.00000227703602551088 
602 	 0.00000226947739623284 
603 	 0.00000226195634267512 
604 	 0.00000225447261481548 
605 	 0.00000224702596973714 
606 	 0.00000223961615564150 
607 	 0.00000223224293138813 
608 	 0.00000222490606160974 
609 	 0.00000221760530072501 
610 	 0.00000221034041913981 
611 	 0.00000220311117660188 
612 	 0.00000219591734440527 
613 	 0.00000218875868762680 
614 	 0.00000218163498111323 
615 	 0.00000217454599571454 
616 	 0.00000216749150760975 
617 	 0.00000216047128986929 
618 	 0.00000215348512666580 
619 	 0.00000214653279329013 
620 	 0.00000213961407258267 
621 	 0.00000213272874960424 
622 	 0.00000212587660763930 
623 	 0.00000211905743485730 
624 	 0.00000211227102475675 
625 	 0.00000210551715662533 
626 	 0.00000209879563506377 
627 	 0.00000209210624380063 
628 	 0.00000208544878477213 
629 	 0.00000207882305192086 
630 	 0.00000207222884851532 
631 	 0.00000206566596983038 
632 	 0.00000205913422002268 
633 	 0.00000205263339969619 
634 	 0.00000204616331656027 
635 	 0.00000203972377832429 
636 	 0.00000203331458914491 
637 	 0.00000202693556516920 
638 	 0.00000202058650788928 
639 	 0.00000201426723922538 
640 	 0.00000200797756733095 
641 	 0.00000200171730924126 
642 	 0.00000199548628243562 
643 	 0.00000198928430350520 
644 	 0.00000198311119303796 
645 	 0.00000197696677517456 
646 	 0.00000197085086739435 
647 	 0.00000196476329827888 
648 	 0.00000195870388797204 
649 	 0.00000195267246638764 
650 	 0.00000194666886388362 
651 	 0.00000194069290060384 
652 	 0.00000193474441934072 
653 	 0.00000192882323846177 
654 	 0.00000192292920253578 
655 	 0.00000191706214192067 
656 	 0.00000191122189097115 
657 	 0.00000190540828937102 
658 	 0.00000189962117147502 
659 	 0.00000189386037741102 
660 	 0.00000188812574997144 
661 	 0.00000188241713017234 
662 	 0.00000187673436125024 
663 	 0.00000187107728821800 
664 	 0.00000186544575120351 
665 	 0.00000185983960454550 
666 	 0.00000185425868970412 
667 	 0.00000184870285790950 
668 	 0.00000184317195994765 
669 	 0.00000183766584349598 
670 	 0.00000183218436244914 
671 	 0.00000182672737469858 
672 	 0.00000182129472836579 
673 	 0.00000181588627912177 
674 	 0.00000181050188396981 
675 	 0.00000180514140657451 
676 	 0.00000179980469727781 
677 	 0.00000179449162063250 
678 	 0.00000178920203275368 
679 	 0.00000178393580441139 
680 	 0.00000177869279038845 
681 	 0.00000177347285212903 
682 	 0.00000176827586217954 
683 	 0.00000176310168242821 
684 	 0.00000175795018053648 
685 	 0.00000175282122283349 
686 	 0.00000174771467964518 
687 	 0.00000174263041774481 
688 	 0.00000173756830879057 
689 	 0.00000173252822666115 
690 	 0.00000172751004079430 
691 	 0.00000172251362773324 
692 	 0.00000171753885824799 
693 	 0.00000171258560799359 
694 	 0.00000170765375839821 
695 	 0.00000170274317712327 
696 	 0.00000169785374959375 
697 	 0.00000169298535013240 
698 	 0.00000168813786105559 
699 	 0.00000168331116290332 
700 	 0.00000167850513443923 
701 	 0.00000167371966197649 
702 	 0.00000166895462205829 
703 	 0.00000166420990455052 
704 	 0.00000165948539043725 
705 	 0.00000165478096603167 
706 	 0.00000165009651897918 
707 	 0.00000164543193648115 
708 	 0.00000164078710040982 
709 	 0.00000163616190818061 
710 	 0.00000163155624566258 
711 	 0.00000162696999916889 
712 	 0.00000162240306522676 
713 	 0.00000161785533459025 
714 	 0.00000161332669890157 
715 	 0.00000160881705157934 
716 	 0.00000160432628293350 
717 	 0.00000159985429126763 
718 	 0.00000159540097577349 
719 	 0.00000159096622454058 
720 	 0.00000158654994164564 
721 	 0.00000158215202006318 
722 	 0.00000157777236164947 
723 	 0.00000157341086115537 
724 	 0.00000156906742265761 
725 	 0.00000156474194090706 
726 	 0.00000156043432708586 
727 	 0.00000155614447150398 
728 	 0.00000155187228356723 
729 	 0.00000154761766246736 
730 	 0.00000154338051894243 
731 	 0.00000153916074774330 
732 	 0.00000153495826316075 
733 	 0.00000153077296216608 
734 	 0.00000152660475860600 
735 	 0.00000152245355433678 
736 	 0.00000151831926098467 
737 	 0.00000151420178529094 
738 	 0.00000151010103444094 
739 	 0.00000150601692006092 
740 	 0.00000150194935510939 
741 	 0.00000149789824321900 
742 	 0.00000149386349823644 
743 	 0.00000148984503489658 
744 	 0.00000148584276349339 
745 	 0.00000148185660098221 
746 	 0.00000147788645543656 
747 	 0.00000147393224247949 
748 	 0.00000146999388261904 
749 	 0.00000146607128037601 
750 	 0.00000146216436425206 
751 	 0.00000145827303921209 
752 	 0.00000145439723198137 
753 	 0.00000145053685463026 
754 	 0.00000144669182455814 
755 	 0.00000144286206493760 
756 	 0.00000143904749583257 
757 	 0.00000143524802576067 
758 	 0.00000143146358810853 
759 	 0.00000142769409983146 
760 	 0.00000142393948010522 
761 	 0.00000142019965032603 
762 	 0.00000141647453633098 
763 	 0.00000141276406040447 
764 	 0.00000140906814349862 
765 	 0.00000140538671189461 
766 	 0.00000140171968698866 
767 	 0.00000139806699994693 
768 	 0.00000139442856639249 
769 	 0.00000139080431926786 
770 	 0.00000138719418441013 
771 	 0.00000138359808854460 
772 	 0.00000138001595750836 
773 	 0.00000137644771980305 
774 	 0.00000137289330304213 
775 	 0.00000136935263794769 
776 	 0.00000136582565035681 
777 	 0.00000136231227187977 
778 	 0.00000135881243235048 
779 	 0.00000135532606204691 
780 	 0.00000135185309702024 
781 	 0.00000134839345822257 
782 	 0.00000134494708392552 
783 	 0.00000134151390707160 
784 	 0.00000133809385927108 
785 	 0.00000133468687035787 
786 	 0.00000133129288037992 
787 	 0.00000132791181961522 
788 	 0.00000132454362189449 
789 	 0.00000132118822371297 
790 	 0.00000131784555579273 
791 	 0.00000131451556129036 
792 	 0.00000131119817536884 
793 	 0.00000130789332608572 
794 	 0.00000130460095970619 
795 	 0.00000130132100295555 
796 	 0.00000129805340964850 
797 	 0.00000129479809896083 
798 	 0.00000129155502204270 
799 	 0.00000128832411805391 
800 	 0.00000128510531682835 
801 	 0.00000128189856551941 
802 	 0.00000127870380639550 
803 	 0.00000127552096840233 
804 	 0.00000127235000269010 
805 	 0.00000126919084619814 
806 	 0.00000126604344385939 
807 	 0.00000126290773128090 
808 	 0.00000125978365383972 
809 	 0.00000125667115602468 
810 	 0.00000125357017966010 
811 	 0.00000125048066657030 
812 	 0.00000124740255946776 
813 	 0.00000124433580506178 
814 	 0.00000124128034384441 
815 	 0.00000123823612563356 
816 	 0.00000123520309047720 
817 	 0.00000123218118641688 
818 	 0.00000122917035705328 
819 	 0.00000122617055176022 
820 	 0.00000122318171680291 
821 	 0.00000122020379311749 
822 	 0.00000121723673141005 
823 	 0.00000121428047794581 
824 	 0.00000121133498254267 
825 	 0.00000120840019146584 
826 	 0.00000120547605364507 
827 	 0.00000120256251712192 
828 	 0.00000119965953260248 
829 	 0.00000119676703969063 
830 	 0.00000119388500019468 
831 	 0.00000119101335993577 
832 	 0.00000118815206695544 
833 	 0.00000118530107240389 
834 	 0.00000118246032432268 
835 	 0.00000117962977963515 
836 	 0.00000117680938505060 
837 	 0.00000117399909305149 
838 	 0.00000117119885745254 
839 	 0.00000116840862895984 
840 	 0.00000116562835561496 
841 	 0.00000116285799833804 
842 	 0.00000116009750428248 
843 	 0.00000115734682815116 
844 	 0.00000115460592375882 
845 	 0.00000115187474536427 
846 	 0.00000114915324589404 
847 	 0.00000114644137871878 
848 	 0.00000114373910165000 
849 	 0.00000114104636672607 
850 	 0.00000113836312864990 
851 	 0.00000113568934922981 
852 	 0.00000113302497206647 
853 	 0.00000113036996696181 
854 	 0.00000112772427707242 
855 	 0.00000112508786553889 
856 	 0.00000112246069061683 
857 	 0.00000111984270567689 
858 	 0.00000111723387163920 
859 	 0.00000111463414098623 
860 	 0.00000111204347374994 
861 	 0.00000110946182863003 
862 	 0.00000110688916254986 
863 	 0.00000110432543642958 
864 	 0.00000110177060808070 
865 	 0.00000109922463265022 
866 	 0.00000109668747017011 
867 	 0.00000109415908200461 
868 	 0.00000109163942996204 
869 	 0.00000108912847274212 
870 	 0.00000108662616549182 
871 	 0.00000108413247668082 
872 	 0.00000108164735657112 
873 	 0.00000107917077629693 
874 	 0.00000107670268656435 
875 	 0.00000107424306028392 
876 	 0.00000107179184860584 
877 	 0.00000106934901866751 
878 	 0.00000106691453183316 
879 	 0.00000106448834236161 
880 	 0.00000106207042804840 
881 	 0.00000105966073826735 
882 	 0.00000105725924104405 
883 	 0.00000105486589596637 
884 	 0.00000105248067283625 
885 	 0.00000105010352813295 
886 	 0.00000104773442677342 
887 	 0.00000104537333411869 
888 	 0.00000104302021686209 
889 	 0.00000104067503325922 
890 	 0.00000103833774867113 
891 	 0.00000103600833556428 
892 	 0.00000103368674508886 
893 	 0.00000103137295326405 
894 	 0.00000102906692323046 
895 	 0.00000102676861546414 
896 	 0.00000102447799621430 
897 	 0.00000102219503750334 
898 	 0.00000101991970158366 
899 	 0.00000101765195603676 
900 	 0.00000101539176089460 
901 	 0.00000101313909040002 
902 	 0.00000101089390414089 
903 	 0.00000100865617325141 
904 	 0.00000100642586753352 
905 	 0.00000100420295146009 
906 	 0.00000100198738994806 
907 	 0.00000099977915146710 
908 	 0.00000099757820892776 
909 	 0.00000099538452458248 
910 	 0.00000099319806290410 
911 	 0.00000099101880657315 
912 	 0.00000098884670940436 
913 	 0.00000098668174697281 
914 	 0.00000098452388641590 
915 	 0.00000098237309797966 
916 	 0.00000098022934968967 
917 	 0.00000097809260823922 
918 	 0.00000097596284520662 
919 	 0.00000097384003749923 
920 	 0.00000097172414204039 
921 	 0.00000096961513662563 
922 	 0.00000096751299150100 
923 	 0.00000096541767335978 
924 	 0.00000096332915289210 
925 	 0.00000096124740478487 
926 	 0.00000095917239706367 
927 	 0.00000095710410041860 
928 	 0.00000095504248553979 
929 	 0.00000095298752667006 
930 	 0.00000095093919405542 
931 	 0.00000094889745394511 
932 	 0.00000094686228502283 
933 	 0.00000094483365620235 
934 	 0.00000094281154217057 
935 	 0.00000094079590917673 
936 	 0.00000093878673679271 
937 	 0.00000093678398815911 
938 	 0.00000093478764684463 
939 	 0.00000093279767687804 
940 	 0.00000093081405738715 
941 	 0.00000092883675728572 
942 	 0.00000092686575081657 
943 	 0.00000092490101089027 
944 	 0.00000092294251352598 
945 	 0.00000092099022763747 
946 	 0.00000091904413235255 
947 	 0.00000091710419880542 
948 	 0.00000091517039635391 
949 	 0.00000091324270945492 
950 	 0.00000091132110213721 
951 	 0.00000090940555752539 
952 	 0.00000090749604275686 
953 	 0.00000090559253917988 
954 	 0.00000090369501526411 
955 	 0.00000090180345102553 
956 	 0.00000089991781848653 
957 	 0.00000089803809588673 
958 	 0.00000089616425658079 
959 	 0.00000089429627347926 
960 	 0.00000089243412615403 
961 	 0.00000089057778751567 
962 	 0.00000088872723535971 
963 	 0.00000088688244703761 
964 	 0.00000088504339634810 
965 	 0.00000088321005797809 
966 	 0.00000088138241505220 
967 	 0.00000087956043248738 
968 	 0.00000087774409962549 
969 	 0.00000087593338449210 
970 	 0.00000087412826532685 
971 	 0.00000087232872392207 
972 	 0.00000087053472919152 
973 	 0.00000086874626559208 
974 	 0.00000086696330736658 
975 	 0.00000086518582831374 
976 	 0.00000086341381821953 
977 	 0.00000086164724333315 
978 	 0.00000085988608544696 
979 	 0.00000085813031880377 
980 	 0.00000085637992519594 
981 	 0.00000085463488153081 
982 	 0.00000085289516693621 
983 	 0.00000085116075965175 
984 	 0.00000084943163614071 
985 	 0.00000084770777508680 
986 	 0.00000084598915872647 
987 	 0.00000084427576352297 
988 	 0.00000084256756727186 
989 	 0.00000084086455220955 
990 	 0.00000083916669035844 
991 	 0.00000083747397061629 
992 	 0.00000083578636589365 
993 	 0.00000083410385443017 
994 	 0.00000083242642467951 
995 	 0.00000083075404333499 
996 	 0.00000082908669929438 
997 	 0.00000082742437035321 
998 	 0.00000082576703519521 
999 	 0.00000082411467428045 
1000 	 0.00000082246726940127 
1001 	 0.00000082082480101775 
1002 	 0.00000081918724559316 
1003 	 0.00000081755458269939 
1004 	 0.00000081592679945786 
1005 	 0.00000081430387055548 
1006 	 0.00000081268578444593 
1007 	 0.00000081107250826662 
1008 	 0.00000080946403668847 
1009 	 0.00000080786033818114 
1010 	 0.00000080626141185647 
1011 	 0.00000080466722440775 
1012 	 0.00000080307775718325 
1013 	 0.00000080149299375165 
1014 	 0.00000079991292034620 
1015 	 0.00000079833750898928 
1016 	 0.00000079676675301954 
1017 	 0.00000079520062623573 
1018 	 0.00000079363911575925 
1019 	 0.00000079208219627702 
1020 	 0.00000079052985668682 
1021 	 0.00000078898207034328 
1022 	 0.00000078743883102916 
1023 	 0.00000078590011387547 
1024 	 0.00000078436590023045 
1025 	 0.00000078283617632735 
1026 	 0.00000078131092262623 
1027 	 0.00000077979012313989 
1028 	 0.00000077827375966066 
1029 	 0.00000077676181753361 
1030 	 0.00000077525427188974 
1031 	 0.00000077375111118272 
1032 	 0.00000077225232075762 
1033 	 0.00000077075787885406 
1034 	 0.00000076926777348163 
1035 	 0.00000076778198332406 
1036 	 0.00000076630049417048 
1037 	 0.00000076482328914551 
1038 	 0.00000076335034915331 
1039 	 0.00000076188166131530 
1040 	 0.00000076041720697972 
1041 	 0.00000075895697371209 
1042 	 0.00000075750094019611 
1043 	 0.00000075604909488547 
1044 	 0.00000075460141779615 
1045 	 0.00000075315789249686 
1046 	 0.00000075171850788536 
1047 	 0.00000075028324886262 
1048 	 0.00000074885209144782 
1049 	 0.00000074742502675917 
1050 	 0.00000074600203836539 
1051 	 0.00000074458311027925 
1052 	 0.00000074316822473719 
1053 	 0.00000074175736752835 
1054 	 0.00000074035052932686 
1055 	 0.00000073894768348737 
1056 	 0.00000073754882157218 
1057 	 0.00000073615393070270 
1058 	 0.00000073476299355946 
1059 	 0.00000073337599504342 
1060 	 0.00000073199292049964 
1061 	 0.00000073061374994410 
1062 	 0.00000072923848204454 
1063 	 0.00000072786708571471 
1064 	 0.00000072649955651372 
1065 	 0.00000072513587801026 
1066 	 0.00000072377603732576 
1067 	 0.00000072242001492029 
1068 	 0.00000072106780413250 
1069 	 0.00000071971938409021 
1070 	 0.00000071837474013847 
1071 	 0.00000071703386295141 
1072 	 0.00000071569673476546 
1073 	 0.00000071436334847519 
1074 	 0.00000071303368320841 
1075 	 0.00000071170772031337 
1076 	 0.00000071038546023416 
1077 	 0.00000070906687987815 
1078 	 0.00000070775196636674 
1079 	 0.00000070644070770953 
1080 	 0.00000070513309191611 
1081 	 0.00000070382909944655 
1082 	 0.00000070252872053089 
1083 	 0.00000070123194673144 
1084 	 0.00000069993875673191 
1085 	 0.00000069864914031825 
1086 	 0.00000069736308594415 
1087 	 0.00000069608057851056 
1088 	 0.00000069480160203028 
1089 	 0.00000069352615827967 
1090 	 0.00000069225421217567 
1091 	 0.00000069098577126780 
1092 	 0.00000068972080802254 
1093 	 0.00000068845931533446 
1094 	 0.00000068720128165722 
1095 	 0.00000068594669189181 
1096 	 0.00000068469553493600 
1097 	 0.00000068344779791119 
1098 	 0.00000068220346527426 
1099 	 0.00000068096253391658 
1100 	 0.00000067972498252189 
1101 	 0.00000067849080531701 
1102 	 0.00000067725997743295 
1103 	 0.00000067603250020198 
1104 	 0.00000067480836252187 
1105 	 0.00000067358754085589 
1106 	 0.00000067237003076315 
1107 	 0.00000067115581803279 
1108 	 0.00000066994489289485 
1109 	 0.00000066873724113847 
1110 	 0.00000066753285210552 
1111 	 0.00000066633171114105 
1112 	 0.00000066513381025146 
1113 	 0.00000066393914144314 
1114 	 0.00000066274768073527 
1115 	 0.00000066155943123647 
1116 	 0.00000066037437207456 
1117 	 0.00000065919249525592 
1118 	 0.00000065801378390518 
1119 	 0.00000065683823535778 
1120 	 0.00000065566583540289 
1121 	 0.00000065449656849736 
1122 	 0.00000065333042797988 
1123 	 0.00000065216740097185 
1124 	 0.00000065100747548286 
1125 	 0.00000064985064396339 
1126 	 0.00000064869689220259 
1127 	 0.00000064754620954233 
1128 	 0.00000064639858798898 
1129 	 0.00000064525401421989 
1130 	 0.00000064411247313600 
1131 	 0.00000064297396340507 
1132 	 0.00000064183847081623 
1133 	 0.00000064070597760590 
1134 	 0.00000063957648510637 
1135 	 0.00000063844997377771 
1136 	 0.00000063732643740266 
1137 	 0.00000063620586177038 
1138 	 0.00000063508824243996 
1139 	 0.00000063397356209194 
1140 	 0.00000063286181450906 
1141 	 0.00000063175299080953 
1142 	 0.00000063064707722660 
1143 	 0.00000062954406532256 
1144 	 0.00000062844394221884 
1145 	 0.00000062734670258635 
1146 	 0.00000062625233754332 
1147 	 0.00000062516082843800 
1148 	 0.00000062407217216176 
1149 	 0.00000062298635805647 
1150 	 0.00000062190337590806 
1151 	 0.00000062082321194978 
1152 	 0.00000061974586040847 
1153 	 0.00000061867131151416 
1154 	 0.00000061759955416463 
1155 	 0.00000061653058480715 
1156 	 0.00000061546438612226 
1157 	 0.00000061440094478726 
1158 	 0.00000061334026124626 
1159 	 0.00000061228231995614 
1160 	 0.00000061122711736417 
1161 	 0.00000061017464147994 
1162 	 0.00000060912487231946 
1163 	 0.00000060807782009675 
1164 	 0.00000060703345727831 
1165 	 0.00000060599179052545 
1166 	 0.00000060495279718964 
1167 	 0.00000060391647815905 
1168 	 0.00000060288281522602 
1169 	 0.00000060185180794647 
1170 	 0.00000060082343988910 
1171 	 0.00000059979770439256 
1172 	 0.00000059877459834823 
1173 	 0.00000059775410354845 
1174 	 0.00000059673621866096 
1175 	 0.00000059572092769855 
1176 	 0.00000059470822710850 
1177 	 0.00000059369810667675 
1178 	 0.00000059269055752154 
1179 	 0.00000059168557386968 
1180 	 0.00000059068314062216 
1181 	 0.00000058968325200581 
1182 	 0.00000058868590269157 
1183 	 0.00000058769108068901 
1184 	 0.00000058669877622819 
1185 	 0.00000058570898664456 
1186 	 0.00000058472170083590 
1187 	 0.00000058373690459135 
1188 	 0.00000058275459524637 
1189 	 0.00000058177476303101 
1190 	 0.00000058079740261618 
1191 	 0.00000057982250156741 
1192 	 0.00000057885005277925 
1193 	 0.00000057788004870218 
1194 	 0.00000057691247956626 
1195 	 0.00000057594734048649 
1196 	 0.00000057498461947247 
1197 	 0.00000057402430941877 
1198 	 0.00000057306640366406 
1199 	 0.00000057211089643516 
1200 	 0.00000057115777662986 
1201 	 0.00000057020703136956 
1202 	 0.00000056925866687152 
1203 	 0.00000056831265871082 
1204 	 0.00000056736901221655 
1205 	 0.00000056642771051330 
1206 	 0.00000056548875049245 
1207 	 0.00000056455212282813 
1208 	 0.00000056361781997083 
1209 	 0.00000056268583481511 
1210 	 0.00000056175616469645 
1211 	 0.00000056082878874264 
1212 	 0.00000055990371139458 
1213 	 0.00000055898091533280 
1214 	 0.00000055806040366591 
1215 	 0.00000055714216617986 
1216 	 0.00000055622618910789 
1217 	 0.00000055531247378227 
1218 	 0.00000055440100155124 
1219 	 0.00000055349177596753 
1220 	 0.00000055258478548481 
1221 	 0.00000055168001900086 
1222 	 0.00000055077747473931 
1223 	 0.00000054987714337429 
1224 	 0.00000054897902135309 
1225 	 0.00000054808309091214 
1226 	 0.00000054718935782461 
1227 	 0.00000054629781098825 
1228 	 0.00000054540842953088 
1229 	 0.00000054452122899562 
1230 	 0.00000054363618939846 
1231 	 0.00000054275330407805 
1232 	 0.00000054187256637306 
1233 	 0.00000054099397939211 
1234 	 0.00000054011752093075 
1235 	 0.00000053924318565990 
1236 	 0.00000053837097535592 
1237 	 0.00000053750088202520 
1238 	 0.00000053663289456551 
1239 	 0.00000053576701075642 
1240 	 0.00000053490321505478 
1241 	 0.00000053404151234560 
1242 	 0.00000053318189063845 
1243 	 0.00000053232434016337 
1244 	 0.00000053146885514721 
1245 	 0.00000053061543425770 
1246 	 0.00000052976406417216 
1247 	 0.00000052891474311423 
1248 	 0.00000052806746264622 
1249 	 0.00000052722221521861 
1250 	 0.00000052637899994323 
1251 	 0.00000052553780216513 
1252 	 0.00000052469861744342 
1253 	 0.00000052386144577810 
1254 	 0.00000052302627207013 
1255 	 0.00000052219309676360 
1256 	 0.00000052136191097674 
1257 	 0.00000052053270716002 
1258 	 0.00000051970548087255 
1259 	 0.00000051888022012392 
1260 	 0.00000051805693024320 
1261 	 0.00000051723559391093 
1262 	 0.00000051641621245935 
1263 	 0.00000051559877567442 
1264 	 0.00000051478327733889 
1265 	 0.00000051396971434414 
1266 	 0.00000051315807292340 
1267 	 0.00000051234835618530 
1268 	 0.00000051154055347169 
1269 	 0.00000051073466300622 
1270 	 0.00000050993067146621 
1271 	 0.00000050912858018393 
1272 	 0.00000050832837850123 
1273 	 0.00000050753006020088 
1274 	 0.00000050673362261833 
1275 	 0.00000050593905731589 
1276 	 0.00000050514635763221 
1277 	 0.00000050435552356731 
1278 	 0.00000050356654313077 
1279 	 0.00000050277941188170 
1280 	 0.00000050199412804375 
1281 	 0.00000050121068007059 
1282 	 0.00000050042906440950 
1283 	 0.00000049964927395507 
1284 	 0.00000049887130693094 
1285 	 0.00000049809516022847 
1286 	 0.00000049732081652820 
1287 	 0.00000049654827716239 
1288 	 0.00000049577754168695 
1289 	 0.00000049500859766738 
1290 	 0.00000049424143666599 
1291 	 0.00000049347606223549 
1292 	 0.00000049271246060911 
1293 	 0.00000049195063578367 
1294 	 0.00000049119057177194 
1295 	 0.00000049043227035028 
1296 	 0.00000048967571908420 
1297 	 0.00000048892091975006 
1298 	 0.00000048816786391015 
1299 	 0.00000048741655067630 
1300 	 0.00000048666696628175 
1301 	 0.00000048591910850604 
1302 	 0.00000048517297734918 
1303 	 0.00000048442856259712 
1304 	 0.00000048368585581215 
1305 	 0.00000048294486010292 
1306 	 0.00000048220556614353 
1307 	 0.00000048146796505222 
1308 	 0.00000048073205771715 
1309 	 0.00000047999783392427 
1310 	 0.00000047926529367359 
1311 	 0.00000047853442852741 
1312 	 0.00000047780523093621 
1313 	 0.00000047707770312044 
1314 	 0.00000047635183353378 
1315 	 0.00000047562761906761 
1316 	 0.00000047490505483694 
1317 	 0.00000047418413640088 
1318 	 0.00000047346485754218 
1319 	 0.00000047274721737267 
1320 	 0.00000047203120345785 
1321 	 0.00000047131681668588 
1322 	 0.00000047060404906318 
1323 	 0.00000046989289925747 
1324 	 0.00000046918336060742 
1325 	 0.00000046847542467532 
1326 	 0.00000046776909368162 
1327 	 0.00000046706435297139 
1328 	 0.00000046636121142640 
1329 	 0.00000046565965083900 
1330 	 0.00000046495967698235 
1331 	 0.00000046426127120469 
1332 	 0.00000046356444904916 
1333 	 0.00000046286918742311 
1334 	 0.00000046217548810290 
1335 	 0.00000046148334886809 
1336 	 0.00000046079276527777 
1337 	 0.00000046010373200289 
1338 	 0.00000045941623749712 
1339 	 0.00000045873028620136 
1340 	 0.00000045804586878972 
1341 	 0.00000045736298703858 
1342 	 0.00000045668162407253 
1343 	 0.00000045600178433247 
1344 	 0.00000045532346293342 
1345 	 0.00000045464665499040 
1346 	 0.00000045397135206571 
1347 	 0.00000045329755460344 
1348 	 0.00000045262525905088 
1349 	 0.00000045195445119717 
1350 	 0.00000045128513770365 
1351 	 0.00000045061730924445 
1352 	 0.00000044995096226685 
1353 	 0.00000044928609410633 
1354 	 0.00000044862269588108 
1355 	 0.00000044796076448250 
1356 	 0.00000044730029946649 
1357 	 0.00000044664129328353 
1358 	 0.00000044598373838411 
1359 	 0.00000044532764276184 
1360 	 0.00000044467298954132 
1361 	 0.00000044401978049891 
1362 	 0.00000044336800364420 
1363 	 0.00000044271766785897 
1364 	 0.00000044206876026465 
1365 	 0.00000044142128041713 
1366 	 0.00000044077521499375 
1367 	 0.00000044013057287628 
1368 	 0.00000043948734163024 
1369 	 0.00000043884552214379 
1370 	 0.00000043820510553516 
1371 	 0.00000043756608913981 
1372 	 0.00000043692846940502 
1373 	 0.00000043629224188990 
1374 	 0.00000043565740526219 
1375 	 0.00000043502395108419 
1376 	 0.00000043439187979999 
1377 	 0.00000043376118119554 
1378 	 0.00000043313186415261 
1379 	 0.00000043250390602267 
1380 	 0.00000043187731169070 
1381 	 0.00000043125208515349 
1382 	 0.00000043062821575290 
1383 	 0.00000043000569149854 
1384 	 0.00000042938451816354 
1385 	 0.00000042876469619202 
1386 	 0.00000042814621048493 
1387 	 0.00000042752906015409 
1388 	 0.00000042691324919630 
1389 	 0.00000042629876340072 
1390 	 0.00000042568560765233 
1391 	 0.00000042507376729617 
1392 	 0.00000042446324366452 
1393 	 0.00000042385404253054 
1394 	 0.00000042324614835110 
1395 	 0.00000042263956379074 
1396 	 0.00000042203427730314 
1397 	 0.00000042143029377328 
1398 	 0.00000042082760476347 
1399 	 0.00000042022620894144 
1400 	 0.00000041962609698132 
1401 	 0.00000041902727110354 
1402 	 0.00000041842973308448 
1403 	 0.00000041783346871327 
1404 	 0.00000041723847399311 
1405 	 0.00000041664474847991 
1406 	 0.00000041605229084141 
1407 	 0.00000041546110063351 
1408 	 0.00000041487116853034 
1409 	 0.00000041428248964692 
1410 	 0.00000041369506398325 
1411 	 0.00000041310888265755 
1412 	 0.00000041252394833435 
1413 	 0.00000041194025834912 
1414 	 0.00000041135780559642 
1415 	 0.00000041077658741173 
1416 	 0.00000041019659802188 
1417 	 0.00000040961783742688 
1418 	 0.00000040904030207400 
1419 	 0.00000040846398619010 
1420 	 0.00000040788888489018 
1421 	 0.00000040731499950653 
1422 	 0.00000040674232781868 
1423 	 0.00000040617085961259 
1424 	 0.00000040560059488826 
1425 	 0.00000040503152787252 
1426 	 0.00000040446366078584 
1427 	 0.00000040389698696686 
1428 	 0.00000040333150774785 
1429 	 0.00000040276720936205 
1430 	 0.00000040220409180947 
1431 	 0.00000040164216219551 
1432 	 0.00000040108139964801 
1433 	 0.00000040052181837780 
1434 	 0.00000039996340728266 
1435 	 0.00000039940616014533 
1436 	 0.00000039885007740992 
1437 	 0.00000039829515419143 
1438 	 0.00000039774139048987 
1439 	 0.00000039718877964390 
1440 	 0.00000039663731854489 
1441 	 0.00000039608701074556 
1442 	 0.00000039553784203505 
1443 	 0.00000039498981330155 
1444 	 0.00000039444292720958 
1445 	 0.00000039389717221283 
1446 	 0.00000039335255408446 
1447 	 0.00000039280905861361 
1448 	 0.00000039226669468206 
1449 	 0.00000039172545118760 
1450 	 0.00000039118532546567 
1451 	 0.00000039064632062491 
1452 	 0.00000039010842334264 
1453 	 0.00000038957163495112 
1454 	 0.00000038903596033535 
1455 	 0.00000038850138617263 
1456 	 0.00000038796791201889 
1457 	 0.00000038743553920639 
1458 	 0.00000038690425352428 
1459 	 0.00000038637406962749 
1460 	 0.00000038584497197292 
1461 	 0.00000038531695878419 
1462 	 0.00000038479003316993 
1463 	 0.00000038426418269566 
1464 	 0.00000038373940869363 
1465 	 0.00000038321571249611 
1466 	 0.00000038269308610950 
1467 	 0.00000038217152997788 
1468 	 0.00000038165103433130 
1469 	 0.00000038113161071607 
1470 	 0.00000038061323603955 
1471 	 0.00000038009592140398 
1472 	 0.00000037957966458890 
1473 	 0.00000037906445493618 
1474 	 0.00000037855029288991 
1475 	 0.00000037803718022644 
1476 	 0.00000037752511117262 
1477 	 0.00000037701407640256 
1478 	 0.00000037650408213352 
1479 	 0.00000037599512037190 
1480 	 0.00000037548719200586 
1481 	 0.00000037498029215044 
1482 	 0.00000037447440925931 
1483 	 0.00000037396956331648 
1484 	 0.00000037346572856478 
1485 	 0.00000037296291521827 
1486 	 0.00000037246111039835 
1487 	 0.00000037196032653952 
1488 	 0.00000037146054499004 
1489 	 0.00000037096177329943 
1490 	 0.00000037046400924723 
1491 	 0.00000036996724128713 
1492 	 0.00000036947146986321 
1493 	 0.00000036897669808411 
1494 	 0.00000036848291617986 
1495 	 0.00000036799013169997 
1496 	 0.00000036749832910132 
1497 	 0.00000036700751282481 
1498 	 0.00000036651767887363 
1499 	 0.00000036602882413916 
1500 	 0.00000036554095039776 
1501 	 0.00000036505405143217 
1502 	 0.00000036456812235741 
1503 	 0.00000036408315828851 
1504 	 0.00000036359917121587 
1505 	 0.00000036311614115547 
1506 	 0.00000036263407654502 
1507 	 0.00000036215296717046 
1508 	 0.00000036167281836086 
1509 	 0.00000036119362345488 
1510 	 0.00000036071537667937 
1511 	 0.00000036023808647201 
1512 	 0.00000035976173329288 
1513 	 0.00000035928633357329 
1514 	 0.00000035881187177011 
1515 	 0.00000035833834743926 
1516 	 0.00000035786576102481 
1517 	 0.00000035739410764180 
1518 	 0.00000035692339128701 
1519 	 0.00000035645360307868 
1520 	 0.00000035598473546727 
1521 	 0.00000035551679467005 
1522 	 0.00000035504978113110 
1523 	 0.00000035458368419228 
1524 	 0.00000035411850074496 
1525 	 0.00000035365423967093 
1526 	 0.00000035319088409480 
1527 	 0.00000035272843934564 
1528 	 0.00000035226690586754 
1529 	 0.00000035180627699916 
1530 	 0.00000035134654874369 
1531 	 0.00000035088772154523 
1532 	 0.00000035042979185107 
1533 	 0.00000034997276054938 
1534 	 0.00000034951661653793 
1535 	 0.00000034906137091895 
1536 	 0.00000034860701481065 
1537 	 0.00000034815354243989 
1538 	 0.00000034770095291847 
1539 	 0.00000034724924669050 
1540 	 0.00000034679841975915 
1541 	 0.00000034634847345671 
1542 	 0.00000034589939712504 
1543 	 0.00000034545119076412 
1544 	 0.00000034500386547620 
1545 	 0.00000034455740127726 
1546 	 0.00000034411180660499 
1547 	 0.00000034366707302169 
1548 	 0.00000034322320008329 
1549 	 0.00000034278019267475 
1550 	 0.00000034233803658523 
1551 	 0.00000034189673447926 
1552 	 0.00000034145629213000 
1553 	 0.00000034101669132980 
1554 	 0.00000034057794451314 
1555 	 0.00000034014004457461 
1556 	 0.00000033970299107011 
1557 	 0.00000033926676801244 
1558 	 0.00000033883139582969 
1559 	 0.00000033839685764647 
1560 	 0.00000033796315301871 
1561 	 0.00000033753028416683 
1562 	 0.00000033709824442951 
1563 	 0.00000033666703380675 
1564 	 0.00000033623665274263 
1565 	 0.00000033580709191128 
1566 	 0.00000033537835752995 
1567 	 0.00000033495044604592 
1568 	 0.00000033452334813333 
1569 	 0.00000033409706823306 
1570 	 0.00000033367159923969 
1571 	 0.00000033324694781456 
1572 	 0.00000033282310551996 
1573 	 0.00000033240007102364 
1574 	 0.00000033197784121697 
1575 	 0.00000033155641121496 
1576 	 0.00000033113578989941 
1577 	 0.00000033071596661216 
1578 	 0.00000033029694179731 
1579 	 0.00000032987871101398 
1580 	 0.00000032946127781486 
1581 	 0.00000032904463465044 
1582 	 0.00000032862877619166 
1583 	 0.00000032821370732350 
1584 	 0.00000032779942982231 
1585 	 0.00000032738593391812 
1586 	 0.00000032697322138731 
1587 	 0.00000032656128468034 
1588 	 0.00000032615012557358 
1589 	 0.00000032573974761974 
1590 	 0.00000032533013927249 
1591 	 0.00000032492130319639 
1592 	 0.00000032451323761507 
1593 	 0.00000032410594252852 
1594 	 0.00000032369941349586 
1595 	 0.00000032329364918482 
1596 	 0.00000032288864604268 
1597 	 0.00000032248440451355 
1598 	 0.00000032208092148878 
1599 	 0.00000032167819430384 
1600 	 0.00000032127621896194 
1601 	 0.00000032087500434486 
1602 	 0.00000032047453490947 
1603 	 0.00000032007481287621 
1604 	 0.00000031967584446235 
1605 	 0.00000031927761989792 
1606 	 0.00000031888013563020 
1607 	 0.00000031848339565599 
1608 	 0.00000031808739597849 
1609 	 0.00000031769213437727 
1610 	 0.00000031729760818777 
1611 	 0.00000031690381607774 
1612 	 0.00000031651075493855 
1613 	 0.00000031611842521428 
1614 	 0.00000031572682956948 
1615 	 0.00000031533595779010 
1616 	 0.00000031494580898794 
1617 	 0.00000031455639071254 
1618 	 0.00000031416768697667 
1619 	 0.00000031377970355351 
1620 	 0.00000031339244221940 
1621 	 0.00000031300589631300 
1622 	 0.00000031262006494615 
1623 	 0.00000031223494723065 
1624 	 0.00000031185054005789 
1625 	 0.00000031146683898697 
1626 	 0.00000031108384623835 
1627 	 0.00000031070156447655 
1628 	 0.00000031031998348752 
1629 	 0.00000030993910815624 
1630 	 0.00000030955892826867 
1631 	 0.00000030917945004205 
1632 	 0.00000030880067081185 
1633 	 0.00000030842258880170 
1634 	 0.00000030804519735028 
1635 	 0.00000030766849823394 
1636 	 0.00000030729249189676 
1637 	 0.00000030691717123332 
1638 	 0.00000030654253846407 
1639 	 0.00000030616859270083 
1640 	 0.00000030579532861452 
1641 	 0.00000030542274931378 
1642 	 0.00000030505084902543 
1643 	 0.00000030467963085812 
1644 	 0.00000030430908282142 
1645 	 0.00000030393921601757 
1646 	 0.00000030357002422932 
1647 	 0.00000030320150168350 
1648 	 0.00000030283364704786 
1649 	 0.00000030246646876009 
1650 	 0.00000030209995260932 
1651 	 0.00000030173410481282 
1652 	 0.00000030136892004151 
1653 	 0.00000030100439740721 
1654 	 0.00000030064053690992 
1655 	 0.00000030027733677329 
1656 	 0.00000029991478767144 
1657 	 0.00000029955289493344 
1658 	 0.00000029919166522063 
1659 	 0.00000029883108654261 
1660 	 0.00000029847115801118 
1661 	 0.00000029811187829409 
1662 	 0.00000029775324428272 
1663 	 0.00000029739525952976 
1664 	 0.00000029703792581159 
1665 	 0.00000029668122625282 
1666 	 0.00000029632517506428 
1667 	 0.00000029596976425239 
1668 	 0.00000029561498626762 
1669 	 0.00000029526085354448 
1670 	 0.00000029490735187210 
1671 	 0.00000029455448968818 
1672 	 0.00000029420225367005 
1673 	 0.00000029385065669629 
1674 	 0.00000029349967878289 
1675 	 0.00000029314933724933 
1676 	 0.00000029279962499018 
1677 	 0.00000029245053312366 
1678 	 0.00000029210206475838 
1679 	 0.00000029175422300298 
1680 	 0.00000029140700297248 
1681 	 0.00000029106039622917 
1682 	 0.00000029071441076667 
1683 	 0.00000029036904169999 
1684 	 0.00000029002428769687 
1685 	 0.00000028968014564867 
1686 	 0.00000028933662488129 
1687 	 0.00000028899370319024 
1688 	 0.00000028865139833911 
1689 	 0.00000028830969300842 
1690 	 0.00000028796859918856 
1691 	 0.00000028762811110639 
1692 	 0.00000028728822343282 
1693 	 0.00000028694894149695 
1694 	 0.00000028661025774923 
1695 	 0.00000028627217485422 
1696 	 0.00000028593469059146 
1697 	 0.00000028559779652326 
1698 	 0.00000028526150641639 
1699 	 0.00000028492580517181 
1700 	 0.00000028459069811859 
1701 	 0.00000028425618125993 
1702 	 0.00000028392225503993 
1703 	 0.00000028358891546176 
1704 	 0.00000028325615808455 
1705 	 0.00000028292399179008 
1706 	 0.00000028259241036110 
1707 	 0.00000028226140313947 
1708 	 0.00000028193098300378 
1709 	 0.00000028160114418085 
1710 	 0.00000028127188622662 
1711 	 0.00000028094319626248 
1712 	 0.00000028061509027566 
1713 	 0.00000028028755716392 
1714 	 0.00000027996059470681 
1715 	 0.00000027963420290433 
1716 	 0.00000027930838131240 
1717 	 0.00000027898313792463 
1718 	 0.00000027865845542152 
1719 	 0.00000027833434046443 
1720 	 0.00000027801078639200 
1721 	 0.00000027768780253012 
1722 	 0.00000027736537733247 
1723 	 0.00000027704350902269 
1724 	 0.00000027672221136754 
1725 	 0.00000027640146793573 
1726 	 0.00000027608128183587 
1727 	 0.00000027576164862708 
1728 	 0.00000027544257186207 
1729 	 0.00000027512405109675 
1730 	 0.00000027480607611707 
1731 	 0.00000027448865935753 
1732 	 0.00000027417178971589 
1733 	 0.00000027385546319536 
1734 	 0.00000027353969533905 
1735 	 0.00000027322446394251 
1736 	 0.00000027290978277250 
1737 	 0.00000027259563895043 
1738 	 0.00000027228203869356 
1739 	 0.00000027196898422233 
1740 	 0.00000027165646532268 
1741 	 0.00000027134448510324 
1742 	 0.00000027103303956721 
1743 	 0.00000027072213537593 
1744 	 0.00000027041176231535 
1745 	 0.00000027010192527044 
1746 	 0.00000026979261535942 
1747 	 0.00000026948384101999 
1748 	 0.00000026917559958761 
1749 	 0.00000026886788040414 
1750 	 0.00000026856069190728 
1751 	 0.00000026825402388297 
1752 	 0.00000026794788743345 
1753 	 0.00000026764227278875 
1754 	 0.00000026733718128114 
1755 	 0.00000026703260758154 
1756 	 0.00000026672856012766 
1757 	 0.00000026642502337637 
1758 	 0.00000026612201375897 
1759 	 0.00000026581951440008 
1760 	 0.00000026551753284920 
1761 	 0.00000026521606288910 
1762 	 0.00000026491510896065 
1763 	 0.00000026461466573480 
1764 	 0.00000026431473942878 
1765 	 0.00000026401531405540 
1766 	 0.00000026371640160505 
1767 	 0.00000026341799230778 
1768 	 0.00000026312009504537 
1769 	 0.00000026282270004785 
1770 	 0.00000026252581042385 
1771 	 0.00000026222942262066 
1772 	 0.00000026193353264148 
1773 	 0.00000026163814714764 
1774 	 0.00000026134326214233 
1775 	 0.00000026104887540512 
1776 	 0.00000026075498471556 
1777 	 0.00000026046158696502 
1778 	 0.00000026016868570622 
1779 	 0.00000025987627960689 
1780 	 0.00000025958436911111 
1781 	 0.00000025929294356075 
1782 	 0.00000025900201183759 
1783 	 0.00000025871156816848 
1784 	 0.00000025842161743839 
1785 	 0.00000025813215298598 
1786 	 0.00000025784316903810 
1787 	 0.00000025755467225608 
1788 	 0.00000025726665997539 
1789 	 0.00000025697912864331 
1790 	 0.00000025669208048029 
1791 	 0.00000025640551903905 
1792 	 0.00000025611942833237 
1793 	 0.00000025583382345928 
1794 	 0.00000025554869198530 
1795 	 0.00000025526403302223 
1796 	 0.00000025497985944867 
1797 	 0.00000025469614994833 
1798 	 0.00000025441292450523 
1799 	 0.00000025413016224718 
1800 	 0.00000025384787072369 
1801 	 0.00000025356605393156 
1802 	 0.00000025328470476538 
1803 	 0.00000025300382544557 
1804 	 0.00000025272341153126 
1805 	 0.00000025244346213427 
1806 	 0.00000025216397858685 
1807 	 0.00000025188495422768 
1808 	 0.00000025160639749444 
1809 	 0.00000025132830705488 
1810 	 0.00000025105067225084 
1811 	 0.00000025077349441460 
1812 	 0.00000025049677931932 
1813 	 0.00000025022052296819 
1814 	 0.00000024994472447304 
1815 	 0.00000024966937761661 
1816 	 0.00000024939448772798 
1817 	 0.00000024912004992217 
1818 	 0.00000024884606775188 
1819 	 0.00000024857253411170 
1820 	 0.00000024829944988980 
1821 	 0.00000024802681908298 
1822 	 0.00000024775464124716 
1823 	 0.00000024748290305965 
1824 	 0.00000024721161251406 
1825 	 0.00000024694077005449 
1826 	 0.00000024667037568094 
1827 	 0.00000024640041917934 
1828 	 0.00000024613090632286 
1829 	 0.00000024586183888786 
1830 	 0.00000024559320976891 
1831 	 0.00000024532502340691 
1832 	 0.00000024505727669322 
1833 	 0.00000024478996341060 
1834 	 0.00000024452308888812 
1835 	 0.00000024425664779670 
1836 	 0.00000024399064901814 
1837 	 0.00000024372508011794 
1838 	 0.00000024345994731334 
1839 	 0.00000024319524616345 
1840 	 0.00000024293097400374 
1841 	 0.00000024266713527510 
1842 	 0.00000024240372153983 
1843 	 0.00000024214074301199 
1844 	 0.00000024187818414845 
1845 	 0.00000024161606049233 
1846 	 0.00000024135435827688 
1847 	 0.00000024109308105480 
1848 	 0.00000024083222749383 
1849 	 0.00000024057179670578 
1850 	 0.00000024031179135520 
1851 	 0.00000024005220522483 
1852 	 0.00000023979304453192 
1853 	 0.00000023953429728607 
1854 	 0.00000023927596703999 
1855 	 0.00000023901805423776 
1856 	 0.00000023876056287619 
1857 	 0.00000023850348274124 
1858 	 0.00000023824682271467 
1859 	 0.00000023799057125018 
1860 	 0.00000023773474078226 
1861 	 0.00000023747931576779 
1862 	 0.00000023722430286810 
1863 	 0.00000023696970474774 
1864 	 0.00000023671551518945 
1865 	 0.00000023646172930825 
1866 	 0.00000023620835376548 
1867 	 0.00000023595538811705 
1868 	 0.00000023570282703389 
1869 	 0.00000023545067096009 
1870 	 0.00000023519891989565 
1871 	 0.00000023494757206421 
1872 	 0.00000023469662657760 
1873 	 0.00000023444608299172 
1874 	 0.00000023419593686569 
1875 	 0.00000023394619708128 
1876 	 0.00000023369685253627 
1877 	 0.00000023344790722746 
1878 	 0.00000023319936248711 
1879 	 0.00000023295121165390 
1880 	 0.00000023270345561599 
1881 	 0.00000023245609792610 
1882 	 0.00000023220913103472 
1883 	 0.00000023196256249136 
1884 	 0.00000023171638208197 
1885 	 0.00000023147059069473 
1886 	 0.00000023122519765550 
1887 	 0.00000023098019097390 
1888 	 0.00000023073557198217 
1889 	 0.00000023049134201258 
1890 	 0.00000023024749884470 
1891 	 0.00000023000404425488 
1892 	 0.00000022976097602267 
1893 	 0.00000022951829237172 
1894 	 0.00000022927599419020 
1895 	 0.00000022903407703723 
1896 	 0.00000022879254713004 
1897 	 0.00000022855139514277 
1898 	 0.00000022831062329587 
1899 	 0.00000022807022892479 
1900 	 0.00000022783022135542 
1901 	 0.00000022759059215005 
1902 	 0.00000022735133198282 
1903 	 0.00000022711245684093 
1904 	 0.00000022687395784260 
1905 	 0.00000022663583321147 
1906 	 0.00000022639808072711 
1907 	 0.00000022616070571857 
1908 	 0.00000022592370063634 
1909 	 0.00000022568707169768 
1910 	 0.00000022545080735625 
1911 	 0.00000022521492093475 
1912 	 0.00000022497940488364 
1913 	 0.00000022474425076524 
1914 	 0.00000022450947234631 
1915 	 0.00000022427505008693 
1916 	 0.00000022404100930018 
1917 	 0.00000022380732822569 
1918 	 0.00000022357401396889 
1919 	 0.00000022334106564159 
1920 	 0.00000022310848368789 
1921 	 0.00000022287625478512 
1922 	 0.00000022264439580866 
1923 	 0.00000022241289698854 
1924 	 0.00000022218175654842 
1925 	 0.00000022195097937328 
1926 	 0.00000022172056146630 
1927 	 0.00000022149050149523 
1928 	 0.00000022126079901597 
1929 	 0.00000022103145536079 
1930 	 0.00000022080246164791 
1931 	 0.00000022057382897955 
1932 	 0.00000022034555158257 
1933 	 0.00000022011762768059 
1934 	 0.00000021989005372092 
1935 	 0.00000021966284169395 
1936 	 0.00000021943597250385 
1937 	 0.00000021920946169374 
1938 	 0.00000021898329682912 
1939 	 0.00000021875748235090 
1940 	 0.00000021853201648270 
1941 	 0.00000021830690188906 
1942 	 0.00000021808213235275 
1943 	 0.00000021785770876193 
1944 	 0.00000021763363156069 
1945 	 0.00000021740990074903 
1946 	 0.00000021718651455060 
1947 	 0.00000021696347474176 
1948 	 0.00000021674077421707 
1949 	 0.00000021651841963788 
1950 	 0.00000021629641322463 
1951 	 0.00000021607474076646 
1952 	 0.00000021585340626018 
1953 	 0.00000021563241636713 
1954 	 0.00000021541176264961 
1955 	 0.00000021519144866033 
1956 	 0.00000021497147484340 
1957 	 0.00000021475183409336 
1958 	 0.00000021453253085113 
1959 	 0.00000021431356467261 
1960 	 0.00000021409493555780 
1961 	 0.00000021387663595718 
1962 	 0.00000021365867342027 
1963 	 0.00000021344104350618 
1964 	 0.00000021322374488264 
1965 	 0.00000021300677888192 
1966 	 0.00000021279014106312 
1967 	 0.00000021257383719941 
1968 	 0.00000021235785885310 
1969 	 0.00000021214221446186 
1970 	 0.00000021192689292349 
1971 	 0.00000021171190711655 
1972 	 0.00000021149724238612 
1973 	 0.00000021128290628170 
1974 	 0.00000021106889347422 
1975 	 0.00000021085520751640 
1976 	 0.00000021064184618780 
1977 	 0.00000021042880771205 
1978 	 0.00000021021609208915 
1979 	 0.00000021000369931912 
1980 	 0.00000020979162407286 
1981 	 0.00000020957987745263 
1982 	 0.00000020936844613573 
1983 	 0.00000020915733722759 
1984 	 0.00000020894654539916 
1985 	 0.00000020873607331495 
1986 	 0.00000020852592008680 
1987 	 0.00000020831608127381 
1988 	 0.00000020810655998460 
1989 	 0.00000020789735399873 
1990 	 0.00000020768846420438 
1991 	 0.00000020747989237790 
1992 	 0.00000020727163274614 
1993 	 0.00000020706368397683 
1994 	 0.00000020685604740223 
1995 	 0.00000020664872790732 
1996 	 0.00000020644171305761 
1997 	 0.00000020623501617578 
1998 	 0.00000020602862438324 
1999 	 0.00000020582254256496 
