3 	 0.09439510239319526264 
5 	 0.00455975498442118266 
7 	 0.00086318967353626874 
9 	 0.00026916994838765973 
11 	 0.00010951731500430384 
13 	 0.00005262434118513681 
15 	 0.00002834355146896783 
17 	 0.00001659104793549915 
19 	 0.00001034770577446054 
21 	 0.00000678444180080007 
23 	 0.00000463149847496069 
25 	 0.00000326887715962343 
27 	 0.00000237256946444830 
29 	 0.00000176350254399438 
31 	 0.00000133794794976438 
33 	 0.00000103336941270626 
35 	 0.00000081074242475054 
37 	 0.00000064497197715951 
39 	 0.00000051948867119123 
41 	 0.00000042309318271094 
43 	 0.00000034805603288390 
45 	 0.00000028894149028957 
47 	 0.00000024186156410977 
49 	 0.00000020399219380351 
51 	 0.00000017325313850236 
53 	 0.00000014809225623580 
55 	 0.00000012733768794959 
57 	 0.00000011009500422432 
59 	 0.00000009567461312088 
61 	 0.00000008353985947451 
63 	 0.00000007326945938857 
65 	 0.00000006453000223061 
67 	 0.00000005705561489933 
69 	 0.00000005063277086492 
71 	 0.00000004508883089116 
73 	 0.00000004028333711048 
75 	 0.00000003610133703091 
77 	 0.00000003244822721626 
79 	 0.00000002924572894969 
81 	 0.00000002642875918113 
83 	 0.00000002394293963093 
85 	 0.00000002174263391552 
87 	 0.00000001978937946845 
89 	 0.00000001805062233018 
91 	 0.00000001649870773335 
93 	 0.00000001511005187638 
95 	 0.00000001386447090468 
97 	 0.00000001274463601320 
99 	 0.00000001173561336998 
101 	 0.00000001082450395984 
103 	 0.00000001000012339603 
105 	 0.00000000925274967756 
107 	 0.00000000857391091458 
109 	 0.00000000795620058724 
111 	 0.00000000739313099629 
113 	 0.00000000687900403307 
115 	 0.00000000640880193359 
117 	 0.00000000597809624026 
119 	 0.00000000558297319486 
121 	 0.00000000521996357250 
123 	 0.00000000488598317361 
125 	 0.00000000457829152367 
127 	 0.00000000429444346750 
129 	 0.00000000403225719481 
131 	 0.00000000378977738080 
133 	 0.00000000356525475809 
135 	 0.00000000335711503041 
137 	 0.00000000316394466182 
139 	 0.00000000298447133673 
141 	 0.00000000281754486409 
143 	 0.00000000266212785149 
145 	 0.00000000251728060618 
147 	 0.00000000238215269732 
149 	 0.00000000225597096559 
151 	 0.00000000213803419413 
153 	 0.00000000202770422675 
155 	 0.00000000192440108293 
157 	 0.00000000182759318790 
159 	 0.00000000173679737259 
161 	 0.00000000165156954779 
163 	 0.00000000157150781277 
165 	 0.00000000149623735624 
167 	 0.00000000142542067039 
169 	 0.00000000135874511642 
171 	 0.00000000129592292453 
173 	 0.00000000123668986163 
175 	 0.00000000118080167866 
177 	 0.00000000112803544283 
179 	 0.00000000107818509676 
181 	 0.00000000103105746163 
183 	 0.00000000098647712221 
185 	 0.00000000094427976549 
187 	 0.00000000090431617750 
189 	 0.00000000086644291741 
191 	 0.00000000083053208755 
193 	 0.00000000079646333973 
195 	 0.00000000076412343120 
197 	 0.00000000073340888918 
199 	 0.00000000070422068177 
201 	 0.00000000067647087931 
203 	 0.00000000065007554895 
205 	 0.00000000062495431052 
207 	 0.00000000060103477750 
209 	 0.00000000057824944832 
211 	 0.00000000055653304187 
213 	 0.00000000053582782655 
215 	 0.00000000051607518259 
217 	 0.00000000049722448381 
219 	 0.00000000047922732449 
221 	 0.00000000046203663118 
223 	 0.00000000044561065948 
225 	 0.00000000042990766502 
227 	 0.00000000041488990021 
229 	 0.00000000040052272610 
231 	 0.00000000038677194780 
233 	 0.00000000037360692318 
235 	 0.00000000036099656597 
237 	 0.00000000034891334266 
239 	 0.00000000033733327243 
241 	 0.00000000032622793356 
243 	 0.00000000031557600977 
245 	 0.00000000030535574069 
247 	 0.00000000029554581005 
249 	 0.00000000028612623382 
251 	 0.00000000027708013661 
253 	 0.00000000026838753442 
255 	 0.00000000026003377229 
257 	 0.00000000025200286302 
259 	 0.00000000024427837531 
261 	 0.00000000023684876282 
263 	 0.00000000022969937064 
265 	 0.00000000022281687606 
267 	 0.00000000021619062096 
269 	 0.00000000020980905902 
271 	 0.00000000020366108799 
273 	 0.00000000019773693793 
275 	 0.00000000019202595070 
277 	 0.00000000018652013267 
279 	 0.00000000018121104617 
281 	 0.00000000017608847713 
283 	 0.00000000017114620832 
285 	 0.00000000016637580202 
287 	 0.00000000016176970874 
289 	 0.00000000015732393166 
291 	 0.00000000015302825673 
293 	 0.00000000014887824307 
295 	 0.00000000014486856159 
297 	 0.00000000014099255097 
299 	 0.00000000013724532621 
301 	 0.00000000013362200235 
303 	 0.00000000013011680622 
305 	 0.00000000012672707328 
307 	 0.00000000012344703038 
309 	 0.00000000012027223661 
311 	 0.00000000011719736293 
313 	 0.00000000011422063295 
315 	 0.00000000011133893807 
317 	 0.00000000010854606103 
319 	 0.00000000010584155774 
321 	 0.00000000010321876687 
323 	 0.00000000010067946477 
325 	 0.00000000009821610192 
327 	 0.00000000009582823424 
329 	 0.00000000009351186492 
331 	 0.00000000009126566169 
333 	 0.00000000008908651594 
335 	 0.00000000008697176312 
337 	 0.00000000008491918280 
339 	 0.00000000008292611042 
341 	 0.00000000008099210191 
343 	 0.00000000007911538091 
345 	 0.00000000007729195062 
347 	 0.00000000007551870240 
349 	 0.00000000007379874489 
351 	 0.00000000007212497266 
353 	 0.00000000007050005024 
355 	 0.00000000006892086901 
357 	 0.00000000006738432035 
359 	 0.00000000006589040424 
361 	 0.00000000006443867662 
363 	 0.00000000006302647293 
365 	 0.00000000006165379318 
367 	 0.00000000006031664057 
369 	 0.00000000005901634736 
371 	 0.00000000005774980494 
373 	 0.00000000005651834556 
375 	 0.00000000005531886060 
377 	 0.00000000005415001780 
379 	 0.00000000005301359352 
381 	 0.00000000005190647911 
383 	 0.00000000005082956278 
385 	 0.00000000004977795953 
387 	 0.00000000004875477799 
389 	 0.00000000004775646545 
391 	 0.00000000004678435417 
393 	 0.00000000004583711188 
395 	 0.00000000004491340633 
397 	 0.00000000004401456977 
399 	 0.00000000004313527313 
401 	 0.00000000004227995731 
403 	 0.00000000004144329324 
405 	 0.00000000004063016590 
407 	 0.00000000003983524621 
409 	 0.00000000003905897827 
411 	 0.00000000003830180617 
413 	 0.00000000003756372990 
415 	 0.00000000003684430538 
417 	 0.00000000003614086808 
419 	 0.00000000003545297389 
421 	 0.00000000003478195509 
423 	 0.00000000003412692351 
425 	 0.00000000003348654687 
427 	 0.00000000003286393380 
429 	 0.00000000003225286704 
431 	 0.00000000003165867568 
433 	 0.00000000003107469837 
435 	 0.00000000003050626418 
437 	 0.00000000002995248494 
439 	 0.00000000002940669930 
441 	 0.00000000002887734496 
443 	 0.00000000002835687241 
445 	 0.00000000002784972253 
447 	 0.00000000002735323079 
449 	 0.00000000002686872946 
451 	 0.00000000002639444219 
453 	 0.00000000002592992487 
455 	 0.00000000002547650979 
457 	 0.00000000002503242058 
459 	 0.00000000002459810133 
461 	 0.00000000002417221978 
463 	 0.00000000002375832864 
465 	 0.00000000002335198701 
467 	 0.00000000002295141854 
469 	 0.00000000002256195231 
471 	 0.00000000002218092376 
473 	 0.00000000002180744474 
475 	 0.00000000002144062705 
477 	 0.00000000002108313524 
479 	 0.00000000002073186067 
481 	 0.00000000002038946789 
483 	 0.00000000002005284827 
485 	 0.00000000001972244590 
487 	 0.00000000001940092531 
489 	 0.00000000001908384561 
491 	 0.00000000001877475952 
493 	 0.00000000001847144659 
495 	 0.00000000001817479500 
497 	 0.00000000001788169612 
499 	 0.00000000001759703494 
501 	 0.00000000001731681465 
503 	 0.00000000001704192343 
505 	 0.00000000001677546990 
507 	 0.00000000001650990455 
509 	 0.00000000001625144463 
511 	 0.00000000001599786970 
513 	 0.00000000001574917974 
515 	 0.00000000001550626294 
517 	 0.00000000001526778703 
519 	 0.00000000001503153158 
521 	 0.00000000001480415790 
523 	 0.00000000001457722831 
525 	 0.00000000001435607189 
527 	 0.00000000001413935635 
529 	 0.00000000001392486126 
531 	 0.00000000001371791569 
533 	 0.00000000001351141421 
535 	 0.00000000001331157407 
537 	 0.00000000001311351028 
539 	 0.00000000001291988738 
541 	 0.00000000001272937311 
543 	 0.00000000001254241155 
545 	 0.00000000001235767044 
547 	 0.00000000001217870249 
549 	 0.00000000001200239907 
551 	 0.00000000001182742793 
553 	 0.00000000001165822994 
555 	 0.00000000001149036422 
557 	 0.00000000001132516303 
559 	 0.00000000001116440274 
561 	 0.00000000001100630698 
563 	 0.00000000001085043166 
565 	 0.00000000001069677680 
567 	 0.00000000001054534238 
569 	 0.00000000001039968112 
571 	 0.00000000001025357577 
573 	 0.00000000001011013495 
575 	 0.00000000000997024685 
577 	 0.00000000000983213511 
579 	 0.00000000000969668790 
581 	 0.00000000000956390522 
583 	 0.00000000000943511935 
585 	 0.00000000000930588939 
587 	 0.00000000000917754761 
589 	 0.00000000000905497899 
591 	 0.00000000000893152219 
593 	 0.00000000000881206219 
595 	 0.00000000000869349037 
597 	 0.00000000000857758309 
599 	 0.00000000000846389625 
601 	 0.00000000000835287395 
603 	 0.00000000000823963120 
605 	 0.00000000000813171752 
607 	 0.00000000000802513611 
609 	 0.00000000000792121924 
611 	 0.00000000000781597009 
613 	 0.00000000000771516184 
615 	 0.00000000000761524177 
617 	 0.00000000000751798623 
619 	 0.00000000000741939843 
621 	 0.00000000000732480743 
623 	 0.00000000000723110460 
625 	 0.00000000000713873405 
627 	 0.00000000000704902803 
629 	 0.00000000000695843383 
631 	 0.00000000000686917190 
633 	 0.00000000000678435086 
635 	 0.00000000000669819755 
637 	 0.00000000000661515287 
639 	 0.00000000000653299637 
641 	 0.00000000000644995168 
643 	 0.00000000000637179198 
645 	 0.00000000000629185593 
647 	 0.00000000000621458440 
649 	 0.00000000000613775697 
651 	 0.00000000000606448225 
653 	 0.00000000000598943117 
655 	 0.00000000000591615645 
657 	 0.00000000000584465809 
659 	 0.00000000000577404791 
661 	 0.00000000000570432590 
663 	 0.00000000000563549207 
665 	 0.00000000000556843460 
667 	 0.00000000000550048895 
669 	 0.00000000000543476375 
671 	 0.00000000000537125899 
673 	 0.00000000000530731015 
675 	 0.00000000000524380539 
677 	 0.00000000000518163290 
679 	 0.00000000000512168086 
681 	 0.00000000000506306108 
683 	 0.00000000000500222086 
685 	 0.00000000000494404517 
687 	 0.00000000000488764584 
689 	 0.00000000000483080242 
691 	 0.00000000000477662354 
693 	 0.00000000000471889194 
695 	 0.00000000000466560124 
697 	 0.00000000000461142236 
699 	 0.00000000000455901983 
701 	 0.00000000000450750548 
703 	 0.00000000000445599113 
705 	 0.00000000000440580905 
707 	 0.00000000000435607106 
709 	 0.00000000000430588898 
711 	 0.00000000000425792734 
713 	 0.00000000000421129798 
715 	 0.00000000000416422452 
717 	 0.00000000000411803924 
719 	 0.00000000000407363032 
721 	 0.00000000000402566869 
723 	 0.00000000000398303612 
725 	 0.00000000000393951538 
727 	 0.00000000000389777099 
729 	 0.00000000000385380616 
731 	 0.00000000000381206178 
733 	 0.00000000000376809695 
735 	 0.00000000000373034936 
737 	 0.00000000000368771680 
739 	 0.00000000000364908104 
741 	 0.00000000000360955710 
743 	 0.00000000000357003316 
745 	 0.00000000000353272966 
747 	 0.00000000000349453799 
749 	 0.00000000000345723450 
751 	 0.00000000000342037509 
753 	 0.00000000000338395978 
755 	 0.00000000000334843264 
757 	 0.00000000000331246142 
759 	 0.00000000000327782246 
761 	 0.00000000000324495986 
763 	 0.00000000000321076499 
765 	 0.00000000000317523785 
767 	 0.00000000000314592796 
769 	 0.00000000000311217718 
771 	 0.00000000000307798231 
773 	 0.00000000000304867243 
775 	 0.00000000000301625391 
777 	 0.00000000000298516767 
779 	 0.00000000000295363733 
781 	 0.00000000000292388336 
783 	 0.00000000000289501756 
785 	 0.00000000000286481949 
787 	 0.00000000000283550960 
789 	 0.00000000000280619972 
791 	 0.00000000000278044254 
793 	 0.00000000000275068857 
795 	 0.00000000000272359912 
797 	 0.00000000000269562150 
799 	 0.00000000000266853206 
801 	 0.00000000000264099853 
803 	 0.00000000000261612954 
805 	 0.00000000000259037236 
807 	 0.00000000000256372701 
809 	 0.00000000000254063437 
811 	 0.00000000000251398902 
813 	 0.00000000000249000820 
815 	 0.00000000000246513920 
817 	 0.00000000000244071430 
819 	 0.00000000000241717757 
821 	 0.00000000000239364084 
823 	 0.00000000000237054820 
825 	 0.00000000000234745556 
827 	 0.00000000000232569519 
829 	 0.00000000000230304664 
831 	 0.00000000000228128627 
833 	 0.00000000000225730545 
835 	 0.00000000000223732144 
837 	 0.00000000000221644925 
839 	 0.00000000000219424479 
841 	 0.00000000000217381668 
843 	 0.00000000000215338858 
845 	 0.00000000000213207230 
847 	 0.00000000000211208828 
849 	 0.00000000000209299245 
851 	 0.00000000000207345252 
853 	 0.00000000000205391260 
855 	 0.00000000000203570494 
857 	 0.00000000000201527683 
859 	 0.00000000000199573691 
861 	 0.00000000000197886152 
863 	 0.00000000000196154204 
865 	 0.00000000000194377847 
867 	 0.00000000000192512672 
869 	 0.00000000000190691907 
871 	 0.00000000000188959959 
873 	 0.00000000000187139193 
875 	 0.00000000000185540472 
877 	 0.00000000000183852933 
879 	 0.00000000000181987758 
881 	 0.00000000000180566673 
883 	 0.00000000000178790316 
885 	 0.00000000000177147186 
887 	 0.00000000000175637282 
889 	 0.00000000000174038561 
891 	 0.00000000000172573067 
893 	 0.00000000000170929937 
895 	 0.00000000000169508851 
897 	 0.00000000000167865721 
899 	 0.00000000000166533454 
901 	 0.00000000000164934733 
903 	 0.00000000000163469238 
905 	 0.00000000000162003744 
907 	 0.00000000000160627067 
909 	 0.00000000000159250391 
911 	 0.00000000000157918123 
913 	 0.00000000000156452629 
915 	 0.00000000000155209179 
917 	 0.00000000000153699276 
919 	 0.00000000000152322599 
921 	 0.00000000000150990331 
923 	 0.00000000000149835699 
925 	 0.00000000000148459023 
927 	 0.00000000000147215573 
929 	 0.00000000000145883305 
931 	 0.00000000000144684265 
933 	 0.00000000000143574042 
935 	 0.00000000000142152956 
937 	 0.00000000000141131551 
939 	 0.00000000000139799283 
941 	 0.00000000000138777878 
943 	 0.00000000000137445610 
945 	 0.00000000000136246570 
947 	 0.00000000000135313982 
949 	 0.00000000000134026124 
951 	 0.00000000000132738265 
953 	 0.00000000000131850086 
955 	 0.00000000000130606637 
957 	 0.00000000000129674049 
959 	 0.00000000000128519417 
961 	 0.00000000000127542421 
963 	 0.00000000000126210153 
965 	 0.00000000000125410793 
967 	 0.00000000000124256161 
969 	 0.00000000000123145938 
971 	 0.00000000000122302168 
973 	 0.00000000000121191945 
975 	 0.00000000000120126131 
977 	 0.00000000000119282362 
979 	 0.00000000000118394183 
981 	 0.00000000000117283960 
983 	 0.00000000000116484600 
985 	 0.00000000000115463195 
987 	 0.00000000000114530607 
989 	 0.00000000000113642429 
991 	 0.00000000000112798659 
993 	 0.00000000000111644027 
995 	 0.00000000000111022302 
997 	 0.00000000000109867671 
999 	 0.00000000000108935083 
1001 	 0.00000000000108268949 
1003 	 0.00000000000107380771 
1005 	 0.00000000000106625819 
1007 	 0.00000000000105648823 
1009 	 0.00000000000104671827 
1011 	 0.00000000000103783648 
1013 	 0.00000000000103383968 
1015 	 0.00000000000102451381 
1017 	 0.00000000000101696429 
1019 	 0.00000000000100852660 
1021 	 0.00000000000099964481 
1023 	 0.00000000000099076303 
1025 	 0.00000000000098454578 
1027 	 0.00000000000097699626 
1029 	 0.00000000000096900266 
1031 	 0.00000000000096189723 
1033 	 0.00000000000095434771 
1035 	 0.00000000000094679820 
1037 	 0.00000000000093880459 
1039 	 0.00000000000093036689 
1041 	 0.00000000000092459373 
1043 	 0.00000000000091793240 
1045 	 0.00000000000090905061 
1047 	 0.00000000000090372154 
1049 	 0.00000000000089794838 
1051 	 0.00000000000089217522 
1053 	 0.00000000000088418162 
1055 	 0.00000000000087663210 
1057 	 0.00000000000086997076 
1059 	 0.00000000000086197716 
1061 	 0.00000000000085753626 
1063 	 0.00000000000085043084 
1065 	 0.00000000000084421359 
1067 	 0.00000000000083844043 
1069 	 0.00000000000083222318 
1071 	 0.00000000000082689411 
1073 	 0.00000000000081890050 
1075 	 0.00000000000081179508 
1077 	 0.00000000000080779827 
1079 	 0.00000000000080335738 
1081 	 0.00000000000079491969 
1083 	 0.00000000000079092288 
1085 	 0.00000000000078426154 
1087 	 0.00000000000077715612 
1089 	 0.00000000000077360340 
1091 	 0.00000000000076605389 
1093 	 0.00000000000076161299 
1095 	 0.00000000000075628392 
1097 	 0.00000000000074917850 
1099 	 0.00000000000074473760 
1101 	 0.00000000000073674400 
1103 	 0.00000000000073319129 
1105 	 0.00000000000072919448 
1107 	 0.00000000000072386541 
1109 	 0.00000000000072075679 
1111 	 0.00000000000071365136 
1113 	 0.00000000000070787820 
1115 	 0.00000000000070299322 
1117 	 0.00000000000069677597 
1119 	 0.00000000000069322326 
1121 	 0.00000000000068878236 
1123 	 0.00000000000068434147 
1125 	 0.00000000000067634787 
1127 	 0.00000000000067368333 
1129 	 0.00000000000066835426 
1131 	 0.00000000000066435746 
1133 	 0.00000000000065991657 
1135 	 0.00000000000065591976 
1137 	 0.00000000000065059069 
1139 	 0.00000000000064659389 
1141 	 0.00000000000064259709 
1143 	 0.00000000000063504757 
1145 	 0.00000000000063193895 
1147 	 0.00000000000062749805 
1149 	 0.00000000000062305716 
1151 	 0.00000000000061950445 
1153 	 0.00000000000061506356 
1155 	 0.00000000000061017857 
1157 	 0.00000000000060662586 
1159 	 0.00000000000060262906 
1161 	 0.00000000000059863225 
1163 	 0.00000000000059463545 
1165 	 0.00000000000059019456 
1167 	 0.00000000000058797411 
1169 	 0.00000000000057998051 
1171 	 0.00000000000057909233 
1173 	 0.00000000000057243099 
1175 	 0.00000000000056932237 
1177 	 0.00000000000056710192 
1179 	 0.00000000000056132876 
1181 	 0.00000000000055733196 
1183 	 0.00000000000055333516 
1185 	 0.00000000000055022653 
1187 	 0.00000000000054711791 
1189 	 0.00000000000054400928 
1191 	 0.00000000000054001248 
1193 	 0.00000000000053823612 
1195 	 0.00000000000053423932 
1197 	 0.00000000000052935434 
1199 	 0.00000000000052491345 
1201 	 0.00000000000052047255 
1203 	 0.00000000000051958438 
1205 	 0.00000000000051514348 
1207 	 0.00000000000051070259 
1209 	 0.00000000000050803806 
1211 	 0.00000000000050626170 
1213 	 0.00000000000050048854 
1215 	 0.00000000000049871218 
1217 	 0.00000000000049515947 
1219 	 0.00000000000049293902 
1221 	 0.00000000000048716586 
1223 	 0.00000000000048405724 
1225 	 0.00000000000048316906 
1227 	 0.00000000000047917226 
1229 	 0.00000000000047739590 
1231 	 0.00000000000047251092 
1233 	 0.00000000000046895821 
1235 	 0.00000000000046629367 
1237 	 0.00000000000046274096 
1239 	 0.00000000000046140869 
1241 	 0.00000000000045696780 
1243 	 0.00000000000045519144 
1245 	 0.00000000000045208282 
1247 	 0.00000000000044897419 
1249 	 0.00000000000044453330 
1251 	 0.00000000000044231285 
1253 	 0.00000000000043964832 
1255 	 0.00000000000043920423 
1257 	 0.00000000000043520743 
1259 	 0.00000000000043121062 
1261 	 0.00000000000042854609 
1263 	 0.00000000000042676973 
1265 	 0.00000000000042499337 
1267 	 0.00000000000042232884 
1269 	 0.00000000000041611159 
1271 	 0.00000000000041433523 
1273 	 0.00000000000041344705 
1275 	 0.00000000000041122661 
1277 	 0.00000000000040811798 
1279 	 0.00000000000040634163 
1281 	 0.00000000000040323300 
1283 	 0.00000000000040101256 
1285 	 0.00000000000039745984 
1287 	 0.00000000000039523940 
1289 	 0.00000000000039301895 
1291 	 0.00000000000039168668 
1293 	 0.00000000000038724579 
1295 	 0.00000000000038635761 
1297 	 0.00000000000038546943 
1299 	 0.00000000000038102854 
1301 	 0.00000000000037880810 
1303 	 0.00000000000037614356 
1305 	 0.00000000000037481129 
1307 	 0.00000000000037392311 
1309 	 0.00000000000036814995 
1311 	 0.00000000000036903813 
1313 	 0.00000000000036504133 
1315 	 0.00000000000036370906 
1317 	 0.00000000000036193271 
1319 	 0.00000000000035837999 
1321 	 0.00000000000035527137 
1323 	 0.00000000000035704772 
1325 	 0.00000000000035482728 
1327 	 0.00000000000034905412 
1329 	 0.00000000000034727776 
1331 	 0.00000000000034550141 
1333 	 0.00000000000034461323 
1335 	 0.00000000000034061642 
1337 	 0.00000000000033795189 
1339 	 0.00000000000033661962 
1341 	 0.00000000000033528735 
1343 	 0.00000000000033306691 
1345 	 0.00000000000033217873 
1347 	 0.00000000000032862602 
1349 	 0.00000000000032684966 
1351 	 0.00000000000032551739 
1353 	 0.00000000000032374103 
1355 	 0.00000000000032018832 
1357 	 0.00000000000032107650 
1359 	 0.00000000000031663561 
1361 	 0.00000000000031619152 
1363 	 0.00000000000031219471 
1365 	 0.00000000000031308289 
1367 	 0.00000000000031086245 
1369 	 0.00000000000030819791 
1371 	 0.00000000000030864200 
1373 	 0.00000000000030553338 
1375 	 0.00000000000030064840 
1377 	 0.00000000000030331293 
1379 	 0.00000000000030020431 
1381 	 0.00000000000029842795 
1383 	 0.00000000000029665159 
1385 	 0.00000000000029354297 
1387 	 0.00000000000029309888 
1389 	 0.00000000000029132252 
1391 	 0.00000000000028821390 
1393 	 0.00000000000028821390 
1395 	 0.00000000000028599345 
1397 	 0.00000000000028688163 
1399 	 0.00000000000028288483 
