5 	 0.10388110206296019555 
6 	 0.06623440190719498410 
7 	 0.04590276668629345025 
8 	 0.03368332123410766599 
9 	 0.02576839805444919307 
10 	 0.02034918878351654747 
11 	 0.01647646249054535161 
12 	 0.01361301341834253442 
13 	 0.01143622341568417689 
14 	 0.00974282465222620075 
15 	 0.00839957264492530165 
16 	 0.00731616846923088815 
17 	 0.00642965622766089595 
18 	 0.00569505569053552207 
19 	 0.00507953641654834698 
20 	 0.00455868167980555405 
21 	 0.00411402729128540479 
22 	 0.00373140126053694843 
23 	 0.00339977973072991269 
24 	 0.00311048353323406523 
25 	 0.00285660419605182625 
26 	 0.00263258745436933950 
27 	 0.00243392673595810294 
28 	 0.00225693464145781952 
29 	 0.00209857053432327412 
30 	 0.00195630902944521345 
31 	 0.00182803865634562079 
32 	 0.00171198303582809075 
33 	 0.00160663902985547224 
34 	 0.00151072781239824927 
35 	 0.00142315586581531761 
36 	 0.00134298366654728163 
37 	 0.00126940037515366200 
38 	 0.00120170325002932898 
39 	 0.00113928080344827265 
40 	 0.00108159894213644137 
41 	 0.00102818950293426248 
42 	 0.00097864072191877760 
43 	 0.00093258927311001827 
44 	 0.00088971358812739432 
45 	 0.00084972822656403935 
46 	 0.00081237911234954829 
47 	 0.00077743948713560052 
48 	 0.00074470645996416174 
49 	 0.00071399805486738188 
50 	 0.00068515067593710732 
51 	 0.00065801692373823606 
52 	 0.00063246370848846212 
53 	 0.00060837061479745991 
54 	 0.00058562848034493520 
55 	 0.00056413815709821513 
56 	 0.00054380942875931204 
57 	 0.00052456006232781682 
58 	 0.00050631497510944534 
59 	 0.00048900550140129617 
60 	 0.00047256874543699645 
61 	 0.00045694700919218789 
62 	 0.00044208728531924812 
63 	 0.00042794080686281433 
64 	 0.00041446264661915144 
65 	 0.00040161135996252817 
66 	 0.00038934866584705574 
67 	 0.00037763916138811027 
68 	 0.00036645006603142072 
69 	 0.00035575099187568071 
70 	 0.00034551373711955158 
71 	 0.00033571210001404062 
72 	 0.00032632171104340912 
73 	 0.00031731988128580468 
74 	 0.00030868546523632467 
75 	 0.00030039873650400395 
76 	 0.00029244127504179929 
77 	 0.00028479586469254414 
78 	 0.00027744639998195098 
79 	 0.00027037780123739807 
80 	 0.00026357593716386241 
81 	 0.00025702755416423528 
82 	 0.00025072021172256598 
83 	 0.00024464222327535978 
84 	 0.00023878260203402668 
85 	 0.00023313101130129077 
86 	 0.00022767771885034982 
87 	 0.00022241355499730275 
88 	 0.00021732987402756088 
89 	 0.00021241851867381811 
90 	 0.00020767178737490788 
91 	 0.00020308240405642053 
92 	 0.00019864349023923644 
93 	 0.00019434853924416018 
94 	 0.00019019139233811266 
95 	 0.00018616621663780641 
96 	 0.00018226748464034159 
97 	 0.00017848995524039069 
98 	 0.00017482865609697029 
99 	 0.00017127886727474895 
100 	 0.00016783610600645815 
101 	 0.00016449611255620056 
102 	 0.00016125483701556753 
103 	 0.00015810842702990158 
104 	 0.00015505321634945446 
105 	 0.00015208571413816152 
106 	 0.00014920259499850985 
107 	 0.00014640068965343644 
108 	 0.00014367697623374198 
109 	 0.00014102857212372477 
110 	 0.00013845272633172812 
111 	 0.00013594681234097017 
112 	 0.00013350832142045022 
113 	 0.00013113485632865185 
114 	 0.00012882412543557820 
115 	 0.00012657393717563359 
116 	 0.00012438219485844115 
117 	 0.00012224689177853243 
118 	 0.00012016610661769178 
119 	 0.00011813799912796519 
120 	 0.00011616080606047241 
121 	 0.00011423283732492351 
122 	 0.00011235247238472468 
123 	 0.00011051815684237631 
124 	 0.00010872839923492528 
125 	 0.00010698176799617265 
126 	 0.00010527688859363060 
127 	 0.00010361244082224275 
128 	 0.00010198715624820665 
129 	 0.00010039981579734736 
130 	 0.00009884924745895418 
131 	 0.00009733432412861731 
132 	 0.00009585396155520343 
133 	 0.00009440711640573696 
134 	 0.00009299278442043146 
135 	 0.00009160999867141584 
136 	 0.00009025782791316495 
137 	 0.00008893537501042381 
138 	 0.00008764177544895446 
139 	 0.00008637619592666290 
140 	 0.00008513783300623246 
141 	 0.00008392591184436249 
142 	 0.00008273968497674034 
143 	 0.00008157843116607388 
144 	 0.00008044145429875194 
145 	 0.00007932808236099653 
146 	 0.00007823766642034435 
147 	 0.00007716957969483573 
148 	 0.00007612321665351196 
149 	 0.00007509799214822088 
150 	 0.00007409334060448636 
151 	 0.00007310871523547036 
152 	 0.00007214358730012194 
153 	 0.00007119744539441086 
154 	 0.00007026979477142703 
155 	 0.00006936015669456452 
156 	 0.00006846806782268011 
157 	 0.00006759307961434757 
158 	 0.00006673475777163596 
159 	 0.00006589268169276963 
160 	 0.00006506644396520045 
161 	 0.00006425564986312082 
162 	 0.00006345991688649910 
163 	 0.00006267887430011498 
164 	 0.00006191216270901023 
165 	 0.00006115943364060072 
166 	 0.00006042034914921501 
167 	 0.00005969458144217121 
168 	 0.00005898181250629797 
169 	 0.00005828173376576373 
170 	 0.00005759404575211846 
171 	 0.00005691845777144877 
172 	 0.00005625468761039087 
173 	 0.00005560246123237356 
174 	 0.00005496151250206083 
175 	 0.00005433158290601980 
176 	 0.00005371242129581510 
177 	 0.00005310378364153934 
178 	 0.00005250543278334519 
179 	 0.00005191713820407173 
180 	 0.00005133867581430529 
181 	 0.00005076982772189709 
182 	 0.00005021038204433559 
183 	 0.00004966013270224501 
184 	 0.00004911887923242375 
185 	 0.00004858642660177104 
186 	 0.00004806258503542438 
187 	 0.00004754716984822771 
188 	 0.00004704000127642161 
189 	 0.00004654090432776314 
190 	 0.00004604970862343016 
191 	 0.00004556624826035360 
192 	 0.00004509036166622238 
193 	 0.00004462189146248186 
194 	 0.00004416068433976683 
195 	 0.00004370659093089202 
196 	 0.00004325946568717320 
197 	 0.00004281916676185382 
198 	 0.00004238555590196924 
199 	 0.00004195849833621423 
200 	 0.00004153786266947179 
201 	 0.00004112352078466941 
202 	 0.00004071534774574559 
203 	 0.00004031322169750773 
204 	 0.00003991702378036699 
205 	 0.00003952663804174250 
206 	 0.00003914195134924192 
207 	 0.00003876285331139151 
208 	 0.00003838923619170487 
209 	 0.00003802099484806476 
210 	 0.00003765802663235895 
211 	 0.00003730023134895788 
212 	 0.00003694751116256612 
213 	 0.00003659977054293329 
214 	 0.00003625691619579818 
215 	 0.00003591885700227060 
216 	 0.00003558550395732496 
217 	 0.00003525677011229078 
218 	 0.00003493257051534471 
219 	 0.00003461282216221662 
220 	 0.00003429744393534939 
221 	 0.00003398635655704751 
222 	 0.00003367948254329178 
223 	 0.00003337674614756203 
224 	 0.00003307807331687229 
225 	 0.00003278339165158073 
226 	 0.00003249263035365324 
227 	 0.00003220572019091428 
228 	 0.00003192259345019544 
229 	 0.00003164318390158627 
230 	 0.00003136742675757809 
231 	 0.00003109525863354001 
232 	 0.00003082661752173976 
233 	 0.00003056144273916317 
234 	 0.00003029967490530971 
235 	 0.00003004125590777562 
236 	 0.00002978612886361809 
237 	 0.00002953423809648470 
238 	 0.00002928552910264060 
239 	 0.00002903994851544134 
240 	 0.00002879744409001184 
241 	 0.00002855796466061378 
242 	 0.00002832146012665682 
243 	 0.00002808788141428487 
244 	 0.00002785718046349750 
245 	 0.00002762931019284487 
246 	 0.00002740422448477275 
247 	 0.00002718187814809703 
248 	 0.00002696222691533912 
249 	 0.00002674522740386820 
250 	 0.00002653083709946991 
251 	 0.00002631901433791661 
252 	 0.00002610971828564956 
253 	 0.00002590290891379965 
254 	 0.00002569854698708518 
255 	 0.00002549659403605631 
256 	 0.00002529701235065573 
257 	 0.00002509976494691202 
258 	 0.00002490481556960411 
259 	 0.00002471212865517991 
260 	 0.00002452166933220035 
261 	 0.00002433340339558221 
262 	 0.00002414729729371956 
263 	 0.00002396331811471697 
264 	 0.00002378143357284479 
265 	 0.00002360161198855515 
266 	 0.00002342382228537332 
267 	 0.00002324803396214215 
268 	 0.00002307421709391022 
269 	 0.00002290234230906130 
270 	 0.00002273238078753792 
271 	 0.00002256430423241973 
272 	 0.00002239808487236594 
273 	 0.00002223369544962495 
274 	 0.00002207110919694166 
275 	 0.00002191029984310866 
276 	 0.00002175124158476649 
277 	 0.00002159390909106662 
278 	 0.00002143827748657401 
279 	 0.00002128432234416167 
280 	 0.00002113201966680300 
281 	 0.00002098134589267886 
282 	 0.00002083227787919029 
283 	 0.00002068479288364067 
284 	 0.00002053886857567022 
285 	 0.00002039448300839020 
286 	 0.00002025161462793079 
287 	 0.00002011024224679581 
288 	 0.00001997034505452078 
289 	 0.00001983190259857714 
290 	 0.00001969489477615660 
291 	 0.00001955930183306087 
292 	 0.00001942510435881672 
293 	 0.00001929228326491561 
294 	 0.00001916081979502771 
295 	 0.00001903069551101311 
296 	 0.00001890189228559436 
297 	 0.00001877439229192035 
298 	 0.00001864817801267016 
299 	 0.00001852323221696039 
300 	 0.00001839953796278770 
301 	 0.00001827707859258787 
302 	 0.00001815583772213358 
303 	 0.00001803579923631560 
304 	 0.00001791694729336157 
305 	 0.00001779926630307571 
306 	 0.00001768274093483235 
307 	 0.00001756735610847215 
308 	 0.00001745309698408803 
309 	 0.00001733994896913060 
310 	 0.00001722789770575162 
311 	 0.00001711692905792539 
312 	 0.00001700702912832419 
313 	 0.00001689818423966649 
314 	 0.00001679038092294860 
315 	 0.00001668360593876095 
316 	 0.00001657784624664593 
317 	 0.00001647308901420175 
318 	 0.00001636932161308557 
319 	 0.00001626653161101999 
320 	 0.00001616470677290316 
321 	 0.00001606383505170506 
322 	 0.00001596390459046582 
323 	 0.00001586490371296989 
324 	 0.00001576682092507831 
325 	 0.00001566964491406253 
326 	 0.00001557336452973068 
327 	 0.00001547796880507768 
328 	 0.00001538344693496896 
329 	 0.00001528978827725069 
330 	 0.00001519698235030731 
331 	 0.00001510501883905668 
332 	 0.00001501388757518818 
333 	 0.00001492357854560034 
334 	 0.00001483408189262292 
335 	 0.00001474538789869584 
336 	 0.00001465748699436276 
337 	 0.00001457036975294201 
338 	 0.00001448402688519757 
339 	 0.00001439844924311373 
340 	 0.00001431362780945911 
341 	 0.00001422955369845269 
342 	 0.00001414621816064887 
343 	 0.00001406361256695021 
344 	 0.00001398172841882150 
345 	 0.00001390055734074025 
346 	 0.00001382009107375737 
347 	 0.00001374032148637738 
348 	 0.00001366124055635076 
349 	 0.00001358284037666913 
350 	 0.00001350511316311476 
351 	 0.00001342805123005775 
352 	 0.00001335164700932978 
353 	 0.00001327589303623533 
354 	 0.00001320078195421459 
355 	 0.00001312630650485147 
356 	 0.00001305245954297263 
357 	 0.00001297923401333279 
358 	 0.00001290662296127287 
359 	 0.00001283461953538456 
360 	 0.00001276321696996874 
361 	 0.00001269240860146681 
362 	 0.00001262218785091918 
363 	 0.00001255254824084062 
364 	 0.00001248348336924110 
365 	 0.00001241498693493881 
366 	 0.00001234705271335734 
367 	 0.00001227967457118062 
368 	 0.00001221284645280818 
369 	 0.00001214656238945899 
370 	 0.00001208081648984560 
371 	 0.00001201560294727955 
372 	 0.00001195091602679277 
373 	 0.00001188675007335327 
374 	 0.00001182309951031080 
375 	 0.00001175995883118119 
376 	 0.00001169732260342116 
377 	 0.00001163518546865028 
378 	 0.00001157354214020856 
379 	 0.00001151238739538485 
380 	 0.00001145171608696316 
381 	 0.00001139152313500702 
382 	 0.00001133180352064223 
383 	 0.00001127255229405044 
384 	 0.00001121376457247081 
385 	 0.00001115543553265042 
386 	 0.00001109756041306476 
387 	 0.00001104013451946884 
388 	 0.00001098315321246268 
389 	 0.00001092661191526290 
390 	 0.00001087050610926177 
391 	 0.00001081483133447136 
392 	 0.00001075958318441650 
393 	 0.00001070475731301812 
394 	 0.00001065034942726584 
395 	 0.00001059635529254699 
396 	 0.00001054277071776966 
397 	 0.00001048959157423646 
398 	 0.00001043681378365413 
399 	 0.00001038443331635719 
400 	 0.00001033244619419449 
401 	 0.00001028084848608835 
402 	 0.00001022963631980289 
403 	 0.00001017880585441056 
404 	 0.00001012835330982398 
405 	 0.00001007827495325131 
406 	 0.00001002856708787192 
407 	 0.00000997922606993384 
408 	 0.00000993024829654132 
409 	 0.00000988163021720112 
410 	 0.00000983336831117398 
411 	 0.00000978545911056727 
412 	 0.00000973789918656820 
413 	 0.00000969068515410676 
414 	 0.00000964381366586053 
415 	 0.00000959728141625149 
416 	 0.00000955108513811531 
417 	 0.00000950522160714229 
418 	 0.00000945968763543803 
419 	 0.00000941448006686052 
420 	 0.00000936959579944663 
421 	 0.00000932503175055110 
422 	 0.00000928078488415807 
423 	 0.00000923685219444970 
424 	 0.00000919323071779665 
425 	 0.00000914991751921335 
426 	 0.00000910690970234995 
427 	 0.00000906420440105471 
428 	 0.00000902179878825571 
429 	 0.00000897969005997368 
430 	 0.00000893787545530600 
431 	 0.00000889635224710084 
432 	 0.00000885511772263925 
433 	 0.00000881416922116074 
434 	 0.00000877350409966837 
435 	 0.00000873311974758373 
436 	 0.00000869301359140984 
437 	 0.00000865318307874396 
438 	 0.00000861362568471691 
439 	 0.00000857433892598181 
440 	 0.00000853532033895377 
441 	 0.00000849656748092009 
442 	 0.00000845807795224474 
443 	 0.00000841984936839069 
444 	 0.00000838187937701740 
445 	 0.00000834416564954310 
446 	 0.00000830670588514160 
447 	 0.00000826949781340680 
448 	 0.00000823253917903166 
449 	 0.00000819582776201422 
450 	 0.00000815936135900586 
451 	 0.00000812313779352536 
452 	 0.00000808715491595891 
453 	 0.00000805141059956327 
454 	 0.00000801590274135400 
455 	 0.00000798062925388976 
456 	 0.00000794558808725476 
457 	 0.00000791077720307953 
458 	 0.00000787619458297861 
459 	 0.00000784183824142914 
460 	 0.00000780770620600890 
461 	 0.00000777379653005283 
462 	 0.00000774010728488150 
463 	 0.00000770663656268766 
464 	 0.00000767338248119920 
465 	 0.00000764034317124462 
466 	 0.00000760751679140803 
467 	 0.00000757490151181983 
468 	 0.00000754249552770148 
469 	 0.00000751029705803319 
470 	 0.00000747830432223928 
471 	 0.00000744651558104437 
472 	 0.00000741492910005803 
473 	 0.00000738354317064704 
474 	 0.00000735235609217177 
475 	 0.00000732136619396861 
476 	 0.00000729057181669823 
477 	 0.00000725997131723055 
478 	 0.00000722956307197542 
479 	 0.00000719934547355194 
480 	 0.00000716931693345302 
481 	 0.00000713947587294150 
482 	 0.00000710982074081379 
483 	 0.00000708034999252760 
484 	 0.00000705106210419082 
485 	 0.00000702195556367968 
486 	 0.00000699302887596787 
487 	 0.00000696428056601306 
488 	 0.00000693570916943109 
489 	 0.00000690731323560456 
490 	 0.00000687909132968123 
491 	 0.00000685104204145581 
492 	 0.00000682316395383964 
493 	 0.00000679545568416096 
494 	 0.00000676791585352277 
495 	 0.00000674054309790506 
496 	 0.00000671333607171753 
497 	 0.00000668629343758553 
498 	 0.00000665941387612001 
499 	 0.00000663269607614758 
500 	 0.00000660613874670091 
501 	 0.00000657974059525834 
502 	 0.00000655350036349311 
503 	 0.00000652741679019186 
504 	 0.00000650148862813005 
505 	 0.00000647571464895691 
506 	 0.00000645009362920668 
507 	 0.00000642462436428737 
508 	 0.00000639930565582425 
509 	 0.00000637413631987549 
510 	 0.00000634911518360148 
511 	 0.00000632424108859553 
512 	 0.00000629951288133590 
513 	 0.00000627492942428809 
514 	 0.00000625048959101981 
515 	 0.00000622619226242627 
516 	 0.00000620203633605598 
517 	 0.00000617802071278817 
518 	 0.00000615414431148764 
519 	 0.00000613040605745852 
520 	 0.00000610680488843940 
521 	 0.00000608333974749797 
522 	 0.00000606000959213482 
523 	 0.00000603681338984252 
524 	 0.00000601375011677341 
525 	 0.00000599081876462293 
526 	 0.00000596801831687088 
527 	 0.00000594534778941558 
528 	 0.00000592280619304830 
529 	 0.00000590039255232711 
530 	 0.00000587810590269022 
531 	 0.00000585594528468292 
532 	 0.00000583390974862041 
533 	 0.00000581199835614221 
534 	 0.00000579021017754755 
535 	 0.00000576854429157336 
536 	 0.00000574699978206361 
537 	 0.00000572557574174404 
538 	 0.00000570427128265827 
539 	 0.00000568308550819019 
540 	 0.00000566201754059747 
541 	 0.00000564106651146368 
542 	 0.00000562023155459279 
543 	 0.00000559951181178242 
544 	 0.00000557890643793080 
545 	 0.00000555841459326523 
546 	 0.00000553803544534048 
547 	 0.00000551776816370975 
548 	 0.00000549761194057474 
549 	 0.00000547756595969950 
550 	 0.00000545762941950301 
551 	 0.00000543780152528761 
552 	 0.00000541808148946110 
553 	 0.00000539846853042647 
554 	 0.00000537896187347009 
555 	 0.00000535956075276012 
556 	 0.00000534026441312285 
557 	 0.00000532107209139099 
558 	 0.00000530198304748986 
559 	 0.00000528299654378728 
560 	 0.00000526411184353925 
561 	 0.00000524532821977175 
562 	 0.00000522664495394842 
563 	 0.00000520806133486040 
564 	 0.00000518957664885633 
565 	 0.00000517119019738388 
566 	 0.00000515290129232682 
567 	 0.00000513470923491077 
568 	 0.00000511661334590130 
569 	 0.00000509861295339142 
570 	 0.00000508070737947897 
571 	 0.00000506289596735598 
572 	 0.00000504517805155480 
573 	 0.00000502755297726587 
574 	 0.00000501002010144802 
575 	 0.00000499257878439074 
576 	 0.00000497522838682762 
577 	 0.00000495796827570949 
578 	 0.00000494079782731305 
579 	 0.00000492371641991340 
580 	 0.00000490672344444221 
581 	 0.00000488981828516977 
582 	 0.00000487300034146543 
583 	 0.00000485626901602920 
584 	 0.00000483962370911861 
585 	 0.00000482306383720044 
586 	 0.00000480658881496510 
587 	 0.00000479019806509662 
588 	 0.00000477389101050107 
589 	 0.00000475766708585290 
590 	 0.00000474152572760289 
591 	 0.00000472546637331206 
592 	 0.00000470948846587049 
593 	 0.00000469359146348935 
594 	 0.00000467777481549803 
595 	 0.00000466203798255016 
596 	 0.00000464638042596555 
597 	 0.00000463080161949847 
598 	 0.00000461530103401664 
599 	 0.00000459987814371843 
600 	 0.00000458453243279422 
601 	 0.00000456926338543440 
602 	 0.00000455407049515522 
603 	 0.00000453895325214226 
604 	 0.00000452391115479678 
605 	 0.00000450894371062383 
606 	 0.00000449405042202145 
607 	 0.00000447923080404422 
608 	 0.00000446448437063651 
609 	 0.00000444981063751904 
610 	 0.00000443520912796203 
611 	 0.00000442067937256319 
612 	 0.00000440622089592502 
613 	 0.00000439183324130177 
614 	 0.00000437751593929114 
615 	 0.00000436326853536784 
616 	 0.00000434909057256405 
617 	 0.00000433498160679058 
618 	 0.00000432094118441029 
619 	 0.00000430696886244419 
620 	 0.00000429306420235420 
621 	 0.00000427922676893289 
622 	 0.00000426545613163576 
623 	 0.00000425175185925220 
624 	 0.00000423811352190384 
625 	 0.00000422454070636569 
626 	 0.00000421103298586800 
627 	 0.00000419758994452124 
628 	 0.00000418421117620582 
629 	 0.00000417089626769673 
630 	 0.00000415764481198622 
631 	 0.00000414445640672945 
632 	 0.00000413133065957361 
633 	 0.00000411826716395503 
634 	 0.00000410526553573654 
635 	 0.00000409232537967874 
636 	 0.00000407944630853585 
637 	 0.00000406662793905888 
638 	 0.00000405386989577039 
639 	 0.00000404117179164665 
640 	 0.00000402853325964792 
641 	 0.00000401595392518495 
642 	 0.00000400343341744325 
643 	 0.00000399097136938309 
644 	 0.00000397856741995994 
645 	 0.00000396622120835133 
646 	 0.00000395393237639929 
647 	 0.00000394170056949861 
648 	 0.00000392952543726288 
649 	 0.00000391740662575302 
650 	 0.00000390534378791330 
651 	 0.00000389333658534774 
652 	 0.00000388138467100063 
653 	 0.00000386948771002871 
654 	 0.00000385764536292577 
655 	 0.00000384585729640285 
656 	 0.00000383412318094578 
657 	 0.00000382244268593013 
658 	 0.00000381081548672668 
659 	 0.00000379924125937237 
660 	 0.00000378771967790570 
661 	 0.00000377625043035401 
662 	 0.00000376483319830534 
663 	 0.00000375346766801066 
664 	 0.00000374215352416662 
665 	 0.00000373089045968555 
666 	 0.00000371967816903407 
667 	 0.00000370851634556857 
668 	 0.00000369740468930679 
669 	 0.00000368634289737990 
670 	 0.00000367533067291426 
671 	 0.00000366436771948031 
672 	 0.00000365345374708781 
673 	 0.00000364258845930721 
674 	 0.00000363177156703642 
675 	 0.00000362100278894495 
676 	 0.00000361028183615275 
677 	 0.00000359960842399865 
678 	 0.00000358898227603710 
679 	 0.00000357840311204782 
680 	 0.00000356787065380892 
681 	 0.00000355738462753941 
682 	 0.00000354694476412121 
683 	 0.00000353655078688675 
684 	 0.00000352620243382340 
685 	 0.00000351589943092812 
686 	 0.00000350564152329369 
687 	 0.00000349542843736117 
688 	 0.00000348525992377446 
689 	 0.00000347513571252733 
690 	 0.00000346505555048893 
691 	 0.00000345501918785907 
692 	 0.00000344502636639987 
693 	 0.00000343507683142619 
694 	 0.00000342517033935508 
695 	 0.00000341530663949818 
696 	 0.00000340548548627417 
697 	 0.00000339570663498989 
698 	 0.00000338596984228445 
699 	 0.00000337627486990399 
700 	 0.00000336662147693012 
701 	 0.00000335700942688533 
702 	 0.00000334743848418029 
703 	 0.00000333790841056114 
704 	 0.00000332841897798808 
705 	 0.00000331896995531267 
706 	 0.00000330956111227465 
707 	 0.00000330019221972400 
708 	 0.00000329086305628223 
709 	 0.00000328157339457569 
710 	 0.00000327232301300384 
711 	 0.00000326311169174254 
712 	 0.00000325393920808104 
713 	 0.00000324480534463767 
714 	 0.00000323570988425281 
715 	 0.00000322665261753841 
716 	 0.00000321763332289393 
717 	 0.00000320865179515017 
718 	 0.00000319970781847978 
719 	 0.00000319080118926784 
720 	 0.00000318193169324132 
721 	 0.00000317309912967190 
722 	 0.00000316430329294626 
723 	 0.00000315554397656292 
724 	 0.00000314682098134789 
725 	 0.00000313813410501851 
726 	 0.00000312948314906691 
727 	 0.00000312086791964816 
728 	 0.00000311228821603393 
729 	 0.00000310374384326906 
730 	 0.00000309523461039518 
731 	 0.00000308676032001465 
732 	 0.00000307832078516590 
733 	 0.00000306991581444649 
734 	 0.00000306154522222712 
735 	 0.00000305320881621718 
736 	 0.00000304490641611643 
737 	 0.00000303663783052244 
738 	 0.00000302840288179951 
739 	 0.00000302020138476244 
740 	 0.00000301203316221965 
741 	 0.00000300389802854184 
742 	 0.00000299579580897991 
743 	 0.00000298772632767452 
744 	 0.00000297968940699000 
745 	 0.00000297168486862454 
746 	 0.00000296371254360217 
747 	 0.00000295577225695176 
748 	 0.00000294786383703283 
749 	 0.00000293998711442534 
750 	 0.00000293214192215174 
751 	 0.00000292432808635112 
752 	 0.00000291654544337661 
753 	 0.00000290879382758291 
754 	 0.00000290107307621135 
755 	 0.00000289338302539299 
756 	 0.00000288572350570782 
757 	 0.00000287809436327890 
758 	 0.00000287049543601370 
759 	 0.00000286292656248577 
760 	 0.00000285538758881820 
761 	 0.00000284787835114209 
762 	 0.00000284039869913322 
763 	 0.00000283294847136517 
764 	 0.00000282552752239873 
765 	 0.00000281813569658063 
766 	 0.00000281077282893172 
767 	 0.00000280343878422684 
768 	 0.00000279613340947726 
769 	 0.00000278885655169425 
770 	 0.00000278160805944339 
771 	 0.00000277438779350270 
772 	 0.00000276719560399208 
773 	 0.00000276003134258573 
774 	 0.00000275289487228214 
775 	 0.00000274578604075870 
776 	 0.00000273870471168003 
777 	 0.00000273165074338166 
778 	 0.00000272462398687168 
779 	 0.00000271762431114375 
780 	 0.00000271065157697592 
781 	 0.00000270370564070532 
782 	 0.00000269678636954929 
783 	 0.00000268989362406380 
784 	 0.00000268302727279845 
785 	 0.00000267618717852969 
786 	 0.00000266937320803073 
787 	 0.00000266258522829688 
788 	 0.00000265582311076429 
789 	 0.00000264908671820940 
790 	 0.00000264237592273453 
791 	 0.00000263569059399948 
792 	 0.00000262903060788133 
793 	 0.00000262239583070922 
794 	 0.00000261578613836022 
795 	 0.00000260920140471299 
796 	 0.00000260264150231393 
797 	 0.00000259610630748419 
798 	 0.00000258959569920947 
799 	 0.00000258310954470709 
800 	 0.00000257664773961608 
801 	 0.00000257021014027359 
802 	 0.00000256379663921003 
803 	 0.00000255740712096220 
804 	 0.00000255104145097107 
805 	 0.00000254469952043479 
806 	 0.00000253838121055949 
807 	 0.00000253208640410563 
808 	 0.00000252581498405569 
809 	 0.00000251956683339216 
810 	 0.00000251334183953844 
811 	 0.00000250713988814155 
812 	 0.00000250096085974150 
813 	 0.00000249480465108753 
814 	 0.00000248867114360785 
815 	 0.00000248256022472582 
816 	 0.00000247647179008048 
817 	 0.00000247040572420865 
818 	 0.00000246436191586596 
819 	 0.00000245834026602054 
820 	 0.00000245234065521238 
821 	 0.00000244636298241119 
822 	 0.00000244040713792693 
823 	 0.00000243447301939703 
824 	 0.00000242856051801965 
825 	 0.00000242266952676928 
826 	 0.00000241679994728017 
827 	 0.00000241095167230476 
828 	 0.00000240512459925846 
829 	 0.00000239931862711096 
830 	 0.00000239353365305561 
831 	 0.00000238776957317555 
832 	 0.00000238202629287976 
833 	 0.00000237630370647501 
834 	 0.00000237060171870418 
835 	 0.00000236492022920309 
836 	 0.00000235925914338075 
837 	 0.00000235361835665415 
838 	 0.00000234799777576455 
839 	 0.00000234239730301233 
840 	 0.00000233681684513876 
841 	 0.00000233125630666464 
842 	 0.00000232571559211081 
843 	 0.00000232019460710831 
844 	 0.00000231469325773226 
845 	 0.00000230921145005780 
846 	 0.00000230374909282460 
847 	 0.00000229830609499437 
848 	 0.00000229288236330838 
849 	 0.00000228747781050309 
850 	 0.00000228209234354182 
851 	 0.00000227672586738947 
852 	 0.00000227137830521862 
853 	 0.00000226604955977372 
854 	 0.00000226073954401329 
855 	 0.00000225544817022971 
856 	 0.00000225017535160354 
857 	 0.00000224492100286966 
858 	 0.00000223968503676453 
859 	 0.00000223446736535848 
860 	 0.00000222926790871547 
861 	 0.00000222408657823969 
862 	 0.00000221892328866602 
863 	 0.00000221377796139066 
864 	 0.00000220865050803987 
865 	 0.00000220354084934371 
866 	 0.00000219844889870480 
867 	 0.00000219337458218227 
868 	 0.00000218831780984807 
869 	 0.00000218327850975975 
870 	 0.00000217825659043491 
871 	 0.00000217325198081930 
872 	 0.00000216826459786823 
873 	 0.00000216329436364404 
874 	 0.00000215834120242953 
875 	 0.00000215340502984773 
876 	 0.00000214848577395621 
877 	 0.00000214358335548503 
878 	 0.00000213869769583042 
879 	 0.00000213382871905310 
880 	 0.00000212897635276654 
881 	 0.00000212414051770082 
882 	 0.00000211932113991509 
883 	 0.00000211451814502439 
884 	 0.00000210973146330673 
885 	 0.00000210496101349378 
886 	 0.00000210020672652966 
887 	 0.00000209546852625309 
888 	 0.00000209074634383022 
889 	 0.00000208604010731861 
890 	 0.00000208134974055696 
891 	 0.00000207667517604371 
892 	 0.00000207201634716547 
893 	 0.00000206737316821304 
894 	 0.00000206274558833819 
895 	 0.00000205813352449624 
896 	 0.00000205353691318244 
897 	 0.00000204895568312047 
898 	 0.00000204438976103560 
899 	 0.00000203983909319305 
900 	 0.00000203530359632609 
901 	 0.00000203078320959449 
902 	 0.00000202627786682896 
903 	 0.00000202178750186022 
904 	 0.00000201731204740874 
905 	 0.00000201285143353047 
906 	 0.00000200840560293791 
907 	 0.00000200397447946976 
908 	 0.00000199955800983531 
909 	 0.00000199515611587486 
910 	 0.00000199076875095905 
911 	 0.00000198639584092497 
912 	 0.00000198203731893720 
913 	 0.00000197769312704210 
914 	 0.00000197336320129082 
915 	 0.00000196904748328564 
916 	 0.00000196474590463680 
917 	 0.00000196045840916703 
918 	 0.00000195618492804250 
919 	 0.00000195192540997091 
920 	 0.00000194767978500821 
921 	 0.00000194344799875346 
922 	 0.00000193922999214280 
923 	 0.00000193502569945103 
924 	 0.00000193083506316860 
925 	 0.00000192665802689618 
926 	 0.00000192249453223603 
927 	 0.00000191834451346296 
928 	 0.00000191420792261532 
929 	 0.00000191008469774268 
930 	 0.00000190597477955912 
931 	 0.00000190187811144327 
932 	 0.00000189779463655171 
933 	 0.00000189372430292600 
934 	 0.00000188966704572913 
935 	 0.00000188562281522309 
936 	 0.00000188159155278811 
937 	 0.00000187757320757598 
938 	 0.00000187356771608194 
939 	 0.00000186957503012231 
940 	 0.00000186559509507411 
941 	 0.00000186162785587030 
942 	 0.00000185767325588948 
943 	 0.00000185373124494959 
944 	 0.00000184980176820559 
945 	 0.00000184588477103453 
946 	 0.00000184198020214410 
947 	 0.00000183808800846563 
948 	 0.00000183420814070523 
949 	 0.00000183034054668241 
950 	 0.00000182648516511286 
951 	 0.00000182264195447424 
952 	 0.00000181881086569469 
953 	 0.00000181499183993239 
954 	 0.00000181118483322251 
955 	 0.00000180738978783346 
956 	 0.00000180360665824608 
957 	 0.00000179983539627671 
958 	 0.00000179607594863462 
959 	 0.00000179232826846842 
960 	 0.00000178859230692829 
961 	 0.00000178486801361011 
962 	 0.00000178115533921996 
963 	 0.00000177745423557418 
964 	 0.00000177376465648749 
965 	 0.00000177008655821709 
966 	 0.00000176641988991477 
967 	 0.00000176276459540325 
968 	 0.00000175912063760109 
969 	 0.00000175548796654823 
970 	 0.00000175186653583737 
971 	 0.00000174825630039344 
972 	 0.00000174465721425321 
973 	 0.00000174106923300776 
974 	 0.00000173749230381048 
975 	 0.00000173392639157832 
976 	 0.00000173037144168831 
977 	 0.00000172682741306218 
978 	 0.00000172329426373352 
979 	 0.00000171977194529660 
980 	 0.00000171626041689521 
981 	 0.00000171275962901341 
982 	 0.00000170926954523587 
983 	 0.00000170579011427030 
984 	 0.00000170232130147774 
985 	 0.00000169886305267930 
986 	 0.00000169541533834305 
987 	 0.00000169197810562238 
988 	 0.00000168855131477130 
989 	 0.00000168513492337929 
990 	 0.00000168172888903584 
991 	 0.00000167833317066268 
992 	 0.00000167494773095633 
993 	 0.00000167157252128902 
994 	 0.00000166820750102659 
995 	 0.00000166485264019300 
996 	 0.00000166150788083463 
997 	 0.00000165817319386363 
998 	 0.00000165484853820175 
999 	 0.00000165153386899597 
1000 	 0.00000164822914650031 
