#NstepT_D		#H_mediato
0	-1.47256	
1	-1.47661	
2	-1.48349	
3	-1.49512	
4	-1.50167	
5	-1.51321	
6	-1.52684	
7	-1.53884	
8	-1.55017	
9	-1.57089	
10	-1.58542	
11	-1.60287	
12	-1.62277	
13	-1.64678	
14	-1.6687	
15	-1.69199	
16	-1.71712	
17	-1.74334	
18	-1.7745	
19	-1.80055	
20	-1.8205	
21	-1.84751	
22	-1.87443	
23	-1.90589	
24	-1.92298	
25	-1.95136	
26	-1.97239	
27	-1.99711	
28	-2.01993	
29	-2.04036	
30	-2.05831	
31	-2.07037	
32	-2.08807	
33	-2.10826	
34	-2.11894	
35	-2.13155	
36	-2.14035	
37	-2.14515	
38	-2.15467	
39	-2.16058	
40	-2.1666	
41	-2.16898	
42	-2.17108	
43	-2.16949	
44	-2.17036	
45	-2.16675	
46	-2.16447	
47	-2.16162	
48	-2.16068	
49	-2.15441	
50	-2.14314	
51	-2.1387	
52	-2.13543	
53	-2.13197	
54	-2.12744	
55	-2.12244	
56	-2.11819	
57	-2.11401	
58	-2.11331	
59	-2.10954	
60	-2.1042	
61	-2.09985	
62	-2.10037	
63	-2.10099	
64	-2.0952	
65	-2.09335	
66	-2.08906	
67	-2.08881	
68	-2.09113	
69	-2.09007	
70	-2.08885	
71	-2.08558	
72	-2.08427	
73	-2.08601	
74	-2.08684	
75	-2.08521	
76	-2.08535	
77	-2.08826	
78	-2.08379	
79	-2.08537	
80	-2.08509	
81	-2.08524	
82	-2.08965	
83	-2.08855	
84	-2.09015	
85	-2.0873	
86	-2.08973	
87	-2.09378	
88	-2.09172	
89	-2.09407	
90	-2.096	
91	-2.09628	
92	-2.09779	
93	-2.09905	
94	-2.10092	
95	-2.10302	
96	-2.10526	
97	-2.10174	
98	-2.10709	
99	-2.10675	
100	-2.11038	
101	-2.11435	
102	-2.11127	
103	-2.11277	
104	-2.11755	
105	-2.11981	
106	-2.11947	
107	-2.11745	
108	-2.11537	
109	-2.1198	
110	-2.12449	
111	-2.12996	
112	-2.13124	
113	-2.13237	
114	-2.13311	
115	-2.13837	
116	-2.13725	
117	-2.13839	
118	-2.13867	
119	-2.14125	
120	-2.14585	
121	-2.14404	
122	-2.14372	
123	-2.14945	
124	-2.14849	
125	-2.15253	
126	-2.1568	
127	-2.15284	
128	-2.15226	
129	-2.15315	
130	-2.15287	
131	-2.14982	
132	-2.14652	
133	-2.1456	
134	-2.14345	
135	-2.14014	
136	-2.13815	
137	-2.1355	
138	-2.13387	
139	-2.13398	
140	-2.13127	
141	-2.1253	
142	-2.12106	
143	-2.11836	
144	-2.11392	
145	-2.11321	
146	-2.10602	
147	-2.10424	
148	-2.10822	
149	-2.1046	
150	-2.09912	
151	-2.09671	
152	-2.08806	
153	-2.08513	
154	-2.08722	
155	-2.0877	
156	-2.08837	
157	-2.08485	
158	-2.0805	
159	-2.07858	
160	-2.07167	
161	-2.07114	
162	-2.06956	
163	-2.06727	
164	-2.06663	
165	-2.06615	
166	-2.06304	
167	-2.06317	
168	-2.06163	
169	-2.05998	
170	-2.05841	
171	-2.05618	
172	-2.05573	
173	-2.05322	
174	-2.05356	
175	-2.05115	
176	-2.05091	
177	-2.04997	
178	-2.04706	
179	-2.04726	
180	-2.04529	
181	-2.04303	
182	-2.04103	
183	-2.03939	
184	-2.04065	
185	-2.03787	
186	-2.04158	
187	-2.03952	
188	-2.03348	
189	-2.03277	
190	-2.03298	
191	-2.03606	
192	-2.03518	
193	-2.02679	
194	-2.02455	
195	-2.02805	
196	-2.02608	
197	-2.02585	
198	-2.02264	
199	-2.01701	
200	-2.01836	
201	-2.01425	
202	-2.01493	
203	-2.01264	
204	-2.00795	
205	-2.00536	
206	-2.00293	
207	-1.99824	
208	-2.00025	
209	-1.99521	
210	-1.98968	
211	-1.99074	
212	-1.98664	
213	-1.98516	
214	-1.98084	
215	-1.97651	
216	-1.97394	
217	-1.97186	
218	-1.97088	
219	-1.96589	
220	-1.96387	
221	-1.96024	
222	-1.95811	
223	-1.95479	
224	-1.95082	
225	-1.94827	
226	-1.94354	
227	-1.94493	
228	-1.93755	
229	-1.93484	
230	-1.93397	
231	-1.92918	
232	-1.92568	
233	-1.92629	
234	-1.92482	
235	-1.92012	
236	-1.9209	
237	-1.91703	
238	-1.91941	
239	-1.91522	
240	-1.91196	
241	-1.9101	
242	-1.90845	
243	-1.90802	
244	-1.90669	
245	-1.90368	
246	-1.89551	
247	-1.89568	
248	-1.89047	
249	-1.89082	
250	-1.89194	
251	-1.89064	
252	-1.88631	
253	-1.88648	
254	-1.88593	
255	-1.88609	
256	-1.88289	
257	-1.88031	
258	-1.87637	
259	-1.87353	
260	-1.87437	
261	-1.86893	
262	-1.86714	
263	-1.86592	
264	-1.86638	
265	-1.86586	
266	-1.86217	
267	-1.86085	
268	-1.85877	
269	-1.86087	
270	-1.85959	
271	-1.8539	
272	-1.85351	
273	-1.85341	
274	-1.84869	
275	-1.84642	
276	-1.84523	
277	-1.84537	
278	-1.8457	
279	-1.84228	
280	-1.84443	
281	-1.84091	
282	-1.84095	
283	-1.83917	
284	-1.83569	
285	-1.83519	
286	-1.8348	
287	-1.83035	
288	-1.83348	
289	-1.8303	
290	-1.82946	
291	-1.82772	
292	-1.82714	
293	-1.82909	
294	-1.82677	
295	-1.8248	
296	-1.82361	
297	-1.82702	
298	-1.82692	
299	-1.82751	
300	-1.8244	
301	-1.81999	
302	-1.82443	
303	-1.82128	
304	-1.8194	
305	-1.81559	
306	-1.81585	
307	-1.81349	
308	-1.81331	
309	-1.81396	
310	-1.81121	
311	-1.81159	
312	-1.80908	
313	-1.80692	
314	-1.80617	
315	-1.80556	
316	-1.80666	
317	-1.80527	
318	-1.80524	
319	-1.80458	
320	-1.80233	
321	-1.80092	
322	-1.80246	
323	-1.79921	
324	-1.79768	
325	-1.7982	
326	-1.79752	
327	-1.79422	
328	-1.79425	
329	-1.79134	
330	-1.79382	
331	-1.79297	
332	-1.79228	
333	-1.79064	
334	-1.79256	
335	-1.79169	
336	-1.79455	
337	-1.79475	
338	-1.7946	
339	-1.79333	
340	-1.79292	
341	-1.79576	
342	-1.79923	
343	-1.79953	
344	-1.79783	
345	-1.79667	
346	-1.79674	
347	-1.80241	
348	-1.8038	
349	-1.8014	
350	-1.7997	
351	-1.79914	
352	-1.80608	
353	-1.80502	
354	-1.8033	
355	-1.80332	
356	-1.80221	
357	-1.80713	
358	-1.8061	
359	-1.8045	
360	-1.80462	
361	-1.80303	
362	-1.80567	
363	-1.80285	
364	-1.80337	
365	-1.80157	
366	-1.80044	
367	-1.80019	
368	-1.8001	
369	-1.79581	
370	-1.79159	
371	-1.79059	
372	-1.79187	
373	-1.78972	
374	-1.78605	
375	-1.78335	
376	-1.78349	
377	-1.78069	
378	-1.77848	
379	-1.77501	
380	-1.76938	
381	-1.77131	
382	-1.76682	
383	-1.76963	
384	-1.76537	
385	-1.76406	
386	-1.75964	
387	-1.75195	
388	-1.74705	
389	-1.74292	
390	-1.74264	
391	-1.74119	
392	-1.7376	
393	-1.73843	
394	-1.73908	
395	-1.73449	
396	-1.72811	
397	-1.72587	
398	-1.72558	
399	-1.72304	
400	-1.72012	
401	-1.72022	
402	-1.71775	
403	-1.71351	
404	-1.7073	
405	-1.7037	
406	-1.70551	
407	-1.70917	
408	-1.70916	
409	-1.70381	
410	-1.70934	
411	-1.70825	
412	-1.70561	
413	-1.70175	
414	-1.69735	
415	-1.69396	
416	-1.69034	
417	-1.69212	
418	-1.69212	
419	-1.68929	
420	-1.68628	
421	-1.68405	
422	-1.68584	
423	-1.68124	
424	-1.67982	
425	-1.67422	
426	-1.67049	
427	-1.67354	
428	-1.66963	
429	-1.66632	
430	-1.66515	
431	-1.65875	
432	-1.66321	
433	-1.65621	
434	-1.6534	
435	-1.65308	
436	-1.64729	
437	-1.65111	
438	-1.64614	
439	-1.6413	
440	-1.63919	
441	-1.63596	
442	-1.63899	
443	-1.63663	
444	-1.63174	
445	-1.62738	
446	-1.62507	
447	-1.62695	
448	-1.62585	
449	-1.62236	
450	-1.61949	
451	-1.6179	
452	-1.61903	
453	-1.61731	
454	-1.61449	
455	-1.61066	
456	-1.60889	
457	-1.60854	
458	-1.61123	
459	-1.60905	
460	-1.60426	
461	-1.60656	
462	-1.60508	
463	-1.60665	
464	-1.60384	
465	-1.6003	
466	-1.60213	
467	-1.60256	
468	-1.60424	
469	-1.60107	
470	-1.59902	
471	-1.59757	
472	-1.60136	
473	-1.60229	
474	-1.60043	
475	-1.59899	
476	-1.59925	
477	-1.60192	
478	-1.60192	
479	-1.60518	
480	-1.60755	
481	-1.60736	
482	-1.60789	
483	-1.60976	
484	-1.60692	
485	-1.60922	
486	-1.61111	
487	-1.61379	
488	-1.61757	
489	-1.61701	
490	-1.61799	
491	-1.62041	
492	-1.62564	
493	-1.62673	
494	-1.62798	
495	-1.62802	
496	-1.62592	
497	-1.62714	
498	-1.62817	
499	-1.63048	
500	-1.62749	
501	-1.62786	
502	-1.62741	
503	-1.62803	
504	-1.62939	
505	-1.62949	
506	-1.62834	
507	-1.62714	
508	-1.62871	
509	-1.62747	
510	-1.63077	
511	-1.63077	
512	-1.63064	
513	-1.6301	
514	-1.63278	
515	-1.63243	
516	-1.6275	
517	-1.62968	
518	-1.63036	
519	-1.62853	
520	-1.62729	
521	-1.6232	
522	-1.62299	
523	-1.62381	
524	-1.61927	
525	-1.61945	
526	-1.61597	
527	-1.61537	
528	-1.61656	
529	-1.61414	
530	-1.61415	
531	-1.61526	
532	-1.61586	
533	-1.61501	
534	-1.61454	
535	-1.61094	
536	-1.61256	
537	-1.61398	
538	-1.61254	
539	-1.61216	
540	-1.61011	
541	-1.6099	
542	-1.61314	
543	-1.6109	
544	-1.61007	
545	-1.60936	
546	-1.60881	
547	-1.61146	
548	-1.60965	
549	-1.60547	
550	-1.60569	
551	-1.60943	
552	-1.60672	
553	-1.60931	
554	-1.61442	
555	-1.61419	
556	-1.61357	
557	-1.61388	
558	-1.61139	
559	-1.61192	
560	-1.60911	
561	-1.6137	
562	-1.61298	
563	-1.61157	
564	-1.6095	
565	-1.609	
566	-1.61253	
567	-1.6103	
568	-1.61008	
569	-1.61025	
570	-1.60708	
571	-1.60386	
572	-1.59933	
573	-1.6012	
574	-1.60168	
575	-1.60455	
576	-1.60209	
577	-1.5998	
578	-1.60083	
579	-1.60024	
580	-1.59954	
581	-1.5996	
582	-1.59855	
583	-1.59651	
584	-1.59698	
585	-1.59709	
586	-1.59734	
587	-1.59751	
588	-1.59515	
589	-1.59496	
590	-1.59578	
591	-1.59451	
592	-1.59576	
593	-1.59313	
594	-1.59253	
595	-1.59324	
596	-1.59177	
597	-1.59319	
598	-1.59123	
599	-1.59057	
600	-1.59084	
601	-1.59018	
602	-1.59003	
603	-1.5894	
604	-1.588	
605	-1.58803	
606	-1.58702	
607	-1.58837	
608	-1.58608	
609	-1.58599	
610	-1.58447	
611	-1.585	
612	-1.58418	
613	-1.58239	
614	-1.58153	
615	-1.58103	
616	-1.57904	
617	-1.57768	
618	-1.57705	
619	-1.57603	
620	-1.57549	
621	-1.5734	
622	-1.56939	
623	-1.56915	
624	-1.56657	
625	-1.56609	
626	-1.56229	
627	-1.56158	
628	-1.55958	
629	-1.55807	
630	-1.55635	
631	-1.55347	
632	-1.553	
633	-1.55141	
634	-1.54975	
635	-1.54967	
636	-1.54638	
637	-1.54422	
638	-1.54226	
639	-1.5411	
640	-1.54	
641	-1.53806	
642	-1.53416	
643	-1.53386	
644	-1.53105	
645	-1.53128	
646	-1.52676	
647	-1.52475	
648	-1.52357	
649	-1.51934	
650	-1.519	
651	-1.51295	
652	-1.50828	
653	-1.50914	
654	-1.50432	
655	-1.50464	
656	-1.49811	
657	-1.49202	
658	-1.49015	
659	-1.48755	
660	-1.48471	
661	-1.48109	
662	-1.47687	
663	-1.47503	
664	-1.47388	
665	-1.46969	
666	-1.46911	
667	-1.46479	
668	-1.4591	
669	-1.45688	
670	-1.45403	
671	-1.45115	
672	-1.4457	
673	-1.44325	
674	-1.43945	
675	-1.4375	
676	-1.43414	
677	-1.42871	
678	-1.42617	
679	-1.4221	
680	-1.42128	
681	-1.42139	
682	-1.4191	
683	-1.41571	
684	-1.41188	
685	-1.40815	
686	-1.40587	
687	-1.4037	
688	-1.39926	
689	-1.39581	
690	-1.39648	
691	-1.39042	
692	-1.39223	
693	-1.38634	
694	-1.38696	
695	-1.38364	
696	-1.38012	
697	-1.37895	
698	-1.37403	
699	-1.37853	
700	-1.37515	
701	-1.37523	
702	-1.37233	
703	-1.36699	
704	-1.36226	
705	-1.35802	
706	-1.35401	
707	-1.35432	
708	-1.35189	
709	-1.34461	
710	-1.33739	
711	-1.33888	
712	-1.33871	
713	-1.33484	
714	-1.3283	
715	-1.32811	
716	-1.32792	
717	-1.32516	
718	-1.32268	
719	-1.32211	
720	-1.31673	
721	-1.31131	
722	-1.30571	
723	-1.30708	
724	-1.30044	
725	-1.29823	
726	-1.2926	
727	-1.28715	
728	-1.28865	
729	-1.28217	
730	-1.27886	
731	-1.27616	
732	-1.27087	
733	-1.27314	
734	-1.26755	
735	-1.26616	
736	-1.26652	
737	-1.26201	
738	-1.26381	
739	-1.26033	
740	-1.26109	
741	-1.26153	
742	-1.26165	
743	-1.25777	
744	-1.25658	
745	-1.25377	
746	-1.26033	
747	-1.26404	
748	-1.25176	
749	-1.25991	
750	-1.26	
751	-1.25589	
752	-1.26001	
753	-1.26276	
754	-1.26084	
755	-1.26407	
756	-1.26997	
757	-1.26625	
758	-1.27394	
759	-1.27158	
760	-1.27551	
761	-1.28632	
762	-1.28459	
763	-1.28717	
764	-1.29038	
765	-1.29306	
766	-1.29258	
767	-1.29213	
768	-1.29747	
769	-1.29863	
770	-1.29804	
771	-1.29662	
772	-1.29944	
773	-1.29971	
774	-1.3018	
775	-1.30293	
776	-1.3004	
777	-1.30166	
778	-1.30048	
779	-1.30296	
780	-1.30033	
781	-1.2985	
782	-1.29976	
783	-1.29539	
784	-1.29585	
785	-1.29588	
786	-1.29062	
787	-1.29024	
788	-1.28867	
789	-1.28785	
790	-1.28402	
791	-1.28192	
792	-1.27623	
793	-1.27315	
794	-1.27162	
795	-1.26778	
796	-1.26374	
797	-1.26129	
798	-1.25416	
799	-1.25526	
800	-1.2524	
801	-1.24908	
802	-1.24417	
803	-1.23932	
804	-1.2385	
805	-1.2378	
806	-1.23101	
807	-1.22873	
808	-1.22267	
809	-1.22227	
810	-1.22125	
811	-1.21904	
812	-1.21556	
813	-1.21192	
814	-1.21188	
815	-1.20939	
816	-1.20742	
817	-1.20814	
818	-1.20525	
819	-1.2072	
820	-1.20381	
821	-1.20241	
822	-1.20715	
823	-1.2024	
824	-1.20877	
825	-1.20516	
826	-1.20764	
827	-1.21528	
828	-1.2113	
829	-1.21408	
830	-1.21959	
831	-1.22143	
832	-1.22447	
833	-1.22485	
834	-1.23015	
835	-1.23373	
836	-1.24004	
837	-1.23906	
838	-1.24283	
839	-1.25003	
840	-1.25714	
841	-1.26292	
842	-1.26249	
843	-1.26639	
844	-1.26972	
845	-1.27683	
846	-1.28096	
847	-1.27724	
848	-1.28477	
849	-1.28363	
850	-1.28471	
851	-1.28786	
852	-1.28874	
853	-1.28677	
854	-1.29211	
855	-1.29326	
856	-1.29014	
857	-1.28782	
858	-1.28725	
859	-1.28806	
860	-1.28874	
861	-1.28323	
862	-1.28163	
863	-1.27807	
864	-1.2779	
865	-1.2738	
866	-1.27005	
867	-1.26438	
868	-1.26187	
869	-1.25824	
870	-1.25188	
871	-1.25098	
872	-1.24249	
873	-1.24024	
874	-1.23136	
875	-1.2266	
876	-1.2224	
877	-1.21852	
878	-1.21437	
879	-1.20602	
880	-1.1998	
881	-1.19818	
882	-1.1947	
883	-1.19083	
884	-1.18507	
885	-1.18053	
886	-1.18133	
887	-1.18082	
888	-1.1801	
889	-1.17675	
890	-1.17191	
891	-1.17577	
892	-1.17885	
893	-1.17798	
894	-1.17822	
895	-1.17721	
896	-1.17844	
897	-1.17842	
898	-1.18368	
899	-1.17905	
900	-1.18252	
901	-1.18838	
902	-1.19253	
903	-1.19833	
904	-1.19917	
905	-1.20221	
906	-1.20479	
907	-1.21167	
908	-1.21872	
909	-1.21801	
910	-1.22266	
911	-1.22891	
912	-1.23777	
913	-1.23259	
914	-1.23949	
915	-1.2448	
916	-1.25107	
917	-1.25233	
918	-1.25559	
919	-1.26314	
920	-1.26467	
921	-1.26651	
922	-1.27193	
923	-1.27362	
924	-1.27467	
925	-1.28106	
926	-1.27837	
927	-1.28547	
928	-1.28766	
929	-1.28953	
930	-1.29384	
931	-1.29249	
932	-1.29673	
933	-1.30162	
934	-1.30183	
935	-1.29913	
936	-1.3068	
937	-1.31302	
938	-1.30922	
939	-1.31217	
940	-1.31265	
941	-1.32033	
942	-1.31836	
943	-1.32141	
944	-1.32333	
945	-1.32307	
946	-1.32006	
947	-1.32418	
948	-1.3291	
949	-1.33342	
950	-1.331	
951	-1.33458	
952	-1.3299	
953	-1.3322	
954	-1.33478	
955	-1.33722	
956	-1.33441	
957	-1.33754	
958	-1.33867	
959	-1.33948	
960	-1.33777	
961	-1.33725	
962	-1.33643	
963	-1.33706	
964	-1.33826	
965	-1.33789	
966	-1.33601	
967	-1.33503	
968	-1.33771	
969	-1.33937	
970	-1.33795	
971	-1.33944	
972	-1.33556	
973	-1.33472	
974	-1.33691	
975	-1.33887	
976	-1.34305	
977	-1.33577	
978	-1.33644	
979	-1.33979	
980	-1.33745	
981	-1.33454	
982	-1.33685	
983	-1.33941	
984	-1.34269	
985	-1.34521	
986	-1.34686	
987	-1.34842	
988	-1.34466	
989	-1.34858	
990	-1.35178	
991	-1.35311	
992	-1.35044	
993	-1.34618	
994	-1.35089	
995	-1.35249	
996	-1.35391	
997	-1.35189	
998	-1.34631	
999	-1.35309	
1000	-1.35362	
1001	-1.35467	
1002	-1.35113	
1003	-1.34633	
1004	-1.35115	
1005	-1.35024	
1006	-1.35091	
1007	-1.34551	
1008	-1.34567	
1009	-1.34807	
1010	-1.34733	
1011	-1.3487	
1012	-1.34115	
1013	-1.34171	
1014	-1.34369	
1015	-1.34334	
1016	-1.34394	
1017	-1.33942	
1018	-1.33827	
1019	-1.34135	
1020	-1.34342	
1021	-1.34382	
1022	-1.33883	
1023	-1.33668	
1024	-1.33687	
1025	-1.33872	
1026	-1.33969	
1027	-1.33663	
1028	-1.33422	
1029	-1.33557	
1030	-1.33528	
1031	-1.33563	
1032	-1.33404	
1033	-1.32933	
1034	-1.32897	
1035	-1.33188	
1036	-1.33151	
1037	-1.33183	
1038	-1.32649	
1039	-1.32462	
1040	-1.32648	
1041	-1.32707	
1042	-1.32776	
1043	-1.32241	
1044	-1.31939	
1045	-1.32148	
1046	-1.32149	
1047	-1.32112	
1048	-1.31581	
1049	-1.31304	
1050	-1.31359	
1051	-1.31562	
1052	-1.31184	
1053	-1.30545	
1054	-1.30173	
1055	-1.30386	
1056	-1.30064	
1057	-1.30169	
1058	-1.29866	
1059	-1.2932	
1060	-1.29622	
1061	-1.29273	
1062	-1.29457	
1063	-1.29904	
1064	-1.2997	
1065	-1.29994	
1066	-1.29776	
1067	-1.29897	
1068	-1.29353	
1069	-1.29919	
1070	-1.30755	
1071	-1.31027	
1072	-1.30895	
1073	-1.31029	
1074	-1.31265	
1075	-1.32118	
1076	-1.32464	
1077	-1.32379	
1078	-1.32921	
1079	-1.33303	
1080	-1.34282	
1081	-1.34652	
1082	-1.34579	
1083	-1.35185	
1084	-1.35293	
1085	-1.36284	
1086	-1.36849	
1087	-1.36895	
1088	-1.37739	
1089	-1.37906	
1090	-1.38527	
1091	-1.38909	
1092	-1.38853	
1093	-1.39734	
1094	-1.39728	
1095	-1.40092	
1096	-1.40189	
1097	-1.40254	
1098	-1.40339	
1099	-1.40721	
1100	-1.40924	
1101	-1.41085	
1102	-1.4047	
1103	-1.40431	
1104	-1.40859	
1105	-1.40809	
1106	-1.40718	
1107	-1.39898	
1108	-1.39451	
1109	-1.39522	
1110	-1.39536	
1111	-1.39445	
1112	-1.38508	
1113	-1.38219	
1114	-1.37784	
1115	-1.37444	
1116	-1.37548	
1117	-1.37272	
1118	-1.36873	
1119	-1.36565	
1120	-1.36204	
1121	-1.36182	
1122	-1.35855	
1123	-1.35705	
1124	-1.35171	
1125	-1.35004	
1126	-1.34849	
1127	-1.3485	
1128	-1.34554	
1129	-1.34143	
1130	-1.34324	
1131	-1.33855	
1132	-1.33619	
1133	-1.33018	
1134	-1.33003	
1135	-1.33117	
1136	-1.32469	
1137	-1.32667	
1138	-1.32136	
1139	-1.32127	
1140	-1.32104	
1141	-1.31635	
1142	-1.31557	
1143	-1.31569	
1144	-1.31535	
1145	-1.318	
1146	-1.31209	
1147	-1.31086	
1148	-1.31111	
1149	-1.31164	
1150	-1.31444	
1151	-1.31115	
1152	-1.31235	
1153	-1.31276	
1154	-1.31606	
1155	-1.31957	
1156	-1.31633	
1157	-1.3185	
1158	-1.32016	
1159	-1.32092	
1160	-1.32514	
1161	-1.32353	
1162	-1.32821	
1163	-1.32963	
1164	-1.33015	
1165	-1.33442	
1166	-1.33053	
1167	-1.33335	
1168	-1.3355	
1169	-1.33387	
1170	-1.33641	
1171	-1.33354	
1172	-1.33409	
1173	-1.33512	
1174	-1.3345	
1175	-1.33453	
1176	-1.33125	
1177	-1.33231	
1178	-1.33255	
1179	-1.33363	
1180	-1.33514	
1181	-1.33076	
1182	-1.32603	
1183	-1.33134	
1184	-1.3307	
1185	-1.3248	
1186	-1.32812	
1187	-1.32477	
1188	-1.32083	
1189	-1.31745	
1190	-1.31731	
1191	-1.32117	
1192	-1.32418	
1193	-1.32552	
1194	-1.32779	
1195	-1.32826	
1196	-1.32358	
1197	-1.32746	
1198	-1.33202	
1199	-1.33837	
1200	-1.33854	
1201	-1.34138	
1202	-1.34585	
1203	-1.34859	
1204	-1.35021	
1205	-1.35721	
1206	-1.36229	
1207	-1.36387	
1208	-1.37036	
1209	-1.37133	
1210	-1.37331	
1211	-1.377	
1212	-1.37966	
1213	-1.38543	
1214	-1.39705	
1215	-1.39797	
1216	-1.40187	
1217	-1.40319	
1218	-1.4037	
1219	-1.40441	
1220	-1.40685	
1221	-1.40929	
1222	-1.41038	
1223	-1.41729	
1224	-1.41792	
1225	-1.42181	
1226	-1.42352	
1227	-1.42574	
1228	-1.42734	
1229	-1.42878	
1230	-1.42901	
1231	-1.43414	
1232	-1.4331	
1233	-1.43279	
1234	-1.43556	
1235	-1.43356	
1236	-1.43853	
1237	-1.44118	
1238	-1.43942	
1239	-1.43699	
1240	-1.43566	
1241	-1.43776	
1242	-1.44135	
1243	-1.44286	
1244	-1.4374	
1245	-1.43553	
1246	-1.43952	
1247	-1.43837	
1248	-1.43964	
1249	-1.44053	
1250	-1.43528	
1251	-1.43626	
1252	-1.43616	
1253	-1.43808	
1254	-1.4352	
1255	-1.43415	
1256	-1.43486	
1257	-1.43288	
1258	-1.43544	
1259	-1.4307	
1260	-1.43277	
1261	-1.42826	
1262	-1.42691	
1263	-1.42523	
1264	-1.42743	
1265	-1.4269	
1266	-1.42064	
1267	-1.41907	
1268	-1.41683	
1269	-1.4178	
1270	-1.41865	
1271	-1.41396	
1272	-1.41162	
1273	-1.41046	
1274	-1.40952	
1275	-1.40758	
1276	-1.40775	
1277	-1.40328	
1278	-1.40284	
1279	-1.40139	
1280	-1.40196	
1281	-1.4015	
1282	-1.40583	
1283	-1.40106	
1284	-1.40254	
1285	-1.40399	
1286	-1.40351	
1287	-1.40551	
1288	-1.40328	
1289	-1.40561	
1290	-1.40672	
1291	-1.41019	
1292	-1.40671	
1293	-1.4081	
1294	-1.4065	
1295	-1.40248	
1296	-1.40628	
1297	-1.40885	
1298	-1.40576	
1299	-1.40313	
1300	-1.40764	
1301	-1.40765	
1302	-1.40924	
1303	-1.4107	
1304	-1.40835	
1305	-1.40617	
1306	-1.4089	
1307	-1.41213	
1308	-1.41399	
1309	-1.41415	
1310	-1.41311	
1311	-1.41061	
1312	-1.41438	
1313	-1.41373	
1314	-1.41454	
1315	-1.41466	
1316	-1.41294	
1317	-1.41256	
1318	-1.40946	
1319	-1.4088	
1320	-1.40777	
1321	-1.40507	
1322	-1.40336	
1323	-1.39868	
1324	-1.40064	
1325	-1.39692	
1326	-1.39263	
1327	-1.39256	
1328	-1.38923	
1329	-1.38478	
1330	-1.38681	
1331	-1.38108	
1332	-1.37999	
1333	-1.37761	
1334	-1.37273	
1335	-1.37079	
1336	-1.36798	
1337	-1.3667	
1338	-1.36326	
1339	-1.36062	
1340	-1.3577	
1341	-1.35378	
1342	-1.35462	
1343	-1.34886	
1344	-1.34886	
1345	-1.34483	
1346	-1.34054	
1347	-1.33895	
1348	-1.33745	
1349	-1.33687	
1350	-1.33224	
1351	-1.32922	
1352	-1.32864	
1353	-1.32741	
1354	-1.32656	
1355	-1.32458	
1356	-1.31891	
1357	-1.31825	
1358	-1.31677	
1359	-1.31874	
1360	-1.31638	
1361	-1.3128	
1362	-1.31486	
1363	-1.31304	
1364	-1.31195	
1365	-1.31288	
1366	-1.30934	
1367	-1.31034	
1368	-1.31051	
1369	-1.3098	
1370	-1.31044	
1371	-1.30771	
1372	-1.3074	
1373	-1.30914	
1374	-1.30986	
1375	-1.31044	
1376	-1.30569	
1377	-1.30833	
1378	-1.30885	
1379	-1.30736	
1380	-1.3117	
1381	-1.31449	
1382	-1.31133	
1383	-1.31211	
1384	-1.31309	
1385	-1.31488	
1386	-1.31331	
1387	-1.31293	
1388	-1.31582	
1389	-1.31633	
1390	-1.31847	
1391	-1.31689	
1392	-1.31745	
1393	-1.32022	
1394	-1.32268	
1395	-1.3196	
1396	-1.32262	
1397	-1.32479	
1398	-1.32521	
1399	-1.32453	
1400	-1.32707	
1401	-1.32716	
1402	-1.3287	
1403	-1.33058	
1404	-1.33546	
1405	-1.33337	
1406	-1.33582	
1407	-1.33788	
1408	-1.33885	
1409	-1.33714	
1410	-1.33946	
1411	-1.33962	
1412	-1.3472	
1413	-1.34741	
1414	-1.34604	
1415	-1.34558	
1416	-1.34899	
1417	-1.34684	
1418	-1.35164	
1419	-1.35311	
1420	-1.35881	
1421	-1.35892	
1422	-1.36211	
1423	-1.36157	
1424	-1.36247	
1425	-1.36495	
1426	-1.37169	
1427	-1.37003	
1428	-1.37022	
1429	-1.36611	
1430	-1.36699	
1431	-1.37033	
1432	-1.37505	
1433	-1.37237	
1434	-1.36947	
1435	-1.37127	
1436	-1.37245	
1437	-1.37223	
1438	-1.37383	
1439	-1.37227	
1440	-1.37368	
1441	-1.37062	
1442	-1.37564	
1443	-1.37283	
1444	-1.37454	
1445	-1.36867	
1446	-1.36752	
1447	-1.37161	
1448	-1.36942	
1449	-1.36985	
1450	-1.36538	
1451	-1.36242	
1452	-1.36723	
1453	-1.36645	
1454	-1.36327	
1455	-1.35833	
1456	-1.35842	
1457	-1.36104	
1458	-1.36042	
1459	-1.35899	
1460	-1.35274	
1461	-1.35297	
1462	-1.35624	
1463	-1.3561	
1464	-1.35268	
1465	-1.34709	
1466	-1.34358	
1467	-1.34925	
1468	-1.34838	
1469	-1.3445	
1470	-1.34055	
1471	-1.33912	
1472	-1.34232	
1473	-1.34177	
1474	-1.34128	
1475	-1.33618	
1476	-1.33203	
1477	-1.33803	
1478	-1.33543	
1479	-1.33461	
1480	-1.33265	
1481	-1.32987	
1482	-1.33194	
1483	-1.33198	
1484	-1.32919	
1485	-1.32751	
1486	-1.32407	
1487	-1.32847	
1488	-1.3281	
1489	-1.32787	
1490	-1.32272	
1491	-1.3184	
1492	-1.32415	
1493	-1.32486	
1494	-1.32502	
1495	-1.32121	
1496	-1.31605	
1497	-1.3233	
1498	-1.3229	
1499	-1.3215	
1500	-1.31904	
1501	-1.31691	
1502	-1.32316	
1503	-1.32083	
1504	-1.31943	
1505	-1.31871	
1506	-1.31578	
1507	-1.32193	
1508	-1.32255	
1509	-1.32218	
1510	-1.32131	
1511	-1.32193	
1512	-1.32235	
1513	-1.32129	
1514	-1.32015	
1515	-1.31767	
1516	-1.31482	
1517	-1.31752	
1518	-1.31508	
1519	-1.31424	
1520	-1.31455	
1521	-1.31372	
1522	-1.3144	
1523	-1.30925	
1524	-1.30686	
1525	-1.30501	
1526	-1.30462	
1527	-1.30331	
1528	-1.30442	
1529	-1.29858	
1530	-1.29772	
1531	-1.29677	
1532	-1.29466	
1533	-1.2948	
1534	-1.29036	
1535	-1.2914	
1536	-1.29003	
1537	-1.28715	
1538	-1.28753	
1539	-1.28478	
1540	-1.28486	
1541	-1.28132	
1542	-1.27972	
1543	-1.28048	
1544	-1.27599	
1545	-1.27558	
1546	-1.27292	
1547	-1.27054	
1548	-1.27193	
1549	-1.26667	
1550	-1.26524	
1551	-1.26356	
1552	-1.26286	
1553	-1.26363	
1554	-1.257	
1555	-1.25666	
1556	-1.25619	
1557	-1.25549	
1558	-1.25686	
1559	-1.25044	
1560	-1.2518	
1561	-1.25151	
1562	-1.24781	
1563	-1.24959	
1564	-1.24402	
1565	-1.24492	
1566	-1.24526	
1567	-1.24344	
1568	-1.24432	
1569	-1.2432	
1570	-1.24026	
1571	-1.24047	
1572	-1.24096	
1573	-1.23831	
1574	-1.23986	
1575	-1.24088	
1576	-1.23961	
1577	-1.23643	
1578	-1.2372	
1579	-1.23667	
1580	-1.23817	
1581	-1.24003	
1582	-1.2392	
1583	-1.23049	
1584	-1.23468	
1585	-1.23958	
1586	-1.23287	
1587	-1.23723	
1588	-1.23529	
1589	-1.23955	
1590	-1.23567	
1591	-1.23468	
1592	-1.23633	
1593	-1.24155	
1594	-1.23747	
1595	-1.24083	
1596	-1.2418	
1597	-1.24296	
1598	-1.24438	
1599	-1.24805	
1600	-1.24826	
1601	-1.25097	
1602	-1.25145	
1603	-1.25456	
1604	-1.25977	
1605	-1.2625	
1606	-1.26161	
1607	-1.26426	
1608	-1.26966	
1609	-1.27133	
1610	-1.2705	
1611	-1.27532	
1612	-1.28423	
1613	-1.28376	
1614	-1.28668	
1615	-1.28585	
1616	-1.28477	
1617	-1.2864	
1618	-1.2864	
1619	-1.29054	
1620	-1.28607	
1621	-1.29097	
1622	-1.28865	
1623	-1.28553	
1624	-1.28223	
1625	-1.28054	
1626	-1.2775	
1627	-1.27656	
1628	-1.27155	
1629	-1.27154	
1630	-1.26807	
1631	-1.26414	
1632	-1.26336	
1633	-1.26001	
1634	-1.25795	
1635	-1.25819	
1636	-1.25093	
1637	-1.25225	
1638	-1.24836	
1639	-1.2475	
1640	-1.24834	
1641	-1.24292	
1642	-1.24103	
1643	-1.23928	
1644	-1.23973	
1645	-1.23966	
1646	-1.23665	
1647	-1.23208	
1648	-1.22532	
1649	-1.23341	
1650	-1.23251	
1651	-1.2313	
1652	-1.23088	
1653	-1.22493	
1654	-1.22953	
1655	-1.22714	
1656	-1.22601	
1657	-1.22604	
1658	-1.22914	
1659	-1.22884	
1660	-1.22878	
1661	-1.22791	
1662	-1.23009	
1663	-1.23043	
1664	-1.23112	
1665	-1.23435	
1666	-1.23414	
1667	-1.23847	
1668	-1.23644	
1669	-1.23844	
1670	-1.24251	
1671	-1.241	
1672	-1.24644	
1673	-1.24911	
1674	-1.24948	
1675	-1.25122	
1676	-1.25047	
1677	-1.25672	
1678	-1.2578	
1679	-1.25929	
1680	-1.25911	
1681	-1.26444	
1682	-1.26453	
1683	-1.26696	
1684	-1.2668	
1685	-1.26877	
1686	-1.2719	
1687	-1.27302	
1688	-1.27305	
1689	-1.2764	
1690	-1.27454	
1691	-1.27722	
1692	-1.27788	
1693	-1.28082	
1694	-1.28272	
1695	-1.28203	
1696	-1.28245	
1697	-1.28487	
1698	-1.28492	
1699	-1.28753	
1700	-1.28493	
1701	-1.28548	
1702	-1.28634	
1703	-1.28706	
1704	-1.28697	
1705	-1.28595	
1706	-1.2854	
1707	-1.28909	
1708	-1.28908	
1709	-1.29139	
1710	-1.28886	
1711	-1.28775	
1712	-1.28891	
1713	-1.291	
1714	-1.29162	
1715	-1.28969	
1716	-1.28961	
1717	-1.29249	
1718	-1.28901	
1719	-1.29228	
1720	-1.28918	
1721	-1.28736	
1722	-1.29066	
1723	-1.28732	
1724	-1.28774	
1725	-1.2864	
1726	-1.2866	
1727	-1.28258	
1728	-1.28266	
1729	-1.28299	
1730	-1.27976	
1731	-1.27869	
1732	-1.27745	
1733	-1.27668	
1734	-1.27159	
1735	-1.26535	
1736	-1.26502	
1737	-1.26344	
1738	-1.26351	
1739	-1.26123	
1740	-1.2612	
1741	-1.26051	
1742	-1.26139	
1743	-1.26327	
1744	-1.26171	
1745	-1.26013	
1746	-1.25798	
1747	-1.25496	
1748	-1.25658	
1749	-1.25545	
1750	-1.25132	
1751	-1.25274	
1752	-1.25191	
1753	-1.25471	
1754	-1.25337	
1755	-1.25176	
1756	-1.25425	
1757	-1.25386	
1758	-1.25149	
1759	-1.25532	
1760	-1.25843	
1761	-1.25657	
1762	-1.25977	
1763	-1.263	
1764	-1.26649	
1765	-1.26916	
1766	-1.26869	
1767	-1.26503	
1768	-1.26544	
1769	-1.26112	
1770	-1.26868	
1771	-1.26681	
1772	-1.26366	
1773	-1.26168	
1774	-1.27061	
1775	-1.27036	
1776	-1.2738	
1777	-1.2694	
1778	-1.27208	
1779	-1.27272	
1780	-1.26844	
1781	-1.26957	
1782	-1.26789	
1783	-1.2656	
1784	-1.26502	
1785	-1.26663	
1786	-1.26873	
1787	-1.26235	
1788	-1.26202	
1789	-1.26304	
1790	-1.26	
1791	-1.26172	
1792	-1.25731	
1793	-1.2565	
1794	-1.25322	
1795	-1.24856	
1796	-1.24757	
1797	-1.2485	
1798	-1.24696	
1799	-1.24558	
1800	-1.24194	
1801	-1.2393	
1802	-1.24211	
1803	-1.23749	
1804	-1.24028	
1805	-1.23589	
1806	-1.23468	
1807	-1.23627	
1808	-1.23539	
1809	-1.23786	
1810	-1.2354	
1811	-1.23477	
1812	-1.23653	
1813	-1.23718	
1814	-1.23642	
1815	-1.23362	
1816	-1.2358	
1817	-1.23562	
1818	-1.23675	
1819	-1.23874	
1820	-1.23486	
1821	-1.23507	
1822	-1.23698	
1823	-1.23512	
1824	-1.23941	
1825	-1.23476	
1826	-1.23792	
1827	-1.23889	
1828	-1.24052	
1829	-1.24257	
1830	-1.2379	
1831	-1.24126	
1832	-1.24213	
1833	-1.24533	
1834	-1.24406	
1835	-1.24189	
1836	-1.24635	
1837	-1.24694	
1838	-1.24867	
1839	-1.24741	
1840	-1.24929	
1841	-1.25408	
1842	-1.25483	
1843	-1.25548	
1844	-1.25277	
1845	-1.25857	
1846	-1.26252	
1847	-1.26656	
1848	-1.26744	
1849	-1.26599	
1850	-1.27065	
1851	-1.27758	
1852	-1.28081	
1853	-1.28587	
1854	-1.28902	
1855	-1.29312	
1856	-1.29291	
1857	-1.29585	
1858	-1.30106	
1859	-1.30667	
1860	-1.3111	
1861	-1.31652	
1862	-1.31824	
1863	-1.32385	
1864	-1.32513	
1865	-1.33186	
1866	-1.33611	
1867	-1.33928	
1868	-1.33972	
1869	-1.34684	
1870	-1.35177	
1871	-1.35446	
1872	-1.35565	
1873	-1.35676	
1874	-1.35823	
1875	-1.3647	
1876	-1.36547	
1877	-1.36422	
1878	-1.36507	
1879	-1.36716	
1880	-1.37073	
1881	-1.37234	
1882	-1.37134	
1883	-1.3719	
1884	-1.37118	
1885	-1.37631	
1886	-1.37409	
1887	-1.37352	
1888	-1.37039	
1889	-1.37049	
1890	-1.37371	
1891	-1.37248	
1892	-1.37071	
1893	-1.3687	
1894	-1.36787	
1895	-1.3669	
1896	-1.36679	
1897	-1.36407	
1898	-1.36072	
1899	-1.35921	
1900	-1.35745	
1901	-1.35675	
1902	-1.35487	
1903	-1.35077	
1904	-1.34616	
1905	-1.34279	
1906	-1.34236	
1907	-1.33779	
1908	-1.33444	
1909	-1.33168	
1910	-1.32591	
1911	-1.32527	
1912	-1.32322	
1913	-1.31919	
1914	-1.31759	
1915	-1.31142	
1916	-1.30975	
1917	-1.30954	
1918	-1.30673	
1919	-1.30365	
1920	-1.30066	
1921	-1.29932	
1922	-1.29608	
1923	-1.28983	
1924	-1.28925	
1925	-1.28882	
1926	-1.28566	
1927	-1.2799	
1928	-1.27992	
1929	-1.278	
1930	-1.27987	
1931	-1.27594	
1932	-1.2739	
1933	-1.27504	
1934	-1.27611	
1935	-1.27416	
1936	-1.27424	
1937	-1.27489	
1938	-1.27301	
1939	-1.27595	
1940	-1.27723	
1941	-1.27817	
1942	-1.27812	
1943	-1.28346	
1944	-1.28361	
1945	-1.284	
1946	-1.29033	
1947	-1.29425	
1948	-1.29184	
1949	-1.29647	
1950	-1.29616	
1951	-1.29436	
1952	-1.2964	
1953	-1.29441	
1954	-1.29777	
1955	-1.30013	
1956	-1.30081	
1957	-1.30463	
1958	-1.3039	
1959	-1.3056	
1960	-1.30345	
1961	-1.3051	
1962	-1.30834	
1963	-1.312	
1964	-1.31014	
1965	-1.3127	
1966	-1.30749	
1967	-1.30484	
1968	-1.30686	
1969	-1.30541	
1970	-1.30635	
1971	-1.30149	
1972	-1.30342	
1973	-1.3075	
1974	-1.29539	
1975	-1.29418	
1976	-1.29377	
1977	-1.28963	
1978	-1.28877	
1979	-1.29089	
1980	-1.28888	
1981	-1.2837	
1982	-1.2804	
1983	-1.28217	
1984	-1.2785	
1985	-1.27675	
1986	-1.27622	
1987	-1.2751	
1988	-1.27685	
1989	-1.27046	
1990	-1.26905	
1991	-1.26984	
1992	-1.26823	
1993	-1.27057	
1994	-1.26797	
1995	-1.26771	
1996	-1.26634	
1997	-1.26841	
1998	-1.27106	
1999	-1.2711	
2000	-1.26978	
2001	-1.27053	
2002	-1.27271	
2003	-1.2768	
2004	-1.27603	
2005	-1.27903	
2006	-1.27733	
2007	-1.28057	
2008	-1.28548	
2009	-1.28759	
2010	-1.28945	
2011	-1.29233	
2012	-1.29381	
2013	-1.29792	
2014	-1.29498	
2015	-1.30302	
2016	-1.30209	
2017	-1.30328	
2018	-1.31306	
2019	-1.30927	
2020	-1.31781	
2021	-1.31679	
2022	-1.32157	
2023	-1.32104	
2024	-1.32738	
2025	-1.33111	
2026	-1.33093	
2027	-1.33341	
2028	-1.33188	
2029	-1.33176	
2030	-1.336	
2031	-1.33657	
2032	-1.33886	
2033	-1.33572	
2034	-1.33591	
2035	-1.33779	
2036	-1.33818	
2037	-1.33857	
2038	-1.33578	
2039	-1.3347	
2040	-1.3377	
2041	-1.33273	
2042	-1.33441	
2043	-1.33115	
2044	-1.32845	
2045	-1.33054	
2046	-1.32609	
2047	-1.32652	
2048	-1.32272	
2049	-1.32009	
2050	-1.32096	
2051	-1.31689	
2052	-1.31401	
2053	-1.30966	
2054	-1.30941	
2055	-1.30678	
2056	-1.30672	
2057	-1.30269	
2058	-1.30165	
2059	-1.29743	
2060	-1.29668	
2061	-1.29726	
2062	-1.29097	
2063	-1.29057	
2064	-1.28803	
2065	-1.28384	
2066	-1.28521	
2067	-1.28336	
2068	-1.27972	
2069	-1.27696	
2070	-1.27248	
2071	-1.27149	
2072	-1.27019	
2073	-1.26761	
2074	-1.26678	
2075	-1.26405	
2076	-1.25858	
2077	-1.26172	
2078	-1.25894	
2079	-1.25706	
2080	-1.25514	
2081	-1.25197	
2082	-1.25454	
2083	-1.25573	
2084	-1.25559	
2085	-1.25299	
2086	-1.25203	
2087	-1.25311	
2088	-1.25369	
2089	-1.25339	
2090	-1.25475	
2091	-1.2529	
2092	-1.25635	
2093	-1.25736	
2094	-1.25826	
2095	-1.26096	
2096	-1.26257	
2097	-1.26647	
2098	-1.27154	
2099	-1.27337	
2100	-1.27596	
2101	-1.27832	
2102	-1.2855	
2103	-1.28867	
2104	-1.29481	
2105	-1.29758	
2106	-1.30137	
2107	-1.30676	
2108	-1.31201	
2109	-1.31532	
2110	-1.31901	
2111	-1.32364	
2112	-1.33026	
2113	-1.33774	
2114	-1.33841	
2115	-1.34373	
2116	-1.34905	
2117	-1.35552	
2118	-1.36029	
2119	-1.35937	
2120	-1.36167	
2121	-1.36456	
2122	-1.36896	
2123	-1.3702	
2124	-1.36986	
2125	-1.37063	
2126	-1.37066	
2127	-1.37332	
2128	-1.37143	
2129	-1.3671	
2130	-1.36372	
2131	-1.36517	
2132	-1.36452	
2133	-1.36267	
2134	-1.3584	
2135	-1.35529	
2136	-1.35257	
2137	-1.35374	
2138	-1.35399	
2139	-1.34849	
2140	-1.34444	
2141	-1.34593	
2142	-1.34207	
2143	-1.34146	
2144	-1.34026	
2145	-1.33982	
2146	-1.33382	
2147	-1.33367	
2148	-1.33288	
2149	-1.3353	
2150	-1.33548	
2151	-1.33025	
2152	-1.33	
2153	-1.33268	
2154	-1.33231	
2155	-1.33414	
2156	-1.32987	
2157	-1.32573	
2158	-1.32872	
2159	-1.32777	
2160	-1.32666	
2161	-1.32695	
2162	-1.32871	
2163	-1.32409	
2164	-1.32488	
2165	-1.32524	
2166	-1.3249	
2167	-1.32485	
2168	-1.32658	
2169	-1.32425	
2170	-1.32673	
2171	-1.32534	
2172	-1.3236	
2173	-1.32047	
2174	-1.31997	
2175	-1.32467	
2176	-1.32679	
2177	-1.32487	
2178	-1.31881	
2179	-1.32392	
2180	-1.32073	
2181	-1.31787	
2182	-1.31897	
2183	-1.3183	
2184	-1.31798	
2185	-1.3167	
2186	-1.31505	
2187	-1.31539	
2188	-1.31693	
2189	-1.31274	
2190	-1.31132	
2191	-1.31063	
2192	-1.30941	
2193	-1.30746	
2194	-1.30617	
2195	-1.30219	
2196	-1.3053	
2197	-1.30312	
2198	-1.30134	
2199	-1.29914	
2200	-1.2952	
2201	-1.29999	
2202	-1.29761	
2203	-1.29603	
2204	-1.29339	
2205	-1.29187	
2206	-1.29311	
2207	-1.29137	
2208	-1.29129	
2209	-1.28883	
2210	-1.28907	
2211	-1.2897	
2212	-1.28943	
2213	-1.28898	
2214	-1.28847	
2215	-1.28768	
2216	-1.28161	
2217	-1.2822	
2218	-1.28019	
2219	-1.27807	
2220	-1.27363	
2221	-1.27568	
2222	-1.27401	
2223	-1.27411	
2224	-1.27073	
2225	-1.26923	
2226	-1.26664	
2227	-1.26551	
2228	-1.26525	
2229	-1.25962	
2230	-1.25845	
2231	-1.25873	
2232	-1.25684	
2233	-1.25661	
2234	-1.25846	
2235	-1.25437	
2236	-1.2534	
2237	-1.25233	
2238	-1.25163	
2239	-1.24996	
2240	-1.24983	
2241	-1.24854	
2242	-1.24624	
2243	-1.24542	
2244	-1.24652	
2245	-1.24474	
2246	-1.24483	
2247	-1.24309	
2248	-1.24266	
2249	-1.24201	
2250	-1.24109	
2251	-1.24063	
2252	-1.23941	
2253	-1.2378	
2254	-1.23947	
2255	-1.2365	
2256	-1.23732	
2257	-1.23521	
2258	-1.2338	
2259	-1.23445	
2260	-1.23361	
2261	-1.23502	
2262	-1.23256	
2263	-1.23183	
2264	-1.23169	
2265	-1.23041	
2266	-1.22992	
2267	-1.22713	
2268	-1.2267	
2269	-1.22678	
2270	-1.22456	
2271	-1.22444	
2272	-1.22401	
2273	-1.22137	
2274	-1.22138	
2275	-1.22115	
2276	-1.22248	
2277	-1.21944	
2278	-1.21794	
2279	-1.21755	
2280	-1.21567	
2281	-1.21813	
2282	-1.21526	
2283	-1.21106	
2284	-1.21212	
2285	-1.21396	
2286	-1.21552	
2287	-1.21097	
2288	-1.20647	
2289	-1.2064	
2290	-1.20814	
2291	-1.20872	
2292	-1.20431	
2293	-1.20004	
2294	-1.19924	
2295	-1.20137	
2296	-1.20152	
2297	-1.19919	
2298	-1.19327	
2299	-1.1929	
2300	-1.19337	
2301	-1.19226	
2302	-1.19192	
2303	-1.18808	
2304	-1.18412	
2305	-1.18764	
2306	-1.18454	
2307	-1.18256	
2308	-1.17874	
2309	-1.17548	
2310	-1.17762	
2311	-1.17542	
2312	-1.17461	
2313	-1.17049	
2314	-1.16536	
2315	-1.16734	
2316	-1.16559	
2317	-1.16509	
2318	-1.1628	
2319	-1.15951	
2320	-1.15964	
2321	-1.1584	
2322	-1.16077	
2323	-1.15558	
2324	-1.15205	
2325	-1.15337	
2326	-1.15433	
2327	-1.15556	
2328	-1.15304	
2329	-1.15437	
2330	-1.15604	
2331	-1.15447	
2332	-1.15365	
2333	-1.15877	
2334	-1.16169	
2335	-1.15725	
2336	-1.15777	
2337	-1.15767	
2338	-1.16008	
2339	-1.16037	
2340	-1.15929	
2341	-1.16121	
2342	-1.16453	
2343	-1.16416	
2344	-1.16631	
2345	-1.16575	
2346	-1.16491	
2347	-1.167	
2348	-1.165	
2349	-1.1654	
2350	-1.16908	
2351	-1.17085	
2352	-1.17222	
2353	-1.17261	
2354	-1.17339	
2355	-1.17392	
2356	-1.17578	
2357	-1.17303	
2358	-1.1752	
2359	-1.17647	
2360	-1.175	
2361	-1.17576	
2362	-1.17977	
2363	-1.17841	
2364	-1.1795	
2365	-1.17923	
2366	-1.18029	
2367	-1.17988	
2368	-1.17919	
2369	-1.17735	
2370	-1.17508	
2371	-1.1755	
2372	-1.17633	
2373	-1.1738	
2374	-1.17322	
2375	-1.17255	
2376	-1.17299	
2377	-1.17039	
2378	-1.16906	
2379	-1.16843	
2380	-1.16508	
2381	-1.1672	
2382	-1.16374	
2383	-1.16257	
2384	-1.16126	
2385	-1.15988	
2386	-1.16096	
2387	-1.1575	
2388	-1.15547	
2389	-1.15624	
2390	-1.15339	
2391	-1.15566	
2392	-1.15125	
2393	-1.14848	
2394	-1.15048	
2395	-1.1511	
2396	-1.14854	
2397	-1.14481	
2398	-1.14779	
2399	-1.14283	
2400	-1.14941	
2401	-1.1496	
2402	-1.14794	
2403	-1.14806	
2404	-1.14899	
2405	-1.15124	
2406	-1.15329	
2407	-1.15129	
2408	-1.15417	
2409	-1.15505	
2410	-1.15909	
2411	-1.16224	
2412	-1.16125	
2413	-1.16529	
2414	-1.16776	
2415	-1.16988	
2416	-1.17219	
2417	-1.17401	
2418	-1.17791	
2419	-1.17849	
2420	-1.18353	
2421	-1.18473	
2422	-1.18743	
2423	-1.18838	
2424	-1.19189	
2425	-1.19645	
2426	-1.19713	
2427	-1.20312	
2428	-1.20214	
2429	-1.20652	
2430	-1.21134	
2431	-1.21498	
2432	-1.2185	
2433	-1.22003	
2434	-1.22278	
2435	-1.22768	
2436	-1.22993	
2437	-1.23334	
2438	-1.23689	
2439	-1.23571	
2440	-1.24082	
2441	-1.24159	
2442	-1.24641	
2443	-1.2466	
2444	-1.24507	
2445	-1.2458	
2446	-1.24913	
2447	-1.25062	
2448	-1.25004	
2449	-1.25	
2450	-1.24727	
2451	-1.24964	
2452	-1.25038	
2453	-1.25041	
2454	-1.248	
2455	-1.24562	
2456	-1.24965	
2457	-1.24999	
2458	-1.24671	
2459	-1.24313	
2460	-1.24011	
2461	-1.24378	
2462	-1.24366	
2463	-1.23999	
2464	-1.23559	
2465	-1.23447	
2466	-1.23501	
2467	-1.23467	
2468	-1.23226	
2469	-1.22972	
2470	-1.22938	
2471	-1.23048	
2472	-1.23052	
2473	-1.2295	
2474	-1.22418	
2475	-1.22556	
2476	-1.227	
2477	-1.22677	
2478	-1.2273	
2479	-1.22377	
2480	-1.22511	
2481	-1.22667	
2482	-1.22861	
2483	-1.22749	
2484	-1.22583	
2485	-1.22677	
2486	-1.22976	
2487	-1.23213	
2488	-1.2332	
2489	-1.23235	
2490	-1.23643	
2491	-1.23815	
2492	-1.23734	
2493	-1.23623	
2494	-1.23842	
2495	-1.23847	
2496	-1.23734	
2497	-1.24298	
2498	-1.23955	
2499	-1.23772	
2500	-1.24101	
2501	-1.24169	
2502	-1.24453	
2503	-1.24851	
2504	-1.24724	
2505	-1.24616	
2506	-1.24206	
2507	-1.24181	
2508	-1.24451	
2509	-1.23929	
2510	-1.2437	
2511	-1.24332	
2512	-1.24162	
2513	-1.24356	
2514	-1.24138	
2515	-1.23824	
2516	-1.23737	
2517	-1.23372	
2518	-1.23476	
2519	-1.23056	
2520	-1.22899	
2521	-1.22825	
2522	-1.22661	
2523	-1.22721	
2524	-1.22397	
2525	-1.22095	
2526	-1.21642	
2527	-1.22013	
2528	-1.21636	
2529	-1.21668	
2530	-1.2111	
2531	-1.20862	
2532	-1.2084	
2533	-1.20534	
2534	-1.20607	
2535	-1.20259	
2536	-1.20194	
2537	-1.19817	
2538	-1.19503	
2539	-1.19408	
2540	-1.19166	
2541	-1.18956	
2542	-1.18639	
2543	-1.1831	
2544	-1.18178	
2545	-1.1796	
2546	-1.17933	
2547	-1.17608	
2548	-1.17408	
2549	-1.17377	
2550	-1.17124	
2551	-1.17029	
2552	-1.16996	
2553	-1.16779	
2554	-1.16711	
2555	-1.16795	
2556	-1.16754	
2557	-1.16774	
2558	-1.16585	
2559	-1.16482	
2560	-1.16523	
2561	-1.16491	
2562	-1.16497	
2563	-1.16378	
2564	-1.16603	
2565	-1.16468	
2566	-1.16549	
2567	-1.16695	
2568	-1.166	
2569	-1.17023	
2570	-1.16777	
2571	-1.16764	
2572	-1.16973	
2573	-1.17113	
2574	-1.17264	
2575	-1.17224	
2576	-1.17322	
2577	-1.17402	
2578	-1.17638	
2579	-1.17789	
2580	-1.17756	
2581	-1.1766	
2582	-1.17985	
2583	-1.17935	
2584	-1.18122	
2585	-1.18113	
2586	-1.17947	
2587	-1.18009	
2588	-1.1804	
2589	-1.18258	
2590	-1.18079	
2591	-1.1788	
2592	-1.18036	
2593	-1.18046	
2594	-1.18093	
2595	-1.17945	
2596	-1.1755	
2597	-1.17701	
2598	-1.17558	
2599	-1.17545	
2600	-1.17341	
2601	-1.17071	
2602	-1.1714	
2603	-1.17064	
2604	-1.17071	
2605	-1.1663	
2606	-1.16224	
2607	-1.16109	
2608	-1.15911	
2609	-1.16015	
2610	-1.15672	
2611	-1.15047	
2612	-1.14806	
2613	-1.14564	
2614	-1.14726	
2615	-1.14464	
2616	-1.13918	
2617	-1.13647	
2618	-1.13283	
2619	-1.13293	
2620	-1.13113	
2621	-1.12586	
2622	-1.12385	
2623	-1.12057	
2624	-1.11846	
2625	-1.11673	
2626	-1.1146	
2627	-1.1122	
2628	-1.10909	
2629	-1.1075	
2630	-1.10455	
2631	-1.10406	
2632	-1.10238	
2633	-1.09752	
2634	-1.09878	
2635	-1.09518	
2636	-1.09561	
2637	-1.09228	
2638	-1.09095	
2639	-1.09033	
2640	-1.08932	
2641	-1.08719	
2642	-1.08404	
2643	-1.08093	
2644	-1.08367	
2645	-1.08271	
2646	-1.08289	
2647	-1.08014	
2648	-1.0774	
2649	-1.07513	
2650	-1.08054	
2651	-1.0775	
2652	-1.07203	
2653	-1.07065	
2654	-1.06688	
2655	-1.06634	
2656	-1.06828	
2657	-1.07025	
2658	-1.06415	
2659	-1.0674	
2660	-1.07067	
2661	-1.07227	
2662	-1.07086	
2663	-1.07227	
2664	-1.07045	
2665	-1.06818	
2666	-1.06552	
2667	-1.07008	
2668	-1.07054	
2669	-1.07491	
2670	-1.07572	
2671	-1.07751	
2672	-1.07367	
2673	-1.07698	
2674	-1.08188	
2675	-1.08452	
2676	-1.09297	
2677	-1.0889	
2678	-1.09158	
2679	-1.0932	
2680	-1.09642	
2681	-1.09636	
2682	-1.10312	
2683	-1.10154	
2684	-1.1058	
2685	-1.11047	
2686	-1.11065	
2687	-1.11447	
2688	-1.11641	
2689	-1.11788	
2690	-1.12258	
2691	-1.12303	
2692	-1.12896	
2693	-1.13091	
2694	-1.1374	
2695	-1.1398	
2696	-1.14328	
2697	-1.15067	
2698	-1.15246	
2699	-1.15343	
2700	-1.16059	
2701	-1.16129	
2702	-1.16688	
2703	-1.16796	
2704	-1.17042	
2705	-1.1756	
2706	-1.17758	
2707	-1.17886	
2708	-1.18124	
2709	-1.18405	
2710	-1.1875	
2711	-1.18675	
2712	-1.18899	
2713	-1.1921	
2714	-1.19358	
2715	-1.1956	
2716	-1.19737	
2717	-1.20107	
2718	-1.20274	
2719	-1.2047	
2720	-1.20634	
2721	-1.20798	
2722	-1.20533	
2723	-1.20253	
2724	-1.20461	
2725	-1.20685	
2726	-1.20683	
2727	-1.20193	
2728	-1.20352	
2729	-1.21013	
2730	-1.20587	
2731	-1.20453	
2732	-1.20199	
2733	-1.20585	
2734	-1.21214	
2735	-1.20788	
2736	-1.20609	
2737	-1.2065	
2738	-1.20734	
2739	-1.21287	
2740	-1.20973	
2741	-1.20959	
2742	-1.21038	
2743	-1.21305	
2744	-1.21818	
2745	-1.21615	
2746	-1.2174	
2747	-1.21913	
2748	-1.21954	
2749	-1.22723	
2750	-1.22557	
2751	-1.23093	
2752	-1.2298	
2753	-1.23098	
2754	-1.23668	
2755	-1.23675	
2756	-1.24151	
2757	-1.24549	
2758	-1.24297	
2759	-1.2497	
2760	-1.2483	
2761	-1.25524	
2762	-1.2567	
2763	-1.25863	
2764	-1.26004	
2765	-1.26344	
2766	-1.2708	
2767	-1.27091	
2768	-1.27515	
2769	-1.27993	
2770	-1.2811	
2771	-1.28539	
2772	-1.28887	
2773	-1.29109	
2774	-1.29692	
2775	-1.29556	
2776	-1.29897	
2777	-1.3007	
2778	-1.30742	
2779	-1.30889	
2780	-1.31086	
2781	-1.31013	
2782	-1.31461	
2783	-1.31638	
2784	-1.32175	
2785	-1.32152	
2786	-1.32013	
2787	-1.32657	
2788	-1.33093	
2789	-1.32848	
2790	-1.33176	
2791	-1.32894	
2792	-1.33504	
2793	-1.3365	
2794	-1.3375	
2795	-1.33632	
2796	-1.33432	
2797	-1.33752	
2798	-1.34142	
2799	-1.33981	
2800	-1.33699	
2801	-1.33477	
2802	-1.33651	
2803	-1.338	
2804	-1.33687	
2805	-1.33186	
2806	-1.32793	
2807	-1.3327	
2808	-1.33169	
2809	-1.33096	
2810	-1.32626	
2811	-1.32246	
2812	-1.32733	
2813	-1.32722	
2814	-1.3256	
2815	-1.31814	
2816	-1.31611	
2817	-1.32125	
2818	-1.3219	
2819	-1.3204	
2820	-1.31448	
2821	-1.31016	
2822	-1.31394	
2823	-1.31555	
2824	-1.31604	
2825	-1.3106	
2826	-1.30708	
2827	-1.31161	
2828	-1.31333	
2829	-1.31431	
2830	-1.30777	
2831	-1.30497	
2832	-1.3093	
2833	-1.31384	
2834	-1.31287	
2835	-1.30915	
2836	-1.30924	
2837	-1.31155	
2838	-1.31468	
2839	-1.31603	
2840	-1.31447	
2841	-1.31174	
2842	-1.31938	
2843	-1.32216	
2844	-1.32768	
2845	-1.32615	
2846	-1.32378	
2847	-1.33011	
2848	-1.33216	
2849	-1.33909	
2850	-1.33943	
2851	-1.34035	
2852	-1.34535	
2853	-1.34649	
2854	-1.35026	
2855	-1.35167	
2856	-1.35094	
2857	-1.35968	
2858	-1.35954	
2859	-1.3599	
2860	-1.36058	
2861	-1.36553	
2862	-1.36589	
2863	-1.37057	
2864	-1.36625	
2865	-1.37169	
2866	-1.37313	
2867	-1.37246	
2868	-1.37409	
2869	-1.37324	
2870	-1.37751	
2871	-1.38013	
2872	-1.37866	
2873	-1.37905	
2874	-1.37687	
2875	-1.38178	
2876	-1.3825	
2877	-1.38139	
2878	-1.38037	
2879	-1.37784	
2880	-1.38468	
2881	-1.38503	
2882	-1.38507	
2883	-1.38135	
2884	-1.37948	
2885	-1.38306	
2886	-1.38262	
2887	-1.38134	
2888	-1.37648	
2889	-1.37389	
2890	-1.37382	
2891	-1.37081	
2892	-1.37191	
2893	-1.36728	
2894	-1.35963	
2895	-1.36079	
2896	-1.35938	
2897	-1.35973	
2898	-1.35529	
2899	-1.34898	
2900	-1.34869	
2901	-1.34674	
2902	-1.34506	
2903	-1.3423	
2904	-1.33726	
2905	-1.33624	
2906	-1.33406	
2907	-1.33541	
2908	-1.33043	
2909	-1.32943	
2910	-1.32309	
2911	-1.32276	
2912	-1.32534	
2913	-1.3236	
2914	-1.324	
2915	-1.31839	
2916	-1.31964	
2917	-1.3201	
2918	-1.32092	
2919	-1.3225	
2920	-1.3163	
2921	-1.32008	
2922	-1.32234	
2923	-1.32167	
2924	-1.32214	
2925	-1.32063	
2926	-1.32036	
2927	-1.32238	
2928	-1.32365	
2929	-1.32383	
2930	-1.32193	
2931	-1.32299	
2932	-1.32547	
2933	-1.32856	
2934	-1.32905	
2935	-1.32853	
2936	-1.33007	
2937	-1.33229	
2938	-1.33434	
2939	-1.33851	
2940	-1.33497	
2941	-1.33621	
2942	-1.32928	
2943	-1.32814	
2944	-1.33328	
2945	-1.33659	
2946	-1.32953	
2947	-1.32896	
2948	-1.33103	
2949	-1.3289	
2950	-1.3277	
2951	-1.32622	
2952	-1.32375	
2953	-1.32369	
2954	-1.32052	
2955	-1.3195	
2956	-1.31815	
2957	-1.32129	
2958	-1.31765	
2959	-1.31355	
2960	-1.30818	
2961	-1.31038	
2962	-1.30941	
2963	-1.30418	
2964	-1.30133	
2965	-1.29699	
2966	-1.2984	
2967	-1.29486	
2968	-1.29286	
2969	-1.28595	
2970	-1.2837	
2971	-1.28352	
2972	-1.28233	
2973	-1.28021	
2974	-1.27326	
2975	-1.26954	
2976	-1.2705	
2977	-1.26974	
2978	-1.26772	
2979	-1.26093	
2980	-1.25815	
2981	-1.25944	
2982	-1.25507	
2983	-1.25251	
2984	-1.24858	
2985	-1.24615	
2986	-1.2446	
2987	-1.24186	
2988	-1.24045	
2989	-1.23541	
2990	-1.23353	
2991	-1.2318	
2992	-1.23184	
2993	-1.22745	
2994	-1.22538	
2995	-1.2229	
2996	-1.22252	
2997	-1.22205	
2998	-1.22237	
2999	-1.2183	
3000	-1.21864	
3001	-1.21876	
3002	-1.21839	
3003	-1.21858	
3004	-1.21727	
3005	-1.21708	
3006	-1.21749	
3007	-1.21807	
3008	-1.21869	
3009	-1.21745	
3010	-1.22193	
3011	-1.22347	
3012	-1.2221	
3013	-1.22616	
3014	-1.226	
3015	-1.22799	
3016	-1.23202	
3017	-1.23249	
3018	-1.2364	
3019	-1.23738	
3020	-1.24268	
3021	-1.24382	
3022	-1.24433	
3023	-1.25017	
3024	-1.25149	
3025	-1.25385	
3026	-1.25662	
3027	-1.26184	
3028	-1.26546	
3029	-1.26851	
3030	-1.26572	
3031	-1.2727	
3032	-1.27705	
3033	-1.28157	
3034	-1.28194	
3035	-1.28243	
3036	-1.28677	
3037	-1.28929	
3038	-1.29243	
3039	-1.29203	
3040	-1.29244	
3041	-1.29721	
3042	-1.29984	
3043	-1.29914	
3044	-1.29995	
3045	-1.30026	
3046	-1.30255	
3047	-1.30058	
3048	-1.29856	
3049	-1.29725	
3050	-1.29533	
3051	-1.2927	
3052	-1.29028	
3053	-1.29495	
3054	-1.29362	
3055	-1.28648	
3056	-1.28248	
3057	-1.28079	
3058	-1.27634	
3059	-1.27412	
3060	-1.27306	
3061	-1.26684	
3062	-1.26505	
3063	-1.25915	
3064	-1.25401	
3065	-1.2441	
3066	-1.23932	
3067	-1.23967	
3068	-1.23601	
3069	-1.23814	
3070	-1.23341	
3071	-1.23088	
3072	-1.22836	
3073	-1.22423	
3074	-1.22002	
3075	-1.21836	
3076	-1.21404	
3077	-1.214	
3078	-1.20936	
3079	-1.20846	
3080	-1.20653	
3081	-1.20023	
3082	-1.20067	
3083	-1.1982	
3084	-1.19597	
3085	-1.19792	
3086	-1.19536	
3087	-1.19278	
3088	-1.19386	
3089	-1.19242	
3090	-1.19905	
3091	-1.19616	
3092	-1.1927	
3093	-1.19249	
3094	-1.1916	
3095	-1.1937	
3096	-1.194	
3097	-1.19329	
3098	-1.19469	
3099	-1.19357	
3100	-1.19542	
3101	-1.19395	
3102	-1.19399	
3103	-1.19187	
3104	-1.19579	
3105	-1.19777	
3106	-1.1971	
3107	-1.19397	
3108	-1.19416	
3109	-1.19725	
3110	-1.19652	
3111	-1.19705	
3112	-1.1952	
3113	-1.19599	
3114	-1.20003	
3115	-1.19783	
3116	-1.20046	
3117	-1.19767	
3118	-1.19844	
3119	-1.20072	
3120	-1.20197	
3121	-1.20138	
3122	-1.20018	
3123	-1.19943	
3124	-1.20552	
3125	-1.20333	
3126	-1.20941	
3127	-1.20788	
3128	-1.20996	
3129	-1.21392	
3130	-1.21257	
3131	-1.21518	
3132	-1.21684	
3133	-1.21904	
3134	-1.22277	
3135	-1.22134	
3136	-1.22646	
3137	-1.22877	
3138	-1.2343	
3139	-1.23556	
3140	-1.23551	
3141	-1.23919	
3142	-1.24321	
3143	-1.2492	
3144	-1.24926	
3145	-1.24999	
3146	-1.25697	
3147	-1.26178	
3148	-1.26519	
3149	-1.26588	
3150	-1.26416	
3151	-1.26763	
3152	-1.27098	
3153	-1.27439	
3154	-1.27267	
3155	-1.27208	
3156	-1.27527	
3157	-1.27804	
3158	-1.2781	
3159	-1.27566	
3160	-1.27568	
3161	-1.27628	
3162	-1.27878	
3163	-1.2785	
3164	-1.27674	
3165	-1.27269	
3166	-1.27509	
3167	-1.27412	
3168	-1.27336	
3169	-1.27296	
3170	-1.26729	
3171	-1.26707	
3172	-1.26705	
3173	-1.26323	
3174	-1.26147	
3175	-1.25938	
3176	-1.258	
3177	-1.25552	
3178	-1.25412	
3179	-1.25092	
3180	-1.24818	
3181	-1.24604	
3182	-1.24482	
3183	-1.24159	
3184	-1.24005	
3185	-1.23922	
3186	-1.23738	
3187	-1.2372	
3188	-1.23347	
3189	-1.232	
3190	-1.23199	
3191	-1.22904	
3192	-1.22941	
3193	-1.22582	
3194	-1.22608	
3195	-1.22536	
3196	-1.2247	
3197	-1.22445	
3198	-1.22077	
3199	-1.22143	
3200	-1.22101	
3201	-1.21989	
3202	-1.21954	
3203	-1.22264	
3204	-1.22161	
3205	-1.21768	
3206	-1.21871	
3207	-1.2189	
3208	-1.22185	
3209	-1.2237	
3210	-1.21954	
3211	-1.21934	
3212	-1.21634	
3213	-1.21814	
3214	-1.21927	
3215	-1.21769	
3216	-1.21788	
3217	-1.21766	
3218	-1.22125	
3219	-1.22139	
3220	-1.22026	
3221	-1.22174	
3222	-1.22322	
3223	-1.22773	
3224	-1.23103	
3225	-1.23075	
3226	-1.23243	
3227	-1.23383	
3228	-1.23949	
3229	-1.23915	
3230	-1.24112	
3231	-1.24213	
3232	-1.24456	
3233	-1.25019	
3234	-1.24901	
3235	-1.25128	
3236	-1.25235	
3237	-1.25407	
3238	-1.25727	
3239	-1.25764	
3240	-1.2562	
3241	-1.26287	
3242	-1.26276	
3243	-1.26326	
3244	-1.26482	
3245	-1.26432	
3246	-1.26999	
3247	-1.27032	
3248	-1.27162	
3249	-1.2705	
3250	-1.27108	
3251	-1.27306	
3252	-1.2746	
3253	-1.27522	
3254	-1.27043	
3255	-1.27219	
3256	-1.27491	
3257	-1.27648	
3258	-1.2772	
3259	-1.27291	
3260	-1.27058	
3261	-1.27541	
3262	-1.27526	
3263	-1.2763	
3264	-1.27199	
3265	-1.27023	
3266	-1.27432	
3267	-1.27265	
3268	-1.27616	
3269	-1.27289	
3270	-1.2694	
3271	-1.27361	
3272	-1.27426	
3273	-1.27558	
3274	-1.27437	
3275	-1.27105	
3276	-1.27314	
3277	-1.275	
3278	-1.27518	
3279	-1.27412	
3280	-1.27042	
3281	-1.27016	
3282	-1.27284	
3283	-1.2736	
3284	-1.27339	
3285	-1.26813	
3286	-1.26846	
3287	-1.27123	
3288	-1.27164	
3289	-1.26816	
3290	-1.26638	
3291	-1.2644	
3292	-1.26335	
3293	-1.26638	
3294	-1.26386	
3295	-1.26246	
3296	-1.2614	
3297	-1.25872	
3298	-1.26328	
3299	-1.26124	
3300	-1.25696	
3301	-1.2562	
3302	-1.255	
3303	-1.2583	
3304	-1.25687	
3305	-1.25399	
3306	-1.25434	
3307	-1.25508	
3308	-1.25916	
3309	-1.25948	
3310	-1.25579	
3311	-1.25646	
3312	-1.25966	
3313	-1.26381	
3314	-1.26527	
3315	-1.26435	
3316	-1.26677	
3317	-1.27276	
3318	-1.276	
3319	-1.27719	
3320	-1.27745	
3321	-1.28027	
3322	-1.28692	
3323	-1.28532	
3324	-1.29074	
3325	-1.29124	
3326	-1.29437	
3327	-1.30174	
3328	-1.29909	
3329	-1.30156	
3330	-1.30267	
3331	-1.3083	
3332	-1.3124	
3333	-1.31119	
3334	-1.31218	
3335	-1.31191	
3336	-1.31793	
3337	-1.32059	
3338	-1.32043	
3339	-1.32055	
3340	-1.32044	
3341	-1.32116	
3342	-1.32513	
3343	-1.32671	
3344	-1.32387	
3345	-1.32064	
3346	-1.32864	
3347	-1.3269	
3348	-1.32769	
3349	-1.32562	
3350	-1.32635	
3351	-1.32934	
3352	-1.32998	
3353	-1.33094	
3354	-1.3276	
3355	-1.33059	
3356	-1.33311	
3357	-1.33347	
3358	-1.33403	
3359	-1.33353	
3360	-1.33305	
3361	-1.33216	
3362	-1.33639	
3363	-1.33772	
3364	-1.33665	
3365	-1.33731	
3366	-1.33726	
3367	-1.34018	
3368	-1.34012	
3369	-1.33987	
3370	-1.33863	
3371	-1.33845	
3372	-1.33962	
3373	-1.33841	
3374	-1.3372	
3375	-1.33796	
3376	-1.33593	
3377	-1.33409	
3378	-1.33525	
3379	-1.33403	
3380	-1.33175	
3381	-1.32986	
3382	-1.32806	
3383	-1.32736	
3384	-1.32606	
3385	-1.323	
3386	-1.32026	
3387	-1.3158	
3388	-1.31607	
3389	-1.31451	
3390	-1.31127	
3391	-1.30794	
3392	-1.30383	
3393	-1.30336	
3394	-1.30206	
3395	-1.29738	
3396	-1.29748	
3397	-1.29433	
3398	-1.29168	
3399	-1.29069	
3400	-1.28954	
3401	-1.28707	
3402	-1.2849	
3403	-1.28015	
3404	-1.2819	
3405	-1.28277	
3406	-1.28149	
3407	-1.27761	
3408	-1.27415	
3409	-1.27649	
3410	-1.27591	
3411	-1.27647	
3412	-1.27428	
3413	-1.27243	
3414	-1.2729	
3415	-1.27297	
3416	-1.27561	
3417	-1.27214	
3418	-1.27303	
3419	-1.27008	
3420	-1.26767	
3421	-1.26805	
3422	-1.26688	
3423	-1.26655	
3424	-1.26308	
3425	-1.26458	
3426	-1.26432	
3427	-1.26401	
3428	-1.25866	
3429	-1.25632	
3430	-1.25811	
3431	-1.25483	
3432	-1.25836	
3433	-1.25503	
3434	-1.25331	
3435	-1.24835	
3436	-1.24822	
3437	-1.25047	
3438	-1.24814	
3439	-1.24399	
3440	-1.24025	
3441	-1.23887	
3442	-1.23744	
3443	-1.23612	
3444	-1.23358	
3445	-1.22821	
3446	-1.22772	
3447	-1.22668	
3448	-1.22656	
3449	-1.2215	
3450	-1.22063	
3451	-1.21943	
3452	-1.21897	
3453	-1.22024	
3454	-1.21223	
3455	-1.21114	
3456	-1.21261	
3457	-1.21253	
3458	-1.21667	
3459	-1.2092	
3460	-1.20752	
3461	-1.20894	
3462	-1.20974	
3463	-1.2162	
3464	-1.21071	
3465	-1.20977	
3466	-1.20957	
3467	-1.21391	
3468	-1.21954	
3469	-1.2174	
3470	-1.2169	
3471	-1.22103	
3472	-1.22655	
3473	-1.22896	
3474	-1.23169	
3475	-1.23187	
3476	-1.23438	
3477	-1.24224	
3478	-1.24492	
3479	-1.24733	
3480	-1.24694	
3481	-1.25193	
3482	-1.25794	
3483	-1.26191	
3484	-1.26508	
3485	-1.26728	
3486	-1.26926	
3487	-1.27569	
3488	-1.28083	
3489	-1.2836	
3490	-1.28309	
3491	-1.28405	
3492	-1.2915	
3493	-1.29777	
3494	-1.29657	
3495	-1.29969	
3496	-1.30815	
3497	-1.31018	
3498	-1.31171	
3499	-1.3105	
3500	-1.3131	
3501	-1.3234	
3502	-1.32691	
3503	-1.3299	
3504	-1.33123	
3505	-1.32848	
3506	-1.33153	
3507	-1.33708	
3508	-1.33746	
3509	-1.33708	
3510	-1.33836	
3511	-1.33873	
3512	-1.3413	
3513	-1.34306	
3514	-1.34432	
3515	-1.34974	
3516	-1.34825	
3517	-1.35154	
3518	-1.35074	
3519	-1.35378	
3520	-1.35343	
3521	-1.35471	
3522	-1.35741	
3523	-1.35692	
3524	-1.3575	
3525	-1.35858	
3526	-1.35941	
3527	-1.35899	
3528	-1.35836	
3529	-1.35758	
3530	-1.35918	
3531	-1.35718	
3532	-1.35851	
3533	-1.35691	
3534	-1.3617	
3535	-1.35788	
3536	-1.3583	
3537	-1.3579	
3538	-1.35453	
3539	-1.35602	
3540	-1.35192	
3541	-1.35149	
3542	-1.35199	
3543	-1.35139	
3544	-1.34881	
3545	-1.34654	
3546	-1.34764	
3547	-1.34767	
3548	-1.34537	
3549	-1.34471	
3550	-1.34186	
3551	-1.3407	
3552	-1.34092	
3553	-1.33866	
3554	-1.33698	
3555	-1.33595	
3556	-1.33661	
3557	-1.33399	
3558	-1.3331	
3559	-1.33021	
3560	-1.33036	
3561	-1.32657	
3562	-1.32486	
3563	-1.32189	
3564	-1.31993	
3565	-1.31893	
3566	-1.31752	
3567	-1.31236	
3568	-1.3114	
3569	-1.30751	
3570	-1.30809	
3571	-1.30284	
3572	-1.29801	
3573	-1.29877	
3574	-1.29376	
3575	-1.29402	
3576	-1.28994	
3577	-1.28329	
3578	-1.27956	
3579	-1.27915	
3580	-1.27698	
3581	-1.27165	
3582	-1.271	
3583	-1.26548	
3584	-1.25864	
3585	-1.25632	
3586	-1.25268	
3587	-1.24489	
3588	-1.24131	
3589	-1.23719	
3590	-1.2322	
3591	-1.23126	
3592	-1.22053	
3593	-1.21875	
3594	-1.21548	
3595	-1.2077	
3596	-1.20556	
3597	-1.19879	
3598	-1.19442	
3599	-1.19126	
3600	-1.18399	
3601	-1.17841	
3602	-1.17381	
3603	-1.16994	
3604	-1.16429	
3605	-1.16015	
3606	-1.15739	
3607	-1.15203	
3608	-1.14549	
3609	-1.14243	
3610	-1.14322	
3611	-1.13946	
3612	-1.13551	
3613	-1.13114	
3614	-1.13077	
3615	-1.12925	
3616	-1.12813	
3617	-1.12457	
3618	-1.12085	
3619	-1.12214	
3620	-1.12333	
3621	-1.12697	
3622	-1.12541	
3623	-1.12356	
3624	-1.12299	
3625	-1.12643	
3626	-1.12777	
3627	-1.12775	
3628	-1.12805	
3629	-1.13134	
3630	-1.13247	
3631	-1.13477	
3632	-1.13525	
3633	-1.13569	
3634	-1.1404	
3635	-1.13826	
3636	-1.14102	
3637	-1.14356	
3638	-1.14386	
3639	-1.14777	
3640	-1.148	
3641	-1.14717	
3642	-1.14922	
3643	-1.15027	
3644	-1.15511	
3645	-1.15349	
3646	-1.1521	
3647	-1.15368	
3648	-1.15643	
3649	-1.16063	
3650	-1.15916	
3651	-1.15877	
3652	-1.16092	
3653	-1.16338	
3654	-1.1651	
3655	-1.16634	
3656	-1.16548	
3657	-1.16715	
3658	-1.17012	
3659	-1.17166	
3660	-1.17247	
3661	-1.173	
3662	-1.1751	
3663	-1.17639	
3664	-1.17979	
3665	-1.18017	
3666	-1.18209	
3667	-1.18512	
3668	-1.1847	
3669	-1.18946	
3670	-1.19101	
3671	-1.19325	
3672	-1.19595	
3673	-1.19644	
3674	-1.20012	
3675	-1.20262	
3676	-1.20491	
3677	-1.20805	
3678	-1.20819	
3679	-1.21261	
3680	-1.21375	
3681	-1.21561	
3682	-1.21814	
3683	-1.21949	
3684	-1.22387	
3685	-1.22456	
3686	-1.22529	
3687	-1.22669	
3688	-1.22524	
3689	-1.22938	
3690	-1.22826	
3691	-1.22744	
3692	-1.22834	
3693	-1.22678	
3694	-1.22785	
3695	-1.22985	
3696	-1.22502	
3697	-1.22516	
3698	-1.22462	
3699	-1.22472	
3700	-1.22378	
3701	-1.21996	
3702	-1.22137	
3703	-1.22051	
3704	-1.21819	
3705	-1.21581	
3706	-1.21507	
3707	-1.21403	
3708	-1.21364	
3709	-1.21101	
3710	-1.20882	
3711	-1.20878	
3712	-1.20826	
3713	-1.20941	
3714	-1.20543	
3715	-1.20169	
3716	-1.20059	
3717	-1.2033	
3718	-1.20182	
3719	-1.20014	
3720	-1.19968	
3721	-1.1975	
3722	-1.19757	
3723	-1.19714	
3724	-1.19478	
3725	-1.19415	
3726	-1.19226	
3727	-1.19206	
3728	-1.19333	
3729	-1.19245	
3730	-1.19373	
3731	-1.19209	
3732	-1.19114	
3733	-1.1955	
3734	-1.19413	
3735	-1.19626	
3736	-1.19626	
3737	-1.19893	
3738	-1.20134	
3739	-1.20164	
3740	-1.20423	
3741	-1.20402	
3742	-1.20822	
3743	-1.20882	
3744	-1.20938	
3745	-1.21189	
3746	-1.21268	
3747	-1.21826	
3748	-1.21959	
3749	-1.21907	
3750	-1.22502	
3751	-1.22551	
3752	-1.22939	
3753	-1.2298	
3754	-1.23226	
3755	-1.23255	
3756	-1.23701	
3757	-1.23926	
3758	-1.24264	
3759	-1.24399	
3760	-1.24364	
3761	-1.24774	
3762	-1.25	
3763	-1.25223	
3764	-1.25323	
3765	-1.25479	
3766	-1.25704	
3767	-1.25752	
3768	-1.2587	
3769	-1.26398	
3770	-1.2663	
3771	-1.26702	
3772	-1.26932	
3773	-1.27083	
3774	-1.27383	
3775	-1.27761	
3776	-1.27702	
3777	-1.28391	
3778	-1.2831	
3779	-1.28537	
3780	-1.28957	
3781	-1.29227	
3782	-1.29747	
3783	-1.30312	
3784	-1.30159	
3785	-1.30298	
3786	-1.30055	
3787	-1.30274	
3788	-1.3053	
3789	-1.30931	
3790	-1.30639	
3791	-1.30645	
3792	-1.30796	
3793	-1.30961	
3794	-1.3083	
3795	-1.3071	
3796	-1.30456	
3797	-1.30422	
3798	-1.3029	
3799	-1.30314	
3800	-1.30418	
3801	-1.29884	
3802	-1.2986	
3803	-1.29906	
3804	-1.29782	
3805	-1.29602	
3806	-1.29588	
3807	-1.29227	
3808	-1.29322	
3809	-1.29116	
3810	-1.28926	
3811	-1.29204	
3812	-1.28977	
3813	-1.28792	
3814	-1.28377	
3815	-1.28082	
3816	-1.28499	
3817	-1.28454	
3818	-1.27921	
3819	-1.27978	
3820	-1.27873	
3821	-1.27851	
3822	-1.28218	
3823	-1.27685	
3824	-1.27792	
3825	-1.27452	
3826	-1.27537	
3827	-1.27776	
3828	-1.27629	
3829	-1.27523	
3830	-1.272	
3831	-1.27555	
3832	-1.27835	
3833	-1.27791	
3834	-1.27751	
3835	-1.27475	
3836	-1.27685	
3837	-1.27921	
3838	-1.2772	
3839	-1.2785	
3840	-1.27717	
3841	-1.27805	
3842	-1.28059	
3843	-1.27889	
3844	-1.27888	
3845	-1.27758	
3846	-1.28058	
3847	-1.28328	
3848	-1.27803	
3849	-1.28038	
3850	-1.27851	
3851	-1.28007	
3852	-1.28603	
3853	-1.28032	
3854	-1.28016	
3855	-1.28032	
3856	-1.28422	
3857	-1.28633	
3858	-1.28295	
3859	-1.28123	
3860	-1.28245	
3861	-1.28657	
3862	-1.28958	
3863	-1.28811	
3864	-1.28499	
3865	-1.28744	
3866	-1.29259	
3867	-1.29478	
3868	-1.29503	
3869	-1.29439	
3870	-1.29882	
3871	-1.30124	
3872	-1.30519	
3873	-1.30436	
3874	-1.30695	
3875	-1.30698	
3876	-1.31127	
3877	-1.31136	
3878	-1.31424	
3879	-1.31633	
3880	-1.31565	
3881	-1.31903	
3882	-1.31778	
3883	-1.31828	
3884	-1.32164	
3885	-1.32187	
3886	-1.32073	
3887	-1.32065	
3888	-1.32152	
3889	-1.32091	
3890	-1.32231	
3891	-1.32152	
3892	-1.32082	
3893	-1.32169	
3894	-1.32078	
3895	-1.31832	
3896	-1.3192	
3897	-1.31743	
3898	-1.31569	
3899	-1.31151	
3900	-1.30964	
3901	-1.31031	
3902	-1.31038	
3903	-1.30365	
3904	-1.30072	
3905	-1.29778	
3906	-1.29377	
3907	-1.29481	
3908	-1.28671	
3909	-1.28917	
3910	-1.2831	
3911	-1.27635	
3912	-1.27672	
3913	-1.27348	
3914	-1.273	
3915	-1.26636	
3916	-1.25993	
3917	-1.261	
3918	-1.25672	
3919	-1.25423	
3920	-1.25161	
3921	-1.24692	
3922	-1.24653	
3923	-1.24553	
3924	-1.24286	
3925	-1.23964	
3926	-1.23733	
3927	-1.23785	
3928	-1.23905	
3929	-1.23237	
3930	-1.23241	
3931	-1.23274	
3932	-1.23136	
3933	-1.23124	
3934	-1.23078	
3935	-1.22643	
3936	-1.22896	
3937	-1.23343	
3938	-1.23426	
3939	-1.22998	
3940	-1.22988	
3941	-1.23099	
3942	-1.23225	
3943	-1.23345	
3944	-1.23589	
3945	-1.23613	
3946	-1.23536	
3947	-1.23886	
3948	-1.24137	
3949	-1.24055	
3950	-1.24037	
3951	-1.24572	
3952	-1.24742	
3953	-1.24773	
3954	-1.25014	
3955	-1.25059	
3956	-1.25293	
3957	-1.25326	
3958	-1.25426	
3959	-1.25816	
3960	-1.25914	
3961	-1.25899	
3962	-1.25821	
3963	-1.26042	
3964	-1.26431	
3965	-1.26265	
3966	-1.26014	
3967	-1.26049	
3968	-1.26398	
3969	-1.26309	
3970	-1.263	
3971	-1.26109	
3972	-1.25917	
3973	-1.26031	
3974	-1.26124	
3975	-1.25781	
3976	-1.25609	
3977	-1.25366	
3978	-1.25198	
3979	-1.25278	
3980	-1.24887	
3981	-1.24721	
3982	-1.24129	
3983	-1.24121	
3984	-1.2438	
3985	-1.23985	
3986	-1.2405	
3987	-1.2343	
3988	-1.23201	
3989	-1.2366	
3990	-1.23477	
3991	-1.23072	
3992	-1.23006	
3993	-1.22857	
3994	-1.23017	
3995	-1.22974	
3996	-1.22937	
3997	-1.22891	
3998	-1.22819	
3999	-1.22915	
4000	-1.23094	
4001	-1.23077	
4002	-1.22991	
4003	-1.23111	
4004	-1.23395	
4005	-1.23572	
4006	-1.23429	
4007	-1.23381	
4008	-1.23321	
4009	-1.23756	
4010	-1.23913	
4011	-1.24244	
4012	-1.23909	
4013	-1.23789	
4014	-1.24323	
4015	-1.24754	
4016	-1.25076	
4017	-1.24761	
4018	-1.24767	
4019	-1.24979	
4020	-1.25667	
4021	-1.25863	
4022	-1.2562	
4023	-1.25699	
4024	-1.25679	
4025	-1.25984	
4026	-1.26221	
4027	-1.26229	
4028	-1.26297	
4029	-1.26499	
4030	-1.26662	
4031	-1.26918	
4032	-1.27018	
4033	-1.2702	
4034	-1.27096	
4035	-1.27401	
4036	-1.27244	
4037	-1.27367	
4038	-1.27111	
4039	-1.27232	
4040	-1.27415	
4041	-1.27369	
4042	-1.27327	
4043	-1.27167	
4044	-1.27413	
4045	-1.2722	
4046	-1.27127	
4047	-1.27027	
4048	-1.26707	
4049	-1.26746	
4050	-1.26703	
4051	-1.26344	
4052	-1.26713	
4053	-1.26359	
4054	-1.26203	
4055	-1.26183	
4056	-1.25925	
4057	-1.25692	
4058	-1.25505	
4059	-1.25126	
4060	-1.24942	
4061	-1.2482	
4062	-1.24637	
4063	-1.24654	
4064	-1.24056	
4065	-1.23828	
4066	-1.23628	
4067	-1.23724	
4068	-1.23623	
4069	-1.23026	
4070	-1.22608	
4071	-1.22644	
4072	-1.2238	
4073	-1.22214	
4074	-1.21682	
4075	-1.21306	
4076	-1.21502	
4077	-1.21219	
4078	-1.20841	
4079	-1.20626	
4080	-1.20372	
4081	-1.20311	
4082	-1.20133	
4083	-1.19701	
4084	-1.19885	
4085	-1.19687	
4086	-1.19629	
4087	-1.19314	
4088	-1.19131	
4089	-1.19202	
4090	-1.19514	
4091	-1.19148	
4092	-1.19462	
4093	-1.19132	
4094	-1.1943	
4095	-1.19241	
4096	-1.19596	
4097	-1.19817	
4098	-1.1978	
4099	-1.19623	
4100	-1.19871	
4101	-1.19757	
4102	-1.19376	
4103	-1.19421	
4104	-1.19536	
4105	-1.19668	
4106	-1.1949	
4107	-1.19807	
4108	-1.20008	
4109	-1.20372	
4110	-1.19917	
4111	-1.20074	
4112	-1.20273	
4113	-1.20501	
4114	-1.20723	
4115	-1.20108	
4116	-1.20599	
4117	-1.20796	
4118	-1.20894	
4119	-1.20917	
4120	-1.20554	
4121	-1.20992	
4122	-1.21051	
4123	-1.21382	
4124	-1.21314	
4125	-1.21204	
4126	-1.21389	
4127	-1.21304	
4128	-1.21405	
4129	-1.21282	
4130	-1.21751	
4131	-1.2198	
4132	-1.21712	
4133	-1.22013	
4134	-1.22118	
4135	-1.22497	
4136	-1.22881	
4137	-1.22157	
4138	-1.22459	
4139	-1.23052	
4140	-1.23306	
4141	-1.23582	
4142	-1.23743	
4143	-1.2382	
4144	-1.2387	
4145	-1.23847	
4146	-1.24437	
4147	-1.23844	
4148	-1.2404	
4149	-1.23994	
4150	-1.24168	
4151	-1.24581	
4152	-1.24349	
4153	-1.24665	
4154	-1.24595	
4155	-1.25044	
4156	-1.2497	
4157	-1.24801	
4158	-1.2461	
4159	-1.24877	
4160	-1.25328	
4161	-1.25173	
4162	-1.24792	
4163	-1.24741	
4164	-1.25021	
4165	-1.25081	
4166	-1.25155	
4167	-1.24797	
4168	-1.24599	
4169	-1.24868	
4170	-1.24849	
4171	-1.24862	
4172	-1.24762	
4173	-1.24632	
4174	-1.24767	
4175	-1.2471	
4176	-1.24589	
4177	-1.24681	
4178	-1.24426	
4179	-1.24737	
4180	-1.24662	
4181	-1.24689	
4182	-1.24728	
4183	-1.24503	
4184	-1.24839	
4185	-1.24788	
4186	-1.2498	
4187	-1.24984	
4188	-1.25012	
4189	-1.25272	
4190	-1.25223	
4191	-1.25609	
4192	-1.25585	
4193	-1.25794	
4194	-1.2571	
4195	-1.26119	
4196	-1.263	
4197	-1.26324	
4198	-1.26358	
4199	-1.26597	
4200	-1.26993	
4201	-1.27247	
4202	-1.27612	
4203	-1.27671	
4204	-1.28071	
4205	-1.28468	
4206	-1.28407	
4207	-1.29161	
4208	-1.29159	
4209	-1.29342	
4210	-1.30012	
4211	-1.30067	
4212	-1.30756	
4213	-1.30788	
4214	-1.31009	
4215	-1.31238	
4216	-1.31595	
4217	-1.32127	
4218	-1.32096	
4219	-1.32177	
4220	-1.32539	
4221	-1.32629	
4222	-1.33076	
4223	-1.32994	
4224	-1.32842	
4225	-1.33367	
4226	-1.33049	
4227	-1.33438	
4228	-1.33217	
4229	-1.32963	
4230	-1.33015	
4231	-1.32852	
4232	-1.3293	
4233	-1.32739	
4234	-1.32453	
4235	-1.32636	
4236	-1.32357	
4237	-1.3262	
4238	-1.32179	
4239	-1.31791	
4240	-1.32004	
4241	-1.31781	
4242	-1.32004	
4243	-1.31506	
4244	-1.3121	
4245	-1.3141	
4246	-1.31434	
4247	-1.31368	
4248	-1.31034	
4249	-1.31409	
4250	-1.31577	
4251	-1.31503	
4252	-1.3108	
4253	-1.31019	
4254	-1.31476	
4255	-1.31428	
4256	-1.31319	
4257	-1.31667	
4258	-1.31883	
4259	-1.3169	
4260	-1.31759	
4261	-1.31626	
4262	-1.31806	
4263	-1.31629	
4264	-1.32271	
4265	-1.32453	
4266	-1.32527	
4267	-1.3286	
4268	-1.32643	
4269	-1.32868	
4270	-1.3304	
4271	-1.33235	
4272	-1.33334	
4273	-1.33122	
4274	-1.33422	
4275	-1.3405	
4276	-1.33915	
4277	-1.34324	
4278	-1.33972	
4279	-1.34117	
4280	-1.34176	
4281	-1.33916	
4282	-1.34411	
4283	-1.34158	
4284	-1.34172	
4285	-1.33786	
4286	-1.33696	
4287	-1.33766	
4288	-1.33856	
4289	-1.33281	
4290	-1.32934	
4291	-1.32528	
4292	-1.32677	
4293	-1.32637	
4294	-1.32141	
4295	-1.31608	
4296	-1.31219	
4297	-1.31086	
4298	-1.30775	
4299	-1.30395	
4300	-1.29822	
4301	-1.2996	
4302	-1.29094	
4303	-1.28872	
4304	-1.28884	
4305	-1.28024	
4306	-1.28157	
4307	-1.27459	
4308	-1.27335	
4309	-1.27262	
4310	-1.26755	
4311	-1.26515	
4312	-1.26244	
4313	-1.26226	
4314	-1.25914	
4315	-1.25615	
4316	-1.25247	
4317	-1.25251	
4318	-1.25021	
4319	-1.2473	
4320	-1.24422	
4321	-1.24419	
4322	-1.24214	
4323	-1.23867	
4324	-1.23829	
4325	-1.23488	
4326	-1.23577	
4327	-1.23406	
4328	-1.22805	
4329	-1.23032	
4330	-1.2292	
4331	-1.22891	
4332	-1.22768	
4333	-1.22434	
4334	-1.22556	
4335	-1.22526	
4336	-1.22403	
4337	-1.22508	
4338	-1.22049	
4339	-1.225	
4340	-1.22287	
4341	-1.22272	
4342	-1.22313	
4343	-1.22121	
4344	-1.22155	
4345	-1.22052	
4346	-1.22091	
4347	-1.21937	
4348	-1.2195	
4349	-1.21927	
4350	-1.21797	
4351	-1.22065	
4352	-1.21795	
4353	-1.21632	
4354	-1.21474	
4355	-1.21466	
4356	-1.21489	
4357	-1.2132	
4358	-1.21377	
4359	-1.21204	
4360	-1.21109	
4361	-1.21172	
4362	-1.20984	
4363	-1.21047	
4364	-1.20617	
4365	-1.20552	
4366	-1.20569	
4367	-1.20121	
4368	-1.19831	
4369	-1.19678	
4370	-1.19588	
4371	-1.1934	
4372	-1.18889	
4373	-1.18532	
4374	-1.18384	
4375	-1.18229	
4376	-1.17924	
4377	-1.17629	
4378	-1.16982	
4379	-1.16952	
4380	-1.16965	
4381	-1.16443	
4382	-1.16168	
4383	-1.15744	
4384	-1.15805	
4385	-1.16025	
4386	-1.15224	
4387	-1.14797	
4388	-1.14588	
4389	-1.14621	
4390	-1.1452	
4391	-1.13694	
4392	-1.13462	
4393	-1.13304	
4394	-1.13352	
4395	-1.13243	
4396	-1.12651	
4397	-1.12457	
4398	-1.12343	
4399	-1.12391	
4400	-1.12086	
4401	-1.11812	
4402	-1.11598	
4403	-1.11463	
4404	-1.11433	
4405	-1.11333	
4406	-1.10971	
4407	-1.10608	
4408	-1.1056	
4409	-1.10899	
4410	-1.10785	
4411	-1.10222	
4412	-1.1006	
4413	-1.1007	
4414	-1.1054	
4415	-1.10679	
4416	-1.10101	
4417	-1.10016	
4418	-1.09927	
4419	-1.10248	
4420	-1.1022	
4421	-1.10391	
4422	-1.10274	
4423	-1.10467	
4424	-1.10128	
4425	-1.0998	
4426	-1.10015	
4427	-1.10058	
4428	-1.10177	
4429	-1.09899	
4430	-1.09828	
4431	-1.10451	
4432	-1.10096	
4433	-1.10391	
4434	-1.10448	
4435	-1.1024	
4436	-1.10287	
4437	-1.10402	
4438	-1.10652	
4439	-1.10411	
4440	-1.10241	
4441	-1.09921	
4442	-1.10184	
4443	-1.10428	
4444	-1.1023	
4445	-1.10316	
4446	-1.10191	
4447	-1.10346	
4448	-1.10367	
4449	-1.10006	
4450	-1.09797	
4451	-1.09642	
4452	-1.09437	
4453	-1.09864	
4454	-1.09844	
4455	-1.09294	
4456	-1.09541	
4457	-1.09061	
4458	-1.09204	
4459	-1.09313	
4460	-1.09382	
4461	-1.09172	
4462	-1.09582	
4463	-1.09552	
4464	-1.09377	
4465	-1.10175	
4466	-1.10045	
4467	-1.0989	
4468	-1.10063	
4469	-1.10419	
4470	-1.10367	
4471	-1.10735	
4472	-1.10688	
4473	-1.10476	
4474	-1.11162	
4475	-1.11058	
4476	-1.11267	
4477	-1.11452	
4478	-1.11597	
4479	-1.11881	
4480	-1.12076	
4481	-1.12351	
4482	-1.12843	
4483	-1.12388	
4484	-1.12843	
4485	-1.12721	
4486	-1.13061	
4487	-1.13111	
4488	-1.1331	
4489	-1.13463	
4490	-1.13402	
4491	-1.13468	
4492	-1.13818	
4493	-1.13919	
4494	-1.13933	
4495	-1.13969	
4496	-1.14123	
4497	-1.14367	
4498	-1.1459	
4499	-1.14445	
4500	-1.14386	
4501	-1.14482	
4502	-1.15077	
4503	-1.14944	
4504	-1.15055	
4505	-1.14988	
4506	-1.15216	
4507	-1.15742	
4508	-1.15908	
4509	-1.16018	
4510	-1.15747	
4511	-1.16318	
4512	-1.16872	
4513	-1.17111	
4514	-1.17155	
4515	-1.16837	
4516	-1.17625	
4517	-1.17825	
4518	-1.17978	
4519	-1.18122	
4520	-1.178	
4521	-1.18673	
4522	-1.1898	
4523	-1.19043	
4524	-1.19142	
4525	-1.19024	
4526	-1.19791	
4527	-1.19949	
4528	-1.20152	
4529	-1.20401	
4530	-1.20303	
4531	-1.21234	
4532	-1.21353	
4533	-1.2148	
4534	-1.21559	
4535	-1.21685	
4536	-1.22369	
4537	-1.22723	
4538	-1.22903	
4539	-1.23242	
4540	-1.23306	
4541	-1.23757	
4542	-1.2412	
4543	-1.24421	
4544	-1.24807	
4545	-1.24774	
4546	-1.25347	
4547	-1.25671	
4548	-1.26061	
4549	-1.26415	
4550	-1.26336	
4551	-1.26774	
4552	-1.27047	
4553	-1.27512	
4554	-1.27719	
4555	-1.27645	
4556	-1.28035	
4557	-1.28163	
4558	-1.28754	
4559	-1.28758	
4560	-1.2864	
4561	-1.29037	
4562	-1.28915	
4563	-1.29361	
4564	-1.29559	
4565	-1.29506	
4566	-1.29226	
4567	-1.29409	
4568	-1.29638	
4569	-1.29218	
4570	-1.29478	
4571	-1.29659	
4572	-1.29584	
4573	-1.29815	
4574	-1.29375	
4575	-1.29779	
4576	-1.297	
4577	-1.29334	
4578	-1.29605	
4579	-1.29292	
4580	-1.29475	
4581	-1.29219	
4582	-1.28754	
4583	-1.29031	
4584	-1.2867	
4585	-1.28759	
4586	-1.28774	
4587	-1.28294	
4588	-1.28167	
4589	-1.27876	
4590	-1.27525	
4591	-1.27175	
4592	-1.271	
4593	-1.26686	
4594	-1.26334	
4595	-1.26211	
4596	-1.25751	
4597	-1.25477	
4598	-1.25317	
4599	-1.24866	
4600	-1.24625	
4601	-1.23627	
4602	-1.23416	
4603	-1.23146	
4604	-1.22661	
4605	-1.22748	
4606	-1.21757	
4607	-1.21209	
4608	-1.21282	
4609	-1.20533	
4610	-1.20284	
4611	-1.19829	
4612	-1.18907	
4613	-1.19012	
4614	-1.1831	
4615	-1.17903	
4616	-1.17733	
4617	-1.16907	
4618	-1.16684	
4619	-1.1611	
4620	-1.15762	
4621	-1.15807	
4622	-1.15375	
4623	-1.14993	
4624	-1.14488	
4625	-1.14191	
4626	-1.14038	
4627	-1.13716	
4628	-1.13107	
4629	-1.12838	
4630	-1.12734	
4631	-1.12494	
4632	-1.1194	
4633	-1.11707	
4634	-1.11609	
4635	-1.11459	
4636	-1.11344	
4637	-1.11032	
4638	-1.10785	
4639	-1.10805	
4640	-1.10681	
4641	-1.10444	
4642	-1.10151	
4643	-1.09797	
4644	-1.09875	
4645	-1.09915	
4646	-1.09869	
4647	-1.09332	
4648	-1.09184	
4649	-1.09204	
4650	-1.09115	
4651	-1.0916	
4652	-1.08696	
4653	-1.08671	
4654	-1.08632	
4655	-1.08723	
4656	-1.0889	
4657	-1.0841	
4658	-1.08239	
4659	-1.08279	
4660	-1.08331	
4661	-1.08415	
4662	-1.08109	
4663	-1.08079	
4664	-1.07965	
4665	-1.0793	
4666	-1.08222	
4667	-1.07933	
4668	-1.07831	
4669	-1.07668	
4670	-1.07778	
4671	-1.07758	
4672	-1.07543	
4673	-1.07609	
4674	-1.07466	
4675	-1.07474	
4676	-1.0756	
4677	-1.07494	
4678	-1.07809	
4679	-1.07515	
4680	-1.07489	
4681	-1.07624	
4682	-1.0762	
4683	-1.07962	
4684	-1.07851	
4685	-1.07948	
4686	-1.07994	
4687	-1.08186	
4688	-1.08573	
4689	-1.08671	
4690	-1.08692	
4691	-1.09104	
4692	-1.09209	
4693	-1.09397	
4694	-1.09842	
4695	-1.09855	
4696	-1.10368	
4697	-1.10658	
4698	-1.11004	
4699	-1.11516	
4700	-1.11611	
4701	-1.11411	
4702	-1.11731	
4703	-1.12026	
4704	-1.12331	
4705	-1.12544	
4706	-1.12717	
4707	-1.13101	
4708	-1.1326	
4709	-1.13501	
4710	-1.13656	
4711	-1.14108	
4712	-1.1393	
4713	-1.14506	
4714	-1.14679	
4715	-1.14754	
4716	-1.14863	
4717	-1.15378	
4718	-1.15747	
4719	-1.15824	
4720	-1.15475	
4721	-1.15436	
4722	-1.15762	
4723	-1.16017	
4724	-1.15578	
4725	-1.15744	
4726	-1.15962	
4727	-1.16288	
4728	-1.16553	
4729	-1.16084	
4730	-1.16406	
4731	-1.16321	
4732	-1.16526	
4733	-1.16518	
4734	-1.16804	
4735	-1.1667	
4736	-1.1652	
4737	-1.16731	
4738	-1.16864	
4739	-1.16809	
4740	-1.16517	
4741	-1.16894	
4742	-1.17186	
4743	-1.17254	
4744	-1.17015	
4745	-1.16873	
4746	-1.17282	
4747	-1.17579	
4748	-1.17233	
4749	-1.17549	
4750	-1.17351	
4751	-1.17709	
4752	-1.17813	
4753	-1.17834	
4754	-1.17656	
4755	-1.17767	
4756	-1.17804	
4757	-1.17895	
4758	-1.1794	
4759	-1.17893	
4760	-1.17827	
4761	-1.18057	
4762	-1.18098	
4763	-1.18015	
4764	-1.17777	
4765	-1.17682	
4766	-1.17449	
4767	-1.17372	
4768	-1.17308	
4769	-1.17205	
4770	-1.16763	
4771	-1.16638	
4772	-1.16185	
4773	-1.15945	
4774	-1.15467	
4775	-1.15679	
4776	-1.1552	
4777	-1.15152	
4778	-1.14805	
4779	-1.14715	
4780	-1.14587	
4781	-1.14536	
4782	-1.13967	
4783	-1.13789	
4784	-1.13641	
4785	-1.13248	
4786	-1.13031	
4787	-1.12595	
4788	-1.1245	
4789	-1.1221	
4790	-1.11521	
4791	-1.11189	
4792	-1.10929	
4793	-1.10578	
4794	-1.10266	
4795	-1.09565	
4796	-1.09068	
4797	-1.087	
4798	-1.08581	
4799	-1.08003	
4800	-1.07202	
4801	-1.06645	
4802	-1.06491	
4803	-1.05546	
4804	-1.05023	
4805	-1.0451	
4806	-1.0402	
4807	-1.03799	
4808	-1.032	
4809	-1.02597	
4810	-1.02081	
4811	-1.01371	
4812	-1.01155	
4813	-1.00309	
4814	-0.997242	
4815	-0.994761	
4816	-0.989347	
4817	-0.986304	
4818	-0.978409	
4819	-0.976035	
4820	-0.973498	
4821	-0.972677	
4822	-0.967272	
4823	-0.961379	
4824	-0.962453	
4825	-0.960702	
4826	-0.959974	
4827	-0.955714	
4828	-0.952475	
4829	-0.956105	
4830	-0.956958	
4831	-0.956649	
4832	-0.955382	
4833	-0.951375	
4834	-0.955847	
4835	-0.959665	
4836	-0.958533	
4837	-0.959341	
4838	-0.958696	
4839	-0.965172	
4840	-0.969117	
4841	-0.970768	
4842	-0.971693	
4843	-0.976907	
4844	-0.98074	
4845	-0.988049	
4846	-0.988435	
4847	-0.992978	
4848	-1.00216	
4849	-1.00482	
4850	-1.00844	
4851	-1.0152	
4852	-1.02276	
4853	-1.02601	
4854	-1.03199	
4855	-1.03903	
4856	-1.04604	
4857	-1.05252	
4858	-1.0595	
4859	-1.06824	
4860	-1.0731	
4861	-1.08123	
4862	-1.08675	
4863	-1.08991	
4864	-1.09314	
4865	-1.09366	
4866	-1.10543	
4867	-1.10885	
4868	-1.11526	
4869	-1.1155	
4870	-1.12133	
4871	-1.12719	
4872	-1.12797	
4873	-1.13159	
4874	-1.13658	
4875	-1.14178	
4876	-1.14566	
4877	-1.14809	
4878	-1.14773	
4879	-1.1522	
4880	-1.15482	
4881	-1.16014	
4882	-1.16239	
4883	-1.16261	
4884	-1.16649	
4885	-1.16778	
4886	-1.17188	
4887	-1.17302	
4888	-1.17357	
4889	-1.17512	
4890	-1.17493	
4891	-1.17886	
4892	-1.17699	
4893	-1.18386	
4894	-1.18219	
4895	-1.18338	
4896	-1.18371	
4897	-1.18652	
4898	-1.18789	
4899	-1.18661	
4900	-1.18671	
4901	-1.19209	
4902	-1.19731	
4903	-1.19981	
4904	-1.19572	
4905	-1.19721	
4906	-1.20421	
4907	-1.20759	
4908	-1.20907	
4909	-1.20794	
4910	-1.21296	
4911	-1.2184	
4912	-1.21972	
4913	-1.22073	
4914	-1.22262	
4915	-1.22344	
4916	-1.23059	
4917	-1.23262	
4918	-1.23303	
4919	-1.23488	
4920	-1.23419	
4921	-1.23944	
4922	-1.23976	
4923	-1.23864	
4924	-1.23837	
4925	-1.23932	
4926	-1.24092	
4927	-1.23983	
4928	-1.23719	
4929	-1.23359	
4930	-1.23465	
4931	-1.23611	
4932	-1.23333	
4933	-1.22835	
4934	-1.22305	
4935	-1.22213	
4936	-1.22251	
4937	-1.21844	
4938	-1.21558	
4939	-1.20939	
4940	-1.20807	
4941	-1.20724	
4942	-1.20197	
4943	-1.19675	
4944	-1.19132	
4945	-1.18845	
4946	-1.18565	
4947	-1.18133	
4948	-1.17958	
4949	-1.17744	
4950	-1.17397	
4951	-1.16738	
4952	-1.16423	
4953	-1.15717	
4954	-1.15339	
4955	-1.15295	
4956	-1.15056	
4957	-1.14973	
4958	-1.14495	
4959	-1.14383	
4960	-1.14201	
4961	-1.13811	
4962	-1.13796	
4963	-1.13553	
4964	-1.13585	
4965	-1.13578	
4966	-1.13192	
4967	-1.13156	
4968	-1.13035	
4969	-1.13114	
4970	-1.13206	
4971	-1.12995	
4972	-1.13081	
4973	-1.129	
4974	-1.13157	
4975	-1.13088	
4976	-1.13287	
4977	-1.13594	
4978	-1.13345	
4979	-1.13514	
4980	-1.13433	
4981	-1.1387	
4982	-1.14165	
4983	-1.14023	
4984	-1.14261	
4985	-1.1433	
4986	-1.14625	
4987	-1.14863	
4988	-1.14931	
4989	-1.15082	
4990	-1.15016	
4991	-1.15466	
4992	-1.15609	
4993	-1.1556	
4994	-1.15691	
4995	-1.15849	
4996	-1.15998	
4997	-1.16199	
4998	-1.16402	
4999	-1.16291	
5000	-1.16382	
