#NstepT_D		#H_mediato
0	-4.3946	
1	-4.41494	
2	-4.43831	
3	-4.45252	
4	-4.46607	
5	-4.48586	
6	-4.49675	
7	-4.51554	
8	-4.51988	
9	-4.52978	
10	-4.5341	
11	-4.53626	
12	-4.53394	
13	-4.52952	
14	-4.52186	
15	-4.51351	
16	-4.50418	
17	-4.49682	
18	-4.48935	
19	-4.47704	
20	-4.46703	
21	-4.45666	
22	-4.44304	
23	-4.44143	
24	-4.4298	
25	-4.42481	
26	-4.41678	
27	-4.41419	
28	-4.41201	
29	-4.40896	
30	-4.40832	
31	-4.40799	
32	-4.40492	
33	-4.39967	
34	-4.39577	
35	-4.39261	
36	-4.38365	
37	-4.37689	
38	-4.37627	
39	-4.37331	
40	-4.36154	
41	-4.35396	
42	-4.34898	
43	-4.34562	
44	-4.34189	
45	-4.33806	
46	-4.33446	
47	-4.32932	
48	-4.32829	
49	-4.32108	
50	-4.31744	
51	-4.31595	
52	-4.31266	
53	-4.3105	
54	-4.30707	
55	-4.30295	
56	-4.29738	
57	-4.29365	
58	-4.28854	
59	-4.28432	
60	-4.28086	
61	-4.27634	
62	-4.27381	
63	-4.27018	
64	-4.26465	
65	-4.25907	
66	-4.25547	
67	-4.25135	
68	-4.24873	
69	-4.24492	
70	-4.24143	
71	-4.23778	
72	-4.23717	
73	-4.23362	
74	-4.22631	
75	-4.21803	
76	-4.21443	
77	-4.21089	
78	-4.20613	
79	-4.19965	
80	-4.19681	
81	-4.19476	
82	-4.18604	
83	-4.18122	
84	-4.17737	
85	-4.17318	
86	-4.17228	
87	-4.1643	
88	-4.16024	
89	-4.15885	
90	-4.15169	
91	-4.14661	
92	-4.14007	
93	-4.1348	
94	-4.12944	
95	-4.12266	
96	-4.11644	
97	-4.10862	
98	-4.10222	
99	-4.09818	
100	-4.08767	
101	-4.07892	
102	-4.07405	
103	-4.06707	
104	-4.05663	
105	-4.05099	
106	-4.04218	
107	-4.03638	
108	-4.0285	
109	-4.01965	
110	-4.0114	
111	-4.00453	
112	-3.99752	
113	-3.98802	
114	-3.97977	
115	-3.97159	
116	-3.96071	
117	-3.95105	
118	-3.94146	
119	-3.93352	
120	-3.92516	
121	-3.91587	
122	-3.90688	
123	-3.89473	
124	-3.88697	
125	-3.87834	
126	-3.86926	
127	-3.86166	
128	-3.85257	
129	-3.84306	
130	-3.83253	
131	-3.82324	
132	-3.81003	
133	-3.8036	
134	-3.79182	
135	-3.7809	
136	-3.76959	
137	-3.76027	
138	-3.75234	
139	-3.74212	
140	-3.73338	
141	-3.71689	
142	-3.70557	
143	-3.69461	
144	-3.68241	
145	-3.67438	
146	-3.663	
147	-3.65179	
148	-3.64415	
149	-3.62941	
150	-3.61731	
151	-3.60796	
152	-3.59961	
153	-3.58423	
154	-3.57383	
155	-3.56339	
156	-3.55285	
157	-3.54166	
158	-3.52926	
159	-3.51802	
160	-3.50336	
161	-3.49274	
162	-3.47996	
163	-3.46978	
164	-3.45944	
165	-3.44866	
166	-3.43483	
167	-3.42442	
168	-3.40888	
169	-3.39981	
170	-3.38625	
171	-3.37353	
172	-3.35959	
173	-3.34974	
174	-3.33787	
175	-3.32897	
176	-3.3156	
177	-3.30356	
178	-3.29079	
179	-3.27835	
180	-3.26579	
181	-3.25224	
182	-3.24096	
183	-3.22818	
184	-3.21813	
185	-3.20843	
186	-3.19844	
187	-3.18623	
188	-3.1754	
189	-3.16311	
190	-3.15102	
191	-3.13668	
192	-3.12451	
193	-3.113	
194	-3.10169	
195	-3.09169	
196	-3.07943	
197	-3.07075	
198	-3.05668	
199	-3.04479	
200	-3.0345	
201	-3.02289	
202	-3.01307	
203	-3.00572	
204	-2.99824	
205	-2.98875	
206	-2.98023	
207	-2.96905	
208	-2.96059	
209	-2.9451	
210	-2.93957	
211	-2.92814	
212	-2.92069	
213	-2.90947	
214	-2.89862	
215	-2.89113	
216	-2.87958	
217	-2.87601	
218	-2.86876	
219	-2.86054	
220	-2.84915	
221	-2.84207	
222	-2.83391	
223	-2.82629	
224	-2.81524	
225	-2.80787	
226	-2.80168	
227	-2.79223	
228	-2.78942	
229	-2.78059	
230	-2.77218	
231	-2.75889	
232	-2.75309	
233	-2.7488	
234	-2.74187	
235	-2.73606	
236	-2.72811	
237	-2.72507	
238	-2.71831	
239	-2.7082	
240	-2.70549	
241	-2.69722	
242	-2.69325	
243	-2.69016	
244	-2.68221	
245	-2.67573	
246	-2.66723	
247	-2.663	
248	-2.65692	
249	-2.6561	
250	-2.65015	
251	-2.64701	
252	-2.64199	
253	-2.63475	
254	-2.62813	
255	-2.62607	
256	-2.61831	
257	-2.61858	
258	-2.61325	
259	-2.61178	
260	-2.60551	
261	-2.59846	
262	-2.59401	
263	-2.58924	
264	-2.58539	
265	-2.58381	
266	-2.5779	
267	-2.57162	
268	-2.57101	
269	-2.56562	
270	-2.55945	
271	-2.55978	
272	-2.55562	
273	-2.55117	
274	-2.54712	
275	-2.54199	
276	-2.53662	
277	-2.53293	
278	-2.53365	
279	-2.52912	
280	-2.52653	
281	-2.51948	
282	-2.5225	
283	-2.51829	
284	-2.51926	
285	-2.51564	
286	-2.51374	
287	-2.50933	
288	-2.50987	
289	-2.50625	
290	-2.50503	
291	-2.50011	
292	-2.49481	
293	-2.48973	
294	-2.48686	
295	-2.48617	
296	-2.48677	
297	-2.48621	
298	-2.48562	
299	-2.48068	
300	-2.48019	
301	-2.47323	
302	-2.47153	
303	-2.46814	
304	-2.46879	
305	-2.46851	
306	-2.46288	
307	-2.45782	
308	-2.4598	
309	-2.46025	
310	-2.45921	
311	-2.45828	
312	-2.46013	
313	-2.45769	
314	-2.45288	
315	-2.44985	
316	-2.4515	
317	-2.45271	
318	-2.44977	
319	-2.44944	
320	-2.44383	
321	-2.44418	
322	-2.44293	
323	-2.43903	
324	-2.44096	
325	-2.43723	
326	-2.43488	
327	-2.42806	
328	-2.42253	
329	-2.42474	
330	-2.42463	
331	-2.42088	
332	-2.42268	
333	-2.41965	
334	-2.419	
335	-2.41377	
336	-2.41151	
337	-2.40972	
338	-2.40577	
339	-2.39928	
340	-2.40202	
341	-2.39628	
342	-2.39479	
343	-2.39606	
344	-2.39434	
345	-2.39188	
346	-2.39462	
347	-2.39015	
348	-2.38469	
349	-2.38276	
350	-2.37843	
351	-2.37728	
352	-2.37105	
353	-2.37104	
354	-2.36513	
355	-2.35634	
356	-2.35353	
357	-2.35088	
358	-2.34709	
359	-2.34322	
360	-2.33757	
361	-2.32873	
362	-2.32802	
363	-2.32216	
364	-2.31575	
365	-2.31586	
366	-2.31134	
367	-2.30519	
368	-2.29828	
369	-2.29818	
370	-2.29633	
371	-2.29337	
372	-2.29186	
373	-2.28063	
374	-2.27703	
375	-2.27441	
376	-2.26931	
377	-2.27093	
378	-2.26807	
379	-2.2594	
380	-2.25763	
381	-2.25511	
382	-2.2501	
383	-2.24814	
384	-2.2477	
385	-2.24337	
386	-2.23896	
387	-2.23489	
388	-2.23147	
389	-2.22753	
390	-2.22326	
391	-2.22211	
392	-2.21894	
393	-2.21334	
394	-2.20677	
395	-2.20437	
396	-2.19825	
397	-2.19714	
398	-2.19472	
399	-2.19036	
400	-2.18513	
401	-2.17915	
402	-2.17191	
403	-2.17007	
404	-2.16719	
405	-2.16402	
406	-2.15931	
407	-2.15299	
408	-2.1492	
409	-2.14527	
410	-2.14129	
411	-2.13897	
412	-2.13156	
413	-2.12719	
414	-2.12251	
415	-2.11645	
416	-2.1114	
417	-2.10767	
418	-2.10161	
419	-2.09562	
420	-2.08839	
421	-2.08029	
422	-2.07673	
423	-2.07042	
424	-2.06439	
425	-2.0604	
426	-2.05583	
427	-2.05026	
428	-2.04228	
429	-2.03101	
430	-2.02902	
431	-2.02251	
432	-2.01306	
433	-2.00636	
434	-2.00387	
435	-1.99958	
436	-1.99412	
437	-1.98486	
438	-1.97842	
439	-1.97213	
440	-1.96259	
441	-1.95706	
442	-1.95311	
443	-1.9492	
444	-1.93948	
445	-1.92901	
446	-1.92684	
447	-1.92052	
448	-1.91544	
449	-1.90646	
450	-1.89552	
451	-1.88893	
452	-1.88191	
453	-1.87955	
454	-1.86945	
455	-1.86739	
456	-1.85817	
457	-1.84764	
458	-1.84235	
459	-1.83856	
460	-1.83127	
461	-1.82239	
462	-1.81139	
463	-1.81179	
464	-1.80206	
465	-1.80027	
466	-1.79482	
467	-1.78753	
468	-1.78396	
469	-1.78103	
470	-1.77635	
471	-1.77526	
472	-1.77248	
473	-1.76436	
474	-1.76272	
475	-1.75894	
476	-1.75544	
477	-1.75228	
478	-1.74573	
479	-1.74378	
480	-1.74226	
481	-1.73749	
482	-1.73243	
483	-1.73181	
484	-1.72383	
485	-1.71935	
486	-1.71797	
487	-1.71381	
488	-1.70485	
489	-1.7004	
490	-1.69554	
491	-1.6886	
492	-1.68455	
493	-1.67555	
494	-1.66832	
495	-1.66206	
496	-1.65155	
497	-1.64722	
498	-1.63892	
499	-1.63336	
500	-1.62821	
501	-1.62009	
502	-1.6162	
503	-1.6087	
504	-1.60167	
505	-1.59818	
506	-1.59268	
507	-1.58429	
508	-1.58057	
509	-1.57143	
510	-1.56605	
511	-1.56076	
512	-1.55023	
513	-1.54558	
514	-1.53782	
515	-1.5255	
516	-1.5177	
517	-1.51073	
518	-1.49912	
519	-1.49156	
520	-1.47813	
521	-1.46809	
522	-1.4598	
523	-1.45587	
524	-1.45105	
525	-1.43943	
526	-1.42986	
527	-1.4253	
528	-1.4182	
529	-1.41388	
530	-1.40319	
531	-1.40016	
532	-1.3974	
533	-1.39411	
534	-1.38145	
535	-1.3736	
536	-1.36563	
537	-1.36676	
538	-1.36585	
539	-1.3631	
540	-1.35574	
541	-1.35078	
542	-1.35148	
543	-1.35081	
544	-1.34103	
545	-1.33785	
546	-1.33689	
547	-1.33644	
548	-1.33792	
549	-1.32874	
550	-1.324	
551	-1.32167	
552	-1.32144	
553	-1.32101	
554	-1.31468	
555	-1.3124	
556	-1.31163	
557	-1.30861	
558	-1.30599	
559	-1.30121	
560	-1.2984	
561	-1.29693	
562	-1.29092	
563	-1.29241	
564	-1.28594	
565	-1.27766	
566	-1.27474	
567	-1.2737	
568	-1.27362	
569	-1.27042	
570	-1.26619	
571	-1.26217	
572	-1.2639	
573	-1.26269	
574	-1.26175	
575	-1.256	
576	-1.25502	
577	-1.25569	
578	-1.25543	
579	-1.25438	
580	-1.25069	
581	-1.249	
582	-1.25122	
583	-1.25233	
584	-1.25149	
585	-1.24558	
586	-1.24632	
587	-1.24687	
588	-1.24711	
589	-1.24277	
590	-1.23624	
591	-1.23139	
592	-1.23212	
593	-1.22921	
594	-1.22352	
595	-1.21653	
596	-1.21242	
597	-1.21055	
598	-1.20676	
599	-1.20306	
600	-1.19047	
601	-1.18583	
602	-1.18163	
603	-1.18353	
604	-1.18148	
605	-1.1763	
606	-1.17214	
607	-1.17074	
608	-1.17057	
609	-1.17062	
610	-1.16391	
611	-1.16834	
612	-1.17288	
613	-1.1734	
614	-1.17889	
615	-1.17814	
616	-1.18085	
617	-1.18645	
618	-1.18914	
619	-1.19322	
620	-1.19399	
621	-1.19734	
622	-1.19841	
623	-1.20151	
624	-1.20305	
625	-1.19834	
626	-1.20203	
627	-1.19776	
628	-1.19403	
629	-1.18789	
630	-1.18369	
631	-1.18321	
632	-1.17994	
633	-1.17448	
634	-1.16656	
635	-1.16275	
636	-1.15956	
637	-1.15688	
638	-1.14807	
639	-1.14456	
640	-1.14044	
641	-1.14081	
642	-1.13409	
643	-1.132	
644	-1.12983	
645	-1.12523	
646	-1.128	
647	-1.12128	
648	-1.12248	
649	-1.11399	
650	-1.11784	
651	-1.12242	
652	-1.11793	
653	-1.11536	
654	-1.11054	
655	-1.11411	
656	-1.11663	
657	-1.11288	
658	-1.11248	
659	-1.11106	
660	-1.11531	
661	-1.1168	
662	-1.11525	
663	-1.11815	
664	-1.11621	
665	-1.12336	
666	-1.12582	
667	-1.12711	
668	-1.12906	
669	-1.13194	
670	-1.1363	
671	-1.14048	
672	-1.14321	
673	-1.14905	
674	-1.1517	
675	-1.15778	
676	-1.16269	
677	-1.16286	
678	-1.16739	
679	-1.17045	
680	-1.17179	
681	-1.17756	
682	-1.17751	
683	-1.17659	
684	-1.17891	
685	-1.17845	
686	-1.18424	
687	-1.18047	
688	-1.17996	
689	-1.17866	
690	-1.18221	
691	-1.18081	
692	-1.17993	
693	-1.18092	
694	-1.18209	
695	-1.18111	
696	-1.18335	
697	-1.18376	
698	-1.18267	
699	-1.18416	
700	-1.18758	
701	-1.18986	
702	-1.18831	
703	-1.19231	
704	-1.19257	
705	-1.19504	
706	-1.20094	
707	-1.20266	
708	-1.20346	
709	-1.20389	
710	-1.20796	
711	-1.21245	
712	-1.2147	
713	-1.2173	
714	-1.21632	
715	-1.22109	
716	-1.22865	
717	-1.2277	
718	-1.22736	
719	-1.22621	
720	-1.23044	
721	-1.2349	
722	-1.23525	
723	-1.23533	
724	-1.23814	
725	-1.23955	
726	-1.23614	
727	-1.23626	
728	-1.23589	
729	-1.23078	
730	-1.23103	
731	-1.23218	
732	-1.23078	
733	-1.22772	
734	-1.22592	
735	-1.21938	
736	-1.2204	
737	-1.21985	
738	-1.21604	
739	-1.21094	
740	-1.20759	
741	-1.20742	
742	-1.21005	
743	-1.20724	
744	-1.20013	
745	-1.20191	
746	-1.20125	
747	-1.20533	
748	-1.20528	
749	-1.20083	
750	-1.20253	
751	-1.20282	
752	-1.20682	
753	-1.20723	
754	-1.20808	
755	-1.20995	
756	-1.21068	
757	-1.21613	
758	-1.21384	
759	-1.2145	
760	-1.21576	
761	-1.21805	
762	-1.2206	
763	-1.21399	
764	-1.21432	
765	-1.21794	
766	-1.22097	
767	-1.22034	
768	-1.21538	
769	-1.20967	
770	-1.21421	
771	-1.21539	
772	-1.21877	
773	-1.21274	
774	-1.20875	
775	-1.20877	
776	-1.21033	
777	-1.20848	
778	-1.21008	
779	-1.20405	
780	-1.20888	
781	-1.21443	
782	-1.21296	
783	-1.21518	
784	-1.20887	
785	-1.21557	
786	-1.21698	
787	-1.21837	
788	-1.22131	
789	-1.21848	
790	-1.22431	
791	-1.22678	
792	-1.22845	
793	-1.23555	
794	-1.22806	
795	-1.23373	
796	-1.23378	
797	-1.23492	
798	-1.24359	
799	-1.23441	
800	-1.24094	
801	-1.23807	
802	-1.23926	
803	-1.24205	
804	-1.23385	
805	-1.2373	
806	-1.23349	
807	-1.23316	
808	-1.23489	
809	-1.22333	
810	-1.2224	
811	-1.22389	
812	-1.21684	
813	-1.21513	
814	-1.20867	
815	-1.20226	
816	-1.20065	
817	-1.19591	
818	-1.19501	
819	-1.18819	
820	-1.18171	
821	-1.17928	
822	-1.17303	
823	-1.17372	
824	-1.16988	
825	-1.16709	
826	-1.16593	
827	-1.16085	
828	-1.16203	
829	-1.16051	
830	-1.16113	
831	-1.15709	
832	-1.15777	
833	-1.15681	
834	-1.16157	
835	-1.16293	
836	-1.16158	
837	-1.15936	
838	-1.16115	
839	-1.16566	
840	-1.16994	
841	-1.17233	
842	-1.17006	
843	-1.17143	
844	-1.17625	
845	-1.17608	
846	-1.17924	
847	-1.17549	
848	-1.17685	
849	-1.18313	
850	-1.18236	
851	-1.18758	
852	-1.18244	
853	-1.18467	
854	-1.18672	
855	-1.18693	
856	-1.19236	
857	-1.1882	
858	-1.18874	
859	-1.19098	
860	-1.19247	
861	-1.1952	
862	-1.19076	
863	-1.19233	
864	-1.19464	
865	-1.19262	
866	-1.19585	
867	-1.19302	
868	-1.19287	
869	-1.19062	
870	-1.18892	
871	-1.19232	
872	-1.18625	
873	-1.18417	
874	-1.18219	
875	-1.18028	
876	-1.18046	
877	-1.1735	
878	-1.16672	
879	-1.16416	
880	-1.1602	
881	-1.15889	
882	-1.14976	
883	-1.14429	
884	-1.13887	
885	-1.13736	
886	-1.13246	
887	-1.12271	
888	-1.1206	
889	-1.11397	
890	-1.10936	
891	-1.10501	
892	-1.09912	
893	-1.0976	
894	-1.0928	
895	-1.09136	
896	-1.08988	
897	-1.08833	
898	-1.08542	
899	-1.08553	
900	-1.0827	
901	-1.0825	
902	-1.08334	
903	-1.08355	
904	-1.0837	
905	-1.08328	
906	-1.08335	
907	-1.08248	
908	-1.08337	
909	-1.08289	
910	-1.0906	
911	-1.09441	
912	-1.08938	
913	-1.0915	
914	-1.09379	
915	-1.10364	
916	-1.10469	
917	-1.09953	
918	-1.10536	
919	-1.10348	
920	-1.10965	
921	-1.11144	
922	-1.11289	
923	-1.11193	
924	-1.11235	
925	-1.11907	
926	-1.11874	
927	-1.11683	
928	-1.11979	
929	-1.12315	
930	-1.12505	
931	-1.12575	
932	-1.12257	
933	-1.12538	
934	-1.12858	
935	-1.12939	
936	-1.12757	
937	-1.12852	
938	-1.12886	
939	-1.12854	
940	-1.13036	
941	-1.12722	
942	-1.12539	
943	-1.12638	
944	-1.12553	
945	-1.12512	
946	-1.12506	
947	-1.12411	
948	-1.12051	
949	-1.12074	
950	-1.11696	
951	-1.12215	
952	-1.12048	
953	-1.11996	
954	-1.11435	
955	-1.11676	
956	-1.11401	
957	-1.11114	
958	-1.11145	
959	-1.10778	
960	-1.10777	
961	-1.1052	
962	-1.10463	
963	-1.10558	
964	-1.10129	
965	-1.09983	
966	-1.10119	
967	-1.09933	
968	-1.09933	
969	-1.09894	
970	-1.09733	
971	-1.09598	
972	-1.09405	
973	-1.09392	
974	-1.09111	
975	-1.09031	
976	-1.09214	
977	-1.08888	
978	-1.08948	
979	-1.08642	
980	-1.08484	
981	-1.08546	
982	-1.08469	
983	-1.0845	
984	-1.08461	
985	-1.08432	
986	-1.08004	
987	-1.08161	
988	-1.0829	
989	-1.08506	
990	-1.08951	
991	-1.09073	
992	-1.08954	
993	-1.08886	
994	-1.09144	
995	-1.09297	
996	-1.09359	
997	-1.09499	
998	-1.10082	
999	-1.10169	
1000	-1.10618	
1001	-1.10962	
1002	-1.10776	
1003	-1.11581	
1004	-1.11781	
1005	-1.12239	
1006	-1.12277	
1007	-1.12259	
1008	-1.13146	
1009	-1.1309	
1010	-1.13803	
1011	-1.14012	
1012	-1.13668	
1013	-1.14596	
1014	-1.14673	
1015	-1.14815	
1016	-1.15234	
1017	-1.1481	
1018	-1.15712	
1019	-1.15545	
1020	-1.16119	
1021	-1.16176	
1022	-1.16102	
1023	-1.16572	
1024	-1.16686	
1025	-1.16897	
1026	-1.17145	
1027	-1.17018	
1028	-1.17404	
1029	-1.17598	
1030	-1.17875	
1031	-1.17833	
1032	-1.1781	
1033	-1.18154	
1034	-1.18189	
1035	-1.18485	
1036	-1.18699	
1037	-1.18632	
1038	-1.18901	
1039	-1.19319	
1040	-1.19354	
1041	-1.1953	
1042	-1.1936	
1043	-1.19875	
1044	-1.20249	
1045	-1.204	
1046	-1.20438	
1047	-1.20606	
1048	-1.20979	
1049	-1.2103	
1050	-1.21365	
1051	-1.21605	
1052	-1.21845	
1053	-1.22173	
1054	-1.22244	
1055	-1.227	
1056	-1.22897	
1057	-1.23028	
1058	-1.23182	
1059	-1.23404	
1060	-1.23371	
1061	-1.23761	
1062	-1.23978	
1063	-1.23972	
1064	-1.23822	
1065	-1.24354	
1066	-1.24344	
1067	-1.24612	
1068	-1.244	
1069	-1.24428	
1070	-1.24805	
1071	-1.24814	
1072	-1.25079	
1073	-1.24906	
1074	-1.24887	
1075	-1.24752	
1076	-1.24886	
1077	-1.25024	
1078	-1.24683	
1079	-1.24911	
1080	-1.24369	
1081	-1.24551	
1082	-1.24309	
1083	-1.24628	
1084	-1.2422	
1085	-1.24019	
1086	-1.23527	
1087	-1.23821	
1088	-1.23612	
1089	-1.23166	
1090	-1.23272	
1091	-1.23323	
1092	-1.23224	
1093	-1.23149	
1094	-1.2298	
1095	-1.23143	
1096	-1.22524	
1097	-1.22358	
1098	-1.22395	
1099	-1.222	
1100	-1.22122	
1101	-1.21564	
1102	-1.21548	
1103	-1.21223	
1104	-1.21152	
1105	-1.21186	
1106	-1.20944	
1107	-1.20644	
1108	-1.20441	
1109	-1.20029	
1110	-1.20235	
1111	-1.19761	
1112	-1.1947	
1113	-1.19261	
1114	-1.19275	
1115	-1.19357	
1116	-1.18875	
1117	-1.1893	
1118	-1.1858	
1119	-1.18749	
1120	-1.18889	
1121	-1.18847	
1122	-1.18875	
1123	-1.18833	
1124	-1.18953	
1125	-1.19255	
1126	-1.19554	
1127	-1.19735	
1128	-1.19864	
1129	-1.19957	
1130	-1.20374	
1131	-1.20374	
1132	-1.20811	
1133	-1.20661	
1134	-1.20781	
1135	-1.21013	
1136	-1.21193	
1137	-1.21288	
1138	-1.20899	
1139	-1.20854	
1140	-1.21186	
1141	-1.21072	
1142	-1.21043	
1143	-1.2027	
1144	-1.20234	
1145	-1.2026	
1146	-1.19967	
1147	-1.19767	
1148	-1.1938	
1149	-1.19168	
1150	-1.19399	
1151	-1.18991	
1152	-1.18761	
1153	-1.18594	
1154	-1.18525	
1155	-1.18669	
1156	-1.18403	
1157	-1.18493	
1158	-1.18407	
1159	-1.1842	
1160	-1.18888	
1161	-1.19128	
1162	-1.1915	
1163	-1.19299	
1164	-1.19298	
1165	-1.19917	
1166	-1.20471	
1167	-1.20963	
1168	-1.21362	
1169	-1.21779	
1170	-1.22136	
1171	-1.22665	
1172	-1.23201	
1173	-1.23751	
1174	-1.23987	
1175	-1.24059	
1176	-1.24467	
1177	-1.25118	
1178	-1.25366	
1179	-1.25716	
1180	-1.25765	
1181	-1.26059	
1182	-1.26422	
1183	-1.26606	
1184	-1.26796	
1185	-1.26763	
1186	-1.26725	
1187	-1.26969	
1188	-1.27488	
1189	-1.27444	
1190	-1.27549	
1191	-1.27104	
1192	-1.28279	
1193	-1.28146	
1194	-1.28052	
1195	-1.28682	
1196	-1.28755	
1197	-1.29602	
1198	-1.29531	
1199	-1.30163	
1200	-1.30602	
1201	-1.31036	
1202	-1.3169	
1203	-1.32048	
1204	-1.32538	
1205	-1.33416	
1206	-1.33957	
1207	-1.34641	
1208	-1.35464	
1209	-1.35898	
1210	-1.36533	
1211	-1.37249	
1212	-1.37766	
1213	-1.38415	
1214	-1.39229	
1215	-1.39895	
1216	-1.40314	
1217	-1.41228	
1218	-1.41856	
1219	-1.42453	
1220	-1.42869	
1221	-1.43444	
1222	-1.43927	
1223	-1.44542	
1224	-1.44553	
1225	-1.44715	
1226	-1.45347	
1227	-1.45399	
1228	-1.45743	
1229	-1.45664	
1230	-1.45696	
1231	-1.46079	
1232	-1.45793	
1233	-1.45892	
1234	-1.45269	
1235	-1.45184	
1236	-1.45051	
1237	-1.44898	
1238	-1.44495	
1239	-1.44212	
1240	-1.4376	
1241	-1.43607	
1242	-1.43336	
1243	-1.42784	
1244	-1.42543	
1245	-1.42075	
1246	-1.41876	
1247	-1.41466	
1248	-1.41307	
1249	-1.41066	
1250	-1.4079	
1251	-1.40368	
1252	-1.40208	
1253	-1.4024	
1254	-1.39954	
1255	-1.39643	
1256	-1.39523	
1257	-1.39407	
1258	-1.39206	
1259	-1.38949	
1260	-1.38643	
1261	-1.3869	
1262	-1.38469	
1263	-1.38519	
1264	-1.38282	
1265	-1.37792	
1266	-1.37828	
1267	-1.37472	
1268	-1.37488	
1269	-1.36983	
1270	-1.36548	
1271	-1.36469	
1272	-1.36175	
1273	-1.35906	
1274	-1.35502	
1275	-1.34527	
1276	-1.34887	
1277	-1.34604	
1278	-1.34305	
1279	-1.33787	
1280	-1.33525	
1281	-1.33545	
1282	-1.3304	
1283	-1.33216	
1284	-1.32605	
1285	-1.32148	
1286	-1.3237	
1287	-1.32038	
1288	-1.32166	
1289	-1.31727	
1290	-1.31688	
1291	-1.31537	
1292	-1.31372	
1293	-1.31453	
1294	-1.30975	
1295	-1.30969	
1296	-1.30805	
1297	-1.3057	
1298	-1.30617	
1299	-1.30168	
1300	-1.30052	
1301	-1.29422	
1302	-1.29109	
1303	-1.29109	
1304	-1.28838	
1305	-1.28262	
1306	-1.28129	
1307	-1.27924	
1308	-1.27501	
1309	-1.27394	
1310	-1.27113	
1311	-1.26843	
1312	-1.26456	
1313	-1.26206	
1314	-1.26141	
1315	-1.25871	
1316	-1.25578	
1317	-1.25504	
1318	-1.25269	
1319	-1.25333	
1320	-1.25052	
1321	-1.25011	
1322	-1.24737	
1323	-1.24623	
1324	-1.24793	
1325	-1.24397	
1326	-1.24343	
1327	-1.24412	
1328	-1.24585	
1329	-1.24831	
1330	-1.24837	
1331	-1.24763	
1332	-1.2466	
1333	-1.25148	
1334	-1.24952	
1335	-1.25313	
1336	-1.25307	
1337	-1.25786	
1338	-1.25793	
1339	-1.25934	
1340	-1.26761	
1341	-1.26625	
1342	-1.26906	
1343	-1.27173	
1344	-1.27276	
1345	-1.27132	
1346	-1.27977	
1347	-1.27974	
1348	-1.2822	
1349	-1.28688	
1350	-1.28268	
1351	-1.28781	
1352	-1.28444	
1353	-1.2912	
1354	-1.29316	
1355	-1.2918	
1356	-1.29384	
1357	-1.29622	
1358	-1.29656	
1359	-1.29567	
1360	-1.29692	
1361	-1.29941	
1362	-1.3016	
1363	-1.29949	
1364	-1.30299	
1365	-1.30415	
1366	-1.30703	
1367	-1.30846	
1368	-1.31255	
1369	-1.31438	
1370	-1.31771	
1371	-1.32584	
1372	-1.32424	
1373	-1.32993	
1374	-1.3305	
1375	-1.33862	
1376	-1.34522	
1377	-1.34552	
1378	-1.35106	
1379	-1.35141	
1380	-1.3567	
1381	-1.36361	
1382	-1.36162	
1383	-1.36705	
1384	-1.36722	
1385	-1.37213	
1386	-1.37578	
1387	-1.37439	
1388	-1.38173	
1389	-1.37933	
1390	-1.38235	
1391	-1.38513	
1392	-1.38372	
1393	-1.38529	
1394	-1.3805	
1395	-1.38332	
1396	-1.38387	
1397	-1.38251	
1398	-1.38252	
1399	-1.37627	
1400	-1.3769	
1401	-1.37786	
1402	-1.3781	
1403	-1.37185	
1404	-1.36887	
1405	-1.36816	
1406	-1.36989	
1407	-1.36589	
1408	-1.36405	
1409	-1.36069	
1410	-1.35892	
1411	-1.35404	
1412	-1.35681	
1413	-1.35595	
1414	-1.35618	
1415	-1.35327	
1416	-1.35517	
1417	-1.35719	
1418	-1.35651	
1419	-1.35925	
1420	-1.35774	
1421	-1.35976	
1422	-1.36155	
1423	-1.3615	
1424	-1.36743	
1425	-1.36525	
1426	-1.36792	
1427	-1.36997	
1428	-1.36998	
1429	-1.37234	
1430	-1.3721	
1431	-1.3744	
1432	-1.37595	
1433	-1.37452	
1434	-1.37165	
1435	-1.37281	
1436	-1.37372	
1437	-1.37193	
1438	-1.37046	
1439	-1.36614	
1440	-1.36764	
1441	-1.36371	
1442	-1.36533	
1443	-1.36161	
1444	-1.3583	
1445	-1.35838	
1446	-1.35231	
1447	-1.3519	
1448	-1.34892	
1449	-1.34704	
1450	-1.34484	
1451	-1.33699	
1452	-1.33671	
1453	-1.33382	
1454	-1.33177	
1455	-1.32948	
1456	-1.3257	
1457	-1.31993	
1458	-1.32342	
1459	-1.3216	
1460	-1.31995	
1461	-1.31773	
1462	-1.31311	
1463	-1.31726	
1464	-1.31458	
1465	-1.31714	
1466	-1.31639	
1467	-1.31393	
1468	-1.31769	
1469	-1.31854	
1470	-1.32128	
1471	-1.32049	
1472	-1.32071	
1473	-1.3255	
1474	-1.32385	
1475	-1.3277	
1476	-1.32152	
1477	-1.3222	
1478	-1.32886	
1479	-1.32988	
1480	-1.32589	
1481	-1.32964	
1482	-1.32738	
1483	-1.32615	
1484	-1.32534	
1485	-1.32552	
1486	-1.31986	
1487	-1.31995	
1488	-1.31857	
1489	-1.31899	
1490	-1.3166	
1491	-1.31448	
1492	-1.31125	
1493	-1.30882	
1494	-1.30436	
1495	-1.30245	
1496	-1.301	
1497	-1.29456	
1498	-1.29125	
1499	-1.28509	
1500	-1.27842	
1501	-1.27161	
1502	-1.27006	
1503	-1.26243	
1504	-1.25897	
1505	-1.24971	
1506	-1.24373	
1507	-1.23809	
1508	-1.23161	
1509	-1.22994	
1510	-1.22547	
1511	-1.21585	
1512	-1.21219	
1513	-1.20867	
1514	-1.20821	
1515	-1.20315	
1516	-1.19989	
1517	-1.19592	
1518	-1.1977	
1519	-1.19526	
1520	-1.19692	
1521	-1.19615	
1522	-1.19605	
1523	-1.19547	
1524	-1.20292	
1525	-1.20425	
1526	-1.20846	
1527	-1.20741	
1528	-1.21176	
1529	-1.21412	
1530	-1.21431	
1531	-1.2166	
1532	-1.22225	
1533	-1.22687	
1534	-1.22685	
1535	-1.22782	
1536	-1.22945	
1537	-1.22529	
1538	-1.2326	
1539	-1.22697	
1540	-1.22665	
1541	-1.22671	
1542	-1.22562	
1543	-1.22608	
1544	-1.22363	
1545	-1.22046	
1546	-1.21519	
1547	-1.21438	
1548	-1.21171	
1549	-1.20644	
1550	-1.20492	
1551	-1.19945	
1552	-1.1945	
1553	-1.19415	
1554	-1.19086	
1555	-1.18621	
1556	-1.1806	
1557	-1.1758	
1558	-1.17465	
1559	-1.17393	
1560	-1.16954	
1561	-1.16556	
1562	-1.16041	
1563	-1.16307	
1564	-1.16257	
1565	-1.161	
1566	-1.15893	
1567	-1.15509	
1568	-1.15971	
1569	-1.16067	
1570	-1.1605	
1571	-1.156	
1572	-1.15988	
1573	-1.16043	
1574	-1.15988	
1575	-1.1602	
1576	-1.15803	
1577	-1.15663	
1578	-1.15967	
1579	-1.16388	
1580	-1.16195	
1581	-1.16455	
1582	-1.16279	
1583	-1.16125	
1584	-1.16403	
1585	-1.16153	
1586	-1.16816	
1587	-1.16827	
1588	-1.16681	
1589	-1.16509	
1590	-1.16995	
1591	-1.17031	
1592	-1.17089	
1593	-1.16728	
1594	-1.16711	
1595	-1.16854	
1596	-1.16777	
1597	-1.17042	
1598	-1.1646	
1599	-1.16363	
1600	-1.1618	
1601	-1.16314	
1602	-1.16609	
1603	-1.1599	
1604	-1.15917	
1605	-1.15563	
1606	-1.15731	
1607	-1.15619	
1608	-1.15253	
1609	-1.1563	
1610	-1.15184	
1611	-1.15307	
1612	-1.1506	
1613	-1.14894	
1614	-1.15395	
1615	-1.15296	
1616	-1.15393	
1617	-1.15416	
1618	-1.15223	
1619	-1.15821	
1620	-1.15807	
1621	-1.16038	
1622	-1.16145	
1623	-1.16263	
1624	-1.16547	
1625	-1.16815	
1626	-1.1698	
1627	-1.17395	
1628	-1.17004	
1629	-1.17515	
1630	-1.17789	
1631	-1.18328	
1632	-1.18427	
1633	-1.18012	
1634	-1.18712	
1635	-1.18679	
1636	-1.18864	
1637	-1.19222	
1638	-1.18951	
1639	-1.19198	
1640	-1.19267	
1641	-1.1943	
1642	-1.19764	
1643	-1.19096	
1644	-1.19288	
1645	-1.1927	
1646	-1.1963	
1647	-1.19883	
1648	-1.19267	
1649	-1.19719	
1650	-1.19756	
1651	-1.20125	
1652	-1.20481	
1653	-1.20055	
1654	-1.20576	
1655	-1.20529	
1656	-1.20733	
1657	-1.20927	
1658	-1.21347	
1659	-1.2183	
1660	-1.219	
1661	-1.22818	
1662	-1.22943	
1663	-1.2269	
1664	-1.23496	
1665	-1.23326	
1666	-1.24587	
1667	-1.24205	
1668	-1.2414	
1669	-1.2454	
1670	-1.24869	
1671	-1.25471	
1672	-1.25585	
1673	-1.25316	
1674	-1.25464	
1675	-1.25914	
1676	-1.262	
1677	-1.2621	
1678	-1.25971	
1679	-1.26228	
1680	-1.26253	
1681	-1.26632	
1682	-1.2704	
1683	-1.26822	
1684	-1.26895	
1685	-1.26588	
1686	-1.27194	
1687	-1.27605	
1688	-1.276	
1689	-1.27587	
1690	-1.28094	
1691	-1.28357	
1692	-1.28731	
1693	-1.28962	
1694	-1.29287	
1695	-1.29742	
1696	-1.30201	
1697	-1.30725	
1698	-1.309	
1699	-1.31504	
1700	-1.32091	
1701	-1.32343	
1702	-1.3291	
1703	-1.33433	
1704	-1.339	
1705	-1.33715	
1706	-1.34498	
1707	-1.35113	
1708	-1.35623	
1709	-1.35036	
1710	-1.35582	
1711	-1.35574	
1712	-1.36001	
1713	-1.36565	
1714	-1.36476	
1715	-1.36504	
1716	-1.36641	
1717	-1.36944	
1718	-1.36925	
1719	-1.36762	
1720	-1.3649	
1721	-1.36556	
1722	-1.3642	
1723	-1.36446	
1724	-1.36044	
1725	-1.35794	
1726	-1.35981	
1727	-1.35715	
1728	-1.35512	
1729	-1.35105	
1730	-1.34867	
1731	-1.35043	
1732	-1.34581	
1733	-1.34444	
1734	-1.34409	
1735	-1.34544	
1736	-1.34486	
1737	-1.34238	
1738	-1.3404	
1739	-1.33746	
1740	-1.34141	
1741	-1.34321	
1742	-1.34358	
1743	-1.34365	
1744	-1.34435	
1745	-1.33696	
1746	-1.3446	
1747	-1.3451	
1748	-1.35081	
1749	-1.34712	
1750	-1.34412	
1751	-1.34795	
1752	-1.34802	
1753	-1.34768	
1754	-1.34608	
1755	-1.34328	
1756	-1.33984	
1757	-1.34117	
1758	-1.34074	
1759	-1.3373	
1760	-1.33872	
1761	-1.33582	
1762	-1.33453	
1763	-1.33503	
1764	-1.33642	
1765	-1.3259	
1766	-1.33023	
1767	-1.32785	
1768	-1.32659	
1769	-1.32831	
1770	-1.321	
1771	-1.32429	
1772	-1.32069	
1773	-1.3188	
1774	-1.32187	
1775	-1.31721	
1776	-1.31492	
1777	-1.31478	
1778	-1.31339	
1779	-1.3146	
1780	-1.31327	
1781	-1.30912	
1782	-1.31064	
1783	-1.30921	
1784	-1.31069	
1785	-1.30866	
1786	-1.3053	
1787	-1.30294	
1788	-1.30474	
1789	-1.30634	
1790	-1.30365	
1791	-1.29822	
1792	-1.29979	
1793	-1.29837	
1794	-1.30024	
1795	-1.30087	
1796	-1.2977	
1797	-1.29929	
1798	-1.29806	
1799	-1.30095	
1800	-1.30316	
1801	-1.3011	
1802	-1.30432	
1803	-1.30371	
1804	-1.30611	
1805	-1.30839	
1806	-1.30761	
1807	-1.30842	
1808	-1.30776	
1809	-1.31143	
1810	-1.3101	
1811	-1.31222	
1812	-1.30914	
1813	-1.30672	
1814	-1.30889	
1815	-1.30605	
1816	-1.30586	
1817	-1.30432	
1818	-1.29818	
1819	-1.29722	
1820	-1.2946	
1821	-1.29501	
1822	-1.28876	
1823	-1.28375	
1824	-1.28229	
1825	-1.27756	
1826	-1.2811	
1827	-1.27498	
1828	-1.26862	
1829	-1.26869	
1830	-1.2648	
1831	-1.26655	
1832	-1.26212	
1833	-1.26235	
1834	-1.25995	
1835	-1.2588	
1836	-1.25966	
1837	-1.25703	
1838	-1.25812	
1839	-1.25628	
1840	-1.25542	
1841	-1.25836	
1842	-1.25444	
1843	-1.2539	
1844	-1.25512	
1845	-1.25547	
1846	-1.25673	
1847	-1.25044	
1848	-1.25115	
1849	-1.25055	
1850	-1.24852	
1851	-1.24687	
1852	-1.2452	
1853	-1.24312	
1854	-1.24049	
1855	-1.23878	
1856	-1.23421	
1857	-1.23008	
1858	-1.22625	
1859	-1.22494	
1860	-1.22017	
1861	-1.21568	
1862	-1.20913	
1863	-1.20881	
1864	-1.20615	
1865	-1.20221	
1866	-1.19618	
1867	-1.19448	
1868	-1.19012	
1869	-1.18844	
1870	-1.18616	
1871	-1.1835	
1872	-1.18339	
1873	-1.17923	
1874	-1.17568	
1875	-1.17674	
1876	-1.17612	
1877	-1.1762	
1878	-1.17398	
1879	-1.17396	
1880	-1.17365	
1881	-1.17662	
1882	-1.17767	
1883	-1.1753	
1884	-1.17701	
1885	-1.1775	
1886	-1.18086	
1887	-1.18198	
1888	-1.18753	
1889	-1.18845	
1890	-1.18629	
1891	-1.19089	
1892	-1.19255	
1893	-1.19253	
1894	-1.19788	
1895	-1.19524	
1896	-1.2015	
1897	-1.20242	
1898	-1.20448	
1899	-1.21136	
1900	-1.20883	
1901	-1.21409	
1902	-1.21899	
1903	-1.22246	
1904	-1.22958	
1905	-1.22651	
1906	-1.23404	
1907	-1.23983	
1908	-1.2405	
1909	-1.24581	
1910	-1.24448	
1911	-1.2501	
1912	-1.25333	
1913	-1.25582	
1914	-1.25903	
1915	-1.25665	
1916	-1.25977	
1917	-1.26272	
1918	-1.26221	
1919	-1.26292	
1920	-1.25657	
1921	-1.25973	
1922	-1.26057	
1923	-1.25702	
1924	-1.26059	
1925	-1.25199	
1926	-1.25318	
1927	-1.25535	
1928	-1.25189	
1929	-1.25446	
1930	-1.25144	
1931	-1.25307	
1932	-1.25611	
1933	-1.25338	
1934	-1.25972	
1935	-1.25868	
1936	-1.26232	
1937	-1.26665	
1938	-1.26668	
1939	-1.27478	
1940	-1.27443	
1941	-1.27831	
1942	-1.28436	
1943	-1.28434	
1944	-1.2937	
1945	-1.29374	
1946	-1.29796	
1947	-1.30232	
1948	-1.30403	
1949	-1.3107	
1950	-1.30759	
1951	-1.30961	
1952	-1.31379	
1953	-1.31593	
1954	-1.32149	
1955	-1.31516	
1956	-1.31717	
1957	-1.31986	
1958	-1.31868	
1959	-1.32169	
1960	-1.31418	
1961	-1.31535	
1962	-1.31504	
1963	-1.31302	
1964	-1.31549	
1965	-1.30994	
1966	-1.30648	
1967	-1.30551	
1968	-1.30224	
1969	-1.30187	
1970	-1.29705	
1971	-1.29386	
1972	-1.28947	
1973	-1.28264	
1974	-1.28319	
1975	-1.28011	
1976	-1.27532	
1977	-1.274	
1978	-1.26672	
1979	-1.26852	
1980	-1.26769	
1981	-1.26542	
1982	-1.26251	
1983	-1.25827	
1984	-1.25999	
1985	-1.26208	
1986	-1.2636	
1987	-1.26414	
1988	-1.26383	
1989	-1.26886	
1990	-1.27203	
1991	-1.27652	
1992	-1.27996	
1993	-1.28126	
1994	-1.28594	
1995	-1.29211	
1996	-1.2977	
1997	-1.29978	
1998	-1.30333	
1999	-1.30838	
2000	-1.31079	
2001	-1.31502	
2002	-1.31651	
2003	-1.31546	
2004	-1.31893	
2005	-1.31948	
2006	-1.32145	
2007	-1.32025	
2008	-1.31467	
2009	-1.3179	
2010	-1.31489	
2011	-1.31385	
2012	-1.30941	
2013	-1.30117	
2014	-1.29829	
2015	-1.29177	
2016	-1.29055	
2017	-1.28369	
2018	-1.27759	
2019	-1.27134	
2020	-1.26482	
2021	-1.25883	
2022	-1.25392	
2023	-1.24934	
2024	-1.24305	
2025	-1.23877	
2026	-1.22986	
2027	-1.22612	
2028	-1.22322	
2029	-1.21849	
2030	-1.21129	
2031	-1.20914	
2032	-1.2074	
2033	-1.19977	
2034	-1.19698	
2035	-1.19555	
2036	-1.19088	
2037	-1.18875	
2038	-1.18565	
2039	-1.18234	
2040	-1.18273	
2041	-1.18071	
2042	-1.17767	
2043	-1.17989	
2044	-1.17255	
2045	-1.18028	
2046	-1.18173	
2047	-1.17835	
2048	-1.17955	
2049	-1.18267	
2050	-1.18303	
2051	-1.18817	
2052	-1.18792	
2053	-1.19031	
2054	-1.19663	
2055	-1.19858	
2056	-1.20029	
2057	-1.20412	
2058	-1.20394	
2059	-1.20434	
2060	-1.20215	
2061	-1.20817	
2062	-1.20711	
2063	-1.20478	
2064	-1.20443	
2065	-1.20073	
2066	-1.20233	
2067	-1.20288	
2068	-1.20027	
2069	-1.19796	
2070	-1.19438	
2071	-1.19371	
2072	-1.19304	
2073	-1.19083	
2074	-1.18805	
2075	-1.18581	
2076	-1.18537	
2077	-1.18807	
2078	-1.18149	
2079	-1.18021	
2080	-1.18277	
2081	-1.18143	
2082	-1.183	
2083	-1.18722	
2084	-1.18821	
2085	-1.18527	
2086	-1.18903	
2087	-1.19245	
2088	-1.19223	
2089	-1.19182	
2090	-1.19009	
2091	-1.19093	
2092	-1.19586	
2093	-1.19786	
2094	-1.19401	
2095	-1.19727	
2096	-1.19555	
2097	-1.19876	
2098	-1.19979	
2099	-1.19756	
2100	-1.2004	
2101	-1.19615	
2102	-1.19985	
2103	-1.19642	
2104	-1.19617	
2105	-1.19549	
2106	-1.19542	
2107	-1.19812	
2108	-1.19595	
2109	-1.19318	
2110	-1.19201	
2111	-1.19422	
2112	-1.19273	
2113	-1.19183	
2114	-1.18665	
2115	-1.18846	
2116	-1.18883	
2117	-1.1927	
2118	-1.19187	
2119	-1.18647	
2120	-1.18722	
2121	-1.19083	
2122	-1.19082	
2123	-1.18969	
2124	-1.18467	
2125	-1.19103	
2126	-1.19143	
2127	-1.19568	
2128	-1.1946	
2129	-1.18868	
2130	-1.19615	
2131	-1.19835	
2132	-1.20481	
2133	-1.20598	
2134	-1.20146	
2135	-1.20701	
2136	-1.21206	
2137	-1.21909	
2138	-1.2175	
2139	-1.21758	
2140	-1.2219	
2141	-1.22833	
2142	-1.23355	
2143	-1.2333	
2144	-1.2305	
2145	-1.23552	
2146	-1.23777	
2147	-1.24334	
2148	-1.23854	
2149	-1.23851	
2150	-1.24035	
2151	-1.24018	
2152	-1.24117	
2153	-1.23864	
2154	-1.24183	
2155	-1.24139	
2156	-1.24189	
2157	-1.2444	
2158	-1.24041	
2159	-1.24165	
2160	-1.24457	
2161	-1.24561	
2162	-1.24804	
2163	-1.24529	
2164	-1.24599	
2165	-1.25356	
2166	-1.25245	
2167	-1.25744	
2168	-1.25594	
2169	-1.26005	
2170	-1.26543	
2171	-1.26821	
2172	-1.27273	
2173	-1.27419	
2174	-1.28095	
2175	-1.29036	
2176	-1.29283	
2177	-1.3014	
2178	-1.30465	
2179	-1.31182	
2180	-1.32378	
2181	-1.33066	
2182	-1.3324	
2183	-1.33958	
2184	-1.34884	
2185	-1.35534	
2186	-1.35604	
2187	-1.36235	
2188	-1.36421	
2189	-1.3676	
2190	-1.37234	
2191	-1.37127	
2192	-1.37478	
2193	-1.37206	
2194	-1.3706	
2195	-1.37076	
2196	-1.36741	
2197	-1.3684	
2198	-1.36278	
2199	-1.35676	
2200	-1.35046	
2201	-1.34212	
2202	-1.3451	
2203	-1.34057	
2204	-1.3319	
2205	-1.32388	
2206	-1.31389	
2207	-1.31208	
2208	-1.3075	
2209	-1.29962	
2210	-1.29279	
2211	-1.28815	
2212	-1.28412	
2213	-1.28029	
2214	-1.27142	
2215	-1.26946	
2216	-1.26312	
2217	-1.26252	
2218	-1.26105	
2219	-1.25711	
2220	-1.2523	
2221	-1.25174	
2222	-1.25272	
2223	-1.24865	
2224	-1.24748	
2225	-1.24777	
2226	-1.24639	
2227	-1.24579	
2228	-1.25007	
2229	-1.2502	
2230	-1.24941	
2231	-1.2479	
2232	-1.24786	
2233	-1.24478	
2234	-1.25004	
2235	-1.24953	
2236	-1.25379	
2237	-1.25414	
2238	-1.25338	
2239	-1.2613	
2240	-1.26184	
2241	-1.26394	
2242	-1.26526	
2243	-1.26578	
2244	-1.27343	
2245	-1.27578	
2246	-1.27744	
2247	-1.28096	
2248	-1.28101	
2249	-1.28611	
2250	-1.28637	
2251	-1.28979	
2252	-1.29123	
2253	-1.29095	
2254	-1.28734	
2255	-1.28544	
2256	-1.28736	
2257	-1.28814	
2258	-1.28499	
2259	-1.28301	
2260	-1.27837	
2261	-1.27897	
2262	-1.27783	
2263	-1.27533	
2264	-1.27149	
2265	-1.26555	
2266	-1.2668	
2267	-1.26498	
2268	-1.26307	
2269	-1.25867	
2270	-1.25242	
2271	-1.25256	
2272	-1.25031	
2273	-1.25062	
2274	-1.24986	
2275	-1.24574	
2276	-1.24698	
2277	-1.24236	
2278	-1.24489	
2279	-1.24442	
2280	-1.24202	
2281	-1.24339	
2282	-1.24316	
2283	-1.24587	
2284	-1.24951	
2285	-1.24633	
2286	-1.24967	
2287	-1.24993	
2288	-1.25422	
2289	-1.25711	
2290	-1.26185	
2291	-1.26401	
2292	-1.26386	
2293	-1.26383	
2294	-1.26573	
2295	-1.26121	
2296	-1.2633	
2297	-1.2634	
2298	-1.26288	
2299	-1.26644	
2300	-1.26333	
2301	-1.26051	
2302	-1.25648	
2303	-1.25624	
2304	-1.2535	
2305	-1.24918	
2306	-1.24673	
2307	-1.24163	
2308	-1.23847	
2309	-1.22965	
2310	-1.22369	
2311	-1.22371	
2312	-1.2208	
2313	-1.21479	
2314	-1.20293	
2315	-1.19891	
2316	-1.20115	
2317	-1.19912	
2318	-1.19293	
2319	-1.18528	
2320	-1.18377	
2321	-1.18564	
2322	-1.1862	
2323	-1.18026	
2324	-1.18012	
2325	-1.17876	
2326	-1.17815	
2327	-1.18145	
2328	-1.17848	
2329	-1.17934	
2330	-1.18244	
2331	-1.18108	
2332	-1.18694	
2333	-1.1833	
2334	-1.18625	
2335	-1.18648	
2336	-1.18858	
2337	-1.1927	
2338	-1.19026	
2339	-1.19276	
2340	-1.19505	
2341	-1.19676	
2342	-1.20123	
2343	-1.19774	
2344	-1.19894	
2345	-1.20199	
2346	-1.20291	
2347	-1.2064	
2348	-1.2008	
2349	-1.20084	
2350	-1.20496	
2351	-1.20604	
2352	-1.20934	
2353	-1.20334	
2354	-1.20188	
2355	-1.20349	
2356	-1.20152	
2357	-1.20232	
2358	-1.1938	
2359	-1.19601	
2360	-1.19244	
2361	-1.18863	
2362	-1.18288	
2363	-1.18229	
2364	-1.18236	
2365	-1.18046	
2366	-1.17507	
2367	-1.17143	
2368	-1.16691	
2369	-1.16337	
2370	-1.16294	
2371	-1.16276	
2372	-1.15912	
2373	-1.15331	
2374	-1.14624	
2375	-1.14597	
2376	-1.14734	
2377	-1.13803	
2378	-1.13801	
2379	-1.13687	
2380	-1.12786	
2381	-1.12947	
2382	-1.12884	
2383	-1.12191	
2384	-1.12322	
2385	-1.12176	
2386	-1.12222	
2387	-1.12547	
2388	-1.12125	
2389	-1.12209	
2390	-1.12564	
2391	-1.12685	
2392	-1.1335	
2393	-1.13017	
2394	-1.1327	
2395	-1.14063	
2396	-1.14429	
2397	-1.14987	
2398	-1.15053	
2399	-1.15531	
2400	-1.16458	
2401	-1.16834	
2402	-1.1735	
2403	-1.18255	
2404	-1.18606	
2405	-1.18999	
2406	-1.19466	
2407	-1.1957	
2408	-1.20089	
2409	-1.20449	
2410	-1.21055	
2411	-1.20972	
2412	-1.2084	
2413	-1.20898	
2414	-1.21307	
2415	-1.21602	
2416	-1.21528	
2417	-1.21007	
2418	-1.2083	
2419	-1.20901	
2420	-1.21246	
2421	-1.20927	
2422	-1.20498	
2423	-1.2016	
2424	-1.20126	
2425	-1.2059	
2426	-1.2065	
2427	-1.20433	
2428	-1.19954	
2429	-1.20017	
2430	-1.20473	
2431	-1.20531	
2432	-1.20619	
2433	-1.20258	
2434	-1.20326	
2435	-1.20642	
2436	-1.20941	
2437	-1.20777	
2438	-1.20918	
2439	-1.20884	
2440	-1.21107	
2441	-1.20666	
2442	-1.20907	
2443	-1.20744	
2444	-1.2072	
2445	-1.20385	
2446	-1.20322	
2447	-1.20103	
2448	-1.20139	
2449	-1.19759	
2450	-1.19461	
2451	-1.19262	
2452	-1.18998	
2453	-1.18432	
2454	-1.18465	
2455	-1.18573	
2456	-1.18788	
2457	-1.18557	
2458	-1.18426	
2459	-1.18583	
2460	-1.18602	
2461	-1.1848	
2462	-1.18498	
2463	-1.1868	
2464	-1.18974	
2465	-1.18714	
2466	-1.18823	
2467	-1.18832	
2468	-1.18873	
2469	-1.19308	
2470	-1.19489	
2471	-1.19503	
2472	-1.19541	
2473	-1.19472	
2474	-1.19932	
2475	-1.20258	
2476	-1.20105	
2477	-1.20029	
2478	-1.20372	
2479	-1.20467	
2480	-1.20809	
2481	-1.20714	
2482	-1.20631	
2483	-1.206	
2484	-1.20837	
2485	-1.21354	
2486	-1.2104	
2487	-1.20868	
2488	-1.2059	
2489	-1.20913	
2490	-1.20983	
2491	-1.20704	
2492	-1.20231	
2493	-1.19981	
2494	-1.19928	
2495	-1.20117	
2496	-1.19603	
2497	-1.18997	
2498	-1.18511	
2499	-1.18252	
2500	-1.18089	
2501	-1.17486	
2502	-1.16983	
2503	-1.16338	
2504	-1.15814	
2505	-1.15537	
2506	-1.15139	
2507	-1.14768	
2508	-1.14357	
2509	-1.14021	
2510	-1.13311	
2511	-1.13358	
2512	-1.12975	
2513	-1.1257	
2514	-1.1235	
2515	-1.12039	
2516	-1.11648	
2517	-1.11469	
2518	-1.11369	
2519	-1.11261	
2520	-1.11016	
2521	-1.10943	
2522	-1.10867	
2523	-1.10762	
2524	-1.10777	
2525	-1.10738	
2526	-1.10857	
2527	-1.107	
2528	-1.1065	
2529	-1.1058	
2530	-1.10764	
2531	-1.10622	
2532	-1.10636	
2533	-1.10722	
2534	-1.10455	
2535	-1.1033	
2536	-1.10196	
2537	-1.10216	
2538	-1.09892	
2539	-1.09657	
2540	-1.0936	
2541	-1.09234	
2542	-1.08698	
2543	-1.08449	
2544	-1.08079	
2545	-1.0752	
2546	-1.07076	
2547	-1.06561	
2548	-1.06285	
2549	-1.05389	
2550	-1.04883	
2551	-1.04396	
2552	-1.04163	
2553	-1.03893	
2554	-1.02724	
2555	-1.02456	
2556	-1.02362	
2557	-1.01898	
2558	-1.01675	
2559	-1.01299	
2560	-1.00991	
2561	-1.00463	
2562	-1.00698	
2563	-1.00434	
2564	-1.00309	
2565	-1.00309	
2566	-1.00092	
2567	-0.998651	
2568	-1.00447	
2569	-1.0016	
2570	-1.00508	
2571	-1.00566	
2572	-1.00873	
2573	-1.01313	
2574	-1.01267	
2575	-1.01462	
2576	-1.01873	
2577	-1.02136	
2578	-1.02428	
2579	-1.03211	
2580	-1.03779	
2581	-1.03862	
2582	-1.0422	
2583	-1.04489	
2584	-1.05174	
2585	-1.06159	
2586	-1.05798	
2587	-1.06125	
2588	-1.06945	
2589	-1.07636	
2590	-1.08256	
2591	-1.07908	
2592	-1.08849	
2593	-1.09084	
2594	-1.09773	
2595	-1.10431	
2596	-1.10368	
2597	-1.11102	
2598	-1.1149	
2599	-1.11976	
2600	-1.12885	
2601	-1.12922	
2602	-1.13272	
2603	-1.13747	
2604	-1.14393	
2605	-1.15105	
2606	-1.14985	
2607	-1.15383	
2608	-1.15694	
2609	-1.16127	
2610	-1.16718	
2611	-1.16903	
2612	-1.17061	
2613	-1.17123	
2614	-1.17703	
2615	-1.18106	
2616	-1.18339	
2617	-1.18429	
2618	-1.1866	
2619	-1.19217	
2620	-1.19527	
2621	-1.1935	
2622	-1.19512	
2623	-1.20005	
2624	-1.2018	
2625	-1.20628	
2626	-1.20337	
2627	-1.20522	
2628	-1.20899	
2629	-1.21291	
2630	-1.21617	
2631	-1.21242	
2632	-1.21287	
2633	-1.21795	
2634	-1.21838	
2635	-1.22279	
2636	-1.22037	
2637	-1.22098	
2638	-1.22419	
2639	-1.22592	
2640	-1.231	
2641	-1.23051	
2642	-1.23242	
2643	-1.23215	
2644	-1.23869	
2645	-1.24234	
2646	-1.24281	
2647	-1.24873	
2648	-1.24706	
2649	-1.25296	
2650	-1.25972	
2651	-1.2605	
2652	-1.26179	
2653	-1.26386	
2654	-1.26906	
2655	-1.2751	
2656	-1.27683	
2657	-1.2766	
2658	-1.27687	
2659	-1.28126	
2660	-1.28243	
2661	-1.28891	
2662	-1.28501	
2663	-1.28719	
2664	-1.28824	
2665	-1.29159	
2666	-1.291	
2667	-1.29353	
2668	-1.29317	
2669	-1.29501	
2670	-1.2959	
2671	-1.29633	
2672	-1.29657	
2673	-1.29737	
2674	-1.29908	
2675	-1.29799	
2676	-1.29922	
2677	-1.29875	
2678	-1.29705	
2679	-1.29973	
2680	-1.29903	
2681	-1.29998	
2682	-1.29868	
2683	-1.29583	
2684	-1.29825	
2685	-1.2972	
2686	-1.29928	
2687	-1.29723	
2688	-1.29346	
2689	-1.2948	
2690	-1.29279	
2691	-1.29479	
2692	-1.29218	
2693	-1.28834	
2694	-1.28967	
2695	-1.28835	
2696	-1.28781	
2697	-1.2858	
2698	-1.2807	
2699	-1.28309	
2700	-1.27967	
2701	-1.27976	
2702	-1.27803	
2703	-1.27365	
2704	-1.27078	
2705	-1.27089	
2706	-1.26983	
2707	-1.26938	
2708	-1.2679	
2709	-1.26365	
2710	-1.26054	
2711	-1.25715	
2712	-1.25426	
2713	-1.24811	
2714	-1.24925	
2715	-1.24355	
2716	-1.24149	
2717	-1.23774	
2718	-1.23307	
2719	-1.23422	
2720	-1.23125	
2721	-1.22616	
2722	-1.22825	
2723	-1.22462	
2724	-1.22528	
2725	-1.21917	
2726	-1.21744	
2727	-1.21852	
2728	-1.21313	
2729	-1.21447	
2730	-1.20821	
2731	-1.20945	
2732	-1.2123	
2733	-1.20651	
2734	-1.20455	
2735	-1.20096	
2736	-1.20244	
2737	-1.20698	
2738	-1.19913	
2739	-1.20138	
2740	-1.19787	
2741	-1.20046	
2742	-1.20059	
2743	-1.19654	
2744	-1.19801	
2745	-1.19209	
2746	-1.19627	
2747	-1.19624	
2748	-1.19235	
2749	-1.18995	
2750	-1.18521	
2751	-1.18847	
2752	-1.1889	
2753	-1.18059	
2754	-1.18112	
2755	-1.17331	
2756	-1.17897	
2757	-1.1792	
2758	-1.17354	
2759	-1.16833	
2760	-1.16519	
2761	-1.16728	
2762	-1.16855	
2763	-1.16592	
2764	-1.15754	
2765	-1.15976	
2766	-1.15951	
2767	-1.16608	
2768	-1.16107	
2769	-1.15288	
2770	-1.15398	
2771	-1.15592	
2772	-1.16217	
2773	-1.15966	
2774	-1.1541	
2775	-1.15713	
2776	-1.15864	
2777	-1.16505	
2778	-1.16315	
2779	-1.16081	
2780	-1.16509	
2781	-1.16644	
2782	-1.17127	
2783	-1.16949	
2784	-1.17534	
2785	-1.17379	
2786	-1.17703	
2787	-1.18041	
2788	-1.18196	
2789	-1.18182	
2790	-1.18444	
2791	-1.18714	
2792	-1.19134	
2793	-1.19216	
2794	-1.18662	
2795	-1.19328	
2796	-1.19495	
2797	-1.1974	
2798	-1.1966	
2799	-1.19405	
2800	-1.20045	
2801	-1.20023	
2802	-1.20223	
2803	-1.20231	
2804	-1.1974	
2805	-1.20394	
2806	-1.20535	
2807	-1.20688	
2808	-1.20836	
2809	-1.20581	
2810	-1.21234	
2811	-1.21197	
2812	-1.21764	
2813	-1.22026	
2814	-1.21946	
2815	-1.2242	
2816	-1.22652	
2817	-1.23437	
2818	-1.23342	
2819	-1.23738	
2820	-1.24414	
2821	-1.25393	
2822	-1.25235	
2823	-1.25678	
2824	-1.26308	
2825	-1.26733	
2826	-1.27082	
2827	-1.27884	
2828	-1.28421	
2829	-1.28913	
2830	-1.29374	
2831	-1.29645	
2832	-1.29899	
2833	-1.30655	
2834	-1.31108	
2835	-1.31732	
2836	-1.3222	
2837	-1.32387	
2838	-1.3284	
2839	-1.33079	
2840	-1.34028	
2841	-1.33933	
2842	-1.34409	
2843	-1.3458	
2844	-1.35308	
2845	-1.35892	
2846	-1.35805	
2847	-1.36087	
2848	-1.36668	
2849	-1.36637	
2850	-1.37019	
2851	-1.3715	
2852	-1.37443	
2853	-1.37761	
2854	-1.37421	
2855	-1.37484	
2856	-1.37458	
2857	-1.37654	
2858	-1.37495	
2859	-1.37106	
2860	-1.37037	
2861	-1.36593	
2862	-1.36751	
2863	-1.3624	
2864	-1.36223	
2865	-1.35729	
2866	-1.353	
2867	-1.34908	
2868	-1.34555	
2869	-1.34093	
2870	-1.33788	
2871	-1.33442	
2872	-1.335	
2873	-1.32651	
2874	-1.32452	
2875	-1.32043	
2876	-1.31374	
2877	-1.31448	
2878	-1.30409	
2879	-1.30089	
2880	-1.2958	
2881	-1.292	
2882	-1.28946	
2883	-1.28427	
2884	-1.28291	
2885	-1.28245	
2886	-1.27824	
2887	-1.27334	
2888	-1.27001	
2889	-1.26594	
2890	-1.26351	
2891	-1.26027	
2892	-1.25833	
2893	-1.25598	
2894	-1.25147	
2895	-1.2496	
2896	-1.24818	
2897	-1.24622	
2898	-1.24206	
2899	-1.24104	
2900	-1.24046	
2901	-1.23704	
2902	-1.23947	
2903	-1.23517	
2904	-1.23659	
2905	-1.23723	
2906	-1.23392	
2907	-1.23506	
2908	-1.23189	
2909	-1.23514	
2910	-1.23395	
2911	-1.23274	
2912	-1.23612	
2913	-1.23332	
2914	-1.23717	
2915	-1.23832	
2916	-1.23718	
2917	-1.24223	
2918	-1.2399	
2919	-1.24568	
2920	-1.24495	
2921	-1.24785	
2922	-1.2508	
2923	-1.24948	
2924	-1.25313	
2925	-1.25296	
2926	-1.25283	
2927	-1.25815	
2928	-1.25823	
2929	-1.25896	
2930	-1.25879	
2931	-1.25759	
2932	-1.25935	
2933	-1.25841	
2934	-1.25664	
2935	-1.25071	
2936	-1.24772	
2937	-1.24956	
2938	-1.24492	
2939	-1.24148	
2940	-1.23794	
2941	-1.23632	
2942	-1.23657	
2943	-1.23006	
2944	-1.2241	
2945	-1.22157	
2946	-1.21975	
2947	-1.22456	
2948	-1.21946	
2949	-1.21923	
2950	-1.21699	
2951	-1.21828	
2952	-1.21879	
2953	-1.21993	
2954	-1.22374	
2955	-1.22791	
2956	-1.2285	
2957	-1.23039	
2958	-1.23545	
2959	-1.23978	
2960	-1.24246	
2961	-1.24644	
2962	-1.25259	
2963	-1.25706	
2964	-1.26079	
2965	-1.26191	
2966	-1.26736	
2967	-1.26681	
2968	-1.27226	
2969	-1.27355	
2970	-1.27119	
2971	-1.27325	
2972	-1.27132	
2973	-1.27301	
2974	-1.2713	
2975	-1.26751	
2976	-1.26638	
2977	-1.26479	
2978	-1.26376	
2979	-1.25876	
2980	-1.25285	
2981	-1.25086	
2982	-1.24721	
2983	-1.2442	
2984	-1.2371	
2985	-1.23047	
2986	-1.23064	
2987	-1.2308	
2988	-1.22517	
2989	-1.22205	
2990	-1.21652	
2991	-1.21872	
2992	-1.22053	
2993	-1.21956	
2994	-1.21866	
2995	-1.21374	
2996	-1.21993	
2997	-1.22084	
2998	-1.22509	
2999	-1.22741	
3000	-1.22695	
3001	-1.23281	
3002	-1.23817	
3003	-1.24261	
3004	-1.24853	
3005	-1.25215	
3006	-1.2582	
3007	-1.2622	
3008	-1.2631	
3009	-1.2744	
3010	-1.27583	
3011	-1.27816	
3012	-1.28139	
3013	-1.28622	
3014	-1.29827	
3015	-1.2971	
3016	-1.30084	
3017	-1.30079	
3018	-1.31002	
3019	-1.31216	
3020	-1.31118	
3021	-1.31604	
3022	-1.31351	
3023	-1.31549	
3024	-1.31907	
3025	-1.31468	
3026	-1.3104	
3027	-1.31263	
3028	-1.31222	
3029	-1.31232	
3030	-1.30709	
3031	-1.30159	
3032	-1.3006	
3033	-1.29796	
3034	-1.29612	
3035	-1.28829	
3036	-1.28686	
3037	-1.28433	
3038	-1.28361	
3039	-1.28007	
3040	-1.27383	
3041	-1.26947	
3042	-1.26757	
3043	-1.26591	
3044	-1.26109	
3045	-1.25796	
3046	-1.25565	
3047	-1.25324	
3048	-1.25437	
3049	-1.24868	
3050	-1.24753	
3051	-1.24726	
3052	-1.24769	
3053	-1.25181	
3054	-1.24636	
3055	-1.24492	
3056	-1.24554	
3057	-1.24771	
3058	-1.24815	
3059	-1.24738	
3060	-1.24582	
3061	-1.24656	
3062	-1.24818	
3063	-1.25047	
3064	-1.2465	
3065	-1.24586	
3066	-1.24315	
3067	-1.24558	
3068	-1.24509	
3069	-1.23995	
3070	-1.23822	
3071	-1.23645	
3072	-1.23515	
3073	-1.2369	
3074	-1.23232	
3075	-1.23078	
3076	-1.2281	
3077	-1.22442	
3078	-1.2205	
3079	-1.21927	
3080	-1.21757	
3081	-1.20954	
3082	-1.21023	
3083	-1.20943	
3084	-1.20365	
3085	-1.20486	
3086	-1.19919	
3087	-1.19987	
3088	-1.19784	
3089	-1.19427	
3090	-1.19613	
3091	-1.19475	
3092	-1.19439	
3093	-1.19782	
3094	-1.19623	
3095	-1.20146	
3096	-1.20318	
3097	-1.20477	
3098	-1.20837	
3099	-1.21033	
3100	-1.21427	
3101	-1.216	
3102	-1.22035	
3103	-1.2284	
3104	-1.22929	
3105	-1.23279	
3106	-1.2333	
3107	-1.23655	
3108	-1.24544	
3109	-1.24516	
3110	-1.25081	
3111	-1.25252	
3112	-1.25606	
3113	-1.25974	
3114	-1.26054	
3115	-1.26413	
3116	-1.26574	
3117	-1.26813	
3118	-1.27217	
3119	-1.27025	
3120	-1.27149	
3121	-1.27452	
3122	-1.27267	
3123	-1.27424	
3124	-1.26814	
3125	-1.27068	
3126	-1.2667	
3127	-1.26725	
3128	-1.26454	
3129	-1.25857	
3130	-1.2564	
3131	-1.25379	
3132	-1.25039	
3133	-1.24778	
3134	-1.23983	
3135	-1.2368	
3136	-1.23181	
3137	-1.22788	
3138	-1.22361	
3139	-1.21796	
3140	-1.21166	
3141	-1.20723	
3142	-1.20525	
3143	-1.20195	
3144	-1.1934	
3145	-1.1919	
3146	-1.18513	
3147	-1.18388	
3148	-1.17687	
3149	-1.17247	
3150	-1.16756	
3151	-1.16331	
3152	-1.1595	
3153	-1.16117	
3154	-1.15775	
3155	-1.15623	
3156	-1.15449	
3157	-1.15111	
3158	-1.15135	
3159	-1.1493	
3160	-1.14836	
3161	-1.14709	
3162	-1.14626	
3163	-1.14985	
3164	-1.14944	
3165	-1.14973	
3166	-1.14981	
3167	-1.15058	
3168	-1.15386	
3169	-1.15564	
3170	-1.15693	
3171	-1.15861	
3172	-1.15828	
3173	-1.16407	
3174	-1.16351	
3175	-1.16581	
3176	-1.16926	
3177	-1.16915	
3178	-1.17302	
3179	-1.17642	
3180	-1.17684	
3181	-1.17961	
3182	-1.17822	
3183	-1.18453	
3184	-1.18744	
3185	-1.18915	
3186	-1.18819	
3187	-1.18935	
3188	-1.19264	
3189	-1.19835	
3190	-1.19827	
3191	-1.19719	
3192	-1.19684	
3193	-1.20024	
3194	-1.2081	
3195	-1.20807	
3196	-1.20639	
3197	-1.20685	
3198	-1.21142	
3199	-1.21414	
3200	-1.21311	
3201	-1.21252	
3202	-1.2117	
3203	-1.21337	
3204	-1.21458	
3205	-1.21441	
3206	-1.21272	
3207	-1.21034	
3208	-1.21412	
3209	-1.20923	
3210	-1.20713	
3211	-1.20633	
3212	-1.20248	
3213	-1.20246	
3214	-1.19921	
3215	-1.19832	
3216	-1.19391	
3217	-1.19346	
3218	-1.1929	
3219	-1.19023	
3220	-1.18748	
3221	-1.18904	
3222	-1.18788	
3223	-1.18598	
3224	-1.18684	
3225	-1.18293	
3226	-1.18466	
3227	-1.18673	
3228	-1.18472	
3229	-1.18835	
3230	-1.18478	
3231	-1.18945	
3232	-1.18849	
3233	-1.19035	
3234	-1.19587	
3235	-1.19366	
3236	-1.19362	
3237	-1.19757	
3238	-1.20099	
3239	-1.20513	
3240	-1.20724	
3241	-1.20662	
3242	-1.21277	
3243	-1.21317	
3244	-1.21987	
3245	-1.21867	
3246	-1.21907	
3247	-1.22532	
3248	-1.22312	
3249	-1.22972	
3250	-1.23167	
3251	-1.23127	
3252	-1.23284	
3253	-1.23116	
3254	-1.23187	
3255	-1.22943	
3256	-1.22856	
3257	-1.22854	
3258	-1.22117	
3259	-1.22126	
3260	-1.21667	
3261	-1.21546	
3262	-1.21046	
3263	-1.20736	
3264	-1.20531	
3265	-1.19816	
3266	-1.19496	
3267	-1.18694	
3268	-1.18661	
3269	-1.18446	
3270	-1.17719	
3271	-1.17715	
3272	-1.17267	
3273	-1.17018	
3274	-1.17226	
3275	-1.16984	
3276	-1.17017	
3277	-1.17023	
3278	-1.16811	
3279	-1.171	
3280	-1.17008	
3281	-1.17289	
3282	-1.17403	
3283	-1.17608	
3284	-1.17985	
3285	-1.1803	
3286	-1.18626	
3287	-1.18951	
3288	-1.18985	
3289	-1.1972	
3290	-1.19901	
3291	-1.20502	
3292	-1.20774	
3293	-1.20775	
3294	-1.21109	
3295	-1.21541	
3296	-1.21844	
3297	-1.21905	
3298	-1.22026	
3299	-1.22356	
3300	-1.22738	
3301	-1.23099	
3302	-1.23401	
3303	-1.23235	
3304	-1.23916	
3305	-1.24203	
3306	-1.24205	
3307	-1.24226	
3308	-1.24456	
3309	-1.24852	
3310	-1.25025	
3311	-1.25008	
3312	-1.25059	
3313	-1.24953	
3314	-1.25074	
3315	-1.25252	
3316	-1.25327	
3317	-1.24941	
3318	-1.24641	
3319	-1.24806	
3320	-1.24638	
3321	-1.2428	
3322	-1.242	
3323	-1.23789	
3324	-1.23261	
3325	-1.22903	
3326	-1.2289	
3327	-1.22636	
3328	-1.22055	
3329	-1.21696	
3330	-1.21263	
3331	-1.21055	
3332	-1.20804	
3333	-1.20827	
3334	-1.20086	
3335	-1.19543	
3336	-1.19437	
3337	-1.19525	
3338	-1.19174	
3339	-1.18837	
3340	-1.19028	
3341	-1.19058	
3342	-1.19578	
3343	-1.19366	
3344	-1.1913	
3345	-1.19531	
3346	-1.19886	
3347	-1.20171	
3348	-1.20302	
3349	-1.21036	
3350	-1.21141	
3351	-1.21116	
3352	-1.21416	
3353	-1.219	
3354	-1.22168	
3355	-1.22277	
3356	-1.22973	
3357	-1.22996	
3358	-1.23602	
3359	-1.23694	
3360	-1.24019	
3361	-1.24355	
3362	-1.24366	
3363	-1.24721	
3364	-1.24849	
3365	-1.25127	
3366	-1.25525	
3367	-1.25517	
3368	-1.25407	
3369	-1.25796	
3370	-1.25972	
3371	-1.26534	
3372	-1.26256	
3373	-1.26573	
3374	-1.27069	
3375	-1.27146	
3376	-1.2778	
3377	-1.27842	
3378	-1.28217	
3379	-1.28875	
3380	-1.29119	
3381	-1.29773	
3382	-1.30242	
3383	-1.30717	
3384	-1.31248	
3385	-1.31457	
3386	-1.31606	
3387	-1.32605	
3388	-1.33156	
3389	-1.32838	
3390	-1.33761	
3391	-1.3438	
3392	-1.34383	
3393	-1.34065	
3394	-1.34239	
3395	-1.345	
3396	-1.3514	
3397	-1.35157	
3398	-1.34772	
3399	-1.34627	
3400	-1.3463	
3401	-1.35064	
3402	-1.34823	
3403	-1.34354	
3404	-1.34009	
3405	-1.33963	
3406	-1.33791	
3407	-1.3371	
3408	-1.32997	
3409	-1.32445	
3410	-1.31954	
3411	-1.32046	
3412	-1.31642	
3413	-1.30799	
3414	-1.30276	
3415	-1.29707	
3416	-1.29536	
3417	-1.29027	
3418	-1.28162	
3419	-1.27938	
3420	-1.27105	
3421	-1.26947	
3422	-1.26458	
3423	-1.25942	
3424	-1.25683	
3425	-1.25293	
3426	-1.24719	
3427	-1.24169	
3428	-1.23944	
3429	-1.24201	
3430	-1.23447	
3431	-1.23022	
3432	-1.23006	
3433	-1.22636	
3434	-1.23046	
3435	-1.22322	
3436	-1.22188	
3437	-1.22221	
3438	-1.21902	
3439	-1.22018	
3440	-1.21669	
3441	-1.21824	
3442	-1.21712	
3443	-1.2175	
3444	-1.2203	
3445	-1.21688	
3446	-1.21887	
3447	-1.22142	
3448	-1.22281	
3449	-1.22992	
3450	-1.22374	
3451	-1.2298	
3452	-1.23494	
3453	-1.23521	
3454	-1.23987	
3455	-1.23869	
3456	-1.24338	
3457	-1.24826	
3458	-1.24682	
3459	-1.25225	
3460	-1.25193	
3461	-1.25119	
3462	-1.2546	
3463	-1.25533	
3464	-1.25858	
3465	-1.25449	
3466	-1.25339	
3467	-1.24999	
3468	-1.25712	
3469	-1.25639	
3470	-1.25839	
3471	-1.25391	
3472	-1.25427	
3473	-1.25477	
3474	-1.2532	
3475	-1.25224	
3476	-1.25157	
3477	-1.25023	
3478	-1.24912	
3479	-1.24639	
3480	-1.24644	
3481	-1.24354	
3482	-1.24062	
3483	-1.23875	
3484	-1.23606	
3485	-1.23422	
3486	-1.23172	
3487	-1.22864	
3488	-1.22637	
3489	-1.2213	
3490	-1.22435	
3491	-1.21912	
3492	-1.21583	
3493	-1.21458	
3494	-1.21327	
3495	-1.21541	
3496	-1.20985	
3497	-1.20868	
3498	-1.20577	
3499	-1.20231	
3500	-1.20436	
3501	-1.20281	
3502	-1.20071	
3503	-1.20066	
3504	-1.19795	
3505	-1.20044	
3506	-1.20292	
3507	-1.19684	
3508	-1.20116	
3509	-1.19886	
3510	-1.19805	
3511	-1.19925	
3512	-1.19251	
3513	-1.1967	
3514	-1.19257	
3515	-1.1926	
3516	-1.19118	
3517	-1.18678	
3518	-1.18645	
3519	-1.18398	
3520	-1.18049	
3521	-1.1783	
3522	-1.17244	
3523	-1.16934	
3524	-1.1667	
3525	-1.1613	
3526	-1.15711	
3527	-1.15162	
3528	-1.14152	
3529	-1.14241	
3530	-1.13381	
3531	-1.13189	
3532	-1.12301	
3533	-1.11876	
3534	-1.11922	
3535	-1.11256	
3536	-1.11113	
3537	-1.10497	
3538	-1.10315	
3539	-1.10268	
3540	-1.10121	
3541	-1.10274	
3542	-1.10094	
3543	-1.09757	
3544	-1.09923	
3545	-1.10282	
3546	-1.10775	
3547	-1.10993	
3548	-1.10766	
3549	-1.11281	
3550	-1.11803	
3551	-1.11989	
3552	-1.12721	
3553	-1.12782	
3554	-1.12935	
3555	-1.13576	
3556	-1.13781	
3557	-1.13947	
3558	-1.14767	
3559	-1.14927	
3560	-1.14966	
3561	-1.15489	
3562	-1.1538	
3563	-1.15581	
3564	-1.15631	
3565	-1.15686	
3566	-1.158	
3567	-1.15381	
3568	-1.15518	
3569	-1.15368	
3570	-1.15218	
3571	-1.15447	
3572	-1.14558	
3573	-1.14624	
3574	-1.14396	
3575	-1.14038	
3576	-1.14029	
3577	-1.12956	
3578	-1.13112	
3579	-1.12779	
3580	-1.12762	
3581	-1.12624	
3582	-1.11795	
3583	-1.11984	
3584	-1.11882	
3585	-1.11577	
3586	-1.11542	
3587	-1.10837	
3588	-1.11186	
3589	-1.11273	
3590	-1.11267	
3591	-1.11431	
3592	-1.10862	
3593	-1.11212	
3594	-1.11875	
3595	-1.12056	
3596	-1.12314	
3597	-1.11594	
3598	-1.12232	
3599	-1.12766	
3600	-1.13293	
3601	-1.13543	
3602	-1.13155	
3603	-1.1398	
3604	-1.14488	
3605	-1.15139	
3606	-1.15283	
3607	-1.15757	
3608	-1.16133	
3609	-1.1689	
3610	-1.17148	
3611	-1.17956	
3612	-1.18016	
3613	-1.18835	
3614	-1.19033	
3615	-1.19786	
3616	-1.20226	
3617	-1.20571	
3618	-1.21023	
3619	-1.21183	
3620	-1.22069	
3621	-1.22418	
3622	-1.22489	
3623	-1.22461	
3624	-1.22466	
3625	-1.22961	
3626	-1.2322	
3627	-1.22839	
3628	-1.22766	
3629	-1.22808	
3630	-1.22331	
3631	-1.22472	
3632	-1.22003	
3633	-1.21461	
3634	-1.21232	
3635	-1.21238	
3636	-1.20556	
3637	-1.19963	
3638	-1.18813	
3639	-1.18537	
3640	-1.18092	
3641	-1.17237	
3642	-1.17046	
3643	-1.16139	
3644	-1.15992	
3645	-1.15441	
3646	-1.14991	
3647	-1.14974	
3648	-1.14471	
3649	-1.14504	
3650	-1.13767	
3651	-1.14233	
3652	-1.14286	
3653	-1.14446	
3654	-1.14647	
3655	-1.14716	
3656	-1.15256	
3657	-1.15719	
3658	-1.15579	
3659	-1.16279	
3660	-1.16897	
3661	-1.17387	
3662	-1.18031	
3663	-1.18161	
3664	-1.18218	
3665	-1.18932	
3666	-1.19518	
3667	-1.20273	
3668	-1.20115	
3669	-1.20243	
3670	-1.20464	
3671	-1.20936	
3672	-1.21506	
3673	-1.21347	
3674	-1.21126	
3675	-1.2121	
3676	-1.21464	
3677	-1.21626	
3678	-1.21237	
3679	-1.20996	
3680	-1.20742	
3681	-1.20774	
3682	-1.20924	
3683	-1.20388	
3684	-1.20119	
3685	-1.19807	
3686	-1.19913	
3687	-1.20425	
3688	-1.19894	
3689	-1.19542	
3690	-1.19179	
3691	-1.19357	
3692	-1.19124	
3693	-1.19357	
3694	-1.19245	
3695	-1.18931	
3696	-1.18517	
3697	-1.1896	
3698	-1.18483	
3699	-1.1839	
3700	-1.17973	
3701	-1.17871	
3702	-1.18144	
3703	-1.17695	
3704	-1.17355	
3705	-1.17084	
3706	-1.16909	
3707	-1.16886	
3708	-1.16755	
3709	-1.1627	
3710	-1.15879	
3711	-1.15497	
3712	-1.15629	
3713	-1.15731	
3714	-1.15563	
3715	-1.1549	
3716	-1.15165	
3717	-1.15018	
3718	-1.15574	
3719	-1.15508	
3720	-1.15649	
3721	-1.15734	
3722	-1.16297	
3723	-1.16534	
3724	-1.17342	
3725	-1.17128	
3726	-1.17345	
3727	-1.18373	
3728	-1.18859	
3729	-1.19648	
3730	-1.19749	
3731	-1.19794	
3732	-1.20512	
3733	-1.21171	
3734	-1.22052	
3735	-1.21993	
3736	-1.21855	
3737	-1.22128	
3738	-1.22634	
3739	-1.22941	
3740	-1.22498	
3741	-1.22223	
3742	-1.2228	
3743	-1.22228	
3744	-1.22184	
3745	-1.21599	
3746	-1.20994	
3747	-1.20874	
3748	-1.20369	
3749	-1.2017	
3750	-1.1968	
3751	-1.18753	
3752	-1.18575	
3753	-1.17881	
3754	-1.17539	
3755	-1.17316	
3756	-1.17259	
3757	-1.17164	
3758	-1.16564	
3759	-1.16351	
3760	-1.16172	
3761	-1.16167	
3762	-1.16195	
3763	-1.15769	
3764	-1.16119	
3765	-1.15791	
3766	-1.15916	
3767	-1.16277	
3768	-1.15996	
3769	-1.16417	
3770	-1.16346	
3771	-1.16638	
3772	-1.16794	
3773	-1.16504	
3774	-1.16975	
3775	-1.17023	
3776	-1.17408	
3777	-1.17398	
3778	-1.17433	
3779	-1.17579	
3780	-1.17457	
3781	-1.17902	
3782	-1.17677	
3783	-1.17404	
3784	-1.17591	
3785	-1.17381	
3786	-1.17265	
3787	-1.17063	
3788	-1.16448	
3789	-1.1675	
3790	-1.16197	
3791	-1.16217	
3792	-1.1603	
3793	-1.15125	
3794	-1.15277	
3795	-1.14635	
3796	-1.14691	
3797	-1.14188	
3798	-1.13496	
3799	-1.12944	
3800	-1.12984	
3801	-1.1246	
3802	-1.11798	
3803	-1.11337	
3804	-1.11235	
3805	-1.10715	
3806	-1.10243	
3807	-1.10013	
3808	-1.09441	
3809	-1.0933	
3810	-1.09183	
3811	-1.09075	
3812	-1.08932	
3813	-1.08435	
3814	-1.08662	
3815	-1.08614	
3816	-1.08664	
3817	-1.08706	
3818	-1.08674	
3819	-1.0885	
3820	-1.09048	
3821	-1.09397	
3822	-1.09563	
3823	-1.09523	
3824	-1.09489	
3825	-1.09828	
3826	-1.10233	
3827	-1.10217	
3828	-1.10421	
3829	-1.10283	
3830	-1.10479	
3831	-1.10471	
3832	-1.10897	
3833	-1.10348	
3834	-1.10696	
3835	-1.10707	
3836	-1.10494	
3837	-1.10627	
3838	-1.10002	
3839	-1.10269	
3840	-1.10249	
3841	-1.09933	
3842	-1.09933	
3843	-1.09487	
3844	-1.09381	
3845	-1.09119	
3846	-1.09221	
3847	-1.08802	
3848	-1.08897	
3849	-1.0893	
3850	-1.08607	
3851	-1.08742	
3852	-1.08925	
3853	-1.08918	
3854	-1.09184	
3855	-1.0888	
3856	-1.09556	
3857	-1.10145	
3858	-1.10561	
3859	-1.11316	
3860	-1.11135	
3861	-1.11925	
3862	-1.12673	
3863	-1.13443	
3864	-1.1448	
3865	-1.15577	
3866	-1.16666	
3867	-1.17436	
3868	-1.18358	
3869	-1.20126	
3870	-1.21146	
3871	-1.22116	
3872	-1.2371	
3873	-1.24578	
3874	-1.25775	
3875	-1.27191	
3876	-1.27846	
3877	-1.29214	
3878	-1.3044	
3879	-1.30951	
3880	-1.31854	
3881	-1.32688	
3882	-1.33749	
3883	-1.34206	
3884	-1.34769	
3885	-1.35435	
3886	-1.35656	
3887	-1.35442	
3888	-1.35921	
3889	-1.36303	
3890	-1.36557	
3891	-1.36482	
3892	-1.36159	
3893	-1.35979	
3894	-1.36295	
3895	-1.35839	
3896	-1.3522	
3897	-1.35454	
3898	-1.34516	
3899	-1.34734	
3900	-1.34467	
3901	-1.33873	
3902	-1.33988	
3903	-1.3372	
3904	-1.33184	
3905	-1.32992	
3906	-1.32834	
3907	-1.32515	
3908	-1.32592	
3909	-1.32597	
3910	-1.32156	
3911	-1.32418	
3912	-1.32206	
3913	-1.32704	
3914	-1.32647	
3915	-1.32363	
3916	-1.32767	
3917	-1.32703	
3918	-1.32988	
3919	-1.33277	
3920	-1.32867	
3921	-1.33171	
3922	-1.3322	
3923	-1.33439	
3924	-1.33453	
3925	-1.33154	
3926	-1.33353	
3927	-1.33012	
3928	-1.33408	
3929	-1.33205	
3930	-1.32514	
3931	-1.3256	
3932	-1.32252	
3933	-1.32439	
3934	-1.32248	
3935	-1.3152	
3936	-1.31663	
3937	-1.31299	
3938	-1.30989	
3939	-1.30781	
3940	-1.3021	
3941	-1.30216	
3942	-1.3024	
3943	-1.299	
3944	-1.30017	
3945	-1.29603	
3946	-1.29651	
3947	-1.29699	
3948	-1.29806	
3949	-1.30074	
3950	-1.29833	
3951	-1.30276	
3952	-1.30524	
3953	-1.30824	
3954	-1.31102	
3955	-1.30923	
3956	-1.31677	
3957	-1.31701	
3958	-1.32211	
3959	-1.32467	
3960	-1.32176	
3961	-1.32841	
3962	-1.32819	
3963	-1.33231	
3964	-1.33151	
3965	-1.32837	
3966	-1.33192	
3967	-1.32984	
3968	-1.33046	
3969	-1.32764	
3970	-1.32512	
3971	-1.32647	
3972	-1.32372	
3973	-1.32418	
3974	-1.32062	
3975	-1.31517	
3976	-1.31347	
3977	-1.30824	
3978	-1.30994	
3979	-1.30669	
3980	-1.30352	
3981	-1.29935	
3982	-1.29518	
3983	-1.2974	
3984	-1.29631	
3985	-1.29165	
3986	-1.28754	
3987	-1.28327	
3988	-1.28745	
3989	-1.28539	
3990	-1.28085	
3991	-1.28082	
3992	-1.27546	
3993	-1.27744	
3994	-1.27422	
3995	-1.2736	
3996	-1.27004	
3997	-1.26627	
3998	-1.26988	
3999	-1.26486	
4000	-1.26534	
4001	-1.26425	
4002	-1.26092	
4003	-1.26145	
4004	-1.26312	
4005	-1.26478	
4006	-1.26476	
4007	-1.26074	
4008	-1.26122	
4009	-1.26298	
4010	-1.26227	
4011	-1.26073	
4012	-1.25614	
4013	-1.25827	
4014	-1.2578	
4015	-1.25756	
4016	-1.25492	
4017	-1.24937	
4018	-1.25092	
4019	-1.24806	
4020	-1.24581	
4021	-1.24541	
4022	-1.24002	
4023	-1.2386	
4024	-1.23684	
4025	-1.23591	
4026	-1.23343	
4027	-1.23132	
4028	-1.23042	
4029	-1.22919	
4030	-1.22369	
4031	-1.22392	
4032	-1.22443	
4033	-1.21823	
4034	-1.21677	
4035	-1.22029	
4036	-1.22002	
4037	-1.22144	
4038	-1.21547	
4039	-1.21805	
4040	-1.2163	
4041	-1.21947	
4042	-1.21861	
4043	-1.22015	
4044	-1.21828	
4045	-1.21743	
4046	-1.21953	
4047	-1.21734	
4048	-1.21636	
4049	-1.2183	
4050	-1.21806	
4051	-1.21551	
4052	-1.21606	
4053	-1.21234	
4054	-1.21267	
4055	-1.21275	
4056	-1.21016	
4057	-1.21069	
4058	-1.20746	
4059	-1.20642	
4060	-1.207	
4061	-1.20472	
4062	-1.20368	
4063	-1.20301	
4064	-1.20142	
4065	-1.20137	
4066	-1.19946	
4067	-1.20207	
4068	-1.20094	
4069	-1.20352	
4070	-1.20353	
4071	-1.20442	
4072	-1.20668	
4073	-1.20868	
4074	-1.20944	
4075	-1.21037	
4076	-1.2123	
4077	-1.21648	
4078	-1.21644	
4079	-1.22146	
4080	-1.22308	
4081	-1.22457	
4082	-1.22761	
4083	-1.23215	
4084	-1.23562	
4085	-1.23918	
4086	-1.24144	
4087	-1.24669	
4088	-1.24608	
4089	-1.25182	
4090	-1.25704	
4091	-1.25835	
4092	-1.26211	
4093	-1.26131	
4094	-1.26788	
4095	-1.27251	
4096	-1.27289	
4097	-1.2756	
4098	-1.27298	
4099	-1.27738	
4100	-1.27933	
4101	-1.2811	
4102	-1.28179	
4103	-1.27643	
4104	-1.28163	
4105	-1.27725	
4106	-1.28029	
4107	-1.27689	
4108	-1.27082	
4109	-1.27289	
4110	-1.27136	
4111	-1.2693	
4112	-1.26544	
4113	-1.25928	
4114	-1.25847	
4115	-1.25654	
4116	-1.25073	
4117	-1.2512	
4118	-1.24403	
4119	-1.24604	
4120	-1.24209	
4121	-1.23743	
4122	-1.23926	
4123	-1.2333	
4124	-1.23556	
4125	-1.23432	
4126	-1.23283	
4127	-1.233	
4128	-1.23082	
4129	-1.23354	
4130	-1.23362	
4131	-1.23158	
4132	-1.23361	
4133	-1.23466	
4134	-1.23559	
4135	-1.23471	
4136	-1.23223	
4137	-1.23539	
4138	-1.23313	
4139	-1.23376	
4140	-1.23182	
4141	-1.23133	
4142	-1.23177	
4143	-1.2297	
4144	-1.23253	
4145	-1.23103	
4146	-1.23065	
4147	-1.22927	
4148	-1.2266	
4149	-1.22899	
4150	-1.22705	
4151	-1.22895	
4152	-1.227	
4153	-1.22564	
4154	-1.22945	
4155	-1.2265	
4156	-1.2271	
4157	-1.22759	
4158	-1.22361	
4159	-1.22645	
4160	-1.22394	
4161	-1.22067	
4162	-1.22013	
4163	-1.21795	
4164	-1.21853	
4165	-1.21557	
4166	-1.21216	
4167	-1.21121	
4168	-1.20719	
4169	-1.20672	
4170	-1.19986	
4171	-1.1977	
4172	-1.19434	
4173	-1.1947	
4174	-1.19101	
4175	-1.18739	
4176	-1.18442	
4177	-1.18343	
4178	-1.18217	
4179	-1.18065	
4180	-1.17854	
4181	-1.17812	
4182	-1.18019	
4183	-1.17661	
4184	-1.17325	
4185	-1.17837	
4186	-1.1845	
4187	-1.18486	
4188	-1.18358	
4189	-1.18244	
4190	-1.18742	
4191	-1.19354	
4192	-1.19674	
4193	-1.19693	
4194	-1.19959	
4195	-1.2082	
4196	-1.20928	
4197	-1.20977	
4198	-1.21323	
4199	-1.21244	
4200	-1.2183	
4201	-1.22361	
4202	-1.22247	
4203	-1.22547	
4204	-1.22488	
4205	-1.22832	
4206	-1.23024	
4207	-1.22993	
4208	-1.2315	
4209	-1.23374	
4210	-1.23245	
4211	-1.2345	
4212	-1.23421	
4213	-1.23696	
4214	-1.2346	
4215	-1.23536	
4216	-1.2345	
4217	-1.23329	
4218	-1.23513	
4219	-1.23266	
4220	-1.23523	
4221	-1.23226	
4222	-1.23165	
4223	-1.23103	
4224	-1.22904	
4225	-1.23227	
4226	-1.22959	
4227	-1.22536	
4228	-1.22623	
4229	-1.22823	
4230	-1.22371	
4231	-1.2228	
4232	-1.22175	
4233	-1.2208	
4234	-1.21795	
4235	-1.21409	
4236	-1.21354	
4237	-1.2086	
4238	-1.20774	
4239	-1.20236	
4240	-1.20062	
4241	-1.19925	
4242	-1.18866	
4243	-1.18799	
4244	-1.18427	
4245	-1.18176	
4246	-1.17378	
4247	-1.17257	
4248	-1.16592	
4249	-1.16487	
4250	-1.15827	
4251	-1.15696	
4252	-1.15689	
4253	-1.15116	
4254	-1.14996	
4255	-1.14736	
4256	-1.14535	
4257	-1.14671	
4258	-1.1441	
4259	-1.14473	
4260	-1.14523	
4261	-1.14661	
4262	-1.14837	
4263	-1.14952	
4264	-1.14952	
4265	-1.14941	
4266	-1.1538	
4267	-1.15889	
4268	-1.16002	
4269	-1.16193	
4270	-1.16288	
4271	-1.16841	
4272	-1.17445	
4273	-1.17697	
4274	-1.18597	
4275	-1.18684	
4276	-1.18747	
4277	-1.19382	
4278	-1.19632	
4279	-1.20136	
4280	-1.21	
4281	-1.20644	
4282	-1.20934	
4283	-1.21967	
4284	-1.2205	
4285	-1.22188	
4286	-1.22371	
4287	-1.22566	
4288	-1.2265	
4289	-1.23104	
4290	-1.23178	
4291	-1.2338	
4292	-1.23286	
4293	-1.23322	
4294	-1.23343	
4295	-1.23412	
4296	-1.23282	
4297	-1.23018	
4298	-1.23021	
4299	-1.22794	
4300	-1.23104	
4301	-1.22902	
4302	-1.22408	
4303	-1.22387	
4304	-1.22033	
4305	-1.22126	
4306	-1.21943	
4307	-1.21598	
4308	-1.21426	
4309	-1.21061	
4310	-1.2127	
4311	-1.20802	
4312	-1.20978	
4313	-1.20709	
4314	-1.20182	
4315	-1.20486	
4316	-1.20544	
4317	-1.20663	
4318	-1.2073	
4319	-1.20004	
4320	-1.20641	
4321	-1.20558	
4322	-1.20668	
4323	-1.20906	
4324	-1.20467	
4325	-1.21106	
4326	-1.2104	
4327	-1.21233	
4328	-1.21232	
4329	-1.21133	
4330	-1.21552	
4331	-1.21733	
4332	-1.21698	
4333	-1.217	
4334	-1.21589	
4335	-1.22216	
4336	-1.22304	
4337	-1.22385	
4338	-1.22199	
4339	-1.21945	
4340	-1.22287	
4341	-1.22648	
4342	-1.22538	
4343	-1.2209	
4344	-1.21947	
4345	-1.22198	
4346	-1.22356	
4347	-1.22487	
4348	-1.22077	
4349	-1.21931	
4350	-1.21991	
4351	-1.22417	
4352	-1.22608	
4353	-1.22497	
4354	-1.2245	
4355	-1.22595	
4356	-1.23045	
4357	-1.23218	
4358	-1.23139	
4359	-1.23328	
4360	-1.23715	
4361	-1.24665	
4362	-1.2453	
4363	-1.24643	
4364	-1.24972	
4365	-1.25141	
4366	-1.25935	
4367	-1.26145	
4368	-1.25715	
4369	-1.26196	
4370	-1.26139	
4371	-1.2681	
4372	-1.26846	
4373	-1.2633	
4374	-1.26702	
4375	-1.26381	
4376	-1.26906	
4377	-1.26789	
4378	-1.26206	
4379	-1.26574	
4380	-1.26432	
4381	-1.26667	
4382	-1.26394	
4383	-1.26081	
4384	-1.2618	
4385	-1.26072	
4386	-1.26505	
4387	-1.26093	
4388	-1.25747	
4389	-1.26006	
4390	-1.25919	
4391	-1.26046	
4392	-1.25664	
4393	-1.25552	
4394	-1.25748	
4395	-1.25608	
4396	-1.25343	
4397	-1.25146	
4398	-1.25458	
4399	-1.24882	
4400	-1.25133	
4401	-1.24987	
4402	-1.24682	
4403	-1.24655	
4404	-1.24458	
4405	-1.24593	
4406	-1.24704	
4407	-1.24307	
4408	-1.24213	
4409	-1.2439	
4410	-1.24737	
4411	-1.24789	
4412	-1.24411	
4413	-1.24762	
4414	-1.24729	
4415	-1.25084	
4416	-1.24833	
4417	-1.25069	
4418	-1.25023	
4419	-1.24835	
4420	-1.2505	
4421	-1.25056	
4422	-1.25297	
4423	-1.25212	
4424	-1.25063	
4425	-1.25145	
4426	-1.25133	
4427	-1.25238	
4428	-1.25082	
4429	-1.24554	
4430	-1.24464	
4431	-1.24421	
4432	-1.24266	
4433	-1.24054	
4434	-1.23251	
4435	-1.23123	
4436	-1.2304	
4437	-1.22789	
4438	-1.22312	
4439	-1.22039	
4440	-1.21898	
4441	-1.21865	
4442	-1.21868	
4443	-1.21546	
4444	-1.21401	
4445	-1.21256	
4446	-1.21758	
4447	-1.21688	
4448	-1.2167	
4449	-1.21857	
4450	-1.21865	
4451	-1.22265	
4452	-1.22422	
4453	-1.22838	
4454	-1.23089	
4455	-1.23565	
4456	-1.23835	
4457	-1.24063	
4458	-1.24848	
4459	-1.24704	
4460	-1.24956	
4461	-1.25488	
4462	-1.25698	
4463	-1.26298	
4464	-1.2663	
4465	-1.2636	
4466	-1.26919	
4467	-1.2687	
4468	-1.27485	
4469	-1.27247	
4470	-1.26993	
4471	-1.274	
4472	-1.27142	
4473	-1.27211	
4474	-1.27069	
4475	-1.26677	
4476	-1.26667	
4477	-1.26225	
4478	-1.26195	
4479	-1.26242	
4480	-1.25371	
4481	-1.25618	
4482	-1.25191	
4483	-1.2504	
4484	-1.25242	
4485	-1.24639	
4486	-1.24756	
4487	-1.25005	
4488	-1.24983	
4489	-1.25318	
4490	-1.24852	
4491	-1.24885	
4492	-1.25503	
4493	-1.25192	
4494	-1.25648	
4495	-1.25221	
4496	-1.25318	
4497	-1.26137	
4498	-1.25771	
4499	-1.25929	
4500	-1.25699	
4501	-1.25824	
4502	-1.26553	
4503	-1.2634	
4504	-1.26329	
4505	-1.26066	
4506	-1.26264	
4507	-1.26627	
4508	-1.2627	
4509	-1.26681	
4510	-1.26161	
4511	-1.26178	
4512	-1.2693	
4513	-1.2635	
4514	-1.26767	
4515	-1.25965	
4516	-1.26331	
4517	-1.26708	
4518	-1.26394	
4519	-1.26755	
4520	-1.2609	
4521	-1.26769	
4522	-1.26848	
4523	-1.26877	
4524	-1.27005	
4525	-1.26734	
4526	-1.26684	
4527	-1.26737	
4528	-1.27024	
4529	-1.27074	
4530	-1.27195	
4531	-1.27323	
4532	-1.27463	
4533	-1.27101	
4534	-1.27224	
4535	-1.27224	
4536	-1.27373	
4537	-1.27199	
4538	-1.27282	
4539	-1.26819	
4540	-1.26976	
4541	-1.26606	
4542	-1.2678	
4543	-1.26684	
4544	-1.27105	
4545	-1.26189	
4546	-1.26019	
4547	-1.26071	
4548	-1.26164	
4549	-1.26377	
4550	-1.26197	
4551	-1.26185	
4552	-1.26332	
4553	-1.26532	
4554	-1.26596	
4555	-1.26951	
4556	-1.26928	
4557	-1.27249	
4558	-1.27553	
4559	-1.27832	
4560	-1.28003	
4561	-1.28438	
4562	-1.28999	
4563	-1.29336	
4564	-1.29432	
4565	-1.29747	
4566	-1.30346	
4567	-1.30471	
4568	-1.3116	
4569	-1.30931	
4570	-1.3104	
4571	-1.31884	
4572	-1.31885	
4573	-1.32584	
4574	-1.32123	
4575	-1.32207	
4576	-1.32604	
4577	-1.32665	
4578	-1.33193	
4579	-1.32791	
4580	-1.32702	
4581	-1.3291	
4582	-1.32998	
4583	-1.33302	
4584	-1.32586	
4585	-1.3273	
4586	-1.32744	
4587	-1.3214	
4588	-1.32345	
4589	-1.31958	
4590	-1.31616	
4591	-1.3151	
4592	-1.30901	
4593	-1.3076	
4594	-1.29993	
4595	-1.29681	
4596	-1.29264	
4597	-1.28781	
4598	-1.28101	
4599	-1.27406	
4600	-1.2723	
4601	-1.26365	
4602	-1.25975	
4603	-1.25115	
4604	-1.24744	
4605	-1.24034	
4606	-1.23133	
4607	-1.22419	
4608	-1.21475	
4609	-1.21088	
4610	-1.20473	
4611	-1.19772	
4612	-1.18746	
4613	-1.18128	
4614	-1.18288	
4615	-1.17422	
4616	-1.17244	
4617	-1.16561	
4618	-1.15978	
4619	-1.16223	
4620	-1.1579	
4621	-1.16159	
4622	-1.15985	
4623	-1.15621	
4624	-1.16579	
4625	-1.16524	
4626	-1.16655	
4627	-1.1714	
4628	-1.17392	
4629	-1.18458	
4630	-1.19171	
4631	-1.19025	
4632	-1.1991	
4633	-1.2051	
4634	-1.21484	
4635	-1.22247	
4636	-1.22529	
4637	-1.23259	
4638	-1.23658	
4639	-1.24758	
4640	-1.25567	
4641	-1.26413	
4642	-1.26416	
4643	-1.2702	
4644	-1.27433	
4645	-1.27987	
4646	-1.28256	
4647	-1.28276	
4648	-1.28252	
4649	-1.286	
4650	-1.28772	
4651	-1.28622	
4652	-1.2831	
4653	-1.27978	
4654	-1.27735	
4655	-1.2749	
4656	-1.27115	
4657	-1.2653	
4658	-1.26166	
4659	-1.25551	
4660	-1.25564	
4661	-1.24951	
4662	-1.24036	
4663	-1.23537	
4664	-1.23379	
4665	-1.23059	
4666	-1.22313	
4667	-1.21795	
4668	-1.21049	
4669	-1.21044	
4670	-1.20674	
4671	-1.19844	
4672	-1.19671	
4673	-1.19146	
4674	-1.18913	
4675	-1.1816	
4676	-1.18269	
4677	-1.17397	
4678	-1.16823	
4679	-1.16863	
4680	-1.16116	
4681	-1.16455	
4682	-1.15875	
4683	-1.15369	
4684	-1.15422	
4685	-1.15279	
4686	-1.15329	
4687	-1.15216	
4688	-1.14842	
4689	-1.14892	
4690	-1.14559	
4691	-1.15442	
4692	-1.14987	
4693	-1.15149	
4694	-1.15378	
4695	-1.15288	
4696	-1.15642	
4697	-1.16064	
4698	-1.16293	
4699	-1.1616	
4700	-1.16064	
4701	-1.16632	
4702	-1.16679	
4703	-1.1652	
4704	-1.16823	
4705	-1.16993	
4706	-1.1727	
4707	-1.1745	
4708	-1.17307	
4709	-1.17387	
4710	-1.17249	
4711	-1.1763	
4712	-1.17791	
4713	-1.17387	
4714	-1.17298	
4715	-1.17419	
4716	-1.17245	
4717	-1.17283	
4718	-1.17145	
4719	-1.16782	
4720	-1.16577	
4721	-1.16358	
4722	-1.1658	
4723	-1.15783	
4724	-1.15212	
4725	-1.15474	
4726	-1.14992	
4727	-1.15001	
4728	-1.14355	
4729	-1.14068	
4730	-1.14006	
4731	-1.13662	
4732	-1.13049	
4733	-1.13194	
4734	-1.12728	
4735	-1.12692	
4736	-1.12706	
4737	-1.12125	
4738	-1.1234	
4739	-1.11853	
4740	-1.12202	
4741	-1.12412	
4742	-1.12015	
4743	-1.11983	
4744	-1.11878	
4745	-1.12686	
4746	-1.12697	
4747	-1.12356	
4748	-1.12963	
4749	-1.1317	
4750	-1.13258	
4751	-1.14023	
4752	-1.1409	
4753	-1.14599	
4754	-1.14496	
4755	-1.14954	
4756	-1.15109	
4757	-1.15112	
4758	-1.15556	
4759	-1.1586	
4760	-1.15863	
4761	-1.16097	
4762	-1.15895	
4763	-1.16245	
4764	-1.16233	
4765	-1.16083	
4766	-1.16444	
4767	-1.16208	
4768	-1.16534	
4769	-1.16129	
4770	-1.16228	
4771	-1.16386	
4772	-1.16466	
4773	-1.16399	
4774	-1.16117	
4775	-1.1642	
4776	-1.16268	
4777	-1.16125	
4778	-1.16373	
4779	-1.16184	
4780	-1.1614	
4781	-1.1619	
4782	-1.15764	
4783	-1.16099	
4784	-1.15766	
4785	-1.15407	
4786	-1.15533	
4787	-1.15299	
4788	-1.1531	
4789	-1.15091	
4790	-1.15162	
4791	-1.15167	
4792	-1.14894	
4793	-1.14928	
4794	-1.14869	
4795	-1.15098	
4796	-1.15029	
4797	-1.15579	
4798	-1.1552	
4799	-1.15468	
4800	-1.15542	
4801	-1.15856	
4802	-1.16301	
4803	-1.16666	
4804	-1.16699	
4805	-1.17063	
4806	-1.17429	
4807	-1.17674	
4808	-1.17884	
4809	-1.17697	
4810	-1.18418	
4811	-1.19036	
4812	-1.18813	
4813	-1.19177	
4814	-1.1899	
4815	-1.19367	
4816	-1.19965	
4817	-1.19979	
4818	-1.20106	
4819	-1.20087	
4820	-1.20475	
4821	-1.20847	
4822	-1.2088	
4823	-1.20731	
4824	-1.2061	
4825	-1.21061	
4826	-1.21328	
4827	-1.21854	
4828	-1.21649	
4829	-1.21739	
4830	-1.21917	
4831	-1.21797	
4832	-1.22384	
4833	-1.22296	
4834	-1.22494	
4835	-1.22296	
4836	-1.22565	
4837	-1.2293	
4838	-1.23066	
4839	-1.23408	
4840	-1.23419	
4841	-1.23784	
4842	-1.2415	
4843	-1.24257	
4844	-1.24614	
4845	-1.24955	
4846	-1.2533	
4847	-1.25925	
4848	-1.26008	
4849	-1.26196	
4850	-1.26618	
4851	-1.26872	
4852	-1.27082	
4853	-1.27375	
4854	-1.27698	
4855	-1.2805	
4856	-1.28179	
4857	-1.2826	
4858	-1.28334	
4859	-1.28541	
4860	-1.28702	
4861	-1.2882	
4862	-1.28806	
4863	-1.2892	
4864	-1.2902	
4865	-1.28831	
4866	-1.28827	
4867	-1.28884	
4868	-1.29023	
4869	-1.28786	
4870	-1.28791	
4871	-1.285	
4872	-1.28862	
4873	-1.28361	
4874	-1.28516	
4875	-1.28377	
4876	-1.28279	
4877	-1.28739	
4878	-1.28387	
4879	-1.28388	
4880	-1.2807	
4881	-1.27797	
4882	-1.28302	
4883	-1.27951	
4884	-1.27705	
4885	-1.27216	
4886	-1.26703	
4887	-1.26915	
4888	-1.26638	
4889	-1.26392	
4890	-1.26053	
4891	-1.25742	
4892	-1.25568	
4893	-1.25442	
4894	-1.2526	
4895	-1.24547	
4896	-1.24064	
4897	-1.24007	
4898	-1.23517	
4899	-1.23663	
4900	-1.22723	
4901	-1.22198	
4902	-1.22158	
4903	-1.21413	
4904	-1.21132	
4905	-1.2071	
4906	-1.20517	
4907	-1.20358	
4908	-1.20061	
4909	-1.19805	
4910	-1.19489	
4911	-1.19479	
4912	-1.19393	
4913	-1.19176	
4914	-1.19084	
4915	-1.19072	
4916	-1.18911	
4917	-1.18885	
4918	-1.1888	
4919	-1.18991	
4920	-1.18861	
4921	-1.18772	
4922	-1.18639	
4923	-1.18756	
4924	-1.18737	
4925	-1.19034	
4926	-1.18441	
4927	-1.18797	
4928	-1.18481	
4929	-1.18342	
4930	-1.18817	
4931	-1.18225	
4932	-1.18676	
4933	-1.18483	
4934	-1.18435	
4935	-1.18922	
4936	-1.18287	
4937	-1.18602	
4938	-1.18856	
4939	-1.18555	
4940	-1.19482	
4941	-1.19105	
4942	-1.19657	
4943	-1.19375	
4944	-1.19739	
4945	-1.20251	
4946	-1.20062	
4947	-1.2067	
4948	-1.20509	
4949	-1.20758	
4950	-1.21131	
4951	-1.20958	
4952	-1.21691	
4953	-1.21714	
4954	-1.21744	
4955	-1.21865	
4956	-1.21839	
4957	-1.22235	
4958	-1.22488	
4959	-1.22351	
4960	-1.22201	
4961	-1.22143	
4962	-1.22175	
4963	-1.21967	
4964	-1.21776	
4965	-1.21866	
4966	-1.21484	
4967	-1.21354	
4968	-1.21082	
4969	-1.20832	
4970	-1.20546	
4971	-1.19996	
4972	-1.1946	
4973	-1.19195	
4974	-1.1884	
4975	-1.18432	
4976	-1.18192	
4977	-1.17238	
4978	-1.17164	
4979	-1.1705	
4980	-1.16861	
4981	-1.16436	
4982	-1.1552	
4983	-1.15583	
4984	-1.15333	
4985	-1.15344	
4986	-1.15128	
4987	-1.14491	
4988	-1.14661	
4989	-1.14489	
4990	-1.1462	
4991	-1.14329	
4992	-1.14046	
4993	-1.14196	
4994	-1.14337	
4995	-1.14354	
4996	-1.14442	
4997	-1.14145	
4998	-1.14159	
4999	-1.14364	
5000	-1.14965	
