# U_media 15.0691	 +/-1.18518
0	27.61	
1	27.5995	
2	27.5752	
3	27.5372	
4	27.4857	
5	27.4209	
6	27.343	
7	27.2522	
8	27.149	
9	27.0336	
10	26.9066	
11	26.7686	
12	26.6206	
13	26.4635	
14	26.2984	
15	26.1266	
16	25.9494	
17	25.7685	
18	25.5851	
19	25.4007	
20	25.2166	
21	25.0337	
22	24.8532	
23	24.6755	
24	24.5011	
25	24.33	
26	24.1622	
27	23.9974	
28	23.835	
29	23.6746	
30	23.5156	
31	23.3574	
32	23.1996	
33	23.0419	
34	22.8843	
35	22.7269	
36	22.5703	
37	22.415	
38	22.2619	
39	22.1123	
40	21.9671	
41	21.8279	
42	21.6959	
43	21.5723	
44	21.4582	
45	21.3547	
46	21.2621	
47	21.1808	
48	21.1104	
49	21.0501	
50	20.9983	
51	20.953	
52	20.9112	
53	20.8697	
54	20.8246	
55	20.7719	
56	20.7074	
57	20.6276	
58	20.5292	
59	20.4099	
60	20.2684	
61	20.1045	
62	19.9191	
63	19.714	
64	19.4919	
65	19.2562	
66	19.0109	
67	18.76	
68	18.5082	
69	18.2597	
70	18.0189	
71	17.7903	
72	17.5784	
73	17.3879	
74	17.224	
75	17.0927	
76	17.001	
77	16.9567	
78	16.9684	
79	17.0441	
80	17.1887	
81	17.4007	
82	17.6668	
83	17.9588	
84	18.2332	
85	18.4372	
86	18.5213	
87	18.4528	
88	18.2273	
89	17.871	
90	17.4326	
91	16.9689	
92	16.5301	
93	16.1517	
94	15.8538	
95	15.6442	
96	15.5232	
97	15.4873	
98	15.5313	
99	15.6481	
100	15.8287	
101	16.0602	
102	16.3247	
103	16.5986	
104	16.8534	
105	17.0581	
106	17.1836	
107	17.208	
108	17.1214	
109	16.9289	
110	16.6501	
111	16.3152	
112	15.9586	
113	15.6125	
114	15.3027	
115	15.0469	
116	14.8553	
117	14.7311	
118	14.673	
119	14.6759	
120	14.7319	
121	14.8307	
122	14.9598	
123	15.105	
124	15.2513	
125	15.3842	
126	15.4909	
127	15.561	
128	15.5872	
129	15.5652	
130	15.4941	
131	15.3769	
132	15.2213	
133	15.039	
134	14.844	
135	14.6506	
136	14.4715	
137	14.3165	
138	14.1921	
139	14.1008	
140	14.0419	
141	14.0113	
142	14.0032	
143	14.0103	
144	14.0259	
145	14.0449	
146	14.0638	
147	14.0816	
148	14.0988	
149	14.117	
150	14.1383	
151	14.1643	
152	14.1954	
153	14.2298	
154	14.2635	
155	14.2905	
156	14.3037	
157	14.2962	
158	14.2623	
159	14.1988	
160	14.1056	
161	13.9868	
162	13.8505	
163	13.7078	
164	13.5712	
165	13.4521	
166	13.36	
167	13.3004	
168	13.2741	
169	13.2767	
170	13.3004	
171	13.3371	
172	13.382	
173	13.4349	
174	13.4982	
175	13.5728	
176	13.6571	
177	13.747	
178	13.8367	
179	13.9205	
180	13.9935	
181	14.0523	
182	14.0949	
183	14.1205	
184	14.1284	
185	14.1185	
186	14.0918	
187	14.0509	
188	14.0002	
189	13.9454	
190	13.8926	
191	13.8474	
192	13.8143	
193	13.7966	
194	13.7963	
195	13.8147	
196	13.8537	
197	13.9153	
198	14.0017	
199	14.1136	
200	14.2484	
201	14.3994	
202	14.5542	
203	14.6951	
204	14.8019	
205	14.8591	
206	14.864	
207	14.8299	
208	14.7792	
209	14.7334	
210	14.705	
211	14.6962	
212	14.7012	
213	14.7103	
214	14.7157	
215	14.7157	
216	14.715	
217	14.7236	
218	14.7527	
219	14.8117	
220	14.9056	
221	15.0336	
222	15.188	
223	15.3544	
224	15.5124	
225	15.6356	
226	15.6931	
227	15.6563	
228	15.5133	
229	15.2817	
230	15.0069	
231	14.7426	
232	14.5323	
233	14.4009	
234	14.3573	
235	14.4001	
236	14.5213	
237	14.7074	
238	14.9398	
239	15.1935	
240	15.4378	
241	15.6386	
242	15.766	
243	15.8059	
244	15.768	
245	15.6795	
246	15.5721	
247	15.4703	
248	15.3883	
249	15.3316	
250	15.3011	
251	15.2957	
252	15.3146	
253	15.3561	
254	15.4174	
255	15.493	
256	15.5755	
257	15.6575	
258	15.7342	
259	15.8038	
260	15.867	
261	15.9245	
262	15.9752	
263	16.0149	
264	16.0375	
265	16.0379	
266	16.0138	
267	15.9683	
268	15.9087	
269	15.8444	
270	15.785	
271	15.7379	
272	15.7078	
273	15.6957	
274	15.6987	
275	15.7098	
276	15.7187	
277	15.715	
278	15.6931	
279	15.6544	
280	15.6071	
281	15.5622	
282	15.5292	
283	15.5134	
284	15.5138	
285	15.5245	
286	15.5365	
287	15.5409	
288	15.53	
289	15.499	
290	15.4463	
291	15.3745	
292	15.2923	
293	15.2136	
294	15.1541	
295	15.1259	
296	15.1337	
297	15.1745	
298	15.2393	
299	15.3157	
300	15.3906	
301	15.4523	
302	15.4912	
303	15.5014	
304	15.4816	
305	15.4355	
306	15.3715	
307	15.3008	
308	15.2352	
309	15.184	
310	15.1519	
311	15.1382	
312	15.1374	
313	15.141	
314	15.1399	
315	15.1267	
316	15.0982	
317	15.0559	
318	15.0053	
319	14.9538	
320	14.9085	
321	14.8736	
322	14.849	
323	14.8283	
324	14.8006	
325	14.7543	
326	14.6851	
327	14.5994	
328	14.5114	
329	14.4346	
330	14.3761	
331	14.3352	
332	14.3068	
333	14.2838	
334	14.26	
335	14.2298	
336	14.1887	
337	14.1338	
338	14.0665	
339	13.9938	
340	13.9263	
341	13.8745	
342	13.8447	
343	13.8378	
344	13.8485	
345	13.8676	
346	13.8851	
347	13.8933	
348	13.8893	
349	13.8744	
350	13.8514	
351	13.8221	
352	13.7859	
353	13.7407	
354	13.6845	
355	13.6171	
356	13.5407	
357	13.4608	
358	13.3855	
359	13.3245	
360	13.2867	
361	13.2777	
362	13.2972	
363	13.3383	
364	13.3874	
365	13.4271	
366	13.4416	
367	13.4234	
368	13.3778	
369	13.3195	
370	13.2639	
371	13.2211	
372	13.1941	
373	13.1808	
374	13.1772	
375	13.1784	
376	13.1802	
377	13.1787	
378	13.1705	
379	13.1531	
380	13.1261	
381	13.0912	
382	13.0534	
383	13.0197	
384	12.9988	
385	12.9985	
386	13.0249	
387	13.0807	
388	13.1647	
389	13.2719	
390	13.3943	
391	13.522	
392	13.6451	
393	13.7549	
394	13.846	
395	13.9161	
396	13.966	
397	13.998	
398	14.0152	
399	14.0211	
400	14.0198	
401	14.0162	
402	14.0158	
403	14.0243	
404	14.0463	
405	14.0843	
406	14.1383	
407	14.2055	
408	14.2815	
409	14.3619	
410	14.4442	
411	14.5289	
412	14.6184	
413	14.7151	
414	14.8187	
415	14.9246	
416	15.0243	
417	15.107	
418	15.163	
419	15.186	
420	15.1749	
421	15.1335	
422	15.0685	
423	14.988	
424	14.8996	
425	14.8094	
426	14.7216	
427	14.638	
428	14.5591	
429	14.4843	
430	14.4129	
431	14.3452	
432	14.2826	
433	14.2287	
434	14.1898	
435	14.1743	
436	14.1911	
437	14.2472	
438	14.3443	
439	14.4786	
440	14.6404	
441	14.8168	
442	14.9939	
443	15.1601	
444	15.3073	
445	15.4313	
446	15.5301	
447	15.6025	
448	15.6466	
449	15.6597	
450	15.6396	
451	15.5856	
452	15.4993	
453	15.385	
454	15.2495	
455	15.1016	
456	14.9518	
457	14.812	
458	14.6952	
459	14.6138	
460	14.5788	
461	14.5975	
462	14.6716	
463	14.7957	
464	14.9579	
465	15.1416	
466	15.3294	
467	15.5063	
468	15.6602	
469	15.7821	
470	15.8666	
471	15.9123	
472	15.9236	
473	15.9092	
474	15.8804	
475	15.8472	
476	15.816	
477	15.7877	
478	15.758	
479	15.719	
480	15.6626	
481	15.5835	
482	15.4824	
483	15.3659	
484	15.245	
485	15.1319	
486	15.0375	
487	14.97	
488	14.934	
489	14.9313	
490	14.9611	
491	15.0197	
492	15.1005	
493	15.1929	
494	15.2829	
495	15.3552	
496	15.3967	
497	15.4004	
498	15.3674	
499	15.3059	
500	15.229	
501	15.1511	
502	15.0854	
503	15.0411	
504	15.0222	
505	15.0268	
506	15.0495	
507	15.0841	
508	15.126	
509	15.1728	
510	15.2234	
511	15.2762	
512	15.3286	
513	15.377	
514	15.4175	
515	15.447	
516	15.4641	
517	15.4687	
518	15.4611	
519	15.4403	
520	15.404	
521	15.3489	
522	15.2732	
523	15.1776	
524	15.0678	
525	14.9536	
526	14.8479	
527	14.7641	
528	14.7139	
529	14.7048	
530	14.7385	
531	14.8105	
532	14.9107	
533	15.0261	
534	15.1426	
535	15.2471	
536	15.3286	
537	15.3786	
538	15.3911	
539	15.3636	
540	15.2975	
541	15.1981	
542	15.0743	
543	14.9372	
544	14.7988	
545	14.6712	
546	14.5652	
547	14.4893	
548	14.4485	
549	14.4429	
550	14.4669	
551	14.5104	
552	14.5606	
553	14.6053	
554	14.6352	
555	14.6465	
556	14.641	
557	14.6258	
558	14.6108	
559	14.6062	
560	14.6185	
561	14.6484	
562	14.691	
563	14.7378	
564	14.7799	
565	14.8107	
566	14.8271	
567	14.8286	
568	14.8167	
569	14.7935	
570	14.7609	
571	14.7206	
572	14.6739	
573	14.6216	
574	14.5647	
575	14.5038	
576	14.4407	
577	14.3779	
578	14.319	
579	14.2664	
580	14.2175	
581	14.1622	
582	14.0866	
583	13.9846	
584	13.8674	
585	13.7594	
586	13.6829	
587	13.6471	
588	13.6481	
589	13.6756	
590	13.7196	
591	13.7735	
592	13.8348	
593	13.9032	
594	13.9793	
595	14.0636	
596	14.1562	
597	14.2565	
598	14.3636	
599	14.4759	
600	14.5918	
601	14.7112	
602	14.8358	
603	14.969	
604	15.1145	
605	15.2738	
606	15.4448	
607	15.6208	
608	15.7913	
609	15.944	
610	16.0659	
611	16.1461	
612	16.1771	
613	16.1568	
614	16.0895	
615	15.985	
616	15.8569	
617	15.7193	
618	15.5837	
619	15.4577	
620	15.3446	
621	15.2452	
622	15.1597	
623	15.0878	
624	15.0283	
625	14.9789	
626	14.9353	
627	14.8928	
628	14.8472	
629	14.7963	
630	14.7412	
631	14.6861	
632	14.638	
633	14.6052	
634	14.5959	
635	14.6161	
636	14.6694	
637	14.7561	
638	14.8735	
639	15.0163	
640	15.1772	
641	15.3472	
642	15.5159	
643	15.6722	
644	15.8036	
645	15.8977	
646	15.9444	
647	15.9385	
648	15.8821	
649	15.7828	
650	15.6513	
651	15.4985	
652	15.3336	
653	15.1646	
654	14.9983	
655	14.8417	
656	14.701	
657	14.5814	
658	14.4858	
659	14.4145	
660	14.3649	
661	14.3333	
662	14.3157	
663	14.309	
664	14.3112	
665	14.3218	
666	14.3399	
667	14.3639	
668	14.3905	
669	14.4158	
670	14.4367	
671	14.4529	
672	14.4671	
673	14.4833	
674	14.5057	
675	14.5363	
676	14.5746	
677	14.617	
678	14.6582	
679	14.6931	
680	14.7187	
681	14.7344	
682	14.7421	
683	14.744	
684	14.7412	
685	14.7323	
686	14.7153	
687	14.6904	
688	14.6637	
689	14.6476	
690	14.6563	
691	14.7005	
692	14.7835	
693	14.8988	
694	15.0294	
695	15.1493	
696	15.2291	
697	15.2457	
698	15.1925	
699	15.083	
700	14.9457	
701	14.8125	
702	14.7093	
703	14.6511	
704	14.6421	
705	14.6788	
706	14.7539	
707	14.8583	
708	14.9836	
709	15.1226	
710	15.2691	
711	15.4172	
712	15.5607	
713	15.6931	
714	15.8077	
715	15.8985	
716	15.9613	
717	15.9946	
718	15.9996	
719	15.9799	
720	15.9397	
721	15.8826	
722	15.8119	
723	15.7307	
724	15.6443	
725	15.56	
726	15.4864	
727	15.4301	
728	15.3938	
729	15.3746	
730	15.3651	
731	15.3548	
732	15.3341	
733	15.2997	
734	15.2574	
735	15.2204	
736	15.2019	
737	15.2074	
738	15.2317	
739	15.2637	
740	15.2931	
741	15.3159	
742	15.3352	
743	15.3583	
744	15.3926	
745	15.4423	
746	15.5073	
747	15.5832	
748	15.6628	
749	15.737	
750	15.7963	
751	15.833	
752	15.8433	
753	15.8283	
754	15.7935	
755	15.7467	
756	15.6956	
757	15.6457	
758	15.5991	
759	15.5543	
760	15.5077	
761	15.4549	
762	15.3925	
763	15.319	
764	15.2351	
765	15.144	
766	15.0516	
767	14.9664	
768	14.8985	
769	14.8581	
770	14.8533	
771	14.8884	
772	14.963	
773	15.0716	
774	15.2037	
775	15.3423	
776	15.4662	
777	15.5553	
778	15.5979	
779	15.5934	
780	15.5483	
781	15.4714	
782	15.3719	
783	15.2603	
784	15.1487	
785	15.0495	
786	14.9731	
787	14.9263	
788	14.9116	
789	14.9275	
790	14.9701	
791	15.0342	
792	15.1148	
793	15.2074	
794	15.308	
795	15.413	
796	15.5188	
797	15.6218	
798	15.7186	
799	15.8057	
800	15.879	
801	15.934	
802	15.9652	
803	15.9672	
804	15.9356	
805	15.8691	
806	15.7705	
807	15.6476	
808	15.5117	
809	15.3747	
810	15.2468	
811	15.1345	
812	15.04	
813	14.9629	
814	14.9019	
815	14.8577	
816	14.8339	
817	14.8369	
818	14.8732	
819	14.9466	
820	15.0549	
821	15.1897	
822	15.3369	
823	15.4797	
824	15.6007	
825	15.6855	
826	15.7244	
827	15.7141	
828	15.6582	
829	15.5663	
830	15.4518	
831	15.3296	
832	15.2128	
833	15.1107	
834	15.0279	
835	14.9639	
836	14.9159	
837	14.8812	
838	14.8593	
839	14.8522	
840	14.8624	
841	14.8909	
842	14.9353	
843	14.9904	
844	15.0497	
845	15.1068	
846	15.1571	
847	15.1981	
848	15.2299	
849	15.2547	
850	15.2761	
851	15.2977	
852	15.3211	
853	15.3455	
854	15.3664	
855	15.3773	
856	15.3707	
857	15.342	
858	15.2922	
859	15.2289	
860	15.1649	
861	15.1137	
862	15.0863	
863	15.0886	
864	15.1208	
865	15.178	
866	15.2519	
867	15.3321	
868	15.407	
869	15.4649	
870	15.4948	
871	15.489	
872	15.4453	
873	15.3672	
874	15.263	
875	15.1445	
876	15.0249	
877	14.9185	
878	14.8396	
879	14.8016	
880	14.8147	
881	14.8833	
882	15.0043	
883	15.1653	
884	15.3446	
885	15.5136	
886	15.6452	
887	15.7232	
888	15.7464	
889	15.7234	
890	15.6645	
891	15.5776	
892	15.4685	
893	15.3428	
894	15.2078	
895	15.0719	
896	14.9429	
897	14.8267	
898	14.7264	
899	14.6426	
900	14.5738	
901	14.5171	
902	14.4694	
903	14.4278	
904	14.3902	
905	14.356	
906	14.3261	
907	14.3027	
908	14.2891	
909	14.2883	
910	14.3023	
911	14.3314	
912	14.3735	
913	14.4236	
914	14.4748	
915	14.5209	
916	14.5591	
917	14.5915	
918	14.6237	
919	14.6614	
920	14.7083	
921	14.7649	
922	14.8298	
923	14.9007	
924	14.9754	
925	15.0524	
926	15.1312	
927	15.2105	
928	15.288	
929	15.3596	
930	15.4196	
931	15.462	
932	15.4823	
933	15.4784	
934	15.451	
935	15.4026	
936	15.3364	
937	15.2557	
938	15.1632	
939	15.062	
940	14.9562	
941	14.8521	
942	14.7574	
943	14.6805	
944	14.6287	
945	14.6064	
946	14.6143	
947	14.6485	
948	14.701	
949	14.7616	
950	14.8205	
951	14.8711	
952	14.912	
953	14.9469	
954	14.9825	
955	15.0249	
956	15.0763	
957	15.1334	
958	15.1873	
959	15.2261	
960	15.2388	
961	15.2192	
962	15.1685	
963	15.0954	
964	15.013	
965	14.9356	
966	14.876	
967	14.8435	
968	14.8443	
969	14.8815	
970	14.9559	
971	15.0651	
972	15.202	
973	15.3535	
974	15.4996	
975	15.6154	
976	15.6772	
977	15.6697	
978	15.5919	
979	15.4561	
980	15.2825	
981	15.0937	
982	14.91	
983	14.7484	
984	14.621	
985	14.5351	
986	14.4929	
987	14.4921	
988	14.5259	
989	14.5857	
990	14.6628	
991	14.7507	
992	14.8448	
993	14.9408	
994	15.0341	
995	15.1188	
996	15.1893	
997	15.2412	
998	15.2722	
999	15.2822	
1000	15.2737	
1001	15.2509	
1002	15.2195	
1003	15.1848	
1004	15.1515	
1005	15.122	
1006	15.0963	
1007	15.0719	
1008	15.0456	
1009	15.0141	
1010	14.9763	
1011	14.9332	
1012	14.8878	
1013	14.8436	
1014	14.8033	
1015	14.7686	
1016	14.7396	
1017	14.7163	
1018	14.6988	
1019	14.6877	
1020	14.6843	
1021	14.689	
1022	14.7006	
1023	14.7154	
1024	14.7283	
1025	14.7363	
1026	14.7419	
1027	14.7541	
1028	14.7855	
1029	14.848	
1030	14.9484	
1031	15.0869	
1032	15.2575	
1033	15.4499	
1034	15.651	
1035	15.847	
1036	16.0248	
1037	16.1739	
1038	16.2879	
1039	16.3658	
1040	16.4108	
1041	16.4294	
1042	16.429	
1043	16.4149	
1044	16.3892	
1045	16.3498	
1046	16.2917	
1047	16.2086	
1048	16.0967	
1049	15.9566	
1050	15.7945	
1051	15.621	
1052	15.449	
1053	15.2909	
1054	15.1573	
1055	15.0558	
1056	14.9906	
1057	14.9622	
1058	14.9674	
1059	14.999	
1060	15.0457	
1061	15.093	
1062	15.1248	
1063	15.128	
1064	15.0978	
1065	15.0398	
1066	14.9681	
1067	14.8992	
1068	14.8457	
1069	14.8139	
1070	14.8028	
1071	14.807	
1072	14.8194	
1073	14.8343	
1074	14.8491	
1075	14.8647	
1076	14.8838	
1077	14.9098	
1078	14.945	
1079	14.9905	
1080	15.0447	
1081	15.1035	
1082	15.1609	
1083	15.2097	
1084	15.245	
1085	15.2658	
1086	15.2752	
1087	15.2785	
1088	15.2797	
1089	15.2795	
1090	15.2754	
1091	15.2634	
1092	15.2405	
1093	15.2069	
1094	15.1679	
1095	15.1327	
1096	15.1125	
1097	15.1176	
1098	15.1549	
1099	15.2264	
1100	15.3287	
1101	15.4526	
1102	15.5837	
1103	15.7041	
1104	15.7953	
1105	15.8422	
1106	15.8375	
1107	15.7823	
1108	15.6854	
1109	15.5593	
1110	15.4166	
1111	15.2675	
1112	15.1187	
1113	14.9744	
1114	14.8372	
1115	14.7102	
1116	14.5977	
1117	14.5058	
1118	14.4411	
1119	14.4094	
1120	14.4142	
1121	14.4553	
1122	14.5277	
1123	14.6222	
1124	14.7267	
1125	14.8287	
1126	14.9183	
1127	14.9898	
1128	15.0424	
1129	15.079	
1130	15.1053	
1131	15.1281	
1132	15.1545	
1133	15.1901	
1134	15.2381	
1135	15.2975	
1136	15.3627	
1137	15.424	
1138	15.4703	
1139	15.4921	
1140	15.4849	
1141	15.4515	
1142	15.4001	
1143	15.3419	
1144	15.2878	
1145	15.2474	
1146	15.2301	
1147	15.2447	
1148	15.2986	
1149	15.3935	
1150	15.5218	
1151	15.663	
1152	15.7868	
1153	15.8623	
1154	15.8724	
1155	15.8202	
1156	15.7233	
1157	15.6025	
1158	15.4741	
1159	15.3485	
1160	15.231	
1161	15.124	
1162	15.0284	
1163	14.9451	
1164	14.8766	
1165	14.8271	
1166	14.8026	
1167	14.8095	
1168	14.8528	
1169	14.9357	
1170	15.0576	
1171	15.2134	
1172	15.3918	
1173	15.5758	
1174	15.7444	
1175	15.8783	
1176	15.9655	
1177	16.0049	
1178	16.0048	
1179	15.979	
1180	15.9427	
1181	15.9091	
1182	15.8894	
1183	15.8914	
1184	15.9201	
1185	15.9769	
1186	16.059	
1187	16.1595	
1188	16.2675	
1189	16.3701	
1190	16.4541	
1191	16.5091	
1192	16.529	
1193	16.5126	
1194	16.463	
1195	16.3858	
1196	16.2885	
1197	16.1786	
1198	16.0634	
1199	15.9491	
1200	15.8406	
1201	15.7411	
1202	15.6523	
1203	15.5734	
1204	15.5021	
1205	15.4353	
1206	15.3708	
1207	15.3082	
1208	15.2481	
1209	15.1907	
1210	15.1352	
1211	15.0793	
1212	15.0205	
1213	14.9572	
1214	14.8891	
1215	14.8166	
1216	14.74	
1217	14.6596	
1218	14.5762	
1219	14.492	
1220	14.4115	
1221	14.3415	
1222	14.2902	
1223	14.266	
1224	14.2761	
1225	14.3251	
1226	14.4132	
1227	14.5353	
1228	14.6814	
1229	14.8378	
1230	14.9905	
1231	15.1278	
1232	15.2403	
1233	15.321	
1234	15.3649	
1235	15.3717	
1236	15.3468	
1237	15.3012	
1238	15.2478	
1239	15.198	
1240	15.1597	
1241	15.1371	
1242	15.1318	
1243	15.1447	
1244	15.1754	
1245	15.2222	
1246	15.2807	
1247	15.3435	
1248	15.4009	
1249	15.4431	
1250	15.4625	
1251	15.4543	
1252	15.4174	
1253	15.3539	
1254	15.2688	
1255	15.1689	
1256	15.062	
1257	14.9553	
1258	14.8542	
1259	14.7627	
1260	14.6828	
1261	14.6157	
1262	14.5619	
1263	14.5214	
1264	14.4942	
1265	14.4802	
1266	14.479	
1267	14.4902	
1268	14.5122	
1269	14.5427	
1270	14.5782	
1271	14.6148	
1272	14.6486	
1273	14.6768	
1274	14.6974	
1275	14.709	
1276	14.7104	
1277	14.7017	
1278	14.6869	
1279	14.6753	
1280	14.6793	
1281	14.7104	
1282	14.775	
1283	14.8732	
1284	14.9992	
1285	15.1433	
1286	15.2938	
1287	15.4385	
1288	15.566	
1289	15.6665	
1290	15.7336	
1291	15.7643	
1292	15.7603	
1293	15.7268	
1294	15.6716	
1295	15.6032	
1296	15.5295	
1297	15.4562	
1298	15.3874	
1299	15.3247	
1300	15.2686	
1301	15.2185	
1302	15.1726	
1303	15.1286	
1304	15.0835	
1305	15.0354	
1306	14.9841	
1307	14.9318	
1308	14.8827	
1309	14.8407	
1310	14.8088	
1311	14.7877	
1312	14.7763	
1313	14.7723	
1314	14.7735	
1315	14.7785	
1316	14.7869	
1317	14.7993	
1318	14.8174	
1319	14.8431	
1320	14.8783	
1321	14.9242	
1322	14.9804	
1323	15.0446	
1324	15.1127	
1325	15.1786	
1326	15.2353	
1327	15.2762	
1328	15.296	
1329	15.2915	
1330	15.2631	
1331	15.215	
1332	15.1557	
1333	15.0963	
1334	15.049	
1335	15.0241	
1336	15.0286	
1337	15.0641	
1338	15.1277	
1339	15.2126	
1340	15.3088	
1341	15.4042	
1342	15.4853	
1343	15.5382	
1344	15.551	
1345	15.5174	
1346	15.4384	
1347	15.3233	
1348	15.1869	
1349	15.0466	
1350	14.9191	
1351	14.8177	
1352	14.7514	
1353	14.7244	
1354	14.7361	
1355	14.7821	
1356	14.8553	
1357	14.9461	
1358	15.044	
1359	15.138	
1360	15.2179	
1361	15.2756	
1362	15.3062	
1363	15.3082	
1364	15.2827	
1365	15.2331	
1366	15.1643	
1367	15.0836	
1368	15.0001	
1369	14.9248	
1370	14.8696	
1371	14.8461	
1372	14.8639	
1373	14.9288	
1374	15.041	
1375	15.1925	
1376	15.3673	
1377	15.5426	
1378	15.694	
1379	15.8022	
1380	15.8591	
1381	15.8689	
1382	15.8438	
1383	15.7989	
1384	15.7469	
1385	15.6968	
1386	15.6541	
1387	15.6211	
1388	15.5967	
1389	15.5766	
1390	15.5542	
1391	15.5221	
1392	15.4743	
1393	15.4072	
1394	15.3193	
1395	15.2107	
1396	15.083	
1397	14.94	
1398	14.7889	
1399	14.6395	
1400	14.5026	
1401	14.3881	
1402	14.3032	
1403	14.2519	
1404	14.2359	
1405	14.2545	
1406	14.3057	
1407	14.3867	
1408	14.4939	
1409	14.623	
1410	14.7694	
1411	14.9278	
1412	15.0926	
1413	15.2583	
1414	15.4196	
1415	15.5719	
1416	15.7117	
1417	15.8369	
1418	15.9464	
1419	16.0399	
1420	16.1166	
1421	16.1756	
1422	16.216	
1423	16.2386	
1424	16.2464	
1425	16.245	
1426	16.2415	
1427	16.2419	
1428	16.2499	
1429	16.2652	
1430	16.2846	
1431	16.3033	
1432	16.3161	
1433	16.3199	
1434	16.3137	
1435	16.2987	
1436	16.2776	
1437	16.2528	
1438	16.226	
1439	16.1974	
1440	16.1664	
1441	16.1314	
1442	16.0915	
1443	16.0466	
1444	15.9984	
1445	15.9502	
1446	15.9072	
1447	15.8751	
1448	15.8597	
1449	15.8654	
1450	15.8932	
1451	15.9397	
1452	15.9961	
1453	16.049	
1454	16.0826	
1455	16.0816	
1456	16.0349	
1457	15.9386	
1458	15.7967	
1459	15.6208	
1460	15.4278	
1461	15.2371	
1462	15.0673	
1463	14.9336	
1464	14.8455	
1465	14.8057	
1466	14.8106	
1467	14.8515	
1468	14.9167	
1469	14.9953	
1470	15.0783	
1471	15.1605	
1472	15.2394	
1473	15.3138	
1474	15.3827	
1475	15.4449	
1476	15.4996	
1477	15.5469	
1478	15.5882	
1479	15.6259	
1480	15.6628	
1481	15.7008	
1482	15.7407	
1483	15.7817	
1484	15.8226	
1485	15.8625	
1486	15.9021	
1487	15.9428	
1488	15.9861	
1489	16.0316	
1490	16.0764	
1491	16.115	
1492	16.1407	
1493	16.1467	
1494	16.1275	
1495	16.0793	
1496	15.9997	
1497	15.8879	
1498	15.7459	
1499	15.5784	
1500	15.394	
1501	15.2034	
1502	15.0178	
1503	14.8461	
1504	14.6933	
1505	14.5603	
1506	14.4461	
1507	14.3507	
1508	14.2777	
1509	14.234	
1510	14.2275	
1511	14.264	
1512	14.3446	
1513	14.4649	
1514	14.6162	
1515	14.7872	
1516	14.9673	
1517	15.1478	
1518	15.3222	
1519	15.4853	
1520	15.6316	
1521	15.7544	
1522	15.8463	
1523	15.9008	
1524	15.9146	
1525	15.8891	
1526	15.8304	
1527	15.7483	
1528	15.6531	
1529	15.5548	
1530	15.4622	
1531	15.3832	
1532	15.3254	
1533	15.2959	
1534	15.3002	
1535	15.3414	
1536	15.4188	
1537	15.528	
1538	15.6614	
1539	15.8095	
1540	15.9611	
1541	16.1046	
1542	16.2289	
1543	16.3243	
1544	16.3835	
1545	16.4029	
1546	16.3834	
1547	16.33	
1548	16.2512	
1549	16.1565	
1550	16.0542	
1551	15.9501	
1552	15.8475	
1553	15.748	
1554	15.6536	
1555	15.5671	
1556	15.4929	
1557	15.4361	
1558	15.4003	
1559	15.3869	
1560	15.3927	
1561	15.41	
1562	15.4269	
1563	15.4296	
1564	15.4055	
1565	15.3463	
1566	15.251	
1567	15.1269	
1568	14.9889	
1569	14.8561	
1570	14.7477	
1571	14.6789	
1572	14.658	
1573	14.6858	
1574	14.7559	
1575	14.8561	
1576	14.9709	
1577	15.0842	
1578	15.182	
1579	15.2544	
1580	15.2977	
1581	15.3144	
1582	15.3126	
1583	15.3033	
1584	15.2973	
1585	15.3022	
1586	15.3206	
1587	15.3502	
1588	15.3849	
1589	15.4174	
1590	15.4412	
1591	15.4521	
1592	15.4484	
1593	15.4305	
1594	15.4006	
1595	15.3617	
1596	15.3172	
1597	15.2692	
1598	15.218	
1599	15.161	
1600	15.0937	
1601	15.0118	
1602	14.9149	
1603	14.8095	
1604	14.708	
1605	14.6255	
1606	14.5759	
1607	14.568	
1608	14.6044	
1609	14.6816	
1610	14.792	
1611	14.9252	
1612	15.0701	
1613	15.2159	
1614	15.3526	
1615	15.471	
1616	15.5634	
1617	15.6258	
1618	15.6584	
1619	15.6663	
1620	15.6573	
1621	15.6387	
1622	15.615	
1623	15.5862	
1624	15.5485	
1625	15.4957	
1626	15.4215	
1627	15.3218	
1628	15.1973	
1629	15.0548	
1630	14.9063	
1631	14.7657	
1632	14.6462	
1633	14.5572	
1634	14.5039	
1635	14.4884	
1636	14.51	
1637	14.5666	
1638	14.6544	
1639	14.7678	
1640	14.8986	
1641	15.0365	
1642	15.1708	
1643	15.2927	
1644	15.3982	
1645	15.4881	
1646	15.5668	
1647	15.6384	
1648	15.7044	
1649	15.7626	
1650	15.8072	
1651	15.8317	
1652	15.8317	
1653	15.8074	
1654	15.7645	
1655	15.7128	
1656	15.6637	
1657	15.628	
1658	15.6138	
1659	15.6255	
1660	15.6633	
1661	15.7236	
1662	15.8004	
1663	15.8856	
1664	15.9705	
1665	16.0459	
1666	16.1025	
1667	16.1315	
1668	16.1251	
1669	16.0793	
1670	15.9962	
1671	15.884	
1672	15.7557	
1673	15.6237	
1674	15.4974	
1675	15.3811	
1676	15.2754	
1677	15.1791	
1678	15.0915	
1679	15.0128	
1680	14.9448	
1681	14.8904	
1682	14.8525	
1683	14.8338	
1684	14.8364	
1685	14.8613	
1686	14.9077	
1687	14.9722	
1688	15.0499	
1689	15.1349	
1690	15.2223	
1691	15.3076	
1692	15.3854	
1693	15.4489	
1694	15.4904	
1695	15.5036	
1696	15.4859	
1697	15.4384	
1698	15.3651	
1699	15.271	
1700	15.1612	
1701	15.0412	
1702	14.9175	
1703	14.7986	
1704	14.6933	
1705	14.609	
1706	14.5505	
1707	14.5193	
1708	14.5146	
1709	14.5341	
1710	14.575	
1711	14.634	
1712	14.7075	
1713	14.7917	
1714	14.8823	
1715	14.9748	
1716	15.0638	
1717	15.1433	
1718	15.2061	
1719	15.2447	
1720	15.2517	
1721	15.2212	
1722	15.1503	
1723	15.0404	
1724	14.897	
1725	14.729	
1726	14.5476	
1727	14.3654	
1728	14.1963	
1729	14.0543	
1730	13.9523	
1731	13.8999	
1732	13.9022	
1733	13.9579	
1734	14.0593	
1735	14.1923	
1736	14.3384	
1737	14.4781	
1738	14.5948	
1739	14.6782	
1740	14.7246	
1741	14.7361	
1742	14.7187	
1743	14.6798	
1744	14.6277	
1745	14.5697	
1746	14.5122	
1747	14.4598	
1748	14.4161	
1749	14.3834	
1750	14.3632	
1751	14.356	
1752	14.3609	
1753	14.3754	
1754	14.3952	
1755	14.4155	
1756	14.4328	
1757	14.4471	
1758	14.4623	
1759	14.4852	
1760	14.5229	
1761	14.5805	
1762	14.6584	
1763	14.7522	
1764	14.8532	
1765	14.9504	
1766	15.0331	
1767	15.0932	
1768	15.1267	
1769	15.134	
1770	15.1193	
1771	15.0889	
1772	15.0501	
1773	15.0102	
1774	14.9759	
1775	14.9524	
1776	14.9432	
1777	14.9503	
1778	14.9738	
1779	15.0124	
1780	15.0637	
1781	15.125	
1782	15.1931	
1783	15.2652	
1784	15.3376	
1785	15.4059	
1786	15.4644	
1787	15.5068	
1788	15.5275	
1789	15.5231	
1790	15.4939	
1791	15.4438	
1792	15.3801	
1793	15.3113	
1794	15.2461	
1795	15.1915	
1796	15.1523	
1797	15.1322	
1798	15.1353	
1799	15.1671	
1800	15.2332	
1801	15.3342	
1802	15.4605	
1803	15.592	
1804	15.7033	
1805	15.7729	
1806	15.7879	
1807	15.7439	
1808	15.6432	
1809	15.4943	
1810	15.3118	
1811	15.1143	
1812	14.9217	
1813	14.7517	
1814	14.6177	
1815	14.5279	
1816	14.4846	
1817	14.484	
1818	14.5165	
1819	14.5681	
1820	14.6217	
1821	14.6605	
1822	14.6703	
1823	14.642	
1824	14.5734	
1825	14.4695	
1826	14.3422	
1827	14.2073	
1828	14.0819	
1829	13.9819	
1830	13.9192	
1831	13.9012	
1832	13.9297	
1833	14.0014	
1834	14.1078	
1835	14.2372	
1836	14.3755	
1837	14.5096	
1838	14.6296	
1839	14.7306	
1840	14.813	
1841	14.8796	
1842	14.9325	
1843	14.9714	
1844	14.9957	
1845	15.0084	
1846	15.017	
1847	15.03	
1848	15.0514	
1849	15.0797	
1850	15.1107	
1851	15.142	
1852	15.1746	
1853	15.2116	
1854	15.2547	
1855	15.3027	
1856	15.3519	
1857	15.3978	
1858	15.4363	
1859	15.4655	
1860	15.4854	
1861	15.4979	
1862	15.5054	
1863	15.5095	
1864	15.5087	
1865	15.4974	
1866	15.4653	
1867	15.4003	
1868	15.2931	
1869	15.1422	
1870	14.9563	
1871	14.7529	
1872	14.5531	
1873	14.3772	
1874	14.2404	
1875	14.1512	
1876	14.1102	
1877	14.1116	
1878	14.1438	
1879	14.1928	
1880	14.2447	
1881	14.2883	
1882	14.3163	
1883	14.3254	
1884	14.315	
1885	14.2872	
1886	14.246	
1887	14.1974	
1888	14.1485	
1889	14.1068	
1890	14.0798	
1891	14.0738	
1892	14.0941	
1893	14.1436	
1894	14.2234	
1895	14.3319	
1896	14.4648	
1897	14.6149	
1898	14.7721	
1899	14.9239	
1900	15.0574	
1901	15.1603	
1902	15.2227	
1903	15.2386	
1904	15.2057	
1905	15.1263	
1906	15.0061	
1907	14.8538	
1908	14.6797	
1909	14.4949	
1910	14.3114	
1911	14.1415	
1912	13.9973	
1913	13.8886	
1914	13.8217	
1915	13.7976	
1916	13.812	
1917	13.8551	
1918	13.9135	
1919	13.9717	
1920	14.0164	
1921	14.0387	
1922	14.0366	
1923	14.014	
1924	13.9796	
1925	13.9437	
1926	13.9169	
1927	13.9076	
1928	13.9213	
1929	13.9588	
1930	14.0164	
1931	14.0867	
1932	14.1607	
1933	14.2304	
1934	14.2901	
1935	14.3383	
1936	14.3768	
1937	14.4103	
1938	14.4444	
1939	14.4844	
1940	14.5343	
1941	14.5965	
1942	14.6716	
1943	14.7585	
1944	14.8551	
1945	14.9586	
1946	15.0656	
1947	15.172	
1948	15.2732	
1949	15.3637	
1950	15.4375	
1951	15.4893	
1952	15.5162	
1953	15.5199	
1954	15.5068	
1955	15.4867	
1956	15.4699	
1957	15.4649	
1958	15.477	
1959	15.5079	
1960	15.5558	
1961	15.6153	
1962	15.6783	
1963	15.7341	
1964	15.7711	
1965	15.779	
1966	15.7512	
1967	15.6876	
1968	15.5947	
1969	15.4829	
1970	15.3643	
1971	15.2489	
1972	15.1434	
1973	15.0511	
1974	14.9718	
1975	14.9027	
1976	14.8389	
1977	14.7746	
1978	14.704	
1979	14.6229	
1980	14.5296	
1981	14.4265	
1982	14.3199	
1983	14.2193	
1984	14.1353	
1985	14.0775	
1986	14.0524	
1987	14.0625	
1988	14.1057	
1989	14.1757	
1990	14.2633	
1991	14.3597	
1992	14.4577	
1993	14.5538	
1994	14.6471	
1995	14.7382	
1996	14.8288	
1997	14.92	
1998	15.0129	
1999	15.1064	
2000	15.1974	
2001	15.2803	
2002	15.3485	
2003	15.3964	
2004	15.4207	
2005	15.4206	
2006	15.3971	
2007	15.3516	
2008	15.2856	
2009	15.2005	
2010	15.0987	
2011	14.9837	
2012	14.8613	
2013	14.7387	
2014	14.6242	
2015	14.5257	
2016	14.4501	
2017	14.4024	
2018	14.3858	
2019	14.4021	
2020	14.4514	
2021	14.5329	
2022	14.6443	
2023	14.7816	
2024	14.9388	
2025	15.1078	
2026	15.2793	
2027	15.4436	
2028	15.592	
2029	15.7186	
2030	15.8208	
2031	15.899	
2032	15.9551	
2033	15.9916	
2034	16.0101	
2035	16.0114	
2036	15.9957	
2037	15.9618	
2038	15.9081	
2039	15.8337	
2040	15.7399	
2041	15.6312	
2042	15.516	
2043	15.4062	
2044	15.3154	
2045	15.2564	
2046	15.2377	
2047	15.2602	
2048	15.3176	
2049	15.3973	
2050	15.4845	
2051	15.5644	
2052	15.6247	
2053	15.6563	
2054	15.654	
2055	15.6168	
2056	15.5482	
2057	15.4555	
2058	15.3486	
2059	15.2377	
2060	15.1321	
2061	15.0387	
2062	14.9624	
2063	14.907	
2064	14.8755	
2065	14.8708	
2066	14.8944	
2067	14.9461	
2068	15.0223	
2069	15.1156	
2070	15.2157	
2071	15.3116	
2072	15.3931	
2073	15.454	
2074	15.4918	
2075	15.5073	
2076	15.5033	
2077	15.4834	
2078	15.4514	
2079	15.4111	
2080	15.367	
2081	15.3238	
2082	15.2856	
2083	15.2552	
2084	15.2328	
2085	15.2163	
2086	15.2026	
2087	15.1899	
2088	15.1791	
2089	15.1745	
2090	15.1829	
2091	15.2105	
2092	15.2603	
2093	15.3301	
2094	15.4119	
2095	15.4938	
2096	15.5634	
2097	15.6122	
2098	15.638	
2099	15.6438	
2100	15.6358	
2101	15.6189	
2102	15.5943	
2103	15.5593	
2104	15.5082	
2105	15.435	
2106	15.3362	
2107	15.2124	
2108	15.0691	
2109	14.9155	
2110	14.763	
2111	14.6239	
2112	14.5094	
2113	14.429	
2114	14.3891	
2115	14.3919	
2116	14.4353	
2117	14.5128	
2118	14.615	
2119	14.7317	
2120	14.8533	
2121	14.9706	
2122	15.075	
2123	15.1589	
2124	15.2181	
2125	15.2529	
2126	15.2662	
2127	15.2604	
2128	15.2357	
2129	15.1905	
2130	15.1245	
2131	15.04	
2132	14.9424	
2133	14.84	
2134	14.7423	
2135	14.6593	
2136	14.6003	
2137	14.572	
2138	14.5785	
2139	14.6205	
2140	14.6959	
2141	14.8	
2142	14.9252	
2143	15.0612	
2144	15.1944	
2145	15.3089	
2146	15.3885	
2147	15.42	
2148	15.3965	
2149	15.3188	
2150	15.1961	
2151	15.0442	
2152	14.8839	
2153	14.7367	
2154	14.6211	
2155	14.5487	
2156	14.5237	
2157	14.5428	
2158	14.5974	
2159	14.6758	
2160	14.7665	
2161	14.8602	
2162	14.9515	
2163	15.0391	
2164	15.1237	
2165	15.2065	
2166	15.2876	
2167	15.3654	
2168	15.4368	
2169	15.4986	
2170	15.548	
2171	15.5832	
2172	15.6029	
2173	15.6065	
2174	15.5942	
2175	15.5672	
2176	15.5285	
2177	15.4831	
2178	15.4371	
2179	15.3966	
2180	15.3659	
2181	15.3471	
2182	15.3396	
2183	15.3417	
2184	15.3519	
2185	15.3694	
2186	15.3939	
2187	15.4245	
2188	15.4592	
2189	15.4957	
2190	15.5319	
2191	15.567	
2192	15.6012	
2193	15.6357	
2194	15.6711	
2195	15.707	
2196	15.7407	
2197	15.7682	
2198	15.7846	
2199	15.7853	
2200	15.7672	
2201	15.7293	
2202	15.6729	
2203	15.6009	
2204	15.5174	
2205	15.4265	
2206	15.3313	
2207	15.233	
2208	15.1315	
2209	15.0259	
2210	14.9169	
2211	14.8077	
2212	14.705	
2213	14.6176	
2214	14.5543	
2215	14.5223	
2216	14.5252	
2217	14.5623	
2218	14.6287	
2219	14.7151	
2220	14.8094	
2221	14.898	
2222	14.9685	
2223	15.0119	
2224	15.0258	
2225	15.0142	
2226	14.986	
2227	14.952	
2228	14.9212	
2229	14.8987	
2230	14.8849	
2231	14.8762	
2232	14.8661	
2233	14.8482	
2234	14.8177	
2235	14.7732	
2236	14.7175	
2237	14.6563	
2238	14.5961	
2239	14.5425	
2240	14.4991	
2241	14.4665	
2242	14.4428	
2243	14.4234	
2244	14.4019	
2245	14.3714	
2246	14.3268	
2247	14.2671	
2248	14.197	
2249	14.1264	
2250	14.0684	
2251	14.0358	
2252	14.0383	
2253	14.081	
2254	14.1633	
2255	14.2799	
2256	14.4216	
2257	14.5762	
2258	14.7299	
2259	14.8684	
2260	14.9789	
2261	15.0524	
2262	15.0839	
2263	15.0721	
2264	15.0184	
2265	14.9258	
2266	14.7994	
2267	14.647	
2268	14.4803	
2269	14.3145	
2270	14.1671	
2271	14.0547	
2272	13.9902	
2273	13.9807	
2274	14.0259	
2275	14.1189	
2276	14.2466	
2277	14.391	
2278	14.5317	
2279	14.6502	
2280	14.7352	
2281	14.7846	
2282	14.8041	
2283	14.803	
2284	14.7913	
2285	14.7775	
2286	14.7688	
2287	14.7701	
2288	14.783	
2289	14.8051	
2290	14.83	
2291	14.848	
2292	14.8493	
2293	14.8258	
2294	14.774	
2295	14.6955	
2296	14.5964	
2297	14.4858	
2298	14.3734	
2299	14.2682	
2300	14.1775	
2301	14.1057	
2302	14.0549	
2303	14.0249	
2304	14.0139	
2305	14.019	
2306	14.0367	
2307	14.0635	
2308	14.0952	
2309	14.1271	
2310	14.1542	
2311	14.1723	
2312	14.1789	
2313	14.1733	
2314	14.1557	
2315	14.1266	
2316	14.087	
2317	14.04	
2318	13.9904	
2319	13.945	
2320	13.9111	
2321	13.8962	
2322	13.9077	
2323	13.9512	
2324	14.0287	
2325	14.1372	
2326	14.2698	
2327	14.4173	
2328	14.5714	
2329	14.7252	
2330	14.8721	
2331	15.0023	
2332	15.1024	
2333	15.1598	
2334	15.1707	
2335	15.1449	
2336	15.0998	
2337	15.0501	
2338	15.0008	
2339	14.9479	
2340	14.8847	
2341	14.8074	
2342	14.7189	
2343	14.6291	
2344	14.5526	
2345	14.5047	
2346	14.4973	
2347	14.5361	
2348	14.6192	
2349	14.7379	
2350	14.8785	
2351	15.0258	
2352	15.1653	
2353	15.2855	
2354	15.3789	
2355	15.4414	
2356	15.4723	
2357	15.474	
2358	15.4515	
2359	15.4121	
2360	15.3643	
2361	15.3162	
2362	15.2735	
2363	15.2385	
2364	15.2094	
2365	15.1813	
2366	15.1479	
2367	15.1034	
2368	15.0439	
2369	14.968	
2370	14.8772	
2371	14.7764	
2372	14.6733	
2373	14.5777	
2374	14.5005	
2375	14.4509	
2376	14.4351	
2377	14.4557	
2378	14.5124	
2379	14.6019	
2380	14.7192	
2381	14.8568	
2382	15.0043	
2383	15.1481	
2384	15.2737	
2385	15.3696	
2386	15.4314	
2387	15.4626	
2388	15.4723	
2389	15.4712	
2390	15.4687	
2391	15.471	
2392	15.482	
2393	15.5029	
2394	15.5335	
2395	15.5724	
2396	15.6169	
2397	15.6639	
2398	15.7101	
2399	15.7532	
2400	15.791	
2401	15.8215	
2402	15.842	
2403	15.8492	
2404	15.8392	
2405	15.8087	
2406	15.7558	
2407	15.6813	
2408	15.5891	
2409	15.4856	
2410	15.3782	
2411	15.2743	
2412	15.1785	
2413	15.0928	
2414	15.0154	
2415	14.9422	
2416	14.8676	
2417	14.7872	
2418	14.699	
2419	14.605	
2420	14.5113	
2421	14.427	
2422	14.3627	
2423	14.3296	
2424	14.3369	
2425	14.3903	
2426	14.4893	
2427	14.6279	
2428	14.7951	
2429	14.9774	
2430	15.1602	
2431	15.3302	
2432	15.4774	
2433	15.5969	
2434	15.6899	
2435	15.7624	
2436	15.8218	
2437	15.8737	
2438	15.9192	
2439	15.9548	
2440	15.975	
2441	15.9763	
2442	15.9594	
2443	15.9295	
2444	15.8932	
2445	15.8556	
2446	15.818	
2447	15.7779	
2448	15.7294	
2449	15.6656	
2450	15.5809	
2451	15.4732	
2452	15.345	
2453	15.2039	
2454	15.061	
2455	14.9287	
2456	14.8185	
2457	14.7374	
2458	14.6874	
2459	14.6647	
2460	14.6618	
2461	14.6694	
2462	14.6794	
2463	14.6859	
2464	14.6863	
2465	14.6805	
2466	14.67	
2467	14.657	
2468	14.6427	
2469	14.6281	
2470	14.6131	
2471	14.5976	
2472	14.5823	
2473	14.5682	
2474	14.5575	
2475	14.5526	
2476	14.5556	
2477	14.5664	
2478	14.5827	
2479	14.6003	
2480	14.6152	
2481	14.6262	
2482	14.636	
2483	14.6507	
2484	14.6775	
2485	14.7223	
2486	14.7885	
2487	14.8767	
2488	14.985	
2489	15.1104	
2490	15.2488	
2491	15.3957	
2492	15.5455	
2493	15.6908	
2494	15.8217	
2495	15.9256	
2496	15.9889	
2497	16.0003	
2498	15.9548	
2499	15.8557	
2500	15.7144	
2501	15.5462	
2502	15.3659	
2503	15.1856	
2504	15.014	
2505	14.8583	
2506	14.7261	
2507	14.6253	
2508	14.5641	
2509	14.5497	
2510	14.5876	
2511	14.68	
2512	14.8245	
2513	15.0126	
2514	15.2283	
2515	15.45	
2516	15.6542	
2517	15.8208	
2518	15.935	
2519	15.9871	
2520	15.9721	
2521	15.8928	
2522	15.7634	
2523	15.6083	
2524	15.4548	
2525	15.3242	
2526	15.2264	
2527	15.1597	
2528	15.1152	
2529	15.0811	
2530	15.0479	
2531	15.009	
2532	14.9606	
2533	14.9002	
2534	14.8252	
2535	14.7334	
2536	14.6235	
2537	14.4972	
2538	14.3602	
2539	14.2216	
2540	14.0932	
2541	13.9866	
2542	13.9117	
2543	13.8745	
2544	13.8777	
2545	13.9201	
2546	13.9973	
2547	14.1015	
2548	14.2232	
2549	14.3511	
2550	14.4748	
2551	14.5853	
2552	14.6776	
2553	14.7507	
2554	14.8074	
2555	14.8527	
2556	14.891	
2557	14.9239	
2558	14.9494	
2559	14.9626	
2560	14.9582	
2561	14.9348	
2562	14.8973	
2563	14.8567	
2564	14.828	
2565	14.8252	
2566	14.8572	
2567	14.9257	
2568	15.025	
2569	15.144	
2570	15.2693	
2571	15.3876	
2572	15.4885	
2573	15.5646	
2574	15.6121	
2575	15.6297	
2576	15.6189	
2577	15.5832	
2578	15.5278	
2579	15.4585	
2580	15.3801	
2581	15.2949	
2582	15.2033	
2583	15.1058	
2584	15.0062	
2585	14.9129	
2586	14.8367	
2587	14.7864	
2588	14.7654	
2589	14.7718	
2590	14.7997	
2591	14.8423	
2592	14.8932	
2593	14.9467	
2594	14.9977	
2595	15.0415	
2596	15.0735	
2597	15.0906	
2598	15.0915	
2599	15.078	
2600	15.0548	
2601	15.028	
2602	15.0039	
2603	14.9874	
2604	14.9815	
2605	14.9875	
2606	15.0049	
2607	15.0321	
2608	15.0657	
2609	15.1011	
2610	15.1325	
2611	15.1546	
2612	15.164	
2613	15.1601	
2614	15.145	
2615	15.1218	
2616	15.0924	
2617	15.0546	
2618	15.0021	
2619	14.9262	
2620	14.8214	
2621	14.6894	
2622	14.5415	
2623	14.3952	
2624	14.2695	
2625	14.1798	
2626	14.1352	
2627	14.1389	
2628	14.1878	
2629	14.2732	
2630	14.3805	
2631	14.4907	
2632	14.5849	
2633	14.6516	
2634	14.6926	
2635	14.7218	
2636	14.7573	
2637	14.8129	
2638	14.8943	
2639	14.9994	
2640	15.1229	
2641	15.2588	
2642	15.4032	
2643	15.5534	
2644	15.7058	
2645	15.8544	
2646	15.9899	
2647	16.1013	
2648	16.1782	
2649	16.2137	
2650	16.2062	
2651	16.1599	
2652	16.0834	
2653	15.9879	
2654	15.8852	
2655	15.7855	
2656	15.6975	
2657	15.6275	
2658	15.5799	
2659	15.5566	
2660	15.5558	
2661	15.5709	
2662	15.5909	
2663	15.6028	
2664	15.5957	
2665	15.5647	
2666	15.5118	
2667	15.4432	
2668	15.3664	
2669	15.2874	
2670	15.2105	
2671	15.139	
2672	15.0754	
2673	15.0214	
2674	14.9787	
2675	14.9482	
2676	14.931	
2677	14.9282	
2678	14.9408	
2679	14.969	
2680	15.0119	
2681	15.0665	
2682	15.1283	
2683	15.1914	
2684	15.2505	
2685	15.3018	
2686	15.3449	
2687	15.3824	
2688	15.4192	
2689	15.4598	
2690	15.5057	
2691	15.5538	
2692	15.596	
2693	15.6215	
2694	15.6201	
2695	15.5858	
2696	15.5186	
2697	15.4252	
2698	15.3176	
2699	15.2101	
2700	15.1156	
2701	15.0436	
2702	14.9989	
2703	14.9827	
2704	14.9937	
2705	15.029	
2706	15.0839	
2707	15.1527	
2708	15.2288	
2709	15.3056	
2710	15.3766	
2711	15.4346	
2712	15.4714	
2713	15.4773	
2714	15.4433	
2715	15.3632	
2716	15.2374	
2717	15.074	
2718	14.8881	
2719	14.6977	
2720	14.5197	
2721	14.3674	
2722	14.249	
2723	14.1689	
2724	14.1289	
2725	14.1291	
2726	14.1688	
2727	14.246	
2728	14.3575	
2729	14.4976	
2730	14.6587	
2731	14.8304	
2732	15.001	
2733	15.158	
2734	15.2899	
2735	15.3872	
2736	15.4436	
2737	15.4567	
2738	15.4286	
2739	15.3662	
2740	15.2797	
2741	15.1791	
2742	15.0711	
2743	14.9578	
2744	14.8378	
2745	14.711	
2746	14.5819	
2747	14.4611	
2748	14.3631	
2749	14.3021	
2750	14.2878	
2751	14.3231	
2752	14.4036	
2753	14.5198	
2754	14.6581	
2755	14.8028	
2756	14.938	
2757	15.05	
2758	15.1306	
2759	15.1792	
2760	15.2016	
2761	15.2067	
2762	15.2025	
2763	15.1952	
2764	15.1892	
2765	15.1892	
2766	15.2	
2767	15.2265	
2768	15.2716	
2769	15.3348	
2770	15.4121	
2771	15.4955	
2772	15.5749	
2773	15.6393	
2774	15.6789	
2775	15.687	
2776	15.6608	
2777	15.6022	
2778	15.517	
2779	15.4138	
2780	15.3019	
2781	15.19	
2782	15.085	
2783	14.9912	
2784	14.9106	
2785	14.8434	
2786	14.7889	
2787	14.7462	
2788	14.7141	
2789	14.692	
2790	14.6792	
2791	14.6755	
2792	14.6814	
2793	14.6983	
2794	14.7283	
2795	14.7734	
2796	14.8337	
2797	14.9053	
2798	14.9803	
2799	15.0483	
2800	15.1009	
2801	15.1354	
2802	15.1548	
2803	15.1651	
2804	15.1709	
2805	15.1739	
2806	15.1729	
2807	15.1657	
2808	15.1496	
2809	15.1231	
2810	15.086	
2811	15.0399	
2812	14.9878	
2813	14.9337	
2814	14.8824	
2815	14.8383	
2816	14.8049	
2817	14.7838	
2818	14.7743	
2819	14.7737	
2820	14.7775	
2821	14.7801	
2822	14.7766	
2823	14.7634	
2824	14.7407	
2825	14.7122	
2826	14.6849	
2827	14.6669	
2828	14.6642	
2829	14.6785	
2830	14.7063	
2831	14.7395	
2832	14.7675	
2833	14.7801	
2834	14.7697	
2835	14.7327	
2836	14.6695	
2837	14.5842	
2838	14.4838	
2839	14.3777	
2840	14.2762	
2841	14.1898	
2842	14.1279	
2843	14.0978	
2844	14.1042	
2845	14.1481	
2846	14.2269	
2847	14.3341	
2848	14.4602	
2849	14.5941	
2850	14.7248	
2851	14.8417	
2852	14.9345	
2853	14.9932	
2854	15.0096	
2855	14.9797	
2856	14.9063	
2857	14.8002	
2858	14.6789	
2859	14.5632	
2860	14.4731	
2861	14.424	
2862	14.4243	
2863	14.4743	
2864	14.5674	
2865	14.691	
2866	14.8307	
2867	14.9731	
2868	15.1093	
2869	15.2349	
2870	15.3486	
2871	15.4497	
2872	15.5369	
2873	15.6077	
2874	15.6597	
2875	15.6914	
2876	15.7032	
2877	15.6982	
2878	15.6809	
2879	15.6564	
2880	15.6277	
2881	15.5948	
2882	15.5541	
2883	15.5005	
2884	15.4301	
2885	15.3434	
2886	15.2458	
2887	15.1474	
2888	15.059	
2889	14.9892	
2890	14.9424	
2891	14.9183	
2892	14.9125	
2893	14.9185	
2894	14.9289	
2895	14.9367	
2896	14.9366	
2897	14.926	
2898	14.9073	
2899	14.8881	
2900	14.8808	
2901	14.8955	
2902	14.9296	
2903	14.9563	
2904	14.9315	
2905	14.8278	
2906	14.6643	
2907	14.4908	
2908	14.3493	
2909	14.256	
2910	14.207	
2911	14.1891	
2912	14.1888	
2913	14.1963	
2914	14.2083	
2915	14.2274	
2916	14.2608	
2917	14.3165	
2918	14.4014	
2919	14.5191	
2920	14.6695	
2921	14.8488	
2922	15.0496	
2923	15.2617	
2924	15.4727	
2925	15.6683	
2926	15.8326	
2927	15.9499	
2928	16.0069	
2929	15.9962	
2930	15.9191	
2931	15.7855	
2932	15.6127	
2933	15.4215	
2934	15.2335	
2935	15.0686	
2936	14.9432	
2937	14.8695	
2938	14.8545	
2939	14.8991	
2940	14.997	
2941	15.1348	
2942	15.2931	
2943	15.4512	
2944	15.5917	
2945	15.7022	
2946	15.7747	
2947	15.8045	
2948	15.7914	
2949	15.7411	
2950	15.6651	
2951	15.5787	
2952	15.4982	
2953	15.4363	
2954	15.3989	
2955	15.3842	
2956	15.3832	
2957	15.3823	
2958	15.3669	
2959	15.3251	
2960	15.2521	
2961	15.1509	
2962	15.0319	
2963	14.909	
2964	14.7961	
2965	14.7044	
2966	14.641	
2967	14.6094	
2968	14.6098	
2969	14.6405	
2970	14.6977	
2971	14.7768	
2972	14.8713	
2973	14.973	
2974	15.0714	
2975	15.1551	
2976	15.2137	
2977	15.2403	
2978	15.2334	
2979	15.197	
2980	15.1397	
2981	15.0723	
2982	15.0056	
2983	14.9487	
2984	14.9085	
2985	14.8893	
2986	14.8934	
2987	14.9207	
2988	14.9682	
2989	15.0299	
2990	15.0963	
2991	15.1554	
2992	15.1952	
2993	15.206	
2994	15.183	
2995	15.1272	
2996	15.0441	
2997	14.9419	
2998	14.8295	
2999	14.715	
3000	14.6054	
3001	14.5061	
3002	14.4211	
3003	14.3517	
3004	14.296	
3005	14.2497	
3006	14.2076	
3007	14.1669	
3008	14.1278	
3009	14.094	
3010	14.0714	
3011	14.0657	
3012	14.0811	
3013	14.1186	
3014	14.1767	
3015	14.2512	
3016	14.3373	
3017	14.4301	
3018	14.5252	
3019	14.6188	
3020	14.7074	
3021	14.7878	
3022	14.8571	
3023	14.9124	
3024	14.95	
3025	14.9647	
3026	14.9507	
3027	14.9031	
3028	14.8206	
3029	14.7074	
3030	14.5731	
3031	14.4301	
3032	14.2908	
3033	14.1658	
3034	14.0631	
3035	13.9879	
3036	13.9425	
3037	13.9257	
3038	13.9325	
3039	13.9556	
3040	13.9868	
3041	14.0197	
3042	14.051	
3043	14.0816	
3044	14.1153	
3045	14.1578	
3046	14.2137	
3047	14.2853	
3048	14.3713	
3049	14.4663	
3050	14.5622	
3051	14.6494	
3052	14.7196	
3053	14.7675	
3054	14.792	
3055	14.796	
3056	14.7853	
3057	14.767	
3058	14.7485	
3059	14.7361	
3060	14.7338	
3061	14.7435	
3062	14.7645	
3063	14.7947	
3064	14.8314	
3065	14.8724	
3066	14.9155	
3067	14.959	
3068	15.0004	
3069	15.0368	
3070	15.0651	
3071	15.0831	
3072	15.09	
3073	15.0858	
3074	15.0716	
3075	15.0479	
3076	15.0157	
3077	14.9756	
3078	14.9288	
3079	14.8768	
3080	14.8213	
3081	14.7642	
3082	14.7079	
3083	14.6547	
3084	14.6074	
3085	14.5684	
3086	14.5395	
3087	14.522	
3088	14.516	
3089	14.5207	
3090	14.5336	
3091	14.551	
3092	14.5688	
3093	14.583	
3094	14.5914	
3095	14.5946	
3096	14.5952	
3097	14.5973	
3098	14.6045	
3099	14.6191	
3100	14.6414	
3101	14.6697	
3102	14.7014	
3103	14.7331	
3104	14.761	
3105	14.7802	
3106	14.7842	
3107	14.7664	
3108	14.7218	
3109	14.651	
3110	14.5617	
3111	14.4678	
3112	14.3847	
3113	14.3255	
3114	14.2991	
3115	14.3092	
3116	14.3555	
3117	14.4337	
3118	14.5366	
3119	14.6544	
3120	14.7766	
3121	14.8939	
3122	15.0004	
3123	15.095	
3124	15.1809	
3125	15.2634	
3126	15.3473	
3127	15.4344	
3128	15.5221	
3129	15.6034	
3130	15.6688	
3131	15.7089	
3132	15.717	
3133	15.6916	
3134	15.6356	
3135	15.5555	
3136	15.4589	
3137	15.353	
3138	15.2439	
3139	15.1365	
3140	15.0343	
3141	14.9402	
3142	14.856	
3143	14.7831	
3144	14.7215	
3145	14.6702	
3146	14.627	
3147	14.589	
3148	14.5533	
3149	14.5174	
3150	14.4801	
3151	14.4416	
3152	14.4031	
3153	14.3672	
3154	14.337	
3155	14.3162	
3156	14.3086	
3157	14.3173	
3158	14.3443	
3159	14.3895	
3160	14.4509	
3161	14.5242	
3162	14.6038	
3163	14.6839	
3164	14.7588	
3165	14.8241	
3166	14.8766	
3167	14.9149	
3168	14.9391	
3169	14.9501	
3170	14.9492	
3171	14.9382	
3172	14.9199	
3173	14.8987	
3174	14.8803	
3175	14.8708	
3176	14.875	
3177	14.8949	
3178	14.9289	
3179	14.9714	
3180	15.0132	
3181	15.0436	
3182	15.052	
3183	15.0307	
3184	14.976	
3185	14.8882	
3186	14.7716	
3187	14.6336	
3188	14.4838	
3189	14.3336	
3190	14.1945	
3191	14.0767	
3192	13.9876	
3193	13.9317	
3194	13.9105	
3195	13.9231	
3196	13.9668	
3197	14.0375	
3198	14.1302	
3199	14.2392	
3200	14.3585	
3201	14.482	
3202	14.6037	
3203	14.7174	
3204	14.818	
3205	14.9014	
3206	14.9656	
3207	15.0109	
3208	15.0394	
3209	15.0534	
3210	15.0536	
3211	15.0378	
3212	15.0019	
3213	14.9433	
3214	14.8644	
3215	14.7734	
3216	14.6819	
3217	14.6005	
3218	14.5366	
3219	14.493	
3220	14.4696	
3221	14.4648	
3222	14.4773	
3223	14.5064	
3224	14.5509	
3225	14.6078	
3226	14.6712	
3227	14.7319	
3228	14.7798	
3229	14.8065	
3230	14.8079	
3231	14.7841	
3232	14.739	
3233	14.6784	
3234	14.6084	
3235	14.535	
3236	14.4633	
3237	14.3975	
3238	14.3412	
3239	14.297	
3240	14.2676	
3241	14.2551	
3242	14.2618	
3243	14.2894	
3244	14.3383	
3245	14.4068	
3246	14.4904	
3247	14.5819	
3248	14.6722	
3249	14.7534	
3250	14.8206	
3251	14.8745	
3252	14.9201	
3253	14.9652	
3254	15.0176	
3255	15.0832	
3256	15.1643	
3257	15.2586	
3258	15.3575	
3259	15.4458	
3260	15.5051	
3261	15.5213	
3262	15.4912	
3263	15.4227	
3264	15.3297	
3265	15.226	
3266	15.1223	
3267	15.0267	
3268	14.9452	
3269	14.8824	
3270	14.8412	
3271	14.8232	
3272	14.8284	
3273	14.8554	
3274	14.9015	
3275	14.9628	
3276	15.0343	
3277	15.1105	
3278	15.1855	
3279	15.2536	
3280	15.3094	
3281	15.3484	
3282	15.3681	
3283	15.3694	
3284	15.3573	
3285	15.3404	
3286	15.3294	
3287	15.3339	
3288	15.36	
3289	15.4085	
3290	15.4749	
3291	15.5512	
3292	15.6288	
3293	15.7017	
3294	15.7687	
3295	15.8328	
3296	15.898	
3297	15.9654	
3298	16.0311	
3299	16.0874	
3300	16.1263	
3301	16.143	
3302	16.137	
3303	16.1117	
3304	16.0734	
3305	16.0299	
3306	15.9893	
3307	15.9579	
3308	15.9393	
3309	15.9339	
3310	15.9387	
3311	15.9472	
3312	15.9515	
3313	15.9432	
3314	15.9159	
3315	15.866	
3316	15.7923	
3317	15.6949	
3318	15.5751	
3319	15.4351	
3320	15.2797	
3321	15.1162	
3322	14.9547	
3323	14.8067	
3324	14.6832	
3325	14.5932	
3326	14.5421	
3327	14.531	
3328	14.5561	
3329	14.6095	
3330	14.6797	
3331	14.7542	
3332	14.8212	
3333	14.8714	
3334	14.8999	
3335	14.9068	
3336	14.8971	
3337	14.8798	
3338	14.8661	
3339	14.8667	
3340	14.8892	
3341	14.9367	
3342	15.0076	
3343	15.0959	
3344	15.1922	
3345	15.2847	
3346	15.359	
3347	15.4002	
3348	15.3972	
3349	15.3488	
3350	15.2663	
3351	15.1703	
3352	15.083	
3353	15.0218	
3354	14.9969	
3355	15.012	
3356	15.0661	
3357	15.1546	
3358	15.2711	
3359	15.4071	
3360	15.5526	
3361	15.6966	
3362	15.8276	
3363	15.9356	
3364	16.0141	
3365	16.0614	
3366	16.0804	
3367	16.0758	
3368	16.0514	
3369	16.0084	
3370	15.9462	
3371	15.8635	
3372	15.7609	
3373	15.6417	
3374	15.5113	
3375	15.3762	
3376	15.2423	
3377	15.1153	
3378	15.0002	
3379	14.9021	
3380	14.8258	
3381	14.7763	
3382	14.758	
3383	14.7744	
3384	14.827	
3385	14.9131	
3386	15.0257	
3387	15.1528	
3388	15.2792	
3389	15.3894	
3390	15.4712	
3391	15.5189	
3392	15.5337	
3393	15.5213	
3394	15.4896	
3395	15.4465	
3396	15.399	
3397	15.3523	
3398	15.3062	
3399	15.2529	
3400	15.1796	
3401	15.08	
3402	14.9627	
3403	14.8498	
3404	14.7631	
3405	14.7145	
3406	14.7041	
3407	14.7249	
3408	14.7673	
3409	14.823	
3410	14.8864	
3411	14.9551	
3412	15.0279	
3413	15.1031	
3414	15.1768	
3415	15.2421	
3416	15.2898	
3417	15.3106	
3418	15.2985	
3419	15.2526	
3420	15.1788	
3421	15.0886	
3422	14.997	
3423	14.9203	
3424	14.874	
3425	14.8715	
3426	14.9207	
3427	15.0211	
3428	15.1579	
3429	15.2999	
3430	15.4059	
3431	15.4436	
3432	15.407	
3433	15.3167	
3434	15.2036	
3435	15.0946	
3436	15.0072	
3437	14.9506	
3438	14.9282	
3439	14.9385	
3440	14.9768	
3441	15.0362	
3442	15.1089	
3443	15.1869	
3444	15.2627	
3445	15.3297	
3446	15.3821	
3447	15.4156	
3448	15.4272	
3449	15.4154	
3450	15.3798	
3451	15.3214	
3452	15.2432	
3453	15.1509	
3454	15.0539	
3455	14.9631	
3456	14.889	
3457	14.8378	
3458	14.8105	
3459	14.8028	
3460	14.8075	
3461	14.8175	
3462	14.8287	
3463	14.8403	
3464	14.8543	
3465	14.8737	
3466	14.9007	
3467	14.9359	
3468	14.9782	
3469	15.0243	
3470	15.0697	
3471	15.1091	
3472	15.1374	
3473	15.1501	
3474	15.1437	
3475	15.1168	
3476	15.0698	
3477	15.0062	
3478	14.9319	
3479	14.8546	
3480	14.7829	
3481	14.7236	
3482	14.6814	
3483	14.6577	
3484	14.6509	
3485	14.6577	
3486	14.6741	
3487	14.696	
3488	14.7204	
3489	14.7449	
3490	14.7677	
3491	14.7869	
3492	14.8003	
3493	14.8062	
3494	14.8047	
3495	14.7988	
3496	14.7946	
3497	14.8003	
3498	14.8247	
3499	14.8747	
3500	14.9545	
3501	15.0643	
3502	15.2013	
3503	15.3597	
3504	15.5304	
3505	15.7012	
3506	15.8577	
3507	15.9872	
3508	16.085	
3509	16.155	
3510	16.2055	
3511	16.2415	
3512	16.2611	
3513	16.2568	
3514	16.2193	
3515	16.1418	
3516	16.0224	
3517	15.8651	
3518	15.6778	
3519	15.471	
3520	15.2556	
3521	15.0418	
3522	14.8394	
3523	14.6583	
3524	14.5085	
3525	14.3994	
3526	14.3391	
3527	14.3328	
3528	14.3816	
3529	14.4819	
3530	14.6254	
3531	14.7997	
3532	14.9892	
3533	15.177	
3534	15.346	
3535	15.4815	
3536	15.5723	
3537	15.6122	
3538	15.6007	
3539	15.5418	
3540	15.443	
3541	15.3133	
3542	15.1617	
3543	14.9964	
3544	14.8254	
3545	14.6586	
3546	14.5078	
3547	14.386	
3548	14.3046	
3549	14.2717	
3550	14.2908	
3551	14.3604	
3552	14.4746	
3553	14.6227	
3554	14.7905	
3555	14.9609	
3556	15.1155	
3557	15.2376	
3558	15.3155	
3559	15.3448	
3560	15.3283	
3561	15.273	
3562	15.1876	
3563	15.0795	
3564	14.9548	
3565	14.8189	
3566	14.6771	
3567	14.536	
3568	14.4032	
3569	14.2862	
3570	14.1917	
3571	14.1235	
3572	14.0831	
3573	14.0692	
3574	14.0786	
3575	14.1073	
3576	14.1507	
3577	14.2048	
3578	14.2671	
3579	14.3368	
3580	14.4146	
3581	14.5005	
3582	14.5918	
3583	14.6832	
3584	14.7679	
3585	14.8405	
3586	14.8992	
3587	14.9463	
3588	14.9863	
3589	15.0232	
3590	15.0583	
3591	15.0895	
3592	15.1122	
3593	15.1214	
3594	15.1146	
3595	15.0926	
3596	15.0598	
3597	15.0236	
3598	14.9924	
3599	14.9739	
3600	14.9732	
3601	14.9916	
3602	15.0259	
3603	15.0689	
3604	15.1105	
3605	15.1398	
3606	15.1469	
3607	15.1248	
3608	15.0726	
3609	14.9962	
3610	14.907	
3611	14.8173	
3612	14.7369	
3613	14.6713	
3614	14.6241	
3615	14.598	
3616	14.5961	
3617	14.6209	
3618	14.6729	
3619	14.7494	
3620	14.8434	
3621	14.9445	
3622	15.04	
3623	15.1168	
3624	15.164	
3625	15.1748	
3626	15.1482	
3627	15.0895	
3628	15.009	
3629	14.9188	
3630	14.83	
3631	14.7513	
3632	14.6887	
3633	14.6456	
3634	14.6231	
3635	14.6206	
3636	14.6358	
3637	14.6661	
3638	14.7091	
3639	14.7625	
3640	14.8245	
3641	14.8926	
3642	14.9631	
3643	15.0306	
3644	15.0884	
3645	15.1294	
3646	15.147	
3647	15.1375	
3648	15.1009	
3649	15.0417	
3650	14.9681	
3651	14.8907	
3652	14.8207	
3653	14.7686	
3654	14.7426	
3655	14.7473	
3656	14.7823	
3657	14.842	
3658	14.9161	
3659	14.9923	
3660	15.0594	
3661	15.1095	
3662	15.1398	
3663	15.1521	
3664	15.1513	
3665	15.1428	
3666	15.1313	
3667	15.1195	
3668	15.1085	
3669	15.0988	
3670	15.0907	
3671	15.0852	
3672	15.0834	
3673	15.0861	
3674	15.0933	
3675	15.1039	
3676	15.115	
3677	15.1228	
3678	15.1238	
3679	15.117	
3680	15.1042	
3681	15.089	
3682	15.0742	
3683	15.0599	
3684	15.0441	
3685	15.0249	
3686	15.0019	
3687	14.9773	
3688	14.9551	
3689	14.9391	
3690	14.9326	
3691	14.9373	
3692	14.9544	
3693	14.9847	
3694	15.0288	
3695	15.0871	
3696	15.1593	
3697	15.245	
3698	15.3436	
3699	15.4541	
3700	15.5752	
3701	15.7037	
3702	15.8339	
3703	15.9567	
3704	16.0601	
3705	16.1305	
3706	16.1548	
3707	16.1234	
3708	16.0329	
3709	15.8882	
3710	15.7025	
3711	15.4945	
3712	15.2834	
3713	15.0846	
3714	14.9073	
3715	14.7541	
3716	14.6225	
3717	14.5083	
3718	14.4088	
3719	14.3247	
3720	14.2611	
3721	14.2257	
3722	14.2256	
3723	14.2638	
3724	14.3363	
3725	14.4319	
3726	14.5339	
3727	14.6256	
3728	14.6949	
3729	14.7386	
3730	14.7615	
3731	14.7754	
3732	14.7939	
3733	14.8287	
3734	14.8858	
3735	14.9644	
3736	15.0569	
3737	15.1518	
3738	15.2361	
3739	15.299	
3740	15.3334	
3741	15.3361	
3742	15.3075	
3743	15.2512	
3744	15.1741	
3745	15.0858	
3746	14.9959	
3747	14.9114	
3748	14.8348	
3749	14.7636	
3750	14.6919	
3751	14.614	
3752	14.5278	
3753	14.4357	
3754	14.3436	
3755	14.2589	
3756	14.1871	
3757	14.1303	
3758	14.0867	
3759	14.052	
3760	14.021	
3761	13.99	
3762	13.957	
3763	13.9223	
3764	13.8877	
3765	13.8563	
3766	13.8312	
3767	13.8161	
3768	13.8138	
3769	13.827	
3770	13.8573	
3771	13.9052	
3772	13.9702	
3773	14.0499	
3774	14.141	
3775	14.2397	
3776	14.3421	
3777	14.4456	
3778	14.5475	
3779	14.6444	
3780	14.731	
3781	14.8011	
3782	14.849	
3783	14.872	
3784	14.8707	
3785	14.8481	
3786	14.8079	
3787	14.7532	
3788	14.6876	
3789	14.6155	
3790	14.5432	
3791	14.4781	
3792	14.428	
3793	14.3993	
3794	14.3964	
3795	14.4202	
3796	14.4689	
3797	14.538	
3798	14.6211	
3799	14.7113	
3800	14.8017	
3801	14.8856	
3802	14.9569	
3803	15.0102	
3804	15.0416	
3805	15.0502	
3806	15.0385	
3807	15.0113	
3808	14.974	
3809	14.9313	
3810	14.8865	
3811	14.8413	
3812	14.7969	
3813	14.7544	
3814	14.7154	
3815	14.6813	
3816	14.6534	
3817	14.6322	
3818	14.6171	
3819	14.6065	
3820	14.5977	
3821	14.5873	
3822	14.5711	
3823	14.545	
3824	14.5051	
3825	14.4493	
3826	14.3784	
3827	14.2971	
3828	14.2135	
3829	14.1378	
3830	14.0806	
3831	14.0513	
3832	14.0568	
3833	14.1006	
3834	14.1823	
3835	14.2968	
3836	14.4342	
3837	14.5814	
3838	14.7248	
3839	14.8528	
3840	14.9583	
3841	15.0383	
3842	15.0921	
3843	15.1191	
3844	15.1183	
3845	15.0887	
3846	15.0308	
3847	14.9473	
3848	14.8439	
3849	14.7279	
3850	14.6075	
3851	14.491	
3852	14.3864	
3853	14.3012	
3854	14.2422	
3855	14.2149	
3856	14.2222	
3857	14.2634	
3858	14.3332	
3859	14.4216	
3860	14.5154	
3861	14.6024	
3862	14.6748	
3863	14.7317	
3864	14.7778	
3865	14.8192	
3866	14.8603	
3867	14.9021	
3868	14.943	
3869	14.9812	
3870	15.0162	
3871	15.049	
3872	15.0815	
3873	15.114	
3874	15.1439	
3875	15.1648	
3876	15.1682	
3877	15.1458	
3878	15.0933	
3879	15.0122	
3880	14.9103	
3881	14.8003	
3882	14.6973	
3883	14.616	
3884	14.5667	
3885	14.5531	
3886	14.5693	
3887	14.6011	
3888	14.6307	
3889	14.6452	
3890	14.6413	
3891	14.6243	
3892	14.6019	
3893	14.5803	
3894	14.5632	
3895	14.5529	
3896	14.5513	
3897	14.5592	
3898	14.5757	
3899	14.5978	
3900	14.6203	
3901	14.6376	
3902	14.6445	
3903	14.6378	
3904	14.6165	
3905	14.5809	
3906	14.5319	
3907	14.4706	
3908	14.3991	
3909	14.322	
3910	14.247	
3911	14.184	
3912	14.1417	
3913	14.1258	
3914	14.1377	
3915	14.1753	
3916	14.2337	
3917	14.3076	
3918	14.3923	
3919	14.4833	
3920	14.5765	
3921	14.6658	
3922	14.7433	
3923	14.799	
3924	14.8243	
3925	14.815	
3926	14.7742	
3927	14.7128	
3928	14.6458	
3929	14.5891	
3930	14.5563	
3931	14.5581	
3932	14.602	
3933	14.6921	
3934	14.8286	
3935	15.0059	
3936	15.2117	
3937	15.4268	
3938	15.6276	
3939	15.7907	
3940	15.8985	
3941	15.9424	
3942	15.9241	
3943	15.854	
3944	15.749	
3945	15.63	
3946	15.5184	
3947	15.432	
3948	15.3818	
3949	15.3718	
3950	15.3999	
3951	15.4605	
3952	15.5463	
3953	15.6473	
3954	15.7513	
3955	15.8451	
3956	15.9174	
3957	15.961	
3958	15.974	
3959	15.9581	
3960	15.9172	
3961	15.8554	
3962	15.7765	
3963	15.6846	
3964	15.5843	
3965	15.4811	
3966	15.381	
3967	15.2902	
3968	15.2137	
3969	15.1547	
3970	15.1139	
3971	15.0891	
3972	15.0757	
3973	15.0669	
3974	15.0551	
3975	15.0327	
3976	14.9939	
3977	14.9364	
3978	14.8619	
3979	14.7769	
3980	14.6908	
3981	14.6136	
3982	14.5531	
3983	14.5129	
3984	14.491	
3985	14.4811	
3986	14.474	
3987	14.4613	
3988	14.4375	
3989	14.4016	
3990	14.3564	
3991	14.3059	
3992	14.2537	
3993	14.2012	
3994	14.1481	
3995	14.0938	
3996	14.0386	
3997	13.9848	
3998	13.9373	
3999	13.9021	
4000	13.8843	
4001	13.8853	
4002	13.9016	
4003	13.9266	
4004	13.9563	
4005	13.993	
4006	14.0435	
4007	14.1134	
4008	14.202	
4009	14.3018	
4010	14.4024	
4011	14.4954	
4012	14.5766	
4013	14.6453	
4014	14.7024	
4015	14.7483	
4016	14.7823	
4017	14.8035	
4018	14.8118	
4019	14.8085	
4020	14.7971	
4021	14.7827	
4022	14.7712	
4023	14.7685	
4024	14.7787	
4025	14.8028	
4026	14.8383	
4027	14.8798	
4028	14.9202	
4029	14.9529	
4030	14.9728	
4031	14.9783	
4032	14.9709	
4033	14.9547	
4034	14.9347	
4035	14.914	
4036	14.8928	
4037	14.8676	
4038	14.8324	
4039	14.7807	
4040	14.7084	
4041	14.6156	
4042	14.5075	
4043	14.3934	
4044	14.284	
4045	14.1891	
4046	14.1151	
4047	14.065	
4048	14.0386	
4049	14.033	
4050	14.0442	
4051	14.067	
4052	14.0959	
4053	14.1254	
4054	14.1514	
4055	14.1712	
4056	14.1836	
4057	14.1889	
4058	14.1879	
4059	14.1816	
4060	14.1713	
4061	14.1589	
4062	14.1459	
4063	14.1331	
4064	14.1197	
4065	14.1037	
4066	14.0841	
4067	14.0618	
4068	14.0408	
4069	14.0259	
4070	14.021	
4071	14.0272	
4072	14.0422	
4073	14.0609	
4074	14.0779	
4075	14.0899	
4076	14.0972	
4077	14.1043	
4078	14.1181	
4079	14.1451	
4080	14.1884	
4081	14.2452	
4082	14.306	
4083	14.3573	
4084	14.3873	
4085	14.3908	
4086	14.37	
4087	14.3319	
4088	14.2836	
4089	14.2291	
4090	14.1695	
4091	14.1032	
4092	14.0282	
4093	13.9427	
4094	13.8469	
4095	13.7432	
4096	13.637	
4097	13.536	
4098	13.4498	
4099	13.3872	
4100	13.3545	
4101	13.3537	
4102	13.3829	
4103	13.4367	
4104	13.5078	
4105	13.5878	
4106	13.6671	
4107	13.7359	
4108	13.7843	
4109	13.8046	
4110	13.7928	
4111	13.7511	
4112	13.6877	
4113	13.6153	
4114	13.5479	
4115	13.4976	
4116	13.4733	
4117	13.4793	
4118	13.5166	
4119	13.5844	
4120	13.6812	
4121	13.8061	
4122	13.9585	
4123	14.1364	
4124	14.3341	
4125	14.5411	
4126	14.7429	
4127	14.9234	
4128	15.0689	
4129	15.1708	
4130	15.2265	
4131	15.2396	
4132	15.2181	
4133	15.1723	
4134	15.1119	
4135	15.0445	
4136	14.9747	
4137	14.9054	
4138	14.8395	
4139	14.7814	
4140	14.737	
4141	14.7127	
4142	14.7137	
4143	14.7422	
4144	14.7964	
4145	14.8701	
4146	14.953	
4147	15.032	
4148	15.0932	
4149	15.1243	
4150	15.1162	
4151	15.0643	
4152	14.9682	
4153	14.8326	
4154	14.668	
4155	14.4915	
4156	14.324	
4157	14.1861	
4158	14.0936	
4159	14.0545	
4160	14.0684	
4161	14.1289	
4162	14.2255	
4163	14.3466	
4164	14.4814	
4165	14.62	
4166	14.7532	
4167	14.8724	
4168	14.9711	
4169	15.0465	
4170	15.0994	
4171	15.129	
4172	15.1301	
4173	15.096	
4174	15.0276	
4175	14.938	
4176	14.8487	
4177	14.7805	
4178	14.7471	
4179	14.7555	
4180	14.8072	
4181	14.9001	
4182	15.0268	
4183	15.1728	
4184	15.3164	
4185	15.4308	
4186	15.4914	
4187	15.4834	
4188	15.4059	
4189	15.2702	
4190	15.0938	
4191	14.895	
4192	14.689	
4193	14.4879	
4194	14.3002	
4195	14.1321	
4196	13.9873	
4197	13.8677	
4198	13.7733	
4199	13.7023	
4200	13.6502	
4201	13.6108	
4202	13.577	
4203	13.5435	
4204	13.5086	
4205	13.475	
4206	13.4489	
4207	13.4374	
4208	13.4464	
4209	13.4796	
4210	13.538	
4211	13.6202	
4212	13.7227	
4213	13.8404	
4214	13.9663	
4215	14.0918	
4216	14.2072	
4217	14.3035	
4218	14.3736	
4219	14.415	
4220	14.4309	
4221	14.4296	
4222	14.4227	
4223	14.4219	
4224	14.4362	
4225	14.4701	
4226	14.5229	
4227	14.59	
4228	14.664	
4229	14.7368	
4230	14.8011	
4231	14.8513	
4232	14.8847	
4233	14.9016	
4234	14.9046	
4235	14.8978	
4236	14.8855	
4237	14.8704	
4238	14.8531	
4239	14.8322	
4240	14.8055	
4241	14.7714	
4242	14.7294	
4243	14.6806	
4244	14.6265	
4245	14.5682	
4246	14.506	
4247	14.4382	
4248	14.3616	
4249	14.2739	
4250	14.1762	
4251	14.0757	
4252	13.9843	
4253	13.9149	
4254	13.8773	
4255	13.876	
4256	13.9084	
4257	13.9658	
4258	14.0355	
4259	14.1042	
4260	14.1626	
4261	14.2078	
4262	14.2441	
4263	14.2805	
4264	14.3272	
4265	14.392	
4266	14.4788	
4267	14.5867	
4268	14.7112	
4269	14.8452	
4270	14.9807	
4271	15.1096	
4272	15.2244	
4273	15.3192	
4274	15.3895	
4275	15.4332	
4276	15.4507	
4277	15.4452	
4278	15.4222	
4279	15.3891	
4280	15.3532	
4281	15.3207	
4282	15.2958	
4283	15.2815	
4284	15.2806	
4285	15.2972	
4286	15.3364	
4287	15.4024	
4288	15.4954	
4289	15.6091	
4290	15.73	
4291	15.8401	
4292	15.9206	
4293	15.9577	
4294	15.946	
4295	15.8898	
4296	15.8005	
4297	15.6934	
4298	15.5838	
4299	15.4849	
4300	15.4068	
4301	15.3553	
4302	15.3321	
4303	15.3352	
4304	15.3609	
4305	15.4051	
4306	15.4648	
4307	15.5376	
4308	15.6198	
4309	15.7035	
4310	15.7752	
4311	15.8182	
4312	15.8187	
4313	15.7732	
4314	15.6901	
4315	15.586	
4316	15.4792	
4317	15.3852	
4318	15.3139	
4319	15.2692	
4320	15.2502	
4321	15.2525	
4322	15.2697	
4323	15.2944	
4324	15.3196	
4325	15.3396	
4326	15.3504	
4327	15.3502	
4328	15.3379	
4329	15.3123	
4330	15.2697	
4331	15.2037	
4332	15.1073	
4333	14.9774	
4334	14.8184	
4335	14.6404	
4336	14.4555	
4337	14.2749	
4338	14.1082	
4339	13.9647	
4340	13.8528	
4341	13.7802	
4342	13.7531	
4343	13.7757	
4344	13.8479	
4345	13.9638	
4346	14.1098	
4347	14.2669	
4348	14.4158	
4349	14.5441	
4350	14.6479	
4351	14.7289	
4352	14.7897	
4353	14.8318	
4354	14.8562	
4355	14.8631	
4356	14.8524	
4357	14.8236	
4358	14.7769	
4359	14.7143	
4360	14.6392	
4361	14.5556	
4362	14.4672	
4363	14.3764	
4364	14.2849	
4365	14.1945	
4366	14.1076	
4367	14.0276	
4368	13.9581	
4369	13.9017	
4370	13.8587	
4371	13.827	
4372	13.8043	
4373	13.7903	
4374	13.7873	
4375	13.8001	
4376	13.8333	
4377	13.8893	
4378	13.9683	
4379	14.0682	
4380	14.1858	
4381	14.3172	
4382	14.4588	
4383	14.6068	
4384	14.7572	
4385	14.9049	
4386	15.0422	
4387	15.1591	
4388	15.244	
4389	15.2866	
4390	15.2816	
4391	15.2303	
4392	15.1404	
4393	15.0242	
4394	14.8958	
4395	14.7693	
4396	14.6575	
4397	14.5708	
4398	14.5167	
4399	14.4991	
4400	14.5181	
4401	14.5704	
4402	14.6497	
4403	14.7476	
4404	14.854	
4405	14.9578	
4406	15.0481	
4407	15.1154	
4408	15.1527	
4409	15.1567	
4410	15.128	
4411	15.0705	
4412	14.9907	
4413	14.8964	
4414	14.7963	
4415	14.6993	
4416	14.6137	
4417	14.5461	
4418	14.5009	
4419	14.4802	
4420	14.4836	
4421	14.5088	
4422	14.5518	
4423	14.6077	
4424	14.6707	
4425	14.7354	
4426	14.7979	
4427	14.8576	
4428	14.9164	
4429	14.9787	
4430	15.0497	
4431	15.1333	
4432	15.231	
4433	15.3404	
4434	15.4549	
4435	15.5641	
4436	15.657	
4437	15.725	
4438	15.7658	
4439	15.7828	
4440	15.7833	
4441	15.7743	
4442	15.7599	
4443	15.7403	
4444	15.7124	
4445	15.6718	
4446	15.6151	
4447	15.5414	
4448	15.4527	
4449	15.3538	
4450	15.2498	
4451	15.146	
4452	15.0461	
4453	14.9531	
4454	14.8692	
4455	14.7959	
4456	14.7347	
4457	14.687	
4458	14.6541	
4459	14.6367	
4460	14.6345	
4461	14.6457	
4462	14.667	
4463	14.6947	
4464	14.7259	
4465	14.7595	
4466	14.7966	
4467	14.8394	
4468	14.8897	
4469	14.9478	
4470	15.0116	
4471	15.0766	
4472	15.1374	
4473	15.1881	
4474	15.2245	
4475	15.2443	
4476	15.2475	
4477	15.2364	
4478	15.2139	
4479	15.1828	
4480	15.1448	
4481	15.1005	
4482	15.0494	
4483	14.9909	
4484	14.9251	
4485	14.8529	
4486	14.777	
4487	14.7009	
4488	14.6274	
4489	14.5579	
4490	14.4917	
4491	14.4268	
4492	14.3619	
4493	14.2973	
4494	14.2356	
4495	14.1805	
4496	14.1361	
4497	14.1058	
4498	14.0918	
4499	14.0952	
4500	14.1161	
4501	14.1538	
4502	14.2067	
4503	14.2721	
4504	14.3464	
4505	14.4258	
4506	14.5073	
4507	14.5903	
4508	14.6765	
4509	14.7691	
4510	14.8706	
4511	14.9819	
4512	15.1008	
4513	15.2231	
4514	15.3422	
4515	15.4496	
4516	15.5357	
4517	15.5895	
4518	15.6016	
4519	15.566	
4520	15.4839	
4521	15.3632	
4522	15.2179	
4523	15.064	
4524	14.9167	
4525	14.7886	
4526	14.6888	
4527	14.6228	
4528	14.5928	
4529	14.5982	
4530	14.6358	
4531	14.7004	
4532	14.7854	
4533	14.8839	
4534	14.9891	
4535	15.0948	
4536	15.1953	
4537	15.2852	
4538	15.3604	
4539	15.4182	
4540	15.4592	
4541	15.4873	
4542	15.5083	
4543	15.528	
4544	15.5493	
4545	15.5716	
4546	15.5917	
4547	15.6056	
4548	15.6109	
4549	15.608	
4550	15.5995	
4551	15.5891	
4552	15.5792	
4553	15.5703	
4554	15.5612	
4555	15.5496	
4556	15.534	
4557	15.5142	
4558	15.4914	
4559	15.4672	
4560	15.443	
4561	15.4191	
4562	15.3945	
4563	15.3669	
4564	15.3334	
4565	15.2908	
4566	15.2367	
4567	15.1698	
4568	15.0902	
4569	14.9996	
4570	14.9018	
4571	14.8028	
4572	14.7104	
4573	14.6327	
4574	14.5769	
4575	14.5472	
4576	14.5451	
4577	14.5689	
4578	14.6136	
4579	14.6717	
4580	14.7339	
4581	14.791	
4582	14.8357	
4583	14.8638	
4584	14.8751	
4585	14.8727	
4586	14.8617	
4587	14.8483	
4588	14.8376	
4589	14.8327	
4590	14.8332	
4591	14.8353	
4592	14.8328	
4593	14.8192	
4594	14.7894	
4595	14.7414	
4596	14.6762	
4597	14.5977	
4598	14.5124	
4599	14.4284	
4600	14.3546	
4601	14.3001	
4602	14.2725	
4603	14.277	
4604	14.3151	
4605	14.3842	
4606	14.4784	
4607	14.5893	
4608	14.7083	
4609	14.828	
4610	14.9431	
4611	15.0499	
4612	15.1449	
4613	15.2243	
4614	15.2828	
4615	15.3151	
4616	15.3171	
4617	15.2871	
4618	15.2259	
4619	15.1377	
4620	15.0293	
4621	14.9102	
4622	14.7915	
4623	14.6846	
4624	14.5988	
4625	14.5408	
4626	14.5136	
4627	14.5172	
4628	14.5492	
4629	14.6045	
4630	14.6763	
4631	14.7565	
4632	14.8364	
4633	14.9081	
4634	14.9649	
4635	15.002	
4636	15.0162	
4637	15.0054	
4638	14.9682	
4639	14.9043	
4640	14.8151	
4641	14.7048	
4642	14.5817	
4643	14.4571	
4644	14.3429	
4645	14.2486	
4646	14.1799	
4647	14.1382	
4648	14.1229	
4649	14.133	
4650	14.1682	
4651	14.2281	
4652	14.3113	
4653	14.4146	
4654	14.5325	
4655	14.6583	
4656	14.7846	
4657	14.9046	
4658	15.0123	
4659	15.1034	
4660	15.1747	
4661	15.2248	
4662	15.2542	
4663	15.2652	
4664	15.2617	
4665	15.2485	
4666	15.2295	
4667	15.2076	
4668	15.1844	
4669	15.1598	
4670	15.1334	
4671	15.1043	
4672	15.0736	
4673	15.0446	
4674	15.0236	
4675	15.0189	
4676	15.0385	
4677	15.0876	
4678	15.1673	
4679	15.2741	
4680	15.4002	
4681	15.5345	
4682	15.6649	
4683	15.7795	
4684	15.8687	
4685	15.9268	
4686	15.9518	
4687	15.945	
4688	15.9096	
4689	15.8499	
4690	15.7714	
4691	15.6817	
4692	15.5912	
4693	15.5119	
4694	15.4544	
4695	15.4246	
4696	15.4216	
4697	15.4374	
4698	15.459	
4699	15.4717	
4700	15.462	
4701	15.4212	
4702	15.3466	
4703	15.2414	
4704	15.1145	
4705	14.978	
4706	14.846	
4707	14.7317	
4708	14.6457	
4709	14.5939	
4710	14.5771	
4711	14.5919	
4712	14.6324	
4713	14.6926	
4714	14.7681	
4715	14.8565	
4716	14.9565	
4717	15.066	
4718	15.1806	
4719	15.2926	
4720	15.392	
4721	15.4695	
4722	15.5194	
4723	15.5406	
4724	15.5338	
4725	15.4983	
4726	15.4306	
4727	15.3271	
4728	15.1887	
4729	15.0239	
4730	14.8478	
4731	14.6785	
4732	14.5325	
4733	14.4217	
4734	14.3527	
4735	14.3272	
4736	14.3424	
4737	14.3928	
4738	14.4707	
4739	14.5674	
4740	14.6747	
4741	14.7862	
4742	14.8975	
4743	15.0061	
4744	15.1094	
4745	15.2041	
4746	15.2859	
4747	15.3503	
4748	15.3936	
4749	15.4143	
4750	15.4132	
4751	15.3928	
4752	15.3552	
4753	15.3008	
4754	15.2285	
4755	15.1368	
4756	15.0265	
4757	14.9019	
4758	14.7694	
4759	14.6361	
4760	14.5082	
4761	14.3902	
4762	14.2853	
4763	14.1957	
4764	14.1231	
4765	14.0695	
4766	14.037	
4767	14.0278	
4768	14.0431	
4769	14.0817	
4770	14.1387	
4771	14.2058	
4772	14.2723	
4773	14.3282	
4774	14.3676	
4775	14.39	
4776	14.4009	
4777	14.409	
4778	14.424	
4779	14.454	
4780	14.504	
4781	14.575	
4782	14.6639	
4783	14.7643	
4784	14.8671	
4785	14.9627	
4786	15.0436	
4787	15.1067	
4788	15.1541	
4789	15.1924	
4790	15.2299	
4791	15.274	
4792	15.3283	
4793	15.3911	
4794	15.4551	
4795	15.5093	
4796	15.5424	
4797	15.5464	
4798	15.5191	
4799	15.465	
4800	15.3932	
4801	15.3142	
4802	15.2376	
4803	15.1693	
4804	15.1106	
4805	15.0574	
4806	15.0025	
4807	14.9376	
4808	14.8582	
4809	14.7657	
4810	14.6674	
4811	14.573	
4812	14.4902	
4813	14.4231	
4814	14.3718	
4815	14.3338	
4816	14.3064	
4817	14.2873	
4818	14.2753	
4819	14.2695	
4820	14.269	
4821	14.273	
4822	14.2812	
4823	14.2957	
4824	14.3201	
4825	14.3587	
4826	14.4148	
4827	14.4885	
4828	14.5772	
4829	14.6761	
4830	14.7794	
4831	14.8813	
4832	14.9757	
4833	15.0554	
4834	15.112	
4835	15.1374	
4836	15.1255	
4837	15.0746	
4838	14.988	
4839	14.8745	
4840	14.7467	
4841	14.6196	
4842	14.5073	
4843	14.4213	
4844	14.3683	
4845	14.3502	
4846	14.3644	
4847	14.4048	
4848	14.4632	
4849	14.5299	
4850	14.5946	
4851	14.646	
4852	14.6736	
4853	14.6689	
4854	14.6277	
4855	14.5512	
4856	14.4464	
4857	14.3228	
4858	14.1901	
4859	14.0546	
4860	13.9207	
4861	13.7924	
4862	13.6754	
4863	13.5771	
4864	13.5036	
4865	13.4582	
4866	13.4412	
4867	13.4512	
4868	13.4864	
4869	13.5452	
4870	13.6266	
4871	13.7294	
4872	13.8508	
4873	13.9861	
4874	14.1277	
4875	14.2658	
4876	14.3895	
4877	14.4901	
4878	14.5623	
4879	14.6058	
4880	14.6235	
4881	14.6206	
4882	14.6037	
4883	14.5801	
4884	14.5575	
4885	14.5432	
4886	14.5434	
4887	14.5627	
4888	14.6037	
4889	14.6658	
4890	14.7458	
4891	14.837	
4892	14.93	
4893	15.0146	
4894	15.0817	
4895	15.1257	
4896	15.1441	
4897	15.137	
4898	15.1062	
4899	15.0558	
4900	14.9923	
4901	14.9246	
4902	14.863	
4903	14.8161	
4904	14.7884	
4905	14.7794	
4906	14.7837	
4907	14.7931	
4908	14.7998	
4909	14.7996	
4910	14.7942	
4911	14.7904	
4912	14.7963	
4913	14.8155	
4914	14.8424	
4915	14.8614	
4916	14.8545	
4917	14.8138	
4918	14.7474	
4919	14.6745	
4920	14.6146	
4921	14.5802	
4922	14.5765	
4923	14.6031	
4924	14.6562	
4925	14.7295	
4926	14.8148	
4927	14.9025	
4928	14.9837	
4929	15.0519	
4930	15.1052	
4931	15.1457	
4932	15.1781	
4933	15.2058	
4934	15.2278	
4935	15.2374	
4936	15.2239	
4937	15.1771	
4938	15.0915	
4939	14.9687	
4940	14.8171	
4941	14.6495	
4942	14.4792	
4943	14.3184	
4944	14.1773	
4945	14.0637	
4946	13.9837	
4947	13.9418	
4948	13.9402	
4949	13.9787	
4950	14.0549	
4951	14.1633	
4952	14.2951	
4953	14.4383	
4954	14.5779	
4955	14.6986	
4956	14.787	
4957	14.8347	
4958	14.8409	
4959	14.8128	
4960	14.7643	
4961	14.7122	
4962	14.6724	
4963	14.6564	
4964	14.6701	
4965	14.7141	
4966	14.7847	
4967	14.8753	
4968	14.9777	
4969	15.083	
4970	15.1808	
4971	15.2598	
4972	15.3076	
4973	15.3131	
4974	15.27	
4975	15.1807	
4976	15.0556	
4977	14.9102	
4978	14.7598	
4979	14.6167	
4980	14.4893	
4981	14.3837	
4982	14.3038	
4983	14.2526	
4984	14.2319	
4985	14.2414	
4986	14.2789	
4987	14.3392	
4988	14.4147	
4989	14.4971	
4990	14.5788	
4991	14.655	
4992	14.7235	
4993	14.7839	
4994	14.8355	
4995	14.8751	
4996	14.8975	
4997	14.8954	
4998	14.8628	
4999	14.7974	
