# U_media -1.01319	 +/-0.210601
0	0.0919781	
1	0.0922462	
2	0.0940109	
3	0.0972572	
4	0.10196	
5	0.108084	
6	0.115584	
7	0.124404	
8	0.134479	
9	0.145733	
10	0.15808	
11	0.171425	
12	0.185663	
13	0.200678	
14	0.216347	
15	0.232539	
16	0.249113	
17	0.265925	
18	0.282821	
19	0.299646	
20	0.31624	
21	0.332443	
22	0.348096	
23	0.363039	
24	0.377119	
25	0.39019	
26	0.402112	
27	0.412757	
28	0.422009	
29	0.429767	
30	0.435943	
31	0.44047	
32	0.443297	
33	0.444391	
34	0.443739	
35	0.441348	
36	0.437242	
37	0.431464	
38	0.424072	
39	0.415143	
40	0.404763	
41	0.393035	
42	0.380068	
43	0.365981	
44	0.350899	
45	0.334951	
46	0.318269	
47	0.300985	
48	0.283228	
49	0.265128	
50	0.246807	
51	0.228384	
52	0.209971	
53	0.191673	
54	0.173588	
55	0.155803	
56	0.138399	
57	0.121447	
58	0.105008	
59	0.0891353	
60	0.0738732	
61	0.0592563	
62	0.0453113	
63	0.0320564	
64	0.0195021	
65	0.00765163	
66	-0.00349901	
67	-0.0139601	
68	-0.0237479	
69	-0.032884	
70	-0.0413952	
71	-0.0493122	
72	-0.0566697	
73	-0.0635058	
74	-0.0698611	
75	-0.0757783	
76	-0.0813018	
77	-0.0864771	
78	-0.0913502	
79	-0.0959671	
80	-0.100374	
81	-0.104614	
82	-0.108732	
83	-0.112769	
84	-0.116765	
85	-0.120755	
86	-0.124774	
87	-0.128852	
88	-0.133016	
89	-0.137289	
90	-0.141691	
91	-0.146237	
92	-0.150938	
93	-0.155801	
94	-0.16083	
95	-0.166024	
96	-0.171379	
97	-0.176887	
98	-0.182538	
99	-0.188318	
100	-0.194212	
101	-0.200202	
102	-0.20627	
103	-0.212395	
104	-0.218559	
105	-0.22474	
106	-0.230919	
107	-0.237078	
108	-0.2432	
109	-0.249268	
110	-0.25527	
111	-0.261194	
112	-0.267029	
113	-0.272771	
114	-0.278413	
115	-0.283955	
116	-0.289397	
117	-0.294743	
118	-0.299996	
119	-0.305165	
120	-0.31026	
121	-0.31529	
122	-0.320269	
123	-0.325209	
124	-0.330127	
125	-0.335037	
126	-0.339955	
127	-0.344896	
128	-0.349878	
129	-0.354915	
130	-0.360022	
131	-0.365213	
132	-0.3705	
133	-0.375896	
134	-0.38141	
135	-0.387051	
136	-0.392825	
137	-0.398737	
138	-0.404789	
139	-0.410982	
140	-0.417315	
141	-0.423783	
142	-0.430382	
143	-0.437103	
144	-0.443937	
145	-0.450872	
146	-0.457896	
147	-0.464995	
148	-0.472153	
149	-0.479354	
150	-0.486582	
151	-0.493821	
152	-0.501053	
153	-0.508263	
154	-0.515436	
155	-0.522559	
156	-0.529617	
157	-0.536602	
158	-0.543502	
159	-0.55031	
160	-0.557021	
161	-0.563631	
162	-0.570138	
163	-0.576541	
164	-0.582842	
165	-0.589043	
166	-0.59515	
167	-0.601167	
168	-0.607102	
169	-0.612962	
170	-0.618755	
171	-0.624492	
172	-0.63018	
173	-0.635831	
174	-0.641455	
175	-0.647061	
176	-0.65266	
177	-0.658261	
178	-0.663875	
179	-0.66951	
180	-0.675175	
181	-0.680877	
182	-0.686625	
183	-0.692425	
184	-0.698281	
185	-0.704201	
186	-0.710187	
187	-0.716244	
188	-0.722375	
189	-0.72858	
190	-0.734864	
191	-0.741226	
192	-0.747667	
193	-0.754189	
194	-0.760791	
195	-0.767475	
196	-0.774239	
197	-0.781086	
198	-0.788015	
199	-0.795026	
200	-0.802121	
201	-0.809299	
202	-0.816561	
203	-0.823907	
204	-0.831337	
205	-0.83885	
206	-0.846444	
207	-0.854118	
208	-0.861867	
209	-0.869687	
210	-0.877571	
211	-0.885512	
212	-0.8935	
213	-0.901526	
214	-0.909577	
215	-0.917642	
216	-0.925707	
217	-0.933759	
218	-0.941785	
219	-0.949773	
220	-0.957712	
221	-0.965592	
222	-0.973403	
223	-0.98114	
224	-0.988796	
225	-0.996367	
226	-1.00385	
227	-1.01124	
228	-1.01854	
229	-1.02575	
230	-1.03285	
231	-1.03986	
232	-1.04676	
233	-1.05354	
234	-1.0602	
235	-1.06673	
236	-1.07311	
237	-1.07932	
238	-1.08537	
239	-1.09122	
240	-1.09685	
241	-1.10227	
242	-1.10744	
243	-1.11234	
244	-1.11698	
245	-1.12133	
246	-1.12537	
247	-1.12911	
248	-1.13253	
249	-1.13563	
250	-1.1384	
251	-1.14084	
252	-1.14295	
253	-1.14473	
254	-1.14619	
255	-1.14732	
256	-1.14813	
257	-1.14863	
258	-1.14881	
259	-1.1487	
260	-1.1483	
261	-1.14761	
262	-1.14664	
263	-1.14541	
264	-1.14394	
265	-1.14224	
266	-1.14034	
267	-1.13826	
268	-1.13606	
269	-1.13377	
270	-1.13144	
271	-1.12914	
272	-1.12692	
273	-1.12486	
274	-1.12302	
275	-1.12147	
276	-1.12025	
277	-1.1194	
278	-1.11896	
279	-1.11892	
280	-1.11928	
281	-1.12	
282	-1.12104	
283	-1.12232	
284	-1.12379	
285	-1.12536	
286	-1.12696	
287	-1.1285	
288	-1.12993	
289	-1.1312	
290	-1.13225	
291	-1.13305	
292	-1.1336	
293	-1.13389	
294	-1.13392	
295	-1.13373	
296	-1.13334	
297	-1.13279	
298	-1.13213	
299	-1.13141	
300	-1.13069	
301	-1.13001	
302	-1.12943	
303	-1.12898	
304	-1.12872	
305	-1.12868	
306	-1.12887	
307	-1.12932	
308	-1.13002	
309	-1.13098	
310	-1.13218	
311	-1.1336	
312	-1.1352	
313	-1.13694	
314	-1.13878	
315	-1.14068	
316	-1.14258	
317	-1.14445	
318	-1.14624	
319	-1.14792	
320	-1.14946	
321	-1.15086	
322	-1.15209	
323	-1.15317	
324	-1.15411	
325	-1.15494	
326	-1.15569	
327	-1.1564	
328	-1.1571	
329	-1.15783	
330	-1.15863	
331	-1.15953	
332	-1.16056	
333	-1.16172	
334	-1.16304	
335	-1.16451	
336	-1.16612	
337	-1.16787	
338	-1.16975	
339	-1.17175	
340	-1.17385	
341	-1.17605	
342	-1.17833	
343	-1.1807	
344	-1.18313	
345	-1.18563	
346	-1.1882	
347	-1.19081	
348	-1.19347	
349	-1.19617	
350	-1.19888	
351	-1.20159	
352	-1.20428	
353	-1.20693	
354	-1.20952	
355	-1.21203	
356	-1.21442	
357	-1.21669	
358	-1.21883	
359	-1.22081	
360	-1.22264	
361	-1.22432	
362	-1.22585	
363	-1.22725	
364	-1.22853	
365	-1.22972	
366	-1.23084	
367	-1.2319	
368	-1.23294	
369	-1.23398	
370	-1.23503	
371	-1.2361	
372	-1.2372	
373	-1.23834	
374	-1.23951	
375	-1.2407	
376	-1.2419	
377	-1.24309	
378	-1.24426	
379	-1.2454	
380	-1.24648	
381	-1.24748	
382	-1.24839	
383	-1.2492	
384	-1.24991	
385	-1.25049	
386	-1.25095	
387	-1.25129	
388	-1.25152	
389	-1.25164	
390	-1.25166	
391	-1.2516	
392	-1.25147	
393	-1.2513	
394	-1.2511	
395	-1.25088	
396	-1.25069	
397	-1.25052	
398	-1.25041	
399	-1.25036	
400	-1.25039	
401	-1.25051	
402	-1.25071	
403	-1.251	
404	-1.25137	
405	-1.2518	
406	-1.25229	
407	-1.2528	
408	-1.25331	
409	-1.2538	
410	-1.25425	
411	-1.25464	
412	-1.25494	
413	-1.25514	
414	-1.25524	
415	-1.25524	
416	-1.25514	
417	-1.25498	
418	-1.25477	
419	-1.25455	
420	-1.25438	
421	-1.25429	
422	-1.25435	
423	-1.2546	
424	-1.25511	
425	-1.25591	
426	-1.25704	
427	-1.25852	
428	-1.26037	
429	-1.26257	
430	-1.2651	
431	-1.26793	
432	-1.271	
433	-1.27425	
434	-1.27761	
435	-1.28101	
436	-1.28437	
437	-1.2876	
438	-1.29065	
439	-1.29343	
440	-1.29589	
441	-1.29798	
442	-1.29966	
443	-1.3009	
444	-1.30171	
445	-1.3021	
446	-1.30208	
447	-1.3017	
448	-1.30103	
449	-1.30015	
450	-1.29915	
451	-1.29814	
452	-1.29722	
453	-1.29651	
454	-1.29612	
455	-1.29614	
456	-1.29666	
457	-1.29773	
458	-1.2994	
459	-1.30167	
460	-1.30452	
461	-1.30791	
462	-1.31177	
463	-1.31601	
464	-1.32053	
465	-1.32524	
466	-1.33003	
467	-1.3348	
468	-1.33945	
469	-1.34392	
470	-1.34813	
471	-1.35205	
472	-1.35564	
473	-1.35888	
474	-1.36179	
475	-1.36437	
476	-1.36666	
477	-1.36869	
478	-1.3705	
479	-1.37214	
480	-1.37365	
481	-1.37505	
482	-1.3764	
483	-1.37769	
484	-1.37895	
485	-1.38015	
486	-1.38129	
487	-1.38233	
488	-1.38322	
489	-1.38392	
490	-1.38436	
491	-1.38449	
492	-1.38425	
493	-1.38358	
494	-1.38243	
495	-1.38075	
496	-1.37853	
497	-1.37573	
498	-1.37234	
499	-1.36838	
500	-1.36385	
501	-1.35878	
502	-1.35321	
503	-1.34717	
504	-1.34073	
505	-1.33393	
506	-1.32686	
507	-1.31958	
508	-1.31218	
509	-1.30474	
510	-1.29736	
511	-1.29013	
512	-1.28314	
513	-1.2765	
514	-1.27029	
515	-1.26458	
516	-1.25944	
517	-1.25491	
518	-1.25101	
519	-1.24772	
520	-1.245	
521	-1.24279	
522	-1.24101	
523	-1.23953	
524	-1.23824	
525	-1.23702	
526	-1.23575	
527	-1.23433	
528	-1.23264	
529	-1.23063	
530	-1.22822	
531	-1.22539	
532	-1.22212	
533	-1.21842	
534	-1.2143	
535	-1.20981	
536	-1.20497	
537	-1.19985	
538	-1.19451	
539	-1.18899	
540	-1.18338	
541	-1.17772	
542	-1.17207	
543	-1.16649	
544	-1.16103	
545	-1.15574	
546	-1.15064	
547	-1.14577	
548	-1.14116	
549	-1.13681	
550	-1.13274	
551	-1.12892	
552	-1.12536	
553	-1.12204	
554	-1.1189	
555	-1.11594	
556	-1.11309	
557	-1.11031	
558	-1.10756	
559	-1.1048	
560	-1.10198	
561	-1.09908	
562	-1.09607	
563	-1.09294	
564	-1.08971	
565	-1.08638	
566	-1.083	
567	-1.07961	
568	-1.07627	
569	-1.07303	
570	-1.06999	
571	-1.06719	
572	-1.06471	
573	-1.0626	
574	-1.06091	
575	-1.05967	
576	-1.05889	
577	-1.05856	
578	-1.05867	
579	-1.05917	
580	-1.06001	
581	-1.06113	
582	-1.06244	
583	-1.06387	
584	-1.06534	
585	-1.06675	
586	-1.06804	
587	-1.06911	
588	-1.06991	
589	-1.07037	
590	-1.07044	
591	-1.07009	
592	-1.06928	
593	-1.068	
594	-1.06626	
595	-1.06406	
596	-1.06145	
597	-1.05846	
598	-1.05514	
599	-1.05158	
600	-1.04784	
601	-1.04404	
602	-1.04025	
603	-1.0366	
604	-1.03319	
605	-1.03013	
606	-1.02752	
607	-1.02547	
608	-1.02405	
609	-1.02334	
610	-1.02338	
611	-1.02418	
612	-1.02576	
613	-1.02808	
614	-1.03109	
615	-1.03474	
616	-1.03893	
617	-1.04356	
618	-1.04855	
619	-1.05377	
620	-1.05913	
621	-1.06451	
622	-1.06983	
623	-1.07499	
624	-1.07991	
625	-1.08452	
626	-1.08877	
627	-1.09262	
628	-1.09603	
629	-1.09901	
630	-1.10154	
631	-1.10365	
632	-1.10534	
633	-1.10666	
634	-1.10764	
635	-1.10829	
636	-1.10867	
637	-1.10878	
638	-1.10867	
639	-1.10836	
640	-1.10786	
641	-1.1072	
642	-1.10641	
643	-1.10552	
644	-1.10456	
645	-1.10356	
646	-1.10257	
647	-1.10161	
648	-1.10071	
649	-1.09988	
650	-1.09912	
651	-1.09841	
652	-1.09773	
653	-1.09703	
654	-1.09625	
655	-1.09534	
656	-1.09424	
657	-1.09289	
658	-1.09124	
659	-1.08925	
660	-1.08688	
661	-1.08411	
662	-1.08093	
663	-1.07733	
664	-1.07331	
665	-1.06887	
666	-1.06401	
667	-1.05873	
668	-1.05303	
669	-1.04689	
670	-1.0403	
671	-1.03322	
672	-1.0256	
673	-1.01739	
674	-1.00852	
675	-0.998915	
676	-0.988482	
677	-0.977138	
678	-0.964799	
679	-0.951389	
680	-0.936849	
681	-0.92114	
682	-0.904251	
683	-0.886204	
684	-0.867062	
685	-0.846929	
686	-0.825959	
687	-0.804355	
688	-0.782372	
689	-0.760313	
690	-0.738532	
691	-0.717419	
692	-0.697396	
693	-0.678902	
694	-0.662373	
695	-0.648223	
696	-0.636817	
697	-0.628454	
698	-0.623338	
699	-0.621567	
700	-0.623124	
701	-0.627879	
702	-0.635597	
703	-0.645958	
704	-0.658579	
705	-0.67304	
706	-0.688906	
707	-0.705749	
708	-0.723167	
709	-0.740791	
710	-0.758298	
711	-0.775408	
712	-0.791891	
713	-0.807563	
714	-0.82228	
715	-0.835941	
716	-0.848477	
717	-0.859852	
718	-0.870058	
719	-0.87911	
720	-0.887044	
721	-0.893912	
722	-0.899781	
723	-0.90473	
724	-0.908846	
725	-0.912222	
726	-0.914954	
727	-0.917142	
728	-0.918882	
729	-0.920272	
730	-0.921403	
731	-0.922361	
732	-0.923231	
733	-0.924087	
734	-0.925002	
735	-0.92604	
736	-0.927263	
737	-0.928729	
738	-0.930492	
739	-0.932601	
740	-0.935103	
741	-0.938039	
742	-0.941441	
743	-0.945335	
744	-0.949731	
745	-0.954625	
746	-0.959994	
747	-0.965797	
748	-0.97197	
749	-0.978431	
750	-0.985079	
751	-0.991798	
752	-0.998464	
753	-1.00495	
754	-1.01112	
755	-1.01686	
756	-1.02206	
757	-1.02663	
758	-1.03049	
759	-1.03358	
760	-1.03588	
761	-1.03737	
762	-1.03806	
763	-1.03799	
764	-1.03719	
765	-1.03574	
766	-1.03371	
767	-1.03119	
768	-1.02828	
769	-1.02508	
770	-1.02171	
771	-1.01827	
772	-1.01485	
773	-1.01156	
774	-1.00848	
775	-1.00568	
776	-1.00319	
777	-1.00106	
778	-0.999268	
779	-0.9978	
780	-0.996604	
781	-0.995607	
782	-0.994718	
783	-0.99383	
784	-0.992828	
785	-0.991594	
786	-0.990013	
787	-0.987979	
788	-0.985399	
789	-0.982196	
790	-0.978313	
791	-0.97371	
792	-0.968369	
793	-0.962292	
794	-0.955496	
795	-0.948019	
796	-0.939909	
797	-0.931233	
798	-0.922065	
799	-0.912494	
800	-0.902615	
801	-0.892532	
802	-0.882357	
803	-0.872207	
804	-0.862202	
805	-0.852466	
806	-0.843123	
807	-0.834297	
808	-0.826107	
809	-0.818668	
810	-0.812089	
811	-0.806472	
812	-0.801908	
813	-0.798479	
814	-0.796258	
815	-0.795305	
816	-0.795672	
817	-0.797393	
818	-0.800494	
819	-0.80498	
820	-0.81084	
821	-0.818041	
822	-0.826529	
823	-0.836223	
824	-0.847018	
825	-0.858786	
826	-0.871376	
827	-0.884621	
828	-0.898339	
829	-0.912342	
830	-0.926443	
831	-0.940456	
832	-0.954209	
833	-0.967544	
834	-0.980321	
835	-0.992424	
836	-1.00376	
837	-1.01424	
838	-1.02383	
839	-1.0325	
840	-1.04021	
841	-1.04699	
842	-1.05283	
843	-1.05776	
844	-1.0618	
845	-1.06499	
846	-1.06738	
847	-1.069	
848	-1.06991	
849	-1.07016	
850	-1.06981	
851	-1.06892	
852	-1.06758	
853	-1.06585	
854	-1.06384	
855	-1.06162	
856	-1.0593	
857	-1.05697	
858	-1.05471	
859	-1.05261	
860	-1.05074	
861	-1.04916	
862	-1.04792	
863	-1.04707	
864	-1.04662	
865	-1.04659	
866	-1.04699	
867	-1.04781	
868	-1.04905	
869	-1.05071	
870	-1.05278	
871	-1.05526	
872	-1.05814	
873	-1.06143	
874	-1.06512	
875	-1.06921	
876	-1.0737	
877	-1.07856	
878	-1.08376	
879	-1.08926	
880	-1.09501	
881	-1.10092	
882	-1.10691	
883	-1.11288	
884	-1.11871	
885	-1.1243	
886	-1.12952	
887	-1.13427	
888	-1.13845	
889	-1.14197	
890	-1.14477	
891	-1.14677	
892	-1.14794	
893	-1.14826	
894	-1.14772	
895	-1.14632	
896	-1.14407	
897	-1.141	
898	-1.13715	
899	-1.13256	
900	-1.12727	
901	-1.12136	
902	-1.1149	
903	-1.10795	
904	-1.10063	
905	-1.09303	
906	-1.08527	
907	-1.07746	
908	-1.06975	
909	-1.06225	
910	-1.05508	
911	-1.04837	
912	-1.0422	
913	-1.03666	
914	-1.03179	
915	-1.02762	
916	-1.02413	
917	-1.0213	
918	-1.01906	
919	-1.01735	
920	-1.01606	
921	-1.0151	
922	-1.01437	
923	-1.01379	
924	-1.01327	
925	-1.01274	
926	-1.01215	
927	-1.01146	
928	-1.01066	
929	-1.00974	
930	-1.00871	
931	-1.00761	
932	-1.00646	
933	-1.0053	
934	-1.00419	
935	-1.00317	
936	-1.00228	
937	-1.00156	
938	-1.00104	
939	-1.00076	
940	-1.00072	
941	-1.00092	
942	-1.00136	
943	-1.00202	
944	-1.00288	
945	-1.00389	
946	-1.00503	
947	-1.00625	
948	-1.0075	
949	-1.00874	
950	-1.00994	
951	-1.01105	
952	-1.01207	
953	-1.01298	
954	-1.01378	
955	-1.01448	
956	-1.0151	
957	-1.0157	
958	-1.0163	
959	-1.01697	
960	-1.01777	
961	-1.01873	
962	-1.01992	
963	-1.02137	
964	-1.0231	
965	-1.02512	
966	-1.02742	
967	-1.02998	
968	-1.03277	
969	-1.03572	
970	-1.03878	
971	-1.04189	
972	-1.04497	
973	-1.04797	
974	-1.05082	
975	-1.05347	
976	-1.05586	
977	-1.05797	
978	-1.05976	
979	-1.06123	
980	-1.06236	
981	-1.06316	
982	-1.06365	
983	-1.06386	
984	-1.06381	
985	-1.06354	
986	-1.06309	
987	-1.06251	
988	-1.06184	
989	-1.06112	
990	-1.0604	
991	-1.0597	
992	-1.05907	
993	-1.05853	
994	-1.05811	
995	-1.05783	
996	-1.0577	
997	-1.05776	
998	-1.058	
999	-1.05845	
1000	-1.05912	
1001	-1.06002	
1002	-1.06117	
1003	-1.06259	
1004	-1.06429	
1005	-1.06629	
1006	-1.0686	
1007	-1.07124	
1008	-1.07421	
1009	-1.07752	
1010	-1.08118	
1011	-1.08518	
1012	-1.08952	
1013	-1.0942	
1014	-1.09919	
1015	-1.1045	
1016	-1.1101	
1017	-1.11598	
1018	-1.12212	
1019	-1.12851	
1020	-1.13513	
1021	-1.14198	
1022	-1.14903	
1023	-1.15627	
1024	-1.1637	
1025	-1.17131	
1026	-1.17909	
1027	-1.18702	
1028	-1.19509	
1029	-1.20329	
1030	-1.21159	
1031	-1.21998	
1032	-1.22843	
1033	-1.23691	
1034	-1.24537	
1035	-1.2538	
1036	-1.26212	
1037	-1.27031	
1038	-1.2783	
1039	-1.28604	
1040	-1.29347	
1041	-1.30053	
1042	-1.30716	
1043	-1.31331	
1044	-1.31893	
1045	-1.32398	
1046	-1.32841	
1047	-1.3322	
1048	-1.33533	
1049	-1.33779	
1050	-1.33959	
1051	-1.34072	
1052	-1.34122	
1053	-1.34108	
1054	-1.34035	
1055	-1.33904	
1056	-1.33719	
1057	-1.33482	
1058	-1.33195	
1059	-1.32862	
1060	-1.32484	
1061	-1.32065	
1062	-1.31607	
1063	-1.31113	
1064	-1.30584	
1065	-1.30024	
1066	-1.29434	
1067	-1.28818	
1068	-1.28176	
1069	-1.27513	
1070	-1.26829	
1071	-1.26127	
1072	-1.25409	
1073	-1.24677	
1074	-1.23934	
1075	-1.23181	
1076	-1.22422	
1077	-1.21658	
1078	-1.20893	
1079	-1.20128	
1080	-1.19366	
1081	-1.18609	
1082	-1.1786	
1083	-1.1712	
1084	-1.1639	
1085	-1.15673	
1086	-1.14968	
1087	-1.14279	
1088	-1.13604	
1089	-1.12946	
1090	-1.12304	
1091	-1.11681	
1092	-1.11077	
1093	-1.10494	
1094	-1.09932	
1095	-1.09395	
1096	-1.08882	
1097	-1.08398	
1098	-1.07942	
1099	-1.07518	
1100	-1.07126	
1101	-1.0677	
1102	-1.06449	
1103	-1.06165	
1104	-1.05918	
1105	-1.05709	
1106	-1.05536	
1107	-1.05401	
1108	-1.053	
1109	-1.05233	
1110	-1.05197	
1111	-1.05191	
1112	-1.05212	
1113	-1.05257	
1114	-1.05323	
1115	-1.05409	
1116	-1.05512	
1117	-1.05629	
1118	-1.05758	
1119	-1.05898	
1120	-1.06047	
1121	-1.06205	
1122	-1.0637	
1123	-1.06543	
1124	-1.06724	
1125	-1.06913	
1126	-1.07113	
1127	-1.07324	
1128	-1.07549	
1129	-1.07789	
1130	-1.08047	
1131	-1.08325	
1132	-1.08624	
1133	-1.08945	
1134	-1.0929	
1135	-1.09658	
1136	-1.1005	
1137	-1.10463	
1138	-1.10897	
1139	-1.11349	
1140	-1.11817	
1141	-1.12298	
1142	-1.1279	
1143	-1.1329	
1144	-1.13794	
1145	-1.14301	
1146	-1.14808	
1147	-1.15313	
1148	-1.15814	
1149	-1.1631	
1150	-1.168	
1151	-1.17283	
1152	-1.17758	
1153	-1.18225	
1154	-1.18683	
1155	-1.19133	
1156	-1.19574	
1157	-1.20006	
1158	-1.20429	
1159	-1.20842	
1160	-1.21246	
1161	-1.2164	
1162	-1.22022	
1163	-1.22392	
1164	-1.22748	
1165	-1.2309	
1166	-1.23415	
1167	-1.23722	
1168	-1.2401	
1169	-1.24277	
1170	-1.24521	
1171	-1.24741	
1172	-1.24936	
1173	-1.25105	
1174	-1.25246	
1175	-1.25358	
1176	-1.25442	
1177	-1.25496	
1178	-1.25518	
1179	-1.25509	
1180	-1.25466	
1181	-1.25389	
1182	-1.25274	
1183	-1.25121	
1184	-1.24926	
1185	-1.24688	
1186	-1.24403	
1187	-1.2407	
1188	-1.23687	
1189	-1.2325	
1190	-1.2276	
1191	-1.22216	
1192	-1.21618	
1193	-1.20968	
1194	-1.20268	
1195	-1.19522	
1196	-1.18735	
1197	-1.17912	
1198	-1.17062	
1199	-1.16191	
1200	-1.15309	
1201	-1.14424	
1202	-1.13546	
1203	-1.12684	
1204	-1.11847	
1205	-1.11043	
1206	-1.1028	
1207	-1.09564	
1208	-1.08901	
1209	-1.08295	
1210	-1.07748	
1211	-1.07262	
1212	-1.06838	
1213	-1.06474	
1214	-1.06168	
1215	-1.05919	
1216	-1.05723	
1217	-1.05575	
1218	-1.05473	
1219	-1.05412	
1220	-1.05387	
1221	-1.05395	
1222	-1.0543	
1223	-1.0549	
1224	-1.05571	
1225	-1.05671	
1226	-1.05787	
1227	-1.05918	
1228	-1.06065	
1229	-1.0623	
1230	-1.06415	
1231	-1.06624	
1232	-1.06865	
1233	-1.07142	
1234	-1.07466	
1235	-1.07842	
1236	-1.0828	
1237	-1.08787	
1238	-1.09369	
1239	-1.10028	
1240	-1.10768	
1241	-1.11586	
1242	-1.12479	
1243	-1.1344	
1244	-1.1446	
1245	-1.15527	
1246	-1.16628	
1247	-1.17751	
1248	-1.18881	
1249	-1.20005	
1250	-1.21109	
1251	-1.22181	
1252	-1.2321	
1253	-1.24186	
1254	-1.25101	
1255	-1.25949	
1256	-1.26724	
1257	-1.27423	
1258	-1.28044	
1259	-1.28585	
1260	-1.29047	
1261	-1.2943	
1262	-1.29737	
1263	-1.29968	
1264	-1.30126	
1265	-1.30215	
1266	-1.30235	
1267	-1.30189	
1268	-1.30081	
1269	-1.29911	
1270	-1.29681	
1271	-1.29395	
1272	-1.29053	
1273	-1.28658	
1274	-1.28211	
1275	-1.27717	
1276	-1.27177	
1277	-1.26595	
1278	-1.25976	
1279	-1.25325	
1280	-1.24648	
1281	-1.23951	
1282	-1.23242	
1283	-1.22529	
1284	-1.21819	
1285	-1.21121	
1286	-1.20444	
1287	-1.19794	
1288	-1.19178	
1289	-1.18603	
1290	-1.18073	
1291	-1.17591	
1292	-1.17158	
1293	-1.16772	
1294	-1.1643	
1295	-1.16128	
1296	-1.15859	
1297	-1.15612	
1298	-1.15379	
1299	-1.15148	
1300	-1.14907	
1301	-1.14645	
1302	-1.14349	
1303	-1.14011	
1304	-1.1362	
1305	-1.13169	
1306	-1.12655	
1307	-1.12075	
1308	-1.11429	
1309	-1.10721	
1310	-1.09957	
1311	-1.09146	
1312	-1.08299	
1313	-1.0743	
1314	-1.06553	
1315	-1.05683	
1316	-1.04837	
1317	-1.04029	
1318	-1.03273	
1319	-1.02581	
1320	-1.01964	
1321	-1.01429	
1322	-1.00983	
1323	-1.00627	
1324	-1.00362	
1325	-1.00187	
1326	-1.00098	
1327	-1.00091	
1328	-1.0016	
1329	-1.00298	
1330	-1.00497	
1331	-1.00748	
1332	-1.01045	
1333	-1.01379	
1334	-1.0174	
1335	-1.02123	
1336	-1.02519	
1337	-1.02922	
1338	-1.03328	
1339	-1.03731	
1340	-1.04129	
1341	-1.04521	
1342	-1.04906	
1343	-1.05285	
1344	-1.05661	
1345	-1.06037	
1346	-1.06415	
1347	-1.068	
1348	-1.07196	
1349	-1.07605	
1350	-1.0803	
1351	-1.08474	
1352	-1.08936	
1353	-1.09416	
1354	-1.09912	
1355	-1.10423	
1356	-1.10943	
1357	-1.11468	
1358	-1.11992	
1359	-1.12509	
1360	-1.13014	
1361	-1.13499	
1362	-1.13957	
1363	-1.14383	
1364	-1.1477	
1365	-1.15113	
1366	-1.15407	
1367	-1.15647	
1368	-1.15829	
1369	-1.15951	
1370	-1.1601	
1371	-1.16004	
1372	-1.15932	
1373	-1.15794	
1374	-1.15588	
1375	-1.15317	
1376	-1.1498	
1377	-1.1458	
1378	-1.14119	
1379	-1.13599	
1380	-1.13022	
1381	-1.12394	
1382	-1.11717	
1383	-1.10997	
1384	-1.1024	
1385	-1.0945	
1386	-1.08636	
1387	-1.07805	
1388	-1.06965	
1389	-1.06126	
1390	-1.05297	
1391	-1.04489	
1392	-1.03712	
1393	-1.02976	
1394	-1.02291	
1395	-1.01666	
1396	-1.0111	
1397	-1.00629	
1398	-1.00229	
1399	-0.999111	
1400	-0.996778	
1401	-0.995271	
1402	-0.994555	
1403	-0.994569	
1404	-0.995236	
1405	-0.99646	
1406	-0.998132	
1407	-1.00014	
1408	-1.00235	
1409	-1.00466	
1410	-1.00694	
1411	-1.0091	
1412	-1.01102	
1413	-1.01265	
1414	-1.0139	
1415	-1.01473	
1416	-1.01512	
1417	-1.01505	
1418	-1.01451	
1419	-1.01354	
1420	-1.01215	
1421	-1.01038	
1422	-1.00828	
1423	-1.0059	
1424	-1.0033	
1425	-1.00054	
1426	-0.99768	
1427	-0.994778	
1428	-0.991894	
1429	-0.989082	
1430	-0.986395	
1431	-0.98388	
1432	-0.981582	
1433	-0.979542	
1434	-0.977796	
1435	-0.976376	
1436	-0.975312	
1437	-0.974627	
1438	-0.974339	
1439	-0.974462	
1440	-0.975	
1441	-0.975952	
1442	-0.977307	
1443	-0.979043	
1444	-0.981132	
1445	-0.983534	
1446	-0.986202	
1447	-0.989081	
1448	-0.99211	
1449	-0.995221	
1450	-0.998349	
1451	-1.00142	
1452	-1.00437	
1453	-1.00714	
1454	-1.00966	
1455	-1.01188	
1456	-1.01376	
1457	-1.01526	
1458	-1.01635	
1459	-1.01704	
1460	-1.01731	
1461	-1.01719	
1462	-1.0167	
1463	-1.01589	
1464	-1.01483	
1465	-1.01358	
1466	-1.01222	
1467	-1.01087	
1468	-1.00961	
1469	-1.00856	
1470	-1.00781	
1471	-1.00747	
1472	-1.00762	
1473	-1.00832	
1474	-1.00963	
1475	-1.01157	
1476	-1.01414	
1477	-1.01732	
1478	-1.02107	
1479	-1.0253	
1480	-1.02995	
1481	-1.03491	
1482	-1.04008	
1483	-1.04534	
1484	-1.05061	
1485	-1.05576	
1486	-1.06071	
1487	-1.06537	
1488	-1.06968	
1489	-1.07358	
1490	-1.07704	
1491	-1.08002	
1492	-1.08252	
1493	-1.08453	
1494	-1.08607	
1495	-1.08715	
1496	-1.0878	
1497	-1.08804	
1498	-1.08789	
1499	-1.08738	
1500	-1.08654	
1501	-1.08539	
1502	-1.08395	
1503	-1.08224	
1504	-1.08028	
1505	-1.07808	
1506	-1.07568	
1507	-1.0731	
1508	-1.07037	
1509	-1.06752	
1510	-1.0646	
1511	-1.06163	
1512	-1.05866	
1513	-1.05573	
1514	-1.05288	
1515	-1.05013	
1516	-1.04752	
1517	-1.04507	
1518	-1.04277	
1519	-1.04064	
1520	-1.03866	
1521	-1.0368	
1522	-1.03505	
1523	-1.03336	
1524	-1.03169	
1525	-1.02999	
1526	-1.02822	
1527	-1.02633	
1528	-1.02427	
1529	-1.022	
1530	-1.01949	
1531	-1.0167	
1532	-1.01364	
1533	-1.01027	
1534	-1.00661	
1535	-1.00267	
1536	-0.998484	
1537	-0.994076	
1538	-0.989498	
1539	-0.984808	
1540	-0.980073	
1541	-0.975366	
1542	-0.970764	
1543	-0.966348	
1544	-0.962196	
1545	-0.958387	
1546	-0.954989	
1547	-0.952067	
1548	-0.949675	
1549	-0.947855	
1550	-0.946641	
1551	-0.946056	
1552	-0.946114	
1553	-0.946818	
1554	-0.948166	
1555	-0.950147	
1556	-0.952748	
1557	-0.955945	
1558	-0.959715	
1559	-0.964025	
1560	-0.968839	
1561	-0.974117	
1562	-0.979812	
1563	-0.985873	
1564	-0.992245	
1565	-0.99887	
1566	-1.00569	
1567	-1.01263	
1568	-1.01964	
1569	-1.02666	
1570	-1.03362	
1571	-1.04046	
1572	-1.04714	
1573	-1.0536	
1574	-1.05979	
1575	-1.06566	
1576	-1.07116	
1577	-1.07625	
1578	-1.08088	
1579	-1.08501	
1580	-1.08858	
1581	-1.09155	
1582	-1.09387	
1583	-1.0955	
1584	-1.0964	
1585	-1.09653	
1586	-1.09586	
1587	-1.09437	
1588	-1.09206	
1589	-1.08894	
1590	-1.08502	
1591	-1.08034	
1592	-1.07496	
1593	-1.06894	
1594	-1.06239	
1595	-1.05538	
1596	-1.04805	
1597	-1.04052	
1598	-1.03293	
1599	-1.0254	
1600	-1.01808	
1601	-1.01111	
1602	-1.00459	
1603	-0.99865	
1604	-0.993374	
1605	-0.988831	
1606	-0.985068	
1607	-0.982106	
1608	-0.97994	
1609	-0.978538	
1610	-0.977846	
1611	-0.977789	
1612	-0.978274	
1613	-0.979193	
1614	-0.98043	
1615	-0.981864	
1616	-0.983372	
1617	-0.984834	
1618	-0.986136	
1619	-0.987172	
1620	-0.987849	
1621	-0.988083	
1622	-0.987806	
1623	-0.986966	
1624	-0.985521	
1625	-0.983448	
1626	-0.980735	
1627	-0.977385	
1628	-0.973414	
1629	-0.968847	
1630	-0.963723	
1631	-0.958087	
1632	-0.951994	
1633	-0.945505	
1634	-0.938686	
1635	-0.931607	
1636	-0.924339	
1637	-0.916954	
1638	-0.909524	
1639	-0.902118	
1640	-0.894802	
1641	-0.887636	
1642	-0.880676	
1643	-0.873971	
1644	-0.867565	
1645	-0.861493	
1646	-0.855785	
1647	-0.850466	
1648	-0.845557	
1649	-0.841074	
1650	-0.837032	
1651	-0.833444	
1652	-0.830325	
1653	-0.827688	
1654	-0.82555	
1655	-0.823929	
1656	-0.822848	
1657	-0.822328	
1658	-0.822394	
1659	-0.823073	
1660	-0.824387	
1661	-0.826362	
1662	-0.829015	
1663	-0.832362	
1664	-0.836411	
1665	-0.84116	
1666	-0.8466	
1667	-0.852711	
1668	-0.85946	
1669	-0.866803	
1670	-0.874685	
1671	-0.883039	
1672	-0.891786	
1673	-0.900841	
1674	-0.910108	
1675	-0.919487	
1676	-0.928876	
1677	-0.938174	
1678	-0.94728	
1679	-0.956102	
1680	-0.964554	
1681	-0.972564	
1682	-0.980069	
1683	-0.987023	
1684	-0.993393	
1685	-0.99916	
1686	-1.00432	
1687	-1.00887	
1688	-1.01284	
1689	-1.01625	
1690	-1.01912	
1691	-1.0215	
1692	-1.02341	
1693	-1.02489	
1694	-1.02598	
1695	-1.02669	
1696	-1.02707	
1697	-1.02712	
1698	-1.02687	
1699	-1.02634	
1700	-1.02555	
1701	-1.0245	
1702	-1.02323	
1703	-1.02174	
1704	-1.02007	
1705	-1.01825	
1706	-1.0163	
1707	-1.01425	
1708	-1.01214	
1709	-1.00999	
1710	-1.00782	
1711	-1.00565	
1712	-1.00347	
1713	-1.00127	
1714	-0.999052	
1715	-0.996777	
1716	-0.994417	
1717	-0.991939	
1718	-0.98931	
1719	-0.9865	
1720	-0.983486	
1721	-0.980256	
1722	-0.976805	
1723	-0.973144	
1724	-0.969294	
1725	-0.965288	
1726	-0.961169	
1727	-0.95699	
1728	-0.95281	
1729	-0.948691	
1730	-0.944699	
1731	-0.940897	
1732	-0.937347	
1733	-0.934101	
1734	-0.931205	
1735	-0.928693	
1736	-0.926584	
1737	-0.924888	
1738	-0.923597	
1739	-0.922693	
1740	-0.922146	
1741	-0.921916	
1742	-0.921959	
1743	-0.922227	
1744	-0.922676	
1745	-0.923261	
1746	-0.923946	
1747	-0.924705	
1748	-0.925519	
1749	-0.926381	
1750	-0.927296	
1751	-0.928276	
1752	-0.929344	
1753	-0.93053	
1754	-0.931867	
1755	-0.933392	
1756	-0.935141	
1757	-0.937148	
1758	-0.939442	
1759	-0.942044	
1760	-0.944969	
1761	-0.948219	
1762	-0.951789	
1763	-0.955663	
1764	-0.959815	
1765	-0.964213	
1766	-0.968817	
1767	-0.973585	
1768	-0.978471	
1769	-0.983429	
1770	-0.988416	
1771	-0.993391	
1772	-0.998318	
1773	-1.00317	
1774	-1.00792	
1775	-1.01255	
1776	-1.01705	
1777	-1.02143	
1778	-1.02567	
1779	-1.02978	
1780	-1.03379	
1781	-1.03769	
1782	-1.04149	
1783	-1.04522	
1784	-1.04888	
1785	-1.05249	
1786	-1.05605	
1787	-1.05956	
1788	-1.06302	
1789	-1.06644	
1790	-1.0698	
1791	-1.0731	
1792	-1.07632	
1793	-1.07944	
1794	-1.08245	
1795	-1.08534	
1796	-1.08807	
1797	-1.09064	
1798	-1.09302	
1799	-1.09521	
1800	-1.09718	
1801	-1.09894	
1802	-1.10046	
1803	-1.10175	
1804	-1.10279	
1805	-1.10359	
1806	-1.10413	
1807	-1.10442	
1808	-1.10444	
1809	-1.10419	
1810	-1.10364	
1811	-1.10279	
1812	-1.10161	
1813	-1.10009	
1814	-1.09821	
1815	-1.09594	
1816	-1.09328	
1817	-1.0902	
1818	-1.0867	
1819	-1.08276	
1820	-1.07839	
1821	-1.07361	
1822	-1.06842	
1823	-1.06286	
1824	-1.05697	
1825	-1.05079	
1826	-1.04437	
1827	-1.03777	
1828	-1.03108	
1829	-1.02435	
1830	-1.01766	
1831	-1.01108	
1832	-1.00469	
1833	-0.998554	
1834	-0.99272	
1835	-0.987239	
1836	-0.982149	
1837	-0.977476	
1838	-0.973234	
1839	-0.969425	
1840	-0.966042	
1841	-0.963067	
1842	-0.960477	
1843	-0.95824	
1844	-0.956322	
1845	-0.954685	
1846	-0.953292	
1847	-0.952108	
1848	-0.951097	
1849	-0.950229	
1850	-0.949479	
1851	-0.948826	
1852	-0.948255	
1853	-0.947758	
1854	-0.947331	
1855	-0.946978	
1856	-0.946707	
1857	-0.94653	
1858	-0.946465	
1859	-0.94653	
1860	-0.946747	
1861	-0.947139	
1862	-0.947725	
1863	-0.948525	
1864	-0.949555	
1865	-0.950826	
1866	-0.952343	
1867	-0.954108	
1868	-0.956115	
1869	-0.958354	
1870	-0.960809	
1871	-0.963461	
1872	-0.966287	
1873	-0.969264	
1874	-0.972367	
1875	-0.975574	
1876	-0.978867	
1877	-0.982231	
1878	-0.985656	
1879	-0.98914	
1880	-0.992685	
1881	-0.996302	
1882	-1	
1883	-1.00381	
1884	-1.00775	
1885	-1.01184	
1886	-1.01611	
1887	-1.02057	
1888	-1.02524	
1889	-1.03013	
1890	-1.03524	
1891	-1.04056	
1892	-1.04606	
1893	-1.05172	
1894	-1.05749	
1895	-1.06332	
1896	-1.06916	
1897	-1.07495	
1898	-1.08061	
1899	-1.08608	
1900	-1.09131	
1901	-1.09621	
1902	-1.10075	
1903	-1.10486	
1904	-1.10851	
1905	-1.11165	
1906	-1.11427	
1907	-1.11635	
1908	-1.11789	
1909	-1.11889	
1910	-1.11937	
1911	-1.11937	
1912	-1.11893	
1913	-1.11809	
1914	-1.1169	
1915	-1.11544	
1916	-1.11376	
1917	-1.11192	
1918	-1.10998	
1919	-1.108	
1920	-1.10603	
1921	-1.10408	
1922	-1.10219	
1923	-1.10037	
1924	-1.09861	
1925	-1.09689	
1926	-1.09519	
1927	-1.09348	
1928	-1.09172	
1929	-1.08988	
1930	-1.08791	
1931	-1.08579	
1932	-1.08348	
1933	-1.08099	
1934	-1.0783	
1935	-1.07543	
1936	-1.07238	
1937	-1.06919	
1938	-1.06589	
1939	-1.06252	
1940	-1.05914	
1941	-1.05578	
1942	-1.0525	
1943	-1.04934	
1944	-1.04634	
1945	-1.04353	
1946	-1.04093	
1947	-1.03857	
1948	-1.03643	
1949	-1.03454	
1950	-1.03287	
1951	-1.03142	
1952	-1.03015	
1953	-1.02906	
1954	-1.0281	
1955	-1.02725	
1956	-1.02649	
1957	-1.02579	
1958	-1.02513	
1959	-1.0245	
1960	-1.02387	
1961	-1.02325	
1962	-1.02263	
1963	-1.02203	
1964	-1.02146	
1965	-1.02095	
1966	-1.02051	
1967	-1.0202	
1968	-1.02004	
1969	-1.02009	
1970	-1.02038	
1971	-1.02097	
1972	-1.02189	
1973	-1.02319	
1974	-1.02488	
1975	-1.02699	
1976	-1.02953	
1977	-1.03249	
1978	-1.03585	
1979	-1.03957	
1980	-1.04361	
1981	-1.04791	
1982	-1.05239	
1983	-1.05697	
1984	-1.06159	
1985	-1.06615	
1986	-1.07058	
1987	-1.07481	
1988	-1.07877	
1989	-1.08242	
1990	-1.0857	
1991	-1.08862	
1992	-1.09117	
1993	-1.09335	
1994	-1.09522	
1995	-1.09682	
1996	-1.0982	
1997	-1.09945	
1998	-1.10063	
1999	-1.10181	
2000	-1.10305	
2001	-1.1044	
2002	-1.10588	
2003	-1.1075	
2004	-1.10924	
2005	-1.11107	
2006	-1.11294	
2007	-1.11479	
2008	-1.11655	
2009	-1.11817	
2010	-1.11959	
2011	-1.12078	
2012	-1.1217	
2013	-1.12238	
2014	-1.12281	
2015	-1.12305	
2016	-1.12313	
2017	-1.12312	
2018	-1.12308	
2019	-1.12307	
2020	-1.12314	
2021	-1.12332	
2022	-1.12363	
2023	-1.12407	
2024	-1.12463	
2025	-1.12527	
2026	-1.12594	
2027	-1.12657	
2028	-1.1271	
2029	-1.12743	
2030	-1.1275	
2031	-1.12723	
2032	-1.12653	
2033	-1.12536	
2034	-1.12365	
2035	-1.12136	
2036	-1.11846	
2037	-1.11495	
2038	-1.11082	
2039	-1.10609	
2040	-1.10077	
2041	-1.09492	
2042	-1.08857	
2043	-1.08176	
2044	-1.07457	
2045	-1.06702	
2046	-1.05919	
2047	-1.05112	
2048	-1.04285	
2049	-1.03444	
2050	-1.02592	
2051	-1.01735	
2052	-1.00876	
2053	-1.0002	
2054	-0.991726	
2055	-0.983378	
2056	-0.97522	
2057	-0.967312	
2058	-0.959724	
2059	-0.952526	
2060	-0.945794	
2061	-0.939606	
2062	-0.934041	
2063	-0.929175	
2064	-0.925082	
2065	-0.921828	
2066	-0.919474	
2067	-0.918066	
2068	-0.91764	
2069	-0.918215	
2070	-0.919792	
2071	-0.922354	
2072	-0.925864	
2073	-0.930265	
2074	-0.935479	
2075	-0.941412	
2076	-0.947953	
2077	-0.954977	
2078	-0.962353	
2079	-0.969942	
2080	-0.977609	
2081	-0.985222	
2082	-0.99266	
2083	-0.999818	
2084	-1.00661	
2085	-1.01296	
2086	-1.01883	
2087	-1.0242	
2088	-1.02906	
2089	-1.03342	
2090	-1.03732	
2091	-1.04079	
2092	-1.04388	
2093	-1.04663	
2094	-1.04908	
2095	-1.05127	
2096	-1.05323	
2097	-1.05497	
2098	-1.0565	
2099	-1.05783	
2100	-1.05895	
2101	-1.05985	
2102	-1.06054	
2103	-1.06101	
2104	-1.06126	
2105	-1.06131	
2106	-1.06117	
2107	-1.06089	
2108	-1.06049	
2109	-1.06002	
2110	-1.05953	
2111	-1.05906	
2112	-1.05868	
2113	-1.05842	
2114	-1.05834	
2115	-1.05847	
2116	-1.05884	
2117	-1.05948	
2118	-1.06039	
2119	-1.06158	
2120	-1.06304	
2121	-1.06475	
2122	-1.06667	
2123	-1.06877	
2124	-1.07101	
2125	-1.07334	
2126	-1.07571	
2127	-1.07807	
2128	-1.08037	
2129	-1.08257	
2130	-1.08462	
2131	-1.08649	
2132	-1.08814	
2133	-1.08956	
2134	-1.09072	
2135	-1.0916	
2136	-1.09221	
2137	-1.09254	
2138	-1.09257	
2139	-1.09232	
2140	-1.09177	
2141	-1.09091	
2142	-1.08972	
2143	-1.08818	
2144	-1.08624	
2145	-1.08388	
2146	-1.08102	
2147	-1.07761	
2148	-1.07359	
2149	-1.06891	
2150	-1.06352	
2151	-1.05737	
2152	-1.05045	
2153	-1.04276	
2154	-1.03432	
2155	-1.02518	
2156	-1.01541	
2157	-1.00511	
2158	-0.994392	
2159	-0.983397	
2160	-0.972276	
2161	-0.961189	
2162	-0.950305	
2163	-0.939795	
2164	-0.929826	
2165	-0.920562	
2166	-0.912152	
2167	-0.904733	
2168	-0.89842	
2169	-0.893307	
2170	-0.889454	
2171	-0.886893	
2172	-0.885618	
2173	-0.885588	
2174	-0.886727	
2175	-0.888928	
2176	-0.892056	
2177	-0.895958	
2178	-0.900466	
2179	-0.905408	
2180	-0.910612	
2181	-0.915916	
2182	-0.921166	
2183	-0.926228	
2184	-0.930982	
2185	-0.935331	
2186	-0.939195	
2187	-0.942515	
2188	-0.945253	
2189	-0.947386	
2190	-0.948912	
2191	-0.949847	
2192	-0.95022	
2193	-0.950081	
2194	-0.949491	
2195	-0.948529	
2196	-0.947282	
2197	-0.945851	
2198	-0.944343	
2199	-0.942866	
2200	-0.941529	
2201	-0.940435	
2202	-0.939674	
2203	-0.939322	
2204	-0.939433	
2205	-0.940041	
2206	-0.941156	
2207	-0.942764	
2208	-0.944831	
2209	-0.947303	
2210	-0.950115	
2211	-0.953187	
2212	-0.956438	
2213	-0.95978	
2214	-0.963128	
2215	-0.9664	
2216	-0.969516	
2217	-0.972404	
2218	-0.974999	
2219	-0.977242	
2220	-0.979083	
2221	-0.980478	
2222	-0.981395	
2223	-0.981805	
2224	-0.981693	
2225	-0.98105	
2226	-0.979875	
2227	-0.978177	
2228	-0.975975	
2229	-0.973294	
2230	-0.970169	
2231	-0.966642	
2232	-0.962762	
2233	-0.958587	
2234	-0.954179	
2235	-0.949604	
2236	-0.944935	
2237	-0.940245	
2238	-0.935608	
2239	-0.931098	
2240	-0.926788	
2241	-0.922747	
2242	-0.919036	
2243	-0.915713	
2244	-0.912826	
2245	-0.910416	
2246	-0.908515	
2247	-0.907144	
2248	-0.906314	
2249	-0.906031	
2250	-0.906287	
2251	-0.907068	
2252	-0.908354	
2253	-0.910116	
2254	-0.91232	
2255	-0.914929	
2256	-0.917898	
2257	-0.921185	
2258	-0.92474	
2259	-0.928517	
2260	-0.932466	
2261	-0.936539	
2262	-0.940691	
2263	-0.944876	
2264	-0.949054	
2265	-0.953186	
2266	-0.957237	
2267	-0.961178	
2268	-0.964983	
2269	-0.96863	
2270	-0.972104	
2271	-0.975391	
2272	-0.978485	
2273	-0.98138	
2274	-0.984074	
2275	-0.986567	
2276	-0.988861	
2277	-0.990957	
2278	-0.992858	
2279	-0.994565	
2280	-0.996079	
2281	-0.997397	
2282	-0.998519	
2283	-0.99944	
2284	-1.00016	
2285	-1.00066	
2286	-1.00096	
2287	-1.00104	
2288	-1.0009	
2289	-1.00056	
2290	-1.00003	
2291	-0.999334	
2292	-0.998495	
2293	-0.997561	
2294	-0.996584	
2295	-0.995626	
2296	-0.994758	
2297	-0.994053	
2298	-0.993582	
2299	-0.993408	
2300	-0.993582	
2301	-0.994135	
2302	-0.995076	
2303	-0.996388	
2304	-0.99803	
2305	-0.999944	
2306	-1.00205	
2307	-1.00428	
2308	-1.00653	
2309	-1.00874	
2310	-1.01085	
2311	-1.01281	
2312	-1.01461	
2313	-1.01623	
2314	-1.01771	
2315	-1.01906	
2316	-1.02035	
2317	-1.02162	
2318	-1.02294	
2319	-1.02435	
2320	-1.02592	
2321	-1.02768	
2322	-1.02967	
2323	-1.03191	
2324	-1.0344	
2325	-1.03713	
2326	-1.04009	
2327	-1.04324	
2328	-1.04654	
2329	-1.04995	
2330	-1.05342	
2331	-1.05688	
2332	-1.0603	
2333	-1.0636	
2334	-1.06674	
2335	-1.06967	
2336	-1.07235	
2337	-1.07473	
2338	-1.07679	
2339	-1.0785	
2340	-1.07984	
2341	-1.08081	
2342	-1.08141	
2343	-1.08165	
2344	-1.08155	
2345	-1.08113	
2346	-1.08042	
2347	-1.07945	
2348	-1.07826	
2349	-1.07687	
2350	-1.07531	
2351	-1.07361	
2352	-1.07178	
2353	-1.06983	
2354	-1.06778	
2355	-1.06562	
2356	-1.06337	
2357	-1.06103	
2358	-1.05861	
2359	-1.05614	
2360	-1.05363	
2361	-1.05113	
2362	-1.04866	
2363	-1.0463	
2364	-1.04408	
2365	-1.04207	
2366	-1.04033	
2367	-1.03892	
2368	-1.0379	
2369	-1.03731	
2370	-1.03719	
2371	-1.03759	
2372	-1.0385	
2373	-1.03995	
2374	-1.04193	
2375	-1.04442	
2376	-1.04738	
2377	-1.05079	
2378	-1.0546	
2379	-1.05876	
2380	-1.06321	
2381	-1.06791	
2382	-1.07279	
2383	-1.07782	
2384	-1.08294	
2385	-1.08811	
2386	-1.09329	
2387	-1.09844	
2388	-1.10353	
2389	-1.10854	
2390	-1.11343	
2391	-1.11818	
2392	-1.12277	
2393	-1.12719	
2394	-1.13141	
2395	-1.13542	
2396	-1.13922	
2397	-1.14279	
2398	-1.14613	
2399	-1.14925	
2400	-1.15215	
2401	-1.15484	
2402	-1.15732	
2403	-1.15961	
2404	-1.16171	
2405	-1.16363	
2406	-1.16537	
2407	-1.16695	
2408	-1.16834	
2409	-1.16954	
2410	-1.17054	
2411	-1.1713	
2412	-1.17181	
2413	-1.17201	
2414	-1.17188	
2415	-1.17137	
2416	-1.17043	
2417	-1.16901	
2418	-1.16706	
2419	-1.16456	
2420	-1.16144	
2421	-1.15768	
2422	-1.15326	
2423	-1.14814	
2424	-1.14234	
2425	-1.13584	
2426	-1.12868	
2427	-1.12086	
2428	-1.11245	
2429	-1.10349	
2430	-1.09404	
2431	-1.08418	
2432	-1.07399	
2433	-1.06356	
2434	-1.05297	
2435	-1.04232	
2436	-1.03168	
2437	-1.02113	
2438	-1.01077	
2439	-1.00066	
2440	-0.99087	
2441	-0.981471	
2442	-0.972526	
2443	-0.964097	
2444	-0.956241	
2445	-0.949014	
2446	-0.942464	
2447	-0.936632	
2448	-0.931549	
2449	-0.927236	
2450	-0.923699	
2451	-0.920935	
2452	-0.91893	
2453	-0.917659	
2454	-0.917096	
2455	-0.917208	
2456	-0.917965	
2457	-0.919337	
2458	-0.921298	
2459	-0.923823	
2460	-0.926887	
2461	-0.930467	
2462	-0.934534	
2463	-0.939055	
2464	-0.943988	
2465	-0.949285	
2466	-0.954887	
2467	-0.960729	
2468	-0.966737	
2469	-0.972834	
2470	-0.978941	
2471	-0.984981	
2472	-0.990879	
2473	-0.996569	
2474	-1.002	
2475	-1.00712	
2476	-1.0119	
2477	-1.01632	
2478	-1.02039	
2479	-1.02411	
2480	-1.0275	
2481	-1.0306	
2482	-1.03342	
2483	-1.03603	
2484	-1.03846	
2485	-1.04074	
2486	-1.04293	
2487	-1.04505	
2488	-1.04714	
2489	-1.04923	
2490	-1.05133	
2491	-1.05346	
2492	-1.05563	
2493	-1.05787	
2494	-1.06016	
2495	-1.06251	
2496	-1.06493	
2497	-1.06742	
2498	-1.06998	
2499	-1.0726	
2500	-1.07528	
2501	-1.07803	
2502	-1.08083	
2503	-1.08368	
2504	-1.08656	
2505	-1.08948	
2506	-1.09241	
2507	-1.09533	
2508	-1.09824	
2509	-1.1011	
2510	-1.1039	
2511	-1.10662	
2512	-1.10923	
2513	-1.11173	
2514	-1.1141	
2515	-1.11634	
2516	-1.11843	
2517	-1.12039	
2518	-1.12224	
2519	-1.12398	
2520	-1.12564	
2521	-1.12726	
2522	-1.12887	
2523	-1.13051	
2524	-1.1322	
2525	-1.13399	
2526	-1.13588	
2527	-1.1379	
2528	-1.14005	
2529	-1.14231	
2530	-1.14465	
2531	-1.14702	
2532	-1.14935	
2533	-1.15157	
2534	-1.15357	
2535	-1.15525	
2536	-1.15651	
2537	-1.15722	
2538	-1.15727	
2539	-1.15656	
2540	-1.155	
2541	-1.1525	
2542	-1.14899	
2543	-1.14442	
2544	-1.13876	
2545	-1.132	
2546	-1.12415	
2547	-1.11522	
2548	-1.10526	
2549	-1.09432	
2550	-1.08248	
2551	-1.06981	
2552	-1.05642	
2553	-1.04241	
2554	-1.0279	
2555	-1.01303	
2556	-0.997931	
2557	-0.982755	
2558	-0.967661	
2559	-0.952808	
2560	-0.938353	
2561	-0.924442	
2562	-0.911208	
2563	-0.898757	
2564	-0.887172	
2565	-0.876503	
2566	-0.866772	
2567	-0.857971	
2568	-0.850072	
2569	-0.84303	
2570	-0.83679	
2571	-0.831294	
2572	-0.826489	
2573	-0.822328	
2574	-0.818776	
2575	-0.81581	
2576	-0.81342	
2577	-0.811607	
2578	-0.810385	
2579	-0.809776	
2580	-0.809809	
2581	-0.810519	
2582	-0.811944	
2583	-0.814121	
2584	-0.817085	
2585	-0.820867	
2586	-0.825486	
2587	-0.830952	
2588	-0.837256	
2589	-0.844377	
2590	-0.852275	
2591	-0.860896	
2592	-0.870172	
2593	-0.880032	
2594	-0.890399	
2595	-0.901203	
2596	-0.912379	
2597	-0.923876	
2598	-0.935655	
2599	-0.947687	
2600	-0.959956	
2601	-0.972449	
2602	-0.985156	
2603	-0.998064	
2604	-1.01115	
2605	-1.02439	
2606	-1.03774	
2607	-1.05114	
2608	-1.06454	
2609	-1.07786	
2610	-1.09101	
2611	-1.10392	
2612	-1.11649	
2613	-1.12865	
2614	-1.1403	
2615	-1.15136	
2616	-1.16177	
2617	-1.17145	
2618	-1.18034	
2619	-1.18837	
2620	-1.1955	
2621	-1.20165	
2622	-1.2068	
2623	-1.21089	
2624	-1.21388	
2625	-1.21575	
2626	-1.21647	
2627	-1.21604	
2628	-1.21446	
2629	-1.21176	
2630	-1.20798	
2631	-1.20318	
2632	-1.19744	
2633	-1.19085	
2634	-1.18353	
2635	-1.17558	
2636	-1.16712	
2637	-1.15826	
2638	-1.14911	
2639	-1.13973	
2640	-1.1302	
2641	-1.12056	
2642	-1.11084	
2643	-1.10107	
2644	-1.09126	
2645	-1.08141	
2646	-1.07157	
2647	-1.06176	
2648	-1.05203	
2649	-1.04244	
2650	-1.03309	
2651	-1.02405	
2652	-1.01544	
2653	-1.00735	
2654	-0.999905	
2655	-0.993199	
2656	-0.987328	
2657	-0.982371	
2658	-0.978393	
2659	-0.975439	
2660	-0.973531	
2661	-0.972675	
2662	-0.972852	
2663	-0.974026	
2664	-0.976142	
2665	-0.97913	
2666	-0.982909	
2667	-0.987386	
2668	-0.992462	
2669	-0.998034	
2670	-1.004	
2671	-1.01025	
2672	-1.01669	
2673	-1.02322	
2674	-1.02975	
2675	-1.03622	
2676	-1.04254	
2677	-1.04866	
2678	-1.05454	
2679	-1.06013	
2680	-1.06541	
2681	-1.07038	
2682	-1.07502	
2683	-1.07935	
2684	-1.08338	
2685	-1.08713	
2686	-1.09063	
2687	-1.0939	
2688	-1.09698	
2689	-1.09989	
2690	-1.10267	
2691	-1.10532	
2692	-1.10787	
2693	-1.11032	
2694	-1.11267	
2695	-1.11492	
2696	-1.11705	
2697	-1.11905	
2698	-1.12089	
2699	-1.12254	
2700	-1.12399	
2701	-1.12521	
2702	-1.12617	
2703	-1.12685	
2704	-1.12724	
2705	-1.12731	
2706	-1.12706	
2707	-1.12648	
2708	-1.12555	
2709	-1.12428	
2710	-1.12265	
2711	-1.12066	
2712	-1.11831	
2713	-1.11561	
2714	-1.11255	
2715	-1.10915	
2716	-1.10544	
2717	-1.10143	
2718	-1.09718	
2719	-1.09273	
2720	-1.08814	
2721	-1.08348	
2722	-1.07883	
2723	-1.07425	
2724	-1.06982	
2725	-1.06563	
2726	-1.06174	
2727	-1.05821	
2728	-1.0551	
2729	-1.05246	
2730	-1.05031	
2731	-1.04868	
2732	-1.04759	
2733	-1.04702	
2734	-1.04699	
2735	-1.04745	
2736	-1.0484	
2737	-1.04979	
2738	-1.05158	
2739	-1.05372	
2740	-1.05617	
2741	-1.05887	
2742	-1.06175	
2743	-1.06477	
2744	-1.06786	
2745	-1.07096	
2746	-1.074	
2747	-1.07692	
2748	-1.07966	
2749	-1.08217	
2750	-1.08439	
2751	-1.08626	
2752	-1.08776	
2753	-1.08884	
2754	-1.08947	
2755	-1.08965	
2756	-1.08938	
2757	-1.08866	
2758	-1.08752	
2759	-1.086	
2760	-1.08415	
2761	-1.08205	
2762	-1.07976	
2763	-1.07736	
2764	-1.07496	
2765	-1.07264	
2766	-1.07049	
2767	-1.06861	
2768	-1.06707	
2769	-1.06594	
2770	-1.06528	
2771	-1.06512	
2772	-1.0655	
2773	-1.06642	
2774	-1.06786	
2775	-1.06982	
2776	-1.07224	
2777	-1.07509	
2778	-1.07831	
2779	-1.08185	
2780	-1.08565	
2781	-1.08963	
2782	-1.09375	
2783	-1.09795	
2784	-1.10215	
2785	-1.10631	
2786	-1.11038	
2787	-1.1143	
2788	-1.11802	
2789	-1.12149	
2790	-1.12466	
2791	-1.12749	
2792	-1.12993	
2793	-1.13193	
2794	-1.13346	
2795	-1.13447	
2796	-1.13493	
2797	-1.1348	
2798	-1.13407	
2799	-1.13271	
2800	-1.13071	
2801	-1.12806	
2802	-1.12478	
2803	-1.12086	
2804	-1.11633	
2805	-1.11122	
2806	-1.10557	
2807	-1.09943	
2808	-1.09283	
2809	-1.08585	
2810	-1.07854	
2811	-1.07097	
2812	-1.06322	
2813	-1.05534	
2814	-1.04742	
2815	-1.03953	
2816	-1.03173	
2817	-1.02411	
2818	-1.01673	
2819	-1.00966	
2820	-1.00296	
2821	-0.996709	
2822	-0.990953	
2823	-0.985748	
2824	-0.981144	
2825	-0.977183	
2826	-0.973897	
2827	-0.971312	
2828	-0.96944	
2829	-0.968281	
2830	-0.967821	
2831	-0.968032	
2832	-0.968866	
2833	-0.970263	
2834	-0.972143	
2835	-0.974414	
2836	-0.976972	
2837	-0.979704	
2838	-0.982493	
2839	-0.985224	
2840	-0.987784	
2841	-0.990074	
2842	-0.992007	
2843	-0.993517	
2844	-0.994558	
2845	-0.995108	
2846	-0.995166	
2847	-0.994757	
2848	-0.993923	
2849	-0.992724	
2850	-0.99123	
2851	-0.98952	
2852	-0.987674	
2853	-0.985771	
2854	-0.983882	
2855	-0.982069	
2856	-0.980384	
2857	-0.978864	
2858	-0.977532	
2859	-0.976401	
2860	-0.975468	
2861	-0.974724	
2862	-0.974145	
2863	-0.973702	
2864	-0.973359	
2865	-0.973075	
2866	-0.972804	
2867	-0.972498	
2868	-0.972111	
2869	-0.971593	
2870	-0.970902	
2871	-0.969994	
2872	-0.968834	
2873	-0.967389	
2874	-0.965635	
2875	-0.963556	
2876	-0.961143	
2877	-0.958396	
2878	-0.955323	
2879	-0.951944	
2880	-0.948285	
2881	-0.944383	
2882	-0.940283	
2883	-0.936036	
2884	-0.931702	
2885	-0.927343	
2886	-0.923027	
2887	-0.918822	
2888	-0.914797	
2889	-0.911019	
2890	-0.907552	
2891	-0.904456	
2892	-0.901782	
2893	-0.899578	
2894	-0.897883	
2895	-0.896727	
2896	-0.896136	
2897	-0.896125	
2898	-0.896705	
2899	-0.897881	
2900	-0.899654	
2901	-0.902019	
2902	-0.904971	
2903	-0.908501	
2904	-0.912601	
2905	-0.917259	
2906	-0.922467	
2907	-0.928212	
2908	-0.934485	
2909	-0.941272	
2910	-0.94856	
2911	-0.956333	
2912	-0.964571	
2913	-0.973252	
2914	-0.982345	
2915	-0.991819	
2916	-1.00163	
2917	-1.01174	
2918	-1.02208	
2919	-1.03259	
2920	-1.04321	
2921	-1.05386	
2922	-1.06446	
2923	-1.07493	
2924	-1.08517	
2925	-1.0951	
2926	-1.10462	
2927	-1.11365	
2928	-1.12211	
2929	-1.12991	
2930	-1.137	
2931	-1.1433	
2932	-1.14878	
2933	-1.15339	
2934	-1.15712	
2935	-1.15995	
2936	-1.1619	
2937	-1.16298	
2938	-1.16323	
2939	-1.1627	
2940	-1.16145	
2941	-1.15954	
2942	-1.15706	
2943	-1.15407	
2944	-1.15066	
2945	-1.14691	
2946	-1.14288	
2947	-1.13864	
2948	-1.13425	
2949	-1.12975	
2950	-1.12518	
2951	-1.12055	
2952	-1.11589	
2953	-1.1112	
2954	-1.10648	
2955	-1.10171	
2956	-1.0969	
2957	-1.09202	
2958	-1.08707	
2959	-1.08202	
2960	-1.07685	
2961	-1.07155	
2962	-1.06611	
2963	-1.0605	
2964	-1.05471	
2965	-1.04871	
2966	-1.04251	
2967	-1.03608	
2968	-1.02941	
2969	-1.02252	
2970	-1.0154	
2971	-1.00808	
2972	-1.00061	
2973	-0.993035	
2974	-0.985438	
2975	-0.977919	
2976	-0.970597	
2977	-0.96361	
2978	-0.957106	
2979	-0.951239	
2980	-0.946155	
2981	-0.941983	
2982	-0.938829	
2983	-0.93676	
2984	-0.935807	
2985	-0.935959	
2986	-0.937169	
2987	-0.93936	
2988	-0.942435	
2989	-0.946289	
2990	-0.950816	
2991	-0.955922	
2992	-0.961528	
2993	-0.967574	
2994	-0.974018	
2995	-0.980838	
2996	-0.988023	
2997	-0.995571	
2998	-1.00348	
2999	-1.01175	
3000	-1.02037	
3001	-1.02931	
3002	-1.03854	
3003	-1.048	
3004	-1.05763	
3005	-1.06734	
3006	-1.07705	
3007	-1.08665	
3008	-1.09605	
3009	-1.10514	
3010	-1.11384	
3011	-1.12205	
3012	-1.1297	
3013	-1.13672	
3014	-1.14306	
3015	-1.14866	
3016	-1.15349	
3017	-1.15752	
3018	-1.16074	
3019	-1.16313	
3020	-1.1647	
3021	-1.16543	
3022	-1.16534	
3023	-1.16442	
3024	-1.1627	
3025	-1.16017	
3026	-1.15687	
3027	-1.1528	
3028	-1.14799	
3029	-1.14245	
3030	-1.13622	
3031	-1.12933	
3032	-1.12182	
3033	-1.11372	
3034	-1.10509	
3035	-1.09598	
3036	-1.08644	
3037	-1.07656	
3038	-1.06639	
3039	-1.05602	
3040	-1.04553	
3041	-1.03501	
3042	-1.02455	
3043	-1.01425	
3044	-1.0042	
3045	-0.994497	
3046	-0.985227	
3047	-0.976475	
3048	-0.96832	
3049	-0.960828	
3050	-0.954058	
3051	-0.948055	
3052	-0.942849	
3053	-0.938458	
3054	-0.934884	
3055	-0.932118	
3056	-0.930137	
3057	-0.928907	
3058	-0.928384	
3059	-0.928519	
3060	-0.929259	
3061	-0.930547	
3062	-0.932327	
3063	-0.934545	
3064	-0.937151	
3065	-0.940099	
3066	-0.943347	
3067	-0.946859	
3068	-0.950604	
3069	-0.954553	
3070	-0.958683	
3071	-0.962968	
3072	-0.967386	
3073	-0.971912	
3074	-0.976518	
3075	-0.981175	
3076	-0.985846	
3077	-0.990492	
3078	-0.99507	
3079	-0.99953	
3080	-1.00382	
3081	-1.00789	
3082	-1.01167	
3083	-1.01512	
3084	-1.01818	
3085	-1.02079	
3086	-1.0229	
3087	-1.02448	
3088	-1.02549	
3089	-1.02588	
3090	-1.02565	
3091	-1.02478	
3092	-1.02325	
3093	-1.02108	
3094	-1.01827	
3095	-1.01485	
3096	-1.01084	
3097	-1.00629	
3098	-1.00124	
3099	-0.995751	
3100	-0.989891	
3101	-0.983733	
3102	-0.977355	
3103	-0.970843	
3104	-0.964287	
3105	-0.957778	
3106	-0.951408	
3107	-0.945267	
3108	-0.93944	
3109	-0.934008	
3110	-0.929045	
3111	-0.924615	
3112	-0.920771	
3113	-0.917556	
3114	-0.915001	
3115	-0.913128	
3116	-0.911945	
3117	-0.911452	
3118	-0.91164	
3119	-0.912492	
3120	-0.913989	
3121	-0.916106	
3122	-0.918817	
3123	-0.922096	
3124	-0.925918	
3125	-0.930264	
3126	-0.935113	
3127	-0.94045	
3128	-0.946261	
3129	-0.952534	
3130	-0.959256	
3131	-0.966412	
3132	-0.973985	
3133	-0.981949	
3134	-0.990271	
3135	-0.998911	
3136	-1.00782	
3137	-1.01692	
3138	-1.02615	
3139	-1.03542	
3140	-1.04463	
3141	-1.05368	
3142	-1.06246	
3143	-1.07085	
3144	-1.07873	
3145	-1.08599	
3146	-1.09253	
3147	-1.09823	
3148	-1.10301	
3149	-1.10679	
3150	-1.1095	
3151	-1.11111	
3152	-1.11158	
3153	-1.11091	
3154	-1.10913	
3155	-1.10627	
3156	-1.10239	
3157	-1.09758	
3158	-1.09195	
3159	-1.08561	
3160	-1.0787	
3161	-1.07136	
3162	-1.06374	
3163	-1.05599	
3164	-1.04825	
3165	-1.04063	
3166	-1.03324	
3167	-1.02617	
3168	-1.01945	
3169	-1.01313	
3170	-1.00718	
3171	-1.00158	
3172	-0.99629	
3173	-0.991234	
3174	-0.986341	
3175	-0.981537	
3176	-0.976748	
3177	-0.971913	
3178	-0.966983	
3179	-0.961926	
3180	-0.956731	
3181	-0.951404	
3182	-0.945974	
3183	-0.940488	
3184	-0.935012	
3185	-0.929626	
3186	-0.924421	
3187	-0.919496	
3188	-0.914952	
3189	-0.910887	
3190	-0.907388	
3191	-0.904532	
3192	-0.902374	
3193	-0.900949	
3194	-0.900266	
3195	-0.900315	
3196	-0.901063	
3197	-0.902463	
3198	-0.904455	
3199	-0.906975	
3200	-0.909959	
3201	-0.91335	
3202	-0.917096	
3203	-0.921155	
3204	-0.925493	
3205	-0.930081	
3206	-0.934895	
3207	-0.939904	
3208	-0.945077	
3209	-0.950373	
3210	-0.955742	
3211	-0.961127	
3212	-0.966465	
3213	-0.971686	
3214	-0.976722	
3215	-0.981511	
3216	-0.985994	
3217	-0.990125	
3218	-0.993872	
3219	-0.997217	
3220	-1.00016	
3221	-1.0027	
3222	-1.00489	
3223	-1.00675	
3224	-1.00833	
3225	-1.00971	
3226	-1.01093	
3227	-1.01208	
3228	-1.01321	
3229	-1.01441	
3230	-1.01573	
3231	-1.01724	
3232	-1.01898	
3233	-1.02102	
3234	-1.02339	
3235	-1.02614	
3236	-1.02928	
3237	-1.03284	
3238	-1.03684	
3239	-1.04128	
3240	-1.04617	
3241	-1.0515	
3242	-1.05725	
3243	-1.0634	
3244	-1.06992	
3245	-1.07678	
3246	-1.08392	
3247	-1.09131	
3248	-1.09887	
3249	-1.10657	
3250	-1.11433	
3251	-1.1221	
3252	-1.12982	
3253	-1.13742	
3254	-1.14484	
3255	-1.15204	
3256	-1.15896	
3257	-1.16556	
3258	-1.17178	
3259	-1.17759	
3260	-1.18296	
3261	-1.18786	
3262	-1.19228	
3263	-1.19618	
3264	-1.19958	
3265	-1.20246	
3266	-1.20482	
3267	-1.20667	
3268	-1.20801	
3269	-1.20887	
3270	-1.20924	
3271	-1.20915	
3272	-1.2086	
3273	-1.2076	
3274	-1.20618	
3275	-1.20432	
3276	-1.20206	
3277	-1.19939	
3278	-1.19634	
3279	-1.19291	
3280	-1.18914	
3281	-1.18505	
3282	-1.18068	
3283	-1.17605	
3284	-1.17121	
3285	-1.16623	
3286	-1.16113	
3287	-1.156	
3288	-1.15087	
3289	-1.14582	
3290	-1.14089	
3291	-1.13615	
3292	-1.13164	
3293	-1.1274	
3294	-1.12348	
3295	-1.11989	
3296	-1.11666	
3297	-1.11379	
3298	-1.11128	
3299	-1.10911	
3300	-1.10726	
3301	-1.10569	
3302	-1.10435	
3303	-1.10319	
3304	-1.10215	
3305	-1.10114	
3306	-1.1001	
3307	-1.09894	
3308	-1.09758	
3309	-1.09594	
3310	-1.09394	
3311	-1.0915	
3312	-1.08856	
3313	-1.08507	
3314	-1.08097	
3315	-1.07626	
3316	-1.07091	
3317	-1.06495	
3318	-1.05839	
3319	-1.05129	
3320	-1.04373	
3321	-1.03578	
3322	-1.02757	
3323	-1.01919	
3324	-1.01081	
3325	-1.00255	
3326	-0.994562	
3327	-0.987009	
3328	-0.980039	
3329	-0.9738	
3330	-0.968433	
3331	-0.964065	
3332	-0.960807	
3333	-0.958752	
3334	-0.957973	
3335	-0.958516	
3336	-0.960401	
3337	-0.963624	
3338	-0.968151	
3339	-0.973924	
3340	-0.980861	
3341	-0.988857	
3342	-0.997789	
3343	-1.00752	
3344	-1.0179	
3345	-1.02878	
3346	-1.03999	
3347	-1.05138	
3348	-1.0628	
3349	-1.0741	
3350	-1.08515	
3351	-1.09584	
3352	-1.10604	
3353	-1.11567	
3354	-1.12466	
3355	-1.13295	
3356	-1.1405	
3357	-1.14728	
3358	-1.15328	
3359	-1.1585	
3360	-1.16296	
3361	-1.16668	
3362	-1.16971	
3363	-1.17207	
3364	-1.17382	
3365	-1.175	
3366	-1.17565	
3367	-1.17584	
3368	-1.1756	
3369	-1.17498	
3370	-1.17402	
3371	-1.17275	
3372	-1.1712	
3373	-1.16941	
3374	-1.16739	
3375	-1.16518	
3376	-1.1628	
3377	-1.16026	
3378	-1.15759	
3379	-1.15481	
3380	-1.15195	
3381	-1.14904	
3382	-1.1461	
3383	-1.14317	
3384	-1.14029	
3385	-1.13749	
3386	-1.13482	
3387	-1.13229	
3388	-1.12997	
3389	-1.12786	
3390	-1.126	
3391	-1.12439	
3392	-1.12304	
3393	-1.12194	
3394	-1.12107	
3395	-1.12039	
3396	-1.11985	
3397	-1.11939	
3398	-1.11895	
3399	-1.11845	
3400	-1.11782	
3401	-1.11698	
3402	-1.11585	
3403	-1.11436	
3404	-1.11243	
3405	-1.11002	
3406	-1.10706	
3407	-1.10351	
3408	-1.09933	
3409	-1.0945	
3410	-1.08901	
3411	-1.08286	
3412	-1.07605	
3413	-1.06862	
3414	-1.06059	
3415	-1.05203	
3416	-1.04299	
3417	-1.03355	
3418	-1.02381	
3419	-1.01388	
3420	-1.00385	
3421	-0.993863	
3422	-0.984043	
3423	-0.974522	
3424	-0.965437	
3425	-0.956919	
3426	-0.949093	
3427	-0.942078	
3428	-0.935976	
3429	-0.930876	
3430	-0.926848	
3431	-0.923941	
3432	-0.922182	
3433	-0.921575	
3434	-0.922102	
3435	-0.923722	
3436	-0.926371	
3437	-0.929971	
3438	-0.934424	
3439	-0.939622	
3440	-0.945447	
3441	-0.951778	
3442	-0.958493	
3443	-0.965474	
3444	-0.972608	
3445	-0.979794	
3446	-0.986942	
3447	-0.993975	
3448	-1.00083	
3449	-1.00746	
3450	-1.01383	
3451	-1.01992	
3452	-1.02571	
3453	-1.0312	
3454	-1.03639	
3455	-1.04128	
3456	-1.04588	
3457	-1.05018	
3458	-1.0542	
3459	-1.05794	
3460	-1.0614	
3461	-1.06458	
3462	-1.06748	
3463	-1.07011	
3464	-1.07247	
3465	-1.07458	
3466	-1.07646	
3467	-1.07813	
3468	-1.07962	
3469	-1.08096	
3470	-1.0822	
3471	-1.08337	
3472	-1.08451	
3473	-1.08565	
3474	-1.0868	
3475	-1.08796	
3476	-1.08912	
3477	-1.09025	
3478	-1.09129	
3479	-1.09219	
3480	-1.09287	
3481	-1.09326	
3482	-1.09328	
3483	-1.09287	
3484	-1.09198	
3485	-1.09057	
3486	-1.08863	
3487	-1.08616	
3488	-1.08318	
3489	-1.07972	
3490	-1.07582	
3491	-1.07154	
3492	-1.06691	
3493	-1.06197	
3494	-1.05679	
3495	-1.05138	
3496	-1.04578	
3497	-1.04004	
3498	-1.03419	
3499	-1.02827	
3500	-1.02236	
3501	-1.01652	
3502	-1.01084	
3503	-1.00539	
3504	-1.00029	
3505	-0.995611	
3506	-0.991443	
3507	-0.987852	
3508	-0.984884	
3509	-0.982564	
3510	-0.980893	
3511	-0.979847	
3512	-0.979384	
3513	-0.979443	
3514	-0.979954	
3515	-0.980836	
3516	-0.982008	
3517	-0.98339	
3518	-0.984906	
3519	-0.986487	
3520	-0.98807	
3521	-0.989603	
3522	-0.99104	
3523	-0.992346	
3524	-0.993492	
3525	-0.994457	
3526	-0.995227	
3527	-0.995794	
3528	-0.996155	
3529	-0.996312	
3530	-0.996269	
3531	-0.996034	
3532	-0.995616	
3533	-0.995025	
3534	-0.994268	
3535	-0.993353	
3536	-0.992284	
3537	-0.991063	
3538	-0.98969	
3539	-0.988163	
3540	-0.986478	
3541	-0.984633	
3542	-0.982627	
3543	-0.980467	
3544	-0.978161	
3545	-0.975729	
3546	-0.9732	
3547	-0.970611	
3548	-0.968014	
3549	-0.965468	
3550	-0.963045	
3551	-0.960824	
3552	-0.95889	
3553	-0.95733	
3554	-0.956232	
3555	-0.955678	
3556	-0.955745	
3557	-0.956494	
3558	-0.957976	
3559	-0.96022	
3560	-0.963237	
3561	-0.967015	
3562	-0.971521	
3563	-0.976699	
3564	-0.982472	
3565	-0.988744	
3566	-0.995401	
3567	-1.00232	
3568	-1.00936	
3569	-1.01638	
3570	-1.02324	
3571	-1.0298	
3572	-1.03593	
3573	-1.0415	
3574	-1.0464	
3575	-1.05053	
3576	-1.05381	
3577	-1.05618	
3578	-1.05759	
3579	-1.05801	
3580	-1.05743	
3581	-1.05584	
3582	-1.05328	
3583	-1.04976	
3584	-1.04533	
3585	-1.04004	
3586	-1.03396	
3587	-1.02717	
3588	-1.01974	
3589	-1.01175	
3590	-1.00331	
3591	-0.994511	
3592	-0.985448	
3593	-0.976229	
3594	-0.966957	
3595	-0.957741	
3596	-0.948686	
3597	-0.939903	
3598	-0.931497	
3599	-0.923576	
3600	-0.916245	
3601	-0.909607	
3602	-0.903761	
3603	-0.8988	
3604	-0.894809	
3605	-0.891864	
3606	-0.890028	
3607	-0.889348	
3608	-0.889855	
3609	-0.891557	
3610	-0.894445	
3611	-0.898484	
3612	-0.90362	
3613	-0.909779	
3614	-0.916868	
3615	-0.924778	
3616	-0.933388	
3617	-0.942567	
3618	-0.952178	
3619	-0.962081	
3620	-0.972135	
3621	-0.9822	
3622	-0.99214	
3623	-1.00182	
3624	-1.01113	
3625	-1.01995	
3626	-1.02817	
3627	-1.0357	
3628	-1.04246	
3629	-1.04838	
3630	-1.05342	
3631	-1.05753	
3632	-1.06071	
3633	-1.06295	
3634	-1.06428	
3635	-1.06475	
3636	-1.06441	
3637	-1.06337	
3638	-1.06173	
3639	-1.05964	
3640	-1.05722	
3641	-1.05466	
3642	-1.05212	
3643	-1.04975	
3644	-1.04772	
3645	-1.04616	
3646	-1.04518	
3647	-1.04485	
3648	-1.04522	
3649	-1.04629	
3650	-1.04802	
3651	-1.05035	
3652	-1.0532	
3653	-1.05646	
3654	-1.06002	
3655	-1.06375	
3656	-1.06754	
3657	-1.07129	
3658	-1.0749	
3659	-1.07827	
3660	-1.08135	
3661	-1.08406	
3662	-1.08635	
3663	-1.08819	
3664	-1.08956	
3665	-1.09042	
3666	-1.09078	
3667	-1.09063	
3668	-1.08999	
3669	-1.08886	
3670	-1.08728	
3671	-1.08528	
3672	-1.08289	
3673	-1.08016	
3674	-1.07712	
3675	-1.07382	
3676	-1.07031	
3677	-1.06664	
3678	-1.06283	
3679	-1.05893	
3680	-1.05497	
3681	-1.05099	
3682	-1.04701	
3683	-1.04308	
3684	-1.03921	
3685	-1.03547	
3686	-1.03189	
3687	-1.02856	
3688	-1.02555	
3689	-1.02295	
3690	-1.02088	
3691	-1.01947	
3692	-1.01883	
3693	-1.01908	
3694	-1.02035	
3695	-1.02272	
3696	-1.02626	
3697	-1.031	
3698	-1.03692	
3699	-1.04397	
3700	-1.05206	
3701	-1.06103	
3702	-1.07073	
3703	-1.08094	
3704	-1.09146	
3705	-1.10206	
3706	-1.11253	
3707	-1.12267	
3708	-1.13229	
3709	-1.14123	
3710	-1.14935	
3711	-1.15656	
3712	-1.16276	
3713	-1.16791	
3714	-1.17197	
3715	-1.17493	
3716	-1.17681	
3717	-1.17761	
3718	-1.17739	
3719	-1.17617	
3720	-1.17403	
3721	-1.171	
3722	-1.16717	
3723	-1.16259	
3724	-1.15733	
3725	-1.15145	
3726	-1.14504	
3727	-1.13816	
3728	-1.13088	
3729	-1.12326	
3730	-1.11538	
3731	-1.10729	
3732	-1.09908	
3733	-1.09079	
3734	-1.08249	
3735	-1.07426	
3736	-1.06613	
3737	-1.05818	
3738	-1.05046	
3739	-1.04301	
3740	-1.03589	
3741	-1.02913	
3742	-1.02276	
3743	-1.01681	
3744	-1.0113	
3745	-1.00623	
3746	-1.0016	
3747	-0.997398	
3748	-0.993618	
3749	-0.990236	
3750	-0.987229	
3751	-0.984572	
3752	-0.982241	
3753	-0.980215	
3754	-0.978476	
3755	-0.977012	
3756	-0.975815	
3757	-0.974885	
3758	-0.974225	
3759	-0.973846	
3760	-0.973758	
3761	-0.973977	
3762	-0.974515	
3763	-0.975385	
3764	-0.976595	
3765	-0.97815	
3766	-0.980047	
3767	-0.982281	
3768	-0.984839	
3769	-0.987703	
3770	-0.990852	
3771	-0.994262	
3772	-0.997907	
3773	-1.00176	
3774	-1.0058	
3775	-1.01001	
3776	-1.01436	
3777	-1.01885	
3778	-1.02345	
3779	-1.02816	
3780	-1.03297	
3781	-1.03787	
3782	-1.04285	
3783	-1.04789	
3784	-1.05299	
3785	-1.05811	
3786	-1.06323	
3787	-1.06831	
3788	-1.07332	
3789	-1.0782	
3790	-1.08291	
3791	-1.0874	
3792	-1.09161	
3793	-1.0955	
3794	-1.09902	
3795	-1.10214	
3796	-1.10481	
3797	-1.10701	
3798	-1.10872	
3799	-1.10992	
3800	-1.1106	
3801	-1.11076	
3802	-1.11039	
3803	-1.1095	
3804	-1.10807	
3805	-1.10612	
3806	-1.10363	
3807	-1.10062	
3808	-1.09707	
3809	-1.093	
3810	-1.08842	
3811	-1.08333	
3812	-1.07775	
3813	-1.07171	
3814	-1.06524	
3815	-1.05838	
3816	-1.05116	
3817	-1.04364	
3818	-1.03588	
3819	-1.02793	
3820	-1.01986	
3821	-1.01173	
3822	-1.0036	
3823	-0.99552	
3824	-0.987559	
3825	-0.979766	
3826	-0.972188	
3827	-0.964868	
3828	-0.957843	
3829	-0.951146	
3830	-0.944803	
3831	-0.938836	
3832	-0.933261	
3833	-0.928092	
3834	-0.923337	
3835	-0.919001	
3836	-0.915086	
3837	-0.911592	
3838	-0.908515	
3839	-0.905851	
3840	-0.903592	
3841	-0.901729	
3842	-0.900251	
3843	-0.899148	
3844	-0.898404	
3845	-0.898003	
3846	-0.89793	
3847	-0.898164	
3848	-0.898686	
3849	-0.899475	
3850	-0.900509	
3851	-0.901769	
3852	-0.903234	
3853	-0.904887	
3854	-0.906712	
3855	-0.908698	
3856	-0.910838	
3857	-0.913127	
3858	-0.915566	
3859	-0.918159	
3860	-0.920914	
3861	-0.923839	
3862	-0.926945	
3863	-0.930241	
3864	-0.933737	
3865	-0.937436	
3866	-0.941342	
3867	-0.945452	
3868	-0.949759	
3869	-0.954254	
3870	-0.958921	
3871	-0.963743	
3872	-0.968704	
3873	-0.973783	
3874	-0.978964	
3875	-0.984231	
3876	-0.98957	
3877	-0.994973	
3878	-1.00043	
3879	-1.00595	
3880	-1.01152	
3881	-1.01716	
3882	-1.02286	
3883	-1.02863	
3884	-1.03448	
3885	-1.04041	
3886	-1.04642	
3887	-1.05251	
3888	-1.05866	
3889	-1.06487	
3890	-1.07111	
3891	-1.07736	
3892	-1.08357	
3893	-1.08972	
3894	-1.09576	
3895	-1.10165	
3896	-1.10733	
3897	-1.11275	
3898	-1.11786	
3899	-1.12261	
3900	-1.12696	
3901	-1.13085	
3902	-1.13425	
3903	-1.13713	
3904	-1.13946	
3905	-1.14123	
3906	-1.14242	
3907	-1.14304	
3908	-1.1431	
3909	-1.14262	
3910	-1.14163	
3911	-1.14016	
3912	-1.13828	
3913	-1.13602	
3914	-1.13345	
3915	-1.13064	
3916	-1.12765	
3917	-1.12454	
3918	-1.1214	
3919	-1.11827	
3920	-1.11522	
3921	-1.1123	
3922	-1.10957	
3923	-1.10707	
3924	-1.10482	
3925	-1.10286	
3926	-1.1012	
3927	-1.09986	
3928	-1.09884	
3929	-1.09814	
3930	-1.09775	
3931	-1.09765	
3932	-1.09783	
3933	-1.09826	
3934	-1.0989	
3935	-1.09973	
3936	-1.10069	
3937	-1.10174	
3938	-1.10283	
3939	-1.10392	
3940	-1.10495	
3941	-1.10587	
3942	-1.10665	
3943	-1.10724	
3944	-1.10762	
3945	-1.10777	
3946	-1.10766	
3947	-1.10729	
3948	-1.10667	
3949	-1.10582	
3950	-1.10474	
3951	-1.10347	
3952	-1.10203	
3953	-1.10045	
3954	-1.09875	
3955	-1.09696	
3956	-1.09508	
3957	-1.09314	
3958	-1.09113	
3959	-1.08904	
3960	-1.08686	
3961	-1.08456	
3962	-1.08209	
3963	-1.07943	
3964	-1.07653	
3965	-1.07334	
3966	-1.06981	
3967	-1.06589	
3968	-1.06153	
3969	-1.05669	
3970	-1.05133	
3971	-1.04542	
3972	-1.03893	
3973	-1.03186	
3974	-1.0242	
3975	-1.01597	
3976	-1.00719	
3977	-0.997908	
3978	-0.988175	
3979	-0.978068	
3980	-0.967673	
3981	-0.957096	
3982	-0.946452	
3983	-0.93587	
3984	-0.925486	
3985	-0.91544	
3986	-0.905871	
3987	-0.896914	
3988	-0.888691	
3989	-0.881311	
3990	-0.874862	
3991	-0.869407	
3992	-0.864986	
3993	-0.861608	
3994	-0.859258	
3995	-0.857895	
3996	-0.857458	
3997	-0.857865	
3998	-0.859022	
3999	-0.860829	
4000	-0.863178	
4001	-0.865966	
4002	-0.869093	
4003	-0.872468	
4004	-0.876008	
4005	-0.879645	
4006	-0.883323	
4007	-0.886999	
4008	-0.890644	
4009	-0.894238	
4010	-0.897776	
4011	-0.901257	
4012	-0.904693	
4013	-0.908097	
4014	-0.911487	
4015	-0.914884	
4016	-0.918309	
4017	-0.92178	
4018	-0.925316	
4019	-0.928929	
4020	-0.932629	
4021	-0.936422	
4022	-0.940308	
4023	-0.944286	
4024	-0.948346	
4025	-0.952479	
4026	-0.956668	
4027	-0.960896	
4028	-0.965141	
4029	-0.969378	
4030	-0.973578	
4031	-0.977709	
4032	-0.981739	
4033	-0.985631	
4034	-0.989349	
4035	-0.992854	
4036	-0.99611	
4037	-0.999083	
4038	-1.00174	
4039	-1.00406	
4040	-1.00603	
4041	-1.00762	
4042	-1.00883	
4043	-1.00966	
4044	-1.01012	
4045	-1.01023	
4046	-1.01	
4047	-1.00946	
4048	-1.00863	
4049	-1.00754	
4050	-1.00622	
4051	-1.0047	
4052	-1.00301	
4053	-1.00115	
4054	-0.999166	
4055	-0.997059	
4056	-0.994845	
4057	-0.992536	
4058	-0.990141	
4059	-0.98767	
4060	-0.985132	
4061	-0.982538	
4062	-0.979899	
4063	-0.977228	
4064	-0.974541	
4065	-0.971852	
4066	-0.969176	
4067	-0.966529	
4068	-0.963924	
4069	-0.961373	
4070	-0.958887	
4071	-0.956477	
4072	-0.954151	
4073	-0.95192	
4074	-0.949795	
4075	-0.94779	
4076	-0.945921	
4077	-0.944208	
4078	-0.942674	
4079	-0.941345	
4080	-0.940249	
4081	-0.939413	
4082	-0.938868	
4083	-0.938641	
4084	-0.938755	
4085	-0.939231	
4086	-0.940085	
4087	-0.941326	
4088	-0.94296	
4089	-0.944986	
4090	-0.947397	
4091	-0.950181	
4092	-0.953325	
4093	-0.95681	
4094	-0.960613	
4095	-0.964714	
4096	-0.969087	
4097	-0.973709	
4098	-0.978555	
4099	-0.983602	
4100	-0.988825	
4101	-0.994201	
4102	-0.999708	
4103	-1.00532	
4104	-1.01102	
4105	-1.01678	
4106	-1.02257	
4107	-1.02838	
4108	-1.03416	
4109	-1.03989	
4110	-1.04554	
4111	-1.05107	
4112	-1.05644	
4113	-1.06162	
4114	-1.06656	
4115	-1.07121	
4116	-1.07554	
4117	-1.07949	
4118	-1.08302	
4119	-1.08608	
4120	-1.08863	
4121	-1.09062	
4122	-1.09201	
4123	-1.09277	
4124	-1.09287	
4125	-1.09229	
4126	-1.09103	
4127	-1.08906	
4128	-1.08642	
4129	-1.08312	
4130	-1.0792	
4131	-1.0747	
4132	-1.0697	
4133	-1.06426	
4134	-1.05848	
4135	-1.05244	
4136	-1.04626	
4137	-1.04004	
4138	-1.0339	
4139	-1.02795	
4140	-1.02229	
4141	-1.01703	
4142	-1.01226	
4143	-1.00805	
4144	-1.00447	
4145	-1.00156	
4146	-0.999345	
4147	-0.997828	
4148	-0.996997	
4149	-0.996818	
4150	-0.997241	
4151	-0.998205	
4152	-0.999632	
4153	-1.00144	
4154	-1.00355	
4155	-1.00586	
4156	-1.00829	
4157	-1.01075	
4158	-1.01319	
4159	-1.01552	
4160	-1.0177	
4161	-1.01969	
4162	-1.02147	
4163	-1.02301	
4164	-1.02433	
4165	-1.02543	
4166	-1.02633	
4167	-1.02708	
4168	-1.02771	
4169	-1.02828	
4170	-1.02884	
4171	-1.02946	
4172	-1.03017	
4173	-1.03106	
4174	-1.03218	
4175	-1.03357	
4176	-1.03529	
4177	-1.03736	
4178	-1.03984	
4179	-1.04272	
4180	-1.04602	
4181	-1.04974	
4182	-1.05385	
4183	-1.05834	
4184	-1.06315	
4185	-1.06824	
4186	-1.07355	
4187	-1.079	
4188	-1.08451	
4189	-1.09	
4190	-1.09537	
4191	-1.10054	
4192	-1.10542	
4193	-1.1099	
4194	-1.11391	
4195	-1.11736	
4196	-1.12018	
4197	-1.1223	
4198	-1.12367	
4199	-1.12424	
4200	-1.12399	
4201	-1.1229	
4202	-1.12098	
4203	-1.11824	
4204	-1.11472	
4205	-1.11048	
4206	-1.10558	
4207	-1.10013	
4208	-1.09423	
4209	-1.08801	
4210	-1.08162	
4211	-1.07522	
4212	-1.06895	
4213	-1.063	
4214	-1.05751	
4215	-1.05262	
4216	-1.04844	
4217	-1.04505	
4218	-1.04247	
4219	-1.04072	
4220	-1.03972	
4221	-1.03942	
4222	-1.03969	
4223	-1.0404	
4224	-1.04142	
4225	-1.04263	
4226	-1.0439	
4227	-1.04513	
4228	-1.04625	
4229	-1.04721	
4230	-1.048	
4231	-1.04861	
4232	-1.04907	
4233	-1.04941	
4234	-1.0497	
4235	-1.04998	
4236	-1.0503	
4237	-1.05071	
4238	-1.05126	
4239	-1.05196	
4240	-1.05283	
4241	-1.05385	
4242	-1.05499	
4243	-1.05622	
4244	-1.0575	
4245	-1.05875	
4246	-1.05992	
4247	-1.06095	
4248	-1.06178	
4249	-1.06235	
4250	-1.06264	
4251	-1.06259	
4252	-1.0622	
4253	-1.06145	
4254	-1.06034	
4255	-1.05889	
4256	-1.0571	
4257	-1.055	
4258	-1.05262	
4259	-1.04997	
4260	-1.04709	
4261	-1.044	
4262	-1.04074	
4263	-1.03733	
4264	-1.03382	
4265	-1.03022	
4266	-1.02659	
4267	-1.02297	
4268	-1.01941	
4269	-1.01597	
4270	-1.01272	
4271	-1.00972	
4272	-1.00706	
4273	-1.00479	
4274	-1.00301	
4275	-1.00176	
4276	-1.0011	
4277	-1.00107	
4278	-1.0017	
4279	-1.00299	
4280	-1.00493	
4281	-1.00749	
4282	-1.01062	
4283	-1.01428	
4284	-1.0184	
4285	-1.0229	
4286	-1.02772	
4287	-1.03278	
4288	-1.03803	
4289	-1.04341	
4290	-1.04887	
4291	-1.05438	
4292	-1.05991	
4293	-1.06544	
4294	-1.07095	
4295	-1.07644	
4296	-1.08189	
4297	-1.08731	
4298	-1.09268	
4299	-1.098	
4300	-1.10325	
4301	-1.10841	
4302	-1.11346	
4303	-1.11836	
4304	-1.12309	
4305	-1.1276	
4306	-1.13185	
4307	-1.1358	
4308	-1.13941	
4309	-1.14264	
4310	-1.14543	
4311	-1.14777	
4312	-1.1496	
4313	-1.15091	
4314	-1.15167	
4315	-1.15187	
4316	-1.1515	
4317	-1.15056	
4318	-1.14907	
4319	-1.14704	
4320	-1.1445	
4321	-1.14147	
4322	-1.138	
4323	-1.13414	
4324	-1.12992	
4325	-1.1254	
4326	-1.12062	
4327	-1.11563	
4328	-1.11049	
4329	-1.10522	
4330	-1.09988	
4331	-1.09449	
4332	-1.08908	
4333	-1.08368	
4334	-1.07829	
4335	-1.07294	
4336	-1.06763	
4337	-1.06237	
4338	-1.05718	
4339	-1.05207	
4340	-1.04707	
4341	-1.04219	
4342	-1.03747	
4343	-1.03296	
4344	-1.02871	
4345	-1.02478	
4346	-1.02123	
4347	-1.01815	
4348	-1.0156	
4349	-1.01367	
4350	-1.01243	
4351	-1.01195	
4352	-1.01227	
4353	-1.01346	
4354	-1.01554	
4355	-1.01852	
4356	-1.0224	
4357	-1.02715	
4358	-1.03274	
4359	-1.03909	
4360	-1.04615	
4361	-1.05382	
4362	-1.062	
4363	-1.07062	
4364	-1.07955	
4365	-1.08871	
4366	-1.09799	
4367	-1.10731	
4368	-1.11657	
4369	-1.12569	
4370	-1.1346	
4371	-1.14321	
4372	-1.15146	
4373	-1.15927	
4374	-1.16659	
4375	-1.17335	
4376	-1.17948	
4377	-1.18492	
4378	-1.18963	
4379	-1.19354	
4380	-1.19661	
4381	-1.1988	
4382	-1.20008	
4383	-1.20041	
4384	-1.19978	
4385	-1.19819	
4386	-1.19563	
4387	-1.1921	
4388	-1.18764	
4389	-1.18227	
4390	-1.17603	
4391	-1.16895	
4392	-1.1611	
4393	-1.15253	
4394	-1.1433	
4395	-1.13348	
4396	-1.12315	
4397	-1.11239	
4398	-1.10126	
4399	-1.08985	
4400	-1.07825	
4401	-1.06653	
4402	-1.05477	
4403	-1.04305	
4404	-1.03146	
4405	-1.02005	
4406	-1.00891	
4407	-0.998097	
4408	-0.987666	
4409	-0.97767	
4410	-0.968155	
4411	-0.959153	
4412	-0.950693	
4413	-0.942792	
4414	-0.935457	
4415	-0.928688	
4416	-0.922477	
4417	-0.916809	
4418	-0.911661	
4419	-0.90701	
4420	-0.902826	
4421	-0.899082	
4422	-0.895751	
4423	-0.892809	
4424	-0.890238	
4425	-0.888027	
4426	-0.886172	
4427	-0.884678	
4428	-0.883557	
4429	-0.882829	
4430	-0.882522	
4431	-0.882667	
4432	-0.883302	
4433	-0.884463	
4434	-0.886188	
4435	-0.88851	
4436	-0.891459	
4437	-0.895059	
4438	-0.899325	
4439	-0.904264	
4440	-0.909873	
4441	-0.91614	
4442	-0.92304	
4443	-0.930543	
4444	-0.938605	
4445	-0.947178	
4446	-0.956205	
4447	-0.965622	
4448	-0.975363	
4449	-0.985357	
4450	-0.995531	
4451	-1.00581	
4452	-1.01612	
4453	-1.02639	
4454	-1.03655	
4455	-1.04652	
4456	-1.05624	
4457	-1.06564	
4458	-1.07466	
4459	-1.08324	
4460	-1.09132	
4461	-1.09885	
4462	-1.10578	
4463	-1.11206	
4464	-1.11766	
4465	-1.12255	
4466	-1.1267	
4467	-1.13009	
4468	-1.13272	
4469	-1.13459	
4470	-1.13569	
4471	-1.13606	
4472	-1.13572	
4473	-1.1347	
4474	-1.13305	
4475	-1.13082	
4476	-1.12807	
4477	-1.12487	
4478	-1.12127	
4479	-1.11737	
4480	-1.11324	
4481	-1.10895	
4482	-1.10458	
4483	-1.1002	
4484	-1.09589	
4485	-1.0917	
4486	-1.08771	
4487	-1.08396	
4488	-1.0805	
4489	-1.07734	
4490	-1.07453	
4491	-1.07207	
4492	-1.06995	
4493	-1.06819	
4494	-1.06676	
4495	-1.06564	
4496	-1.06481	
4497	-1.06423	
4498	-1.06389	
4499	-1.06375	
4500	-1.06379	
4501	-1.06399	
4502	-1.06432	
4503	-1.06478	
4504	-1.06537	
4505	-1.06607	
4506	-1.06689	
4507	-1.06785	
4508	-1.06895	
4509	-1.07019	
4510	-1.07159	
4511	-1.07315	
4512	-1.07486	
4513	-1.07673	
4514	-1.07873	
4515	-1.08084	
4516	-1.08303	
4517	-1.08526	
4518	-1.08748	
4519	-1.08964	
4520	-1.09168	
4521	-1.09354	
4522	-1.09517	
4523	-1.09652	
4524	-1.09755	
4525	-1.0982	
4526	-1.09847	
4527	-1.09834	
4528	-1.09781	
4529	-1.0969	
4530	-1.09563	
4531	-1.09404	
4532	-1.09219	
4533	-1.09012	
4534	-1.08788	
4535	-1.08554	
4536	-1.08314	
4537	-1.08073	
4538	-1.07834	
4539	-1.07602	
4540	-1.07378	
4541	-1.07165	
4542	-1.06965	
4543	-1.0678	
4544	-1.06612	
4545	-1.06462	
4546	-1.06334	
4547	-1.06228	
4548	-1.06149	
4549	-1.06097	
4550	-1.06075	
4551	-1.06084	
4552	-1.06126	
4553	-1.06201	
4554	-1.06309	
4555	-1.06448	
4556	-1.06617	
4557	-1.06813	
4558	-1.07033	
4559	-1.07271	
4560	-1.07524	
4561	-1.07786	
4562	-1.08052	
4563	-1.08317	
4564	-1.08575	
4565	-1.08822	
4566	-1.09053	
4567	-1.09264	
4568	-1.09451	
4569	-1.09613	
4570	-1.09748	
4571	-1.09854	
4572	-1.09931	
4573	-1.0998	
4574	-1.10002	
4575	-1.09998	
4576	-1.0997	
4577	-1.0992	
4578	-1.0985	
4579	-1.09762	
4580	-1.09657	
4581	-1.09537	
4582	-1.09403	
4583	-1.09256	
4584	-1.09097	
4585	-1.08925	
4586	-1.08742	
4587	-1.08547	
4588	-1.08341	
4589	-1.08123	
4590	-1.07896	
4591	-1.07659	
4592	-1.07414	
4593	-1.07162	
4594	-1.06905	
4595	-1.06644	
4596	-1.06381	
4597	-1.06117	
4598	-1.05853	
4599	-1.05589	
4600	-1.05326	
4601	-1.05063	
4602	-1.04798	
4603	-1.04531	
4604	-1.04258	
4605	-1.03978	
4606	-1.0369	
4607	-1.0339	
4608	-1.03077	
4609	-1.02751	
4610	-1.02412	
4611	-1.0206	
4612	-1.01698	
4613	-1.0133	
4614	-1.00958	
4615	-1.0059	
4616	-1.0023	
4617	-0.998853	
4618	-0.995638	
4619	-0.992725	
4620	-0.990189	
4621	-0.988101	
4622	-0.986524	
4623	-0.985514	
4624	-0.985114	
4625	-0.985358	
4626	-0.98626	
4627	-0.987826	
4628	-0.990041	
4629	-0.992881	
4630	-0.996303	
4631	-1.00026	
4632	-1.00468	
4633	-1.0095	
4634	-1.01464	
4635	-1.02002	
4636	-1.02555	
4637	-1.03116	
4638	-1.03676	
4639	-1.04229	
4640	-1.04766	
4641	-1.05281	
4642	-1.05769	
4643	-1.06225	
4644	-1.06644	
4645	-1.07024	
4646	-1.07362	
4647	-1.07657	
4648	-1.07908	
4649	-1.08113	
4650	-1.08274	
4651	-1.08392	
4652	-1.08467	
4653	-1.085	
4654	-1.08493	
4655	-1.08448	
4656	-1.08365	
4657	-1.08247	
4658	-1.08096	
4659	-1.07911	
4660	-1.07696	
4661	-1.07451	
4662	-1.07178	
4663	-1.06879	
4664	-1.06555	
4665	-1.06208	
4666	-1.05839	
4667	-1.05451	
4668	-1.05045	
4669	-1.04623	
4670	-1.04187	
4671	-1.03738	
4672	-1.03277	
4673	-1.02807	
4674	-1.02327	
4675	-1.01839	
4676	-1.01343	
4677	-1.00839	
4678	-1.0033	
4679	-0.998149	
4680	-0.992956	
4681	-0.987737	
4682	-0.982513	
4683	-0.977309	
4684	-0.972157	
4685	-0.967092	
4686	-0.962155	
4687	-0.957387	
4688	-0.952829	
4689	-0.948522	
4690	-0.944504	
4691	-0.940806	
4692	-0.937452	
4693	-0.93446	
4694	-0.931837	
4695	-0.929581	
4696	-0.927682	
4697	-0.926121	
4698	-0.924871	
4699	-0.923901	
4700	-0.923174	
4701	-0.922653	
4702	-0.922298	
4703	-0.922071	
4704	-0.92194	
4705	-0.921873	
4706	-0.921846	
4707	-0.92184	
4708	-0.921842	
4709	-0.921844	
4710	-0.921846	
4711	-0.921851	
4712	-0.921867	
4713	-0.921905	
4714	-0.921978	
4715	-0.922099	
4716	-0.922282	
4717	-0.922539	
4718	-0.922881	
4719	-0.923315	
4720	-0.923848	
4721	-0.924482	
4722	-0.925216	
4723	-0.926046	
4724	-0.926967	
4725	-0.92797	
4726	-0.929045	
4727	-0.930181	
4728	-0.931365	
4729	-0.932585	
4730	-0.933827	
4731	-0.93508	
4732	-0.93633	
4733	-0.937567	
4734	-0.938781	
4735	-0.939965	
4736	-0.941112	
4737	-0.942217	
4738	-0.94328	
4739	-0.944301	
4740	-0.945286	
4741	-0.946243	
4742	-0.947183	
4743	-0.948121	
4744	-0.949076	
4745	-0.95007	
4746	-0.951125	
4747	-0.952267	
4748	-0.953519	
4749	-0.954902	
4750	-0.956437	
4751	-0.958135	
4752	-0.960004	
4753	-0.962045	
4754	-0.96425	
4755	-0.966607	
4756	-0.969097	
4757	-0.971695	
4758	-0.974376	
4759	-0.977111	
4760	-0.979874	
4761	-0.98264	
4762	-0.985387	
4763	-0.988098	
4764	-0.990758	
4765	-0.993359	
4766	-0.995898	
4767	-0.998375	
4768	-1.00079	
4769	-1.00316	
4770	-1.00548	
4771	-1.00776	
4772	-1.01001	
4773	-1.01223	
4774	-1.01442	
4775	-1.01657	
4776	-1.01867	
4777	-1.0207	
4778	-1.02264	
4779	-1.02447	
4780	-1.02615	
4781	-1.02766	
4782	-1.02898	
4783	-1.03007	
4784	-1.03093	
4785	-1.03155	
4786	-1.03192	
4787	-1.03205	
4788	-1.03194	
4789	-1.03162	
4790	-1.03111	
4791	-1.03042	
4792	-1.02959	
4793	-1.02864	
4794	-1.0276	
4795	-1.0265	
4796	-1.02535	
4797	-1.02416	
4798	-1.02295	
4799	-1.02172	
4800	-1.02047	
4801	-1.01919	
4802	-1.01787	
4803	-1.01648	
4804	-1.015	
4805	-1.0134	
4806	-1.01164	
4807	-1.00969	
4808	-1.00749	
4809	-1.00502	
4810	-1.00222	
4811	-0.999059	
4812	-0.995504	
4813	-0.991527	
4814	-0.987109	
4815	-0.982242	
4816	-0.976932	
4817	-0.971196	
4818	-0.965066	
4819	-0.958588	
4820	-0.951824	
4821	-0.944844	
4822	-0.937733	
4823	-0.930581	
4824	-0.923486	
4825	-0.916543	
4826	-0.909849	
4827	-0.903493	
4828	-0.897554	
4829	-0.892098	
4830	-0.887177	
4831	-0.882822	
4832	-0.879048	
4833	-0.875851	
4834	-0.873206	
4835	-0.871076	
4836	-0.869408	
4837	-0.868138	
4838	-0.867196	
4839	-0.86651	
4840	-0.866009	
4841	-0.865628	
4842	-0.865313	
4843	-0.865021	
4844	-0.864724	
4845	-0.86441	
4846	-0.864086	
4847	-0.863771	
4848	-0.863497	
4849	-0.863309	
4850	-0.863257	
4851	-0.863392	
4852	-0.863766	
4853	-0.864424	
4854	-0.865405	
4855	-0.866735	
4856	-0.868429	
4857	-0.870488	
4858	-0.872904	
4859	-0.875654	
4860	-0.878707	
4861	-0.882026	
4862	-0.885568	
4863	-0.889287	
4864	-0.893138	
4865	-0.897079	
4866	-0.90107	
4867	-0.905079	
4868	-0.909081	
4869	-0.913055	
4870	-0.916991	
4871	-0.920885	
4872	-0.924743	
4873	-0.928575	
4874	-0.932399	
4875	-0.936236	
4876	-0.940114	
4877	-0.944062	
4878	-0.948114	
4879	-0.952302	
4880	-0.95666	
4881	-0.961217	
4882	-0.966003	
4883	-0.971042	
4884	-0.976349	
4885	-0.981936	
4886	-0.987804	
4887	-0.993942	
4888	-1.00033	
4889	-1.00694	
4890	-1.01371	
4891	-1.02061	
4892	-1.02756	
4893	-1.03448	
4894	-1.0413	
4895	-1.04792	
4896	-1.05427	
4897	-1.06025	
4898	-1.06578	
4899	-1.07078	
4900	-1.0752	
4901	-1.07897	
4902	-1.08205	
4903	-1.08442	
4904	-1.08606	
4905	-1.08697	
4906	-1.08717	
4907	-1.08669	
4908	-1.08556	
4909	-1.08385	
4910	-1.0816	
4911	-1.0789	
4912	-1.07582	
4913	-1.07242	
4914	-1.06877	
4915	-1.06494	
4916	-1.061	
4917	-1.05698	
4918	-1.05293	
4919	-1.04887	
4920	-1.04483	
4921	-1.04082	
4922	-1.03685	
4923	-1.03291	
4924	-1.02901	
4925	-1.02516	
4926	-1.02136	
4927	-1.01763	
4928	-1.01397	
4929	-1.01043	
4930	-1.00705	
4931	-1.00385	
4932	-1.00091	
4933	-0.998279	
4934	-0.996026	
4935	-0.994222	
4936	-0.992938	
4937	-0.992243	
4938	-0.992202	
4939	-0.992872	
4940	-0.994299	
4941	-0.996517	
4942	-0.999541	
4943	-1.00337	
4944	-1.00799	
4945	-1.01337	
4946	-1.01944	
4947	-1.02614	
4948	-1.03339	
4949	-1.04108	
4950	-1.04913	
4951	-1.05741	
4952	-1.06583	
4953	-1.07429	
4954	-1.08269	
4955	-1.09095	
4956	-1.099	
4957	-1.10679	
4958	-1.11427	
4959	-1.12141	
4960	-1.12822	
4961	-1.13469	
4962	-1.14082	
4963	-1.14666	
4964	-1.15221	
4965	-1.15752	
4966	-1.16261	
4967	-1.1675	
4968	-1.17223	
4969	-1.17679	
4970	-1.18118	
4971	-1.1854	
4972	-1.18941	
4973	-1.19318	
4974	-1.19665	
4975	-1.19975	
4976	-1.20242	
4977	-1.20458	
4978	-1.20614	
4979	-1.20703	
4980	-1.20716	
4981	-1.20647	
4982	-1.20489	
4983	-1.20236	
4984	-1.19885	
4985	-1.19432	
4986	-1.18876	
4987	-1.18217	
4988	-1.17457	
4989	-1.16597	
4990	-1.15643	
4991	-1.14601	
4992	-1.13478	
4993	-1.12284	
4994	-1.11028	
4995	-1.09721	
4996	-1.08377	
4997	-1.07009	
4998	-1.05632	
4999	-1.04259	
