# U_media -1.08974	 +/-0.0723686
0	-1.60389	
1	-1.60404	
2	-1.60411	
3	-1.60411	
4	-1.60404	
5	-1.60388	
6	-1.60363	
7	-1.6033	
8	-1.60287	
9	-1.60234	
10	-1.60171	
11	-1.60096	
12	-1.60009	
13	-1.5991	
14	-1.59796	
15	-1.59668	
16	-1.59523	
17	-1.59362	
18	-1.59182	
19	-1.58983	
20	-1.58762	
21	-1.58518	
22	-1.58249	
23	-1.57954	
24	-1.57631	
25	-1.57277	
26	-1.56891	
27	-1.5647	
28	-1.56012	
29	-1.55514	
30	-1.54974	
31	-1.54388	
32	-1.53755	
33	-1.53071	
34	-1.52333	
35	-1.51539	
36	-1.50685	
37	-1.49768	
38	-1.48786	
39	-1.47736	
40	-1.46614	
41	-1.45419	
42	-1.44149	
43	-1.42801	
44	-1.41375	
45	-1.39869	
46	-1.38284	
47	-1.3662	
48	-1.34879	
49	-1.33062	
50	-1.31173	
51	-1.29218	
52	-1.272	
53	-1.25128	
54	-1.23009	
55	-1.20852	
56	-1.18667	
57	-1.16466	
58	-1.14261	
59	-1.12063	
60	-1.09887	
61	-1.07745	
62	-1.0565	
63	-1.03615	
64	-1.01652	
65	-0.997718	
66	-0.979849	
67	-0.962999	
68	-0.947242	
69	-0.932636	
70	-0.919225	
71	-0.907038	
72	-0.896087	
73	-0.886375	
74	-0.877888	
75	-0.870604	
76	-0.864491	
77	-0.859508	
78	-0.85561	
79	-0.852745	
80	-0.85086	
81	-0.849898	
82	-0.849803	
83	-0.850517	
84	-0.851985	
85	-0.854149	
86	-0.856957	
87	-0.860356	
88	-0.864295	
89	-0.868725	
90	-0.873599	
91	-0.878871	
92	-0.884497	
93	-0.890433	
94	-0.896638	
95	-0.90307	
96	-0.909688	
97	-0.916454	
98	-0.923327	
99	-0.93027	
100	-0.937244	
101	-0.944212	
102	-0.951139	
103	-0.957989	
104	-0.964728	
105	-0.971323	
106	-0.977743	
107	-0.983959	
108	-0.989944	
109	-0.995673	
110	-1.00112	
111	-1.00628	
112	-1.01112	
113	-1.01564	
114	-1.01982	
115	-1.02366	
116	-1.02716	
117	-1.03031	
118	-1.03312	
119	-1.03561	
120	-1.03777	
121	-1.03962	
122	-1.04118	
123	-1.04246	
124	-1.04349	
125	-1.04427	
126	-1.04485	
127	-1.04523	
128	-1.04544	
129	-1.04551	
130	-1.04547	
131	-1.04534	
132	-1.04514	
133	-1.04492	
134	-1.0447	
135	-1.04451	
136	-1.04438	
137	-1.04434	
138	-1.04443	
139	-1.04467	
140	-1.04508	
141	-1.04571	
142	-1.04655	
143	-1.04764	
144	-1.04897	
145	-1.05055	
146	-1.05239	
147	-1.05446	
148	-1.05676	
149	-1.05926	
150	-1.06193	
151	-1.06475	
152	-1.06766	
153	-1.07064	
154	-1.07364	
155	-1.07662	
156	-1.07954	
157	-1.08236	
158	-1.08504	
159	-1.08757	
160	-1.0899	
161	-1.09203	
162	-1.09394	
163	-1.09563	
164	-1.09711	
165	-1.09838	
166	-1.09946	
167	-1.10037	
168	-1.10113	
169	-1.10177	
170	-1.10233	
171	-1.10282	
172	-1.10327	
173	-1.10371	
174	-1.10416	
175	-1.10464	
176	-1.10514	
177	-1.10569	
178	-1.10627	
179	-1.10688	
180	-1.1075	
181	-1.10813	
182	-1.10875	
183	-1.10933	
184	-1.10985	
185	-1.11029	
186	-1.11064	
187	-1.11087	
188	-1.11097	
189	-1.11092	
190	-1.11071	
191	-1.11034	
192	-1.1098	
193	-1.10909	
194	-1.10821	
195	-1.10717	
196	-1.10598	
197	-1.10465	
198	-1.1032	
199	-1.10164	
200	-1.09999	
201	-1.09828	
202	-1.09651	
203	-1.09473	
204	-1.09293	
205	-1.09116	
206	-1.08943	
207	-1.08775	
208	-1.08615	
209	-1.08465	
210	-1.08325	
211	-1.08196	
212	-1.08081	
213	-1.07978	
214	-1.07889	
215	-1.07813	
216	-1.0775	
217	-1.077	
218	-1.07663	
219	-1.07637	
220	-1.07621	
221	-1.07615	
222	-1.07618	
223	-1.07628	
224	-1.07646	
225	-1.07669	
226	-1.07698	
227	-1.0773	
228	-1.07767	
229	-1.07807	
230	-1.07848	
231	-1.07892	
232	-1.07936	
233	-1.0798	
234	-1.08024	
235	-1.08066	
236	-1.08106	
237	-1.08143	
238	-1.08176	
239	-1.08204	
240	-1.08226	
241	-1.08242	
242	-1.0825	
243	-1.08249	
244	-1.0824	
245	-1.08221	
246	-1.08192	
247	-1.08153	
248	-1.08104	
249	-1.08046	
250	-1.07978	
251	-1.07903	
252	-1.07819	
253	-1.0773	
254	-1.07635	
255	-1.07537	
256	-1.07437	
257	-1.07336	
258	-1.07237	
259	-1.07142	
260	-1.07051	
261	-1.06968	
262	-1.06892	
263	-1.06827	
264	-1.06774	
265	-1.06735	
266	-1.06711	
267	-1.06703	
268	-1.06713	
269	-1.06742	
270	-1.06792	
271	-1.06862	
272	-1.06954	
273	-1.07068	
274	-1.07203	
275	-1.0736	
276	-1.07536	
277	-1.07731	
278	-1.07943	
279	-1.08168	
280	-1.08406	
281	-1.08651	
282	-1.08901	
283	-1.09153	
284	-1.09401	
285	-1.09644	
286	-1.09876	
287	-1.10095	
288	-1.10297	
289	-1.1048	
290	-1.10639	
291	-1.10773	
292	-1.1088	
293	-1.10959	
294	-1.11007	
295	-1.11024	
296	-1.11009	
297	-1.10962	
298	-1.10884	
299	-1.10775	
300	-1.10635	
301	-1.10466	
302	-1.1027	
303	-1.10047	
304	-1.098	
305	-1.09532	
306	-1.09246	
307	-1.08943	
308	-1.08629	
309	-1.08305	
310	-1.07975	
311	-1.07644	
312	-1.07315	
313	-1.06992	
314	-1.06677	
315	-1.06375	
316	-1.06088	
317	-1.05818	
318	-1.05566	
319	-1.05335	
320	-1.05125	
321	-1.04934	
322	-1.04762	
323	-1.04608	
324	-1.0447	
325	-1.04344	
326	-1.04229	
327	-1.0412	
328	-1.04014	
329	-1.0391	
330	-1.03803	
331	-1.03691	
332	-1.03572	
333	-1.03444	
334	-1.03306	
335	-1.03157	
336	-1.02996	
337	-1.02824	
338	-1.02642	
339	-1.0245	
340	-1.0225	
341	-1.02043	
342	-1.01831	
343	-1.01617	
344	-1.01402	
345	-1.0119	
346	-1.00982	
347	-1.00781	
348	-1.00589	
349	-1.00409	
350	-1.00242	
351	-1.0009	
352	-0.999548	
353	-0.998377	
354	-0.997395	
355	-0.996609	
356	-0.996024	
357	-0.995639	
358	-0.995453	
359	-0.99546	
360	-0.995654	
361	-0.996027	
362	-0.996569	
363	-0.997269	
364	-0.998119	
365	-0.999106	
366	-1.00022	
367	-1.00145	
368	-1.0028	
369	-1.00424	
370	-1.00577	
371	-1.00739	
372	-1.00907	
373	-1.01083	
374	-1.01264	
375	-1.01449	
376	-1.01638	
377	-1.01828	
378	-1.0202	
379	-1.02212	
380	-1.02402	
381	-1.02589	
382	-1.02772	
383	-1.02949	
384	-1.0312	
385	-1.03283	
386	-1.03438	
387	-1.03583	
388	-1.03718	
389	-1.03842	
390	-1.03956	
391	-1.04059	
392	-1.04152	
393	-1.04237	
394	-1.04314	
395	-1.04387	
396	-1.04456	
397	-1.04526	
398	-1.046	
399	-1.04681	
400	-1.04774	
401	-1.04882	
402	-1.05009	
403	-1.05159	
404	-1.05336	
405	-1.05543	
406	-1.05782	
407	-1.06054	
408	-1.06361	
409	-1.06701	
410	-1.07074	
411	-1.07478	
412	-1.0791	
413	-1.08366	
414	-1.08843	
415	-1.09337	
416	-1.09841	
417	-1.10351	
418	-1.10862	
419	-1.1137	
420	-1.11868	
421	-1.12352	
422	-1.12818	
423	-1.13262	
424	-1.13681	
425	-1.1407	
426	-1.14429	
427	-1.14754	
428	-1.15044	
429	-1.15299	
430	-1.15517	
431	-1.15699	
432	-1.15846	
433	-1.15959	
434	-1.16038	
435	-1.16088	
436	-1.16109	
437	-1.16104	
438	-1.16078	
439	-1.16032	
440	-1.15971	
441	-1.15897	
442	-1.15815	
443	-1.15726	
444	-1.15635	
445	-1.15543	
446	-1.15453	
447	-1.15368	
448	-1.15287	
449	-1.15214	
450	-1.15148	
451	-1.15089	
452	-1.15039	
453	-1.14997	
454	-1.14963	
455	-1.14936	
456	-1.14916	
457	-1.14903	
458	-1.14896	
459	-1.14896	
460	-1.14901	
461	-1.14912	
462	-1.14928	
463	-1.1495	
464	-1.14977	
465	-1.1501	
466	-1.15047	
467	-1.15091	
468	-1.15139	
469	-1.15193	
470	-1.15252	
471	-1.15316	
472	-1.15384	
473	-1.15455	
474	-1.1553	
475	-1.15607	
476	-1.15686	
477	-1.15765	
478	-1.15844	
479	-1.15921	
480	-1.15997	
481	-1.16068	
482	-1.16135	
483	-1.16196	
484	-1.1625	
485	-1.16296	
486	-1.16334	
487	-1.16362	
488	-1.1638	
489	-1.16386	
490	-1.16381	
491	-1.16363	
492	-1.16333	
493	-1.1629	
494	-1.16233	
495	-1.16163	
496	-1.16078	
497	-1.1598	
498	-1.15867	
499	-1.15739	
500	-1.15597	
501	-1.1544	
502	-1.15268	
503	-1.15081	
504	-1.14879	
505	-1.14662	
506	-1.14429	
507	-1.14181	
508	-1.13919	
509	-1.13641	
510	-1.13349	
511	-1.13043	
512	-1.12725	
513	-1.12394	
514	-1.12053	
515	-1.11702	
516	-1.11345	
517	-1.10983	
518	-1.10618	
519	-1.10253	
520	-1.09891	
521	-1.09535	
522	-1.09188	
523	-1.08852	
524	-1.0853	
525	-1.08224	
526	-1.07936	
527	-1.07668	
528	-1.0742	
529	-1.07193	
530	-1.06986	
531	-1.068	
532	-1.06633	
533	-1.06485	
534	-1.06355	
535	-1.06241	
536	-1.06142	
537	-1.06059	
538	-1.05991	
539	-1.05938	
540	-1.059	
541	-1.05878	
542	-1.05874	
543	-1.05888	
544	-1.05922	
545	-1.05976	
546	-1.06052	
547	-1.0615	
548	-1.0627	
549	-1.06413	
550	-1.06577	
551	-1.06761	
552	-1.06964	
553	-1.07181	
554	-1.07411	
555	-1.0765	
556	-1.07894	
557	-1.08139	
558	-1.08381	
559	-1.08616	
560	-1.08839	
561	-1.09047	
562	-1.09236	
563	-1.09405	
564	-1.09551	
565	-1.09673	
566	-1.0977	
567	-1.09844	
568	-1.09894	
569	-1.09923	
570	-1.09933	
571	-1.09928	
572	-1.0991	
573	-1.09883	
574	-1.0985	
575	-1.09815	
576	-1.09782	
577	-1.09752	
578	-1.09728	
579	-1.09711	
580	-1.09703	
581	-1.09703	
582	-1.0971	
583	-1.09723	
584	-1.0974	
585	-1.09758	
586	-1.09774	
587	-1.09784	
588	-1.09787	
589	-1.09777	
590	-1.09752	
591	-1.0971	
592	-1.09647	
593	-1.09562	
594	-1.09452	
595	-1.09318	
596	-1.09158	
597	-1.08972	
598	-1.08761	
599	-1.08525	
600	-1.08266	
601	-1.07987	
602	-1.07688	
603	-1.07372	
604	-1.07042	
605	-1.067	
606	-1.0635	
607	-1.05995	
608	-1.05638	
609	-1.05283	
610	-1.04933	
611	-1.04592	
612	-1.04263	
613	-1.0395	
614	-1.03657	
615	-1.03386	
616	-1.03141	
617	-1.02924	
618	-1.02736	
619	-1.02578	
620	-1.0245	
621	-1.02351	
622	-1.02279	
623	-1.02232	
624	-1.02206	
625	-1.02197	
626	-1.02201	
627	-1.02213	
628	-1.0223	
629	-1.02248	
630	-1.02263	
631	-1.02274	
632	-1.02279	
633	-1.02277	
634	-1.0227	
635	-1.02258	
636	-1.02244	
637	-1.0223	
638	-1.0222	
639	-1.02218	
640	-1.02227	
641	-1.02252	
642	-1.02294	
643	-1.02358	
644	-1.02445	
645	-1.02558	
646	-1.02697	
647	-1.02862	
648	-1.03053	
649	-1.03268	
650	-1.03504	
651	-1.03759	
652	-1.04029	
653	-1.04309	
654	-1.04596	
655	-1.04885	
656	-1.05171	
657	-1.05449	
658	-1.05716	
659	-1.05967	
660	-1.06198	
661	-1.06406	
662	-1.06588	
663	-1.06741	
664	-1.06865	
665	-1.06958	
666	-1.07019	
667	-1.07049	
668	-1.07049	
669	-1.0702	
670	-1.06964	
671	-1.06884	
672	-1.06781	
673	-1.06659	
674	-1.06522	
675	-1.06372	
676	-1.06214	
677	-1.0605	
678	-1.05886	
679	-1.05723	
680	-1.05566	
681	-1.05417	
682	-1.05281	
683	-1.05158	
684	-1.05053	
685	-1.04967	
686	-1.04902	
687	-1.0486	
688	-1.04841	
689	-1.04846	
690	-1.04877	
691	-1.04932	
692	-1.05011	
693	-1.05113	
694	-1.05239	
695	-1.05385	
696	-1.0555	
697	-1.05732	
698	-1.05929	
699	-1.06138	
700	-1.06357	
701	-1.06583	
702	-1.06812	
703	-1.07044	
704	-1.07274	
705	-1.075	
706	-1.07721	
707	-1.07933	
708	-1.08136	
709	-1.08327	
710	-1.08506	
711	-1.08673	
712	-1.08828	
713	-1.0897	
714	-1.09101	
715	-1.09224	
716	-1.09339	
717	-1.0945	
718	-1.0956	
719	-1.09673	
720	-1.09791	
721	-1.09918	
722	-1.10058	
723	-1.10214	
724	-1.10387	
725	-1.10579	
726	-1.10791	
727	-1.11022	
728	-1.11271	
729	-1.11536	
730	-1.11812	
731	-1.12097	
732	-1.12386	
733	-1.12674	
734	-1.12957	
735	-1.1323	
736	-1.13487	
737	-1.13726	
738	-1.13943	
739	-1.14135	
740	-1.14299	
741	-1.14434	
742	-1.14538	
743	-1.14612	
744	-1.14656	
745	-1.14671	
746	-1.14657	
747	-1.14618	
748	-1.14554	
749	-1.14469	
750	-1.14364	
751	-1.14244	
752	-1.14111	
753	-1.13967	
754	-1.13816	
755	-1.13661	
756	-1.13503	
757	-1.13346	
758	-1.1319	
759	-1.13038	
760	-1.12891	
761	-1.12749	
762	-1.12614	
763	-1.12485	
764	-1.12362	
765	-1.12245	
766	-1.12133	
767	-1.12027	
768	-1.11924	
769	-1.11824	
770	-1.11727	
771	-1.11631	
772	-1.11535	
773	-1.1144	
774	-1.11344	
775	-1.11247	
776	-1.11149	
777	-1.1105	
778	-1.1095	
779	-1.10848	
780	-1.10745	
781	-1.10641	
782	-1.10535	
783	-1.10428	
784	-1.10319	
785	-1.10208	
786	-1.10094	
787	-1.09978	
788	-1.09857	
789	-1.09733	
790	-1.09603	
791	-1.09469	
792	-1.0933	
793	-1.09187	
794	-1.09038	
795	-1.08886	
796	-1.08731	
797	-1.08573	
798	-1.08415	
799	-1.08258	
800	-1.08103	
801	-1.07951	
802	-1.07806	
803	-1.07667	
804	-1.07537	
805	-1.07417	
806	-1.07307	
807	-1.07209	
808	-1.07124	
809	-1.0705	
810	-1.06989	
811	-1.0694	
812	-1.06902	
813	-1.06876	
814	-1.0686	
815	-1.06853	
816	-1.06854	
817	-1.06864	
818	-1.06881	
819	-1.06904	
820	-1.06934	
821	-1.0697	
822	-1.07013	
823	-1.07063	
824	-1.0712	
825	-1.07185	
826	-1.07259	
827	-1.07343	
828	-1.07438	
829	-1.07546	
830	-1.07666	
831	-1.07801	
832	-1.0795	
833	-1.08115	
834	-1.08294	
835	-1.08489	
836	-1.08698	
837	-1.08921	
838	-1.09157	
839	-1.09403	
840	-1.09659	
841	-1.09922	
842	-1.1019	
843	-1.1046	
844	-1.10731	
845	-1.11	
846	-1.11266	
847	-1.11525	
848	-1.11776	
849	-1.12018	
850	-1.12249	
851	-1.12469	
852	-1.12677	
853	-1.12873	
854	-1.13057	
855	-1.13229	
856	-1.13391	
857	-1.13543	
858	-1.13686	
859	-1.13822	
860	-1.13951	
861	-1.14074	
862	-1.14192	
863	-1.14307	
864	-1.14417	
865	-1.14524	
866	-1.14628	
867	-1.14728	
868	-1.14823	
869	-1.14914	
870	-1.15	
871	-1.1508	
872	-1.15153	
873	-1.15219	
874	-1.15278	
875	-1.15328	
876	-1.15371	
877	-1.15405	
878	-1.15432	
879	-1.15451	
880	-1.15463	
881	-1.15469	
882	-1.15469	
883	-1.15465	
884	-1.15456	
885	-1.15444	
886	-1.1543	
887	-1.15413	
888	-1.15395	
889	-1.15375	
890	-1.15354	
891	-1.15332	
892	-1.15308	
893	-1.15284	
894	-1.15257	
895	-1.15228	
896	-1.15195	
897	-1.15159	
898	-1.15118	
899	-1.15071	
900	-1.15018	
901	-1.14956	
902	-1.14886	
903	-1.14805	
904	-1.14713	
905	-1.14609	
906	-1.14492	
907	-1.14361	
908	-1.14215	
909	-1.14055	
910	-1.1388	
911	-1.13689	
912	-1.13483	
913	-1.13262	
914	-1.13027	
915	-1.12777	
916	-1.12515	
917	-1.12239	
918	-1.1195	
919	-1.1165	
920	-1.11339	
921	-1.11016	
922	-1.10684	
923	-1.10342	
924	-1.09991	
925	-1.09632	
926	-1.09267	
927	-1.08896	
928	-1.08522	
929	-1.08148	
930	-1.07775	
931	-1.07409	
932	-1.07051	
933	-1.06707	
934	-1.06381	
935	-1.06078	
936	-1.05803	
937	-1.05559	
938	-1.05351	
939	-1.05183	
940	-1.05057	
941	-1.04975	
942	-1.04937	
943	-1.04944	
944	-1.04993	
945	-1.05084	
946	-1.05213	
947	-1.05376	
948	-1.05568	
949	-1.05784	
950	-1.06021	
951	-1.06272	
952	-1.06533	
953	-1.06798	
954	-1.07064	
955	-1.07325	
956	-1.0758	
957	-1.07824	
958	-1.08055	
959	-1.0827	
960	-1.08469	
961	-1.08648	
962	-1.08809	
963	-1.0895	
964	-1.0907	
965	-1.0917	
966	-1.09251	
967	-1.09312	
968	-1.09354	
969	-1.09379	
970	-1.09386	
971	-1.09377	
972	-1.09353	
973	-1.09314	
974	-1.09262	
975	-1.09198	
976	-1.09123	
977	-1.09038	
978	-1.08943	
979	-1.08841	
980	-1.0873	
981	-1.08613	
982	-1.0849	
983	-1.08363	
984	-1.08232	
985	-1.08097	
986	-1.07961	
987	-1.07825	
988	-1.07688	
989	-1.07554	
990	-1.07422	
991	-1.07296	
992	-1.07176	
993	-1.07065	
994	-1.06964	
995	-1.06876	
996	-1.06803	
997	-1.06748	
998	-1.06713	
999	-1.067	
1000	-1.06711	
1001	-1.06749	
1002	-1.06816	
1003	-1.06912	
1004	-1.0704	
1005	-1.07199	
1006	-1.0739	
1007	-1.07613	
1008	-1.07866	
1009	-1.08148	
1010	-1.08456	
1011	-1.08789	
1012	-1.09142	
1013	-1.09514	
1014	-1.099	
1015	-1.10296	
1016	-1.10699	
1017	-1.11105	
1018	-1.11509	
1019	-1.11909	
1020	-1.12301	
1021	-1.1268	
1022	-1.13045	
1023	-1.1339	
1024	-1.13715	
1025	-1.14016	
1026	-1.14291	
1027	-1.14537	
1028	-1.14753	
1029	-1.14938	
1030	-1.1509	
1031	-1.15209	
1032	-1.15293	
1033	-1.15343	
1034	-1.15358	
1035	-1.1534	
1036	-1.15289	
1037	-1.15206	
1038	-1.15094	
1039	-1.14952	
1040	-1.14785	
1041	-1.14593	
1042	-1.14381	
1043	-1.1415	
1044	-1.13903	
1045	-1.13645	
1046	-1.13379	
1047	-1.13107	
1048	-1.12834	
1049	-1.12563	
1050	-1.12297	
1051	-1.12041	
1052	-1.11797	
1053	-1.11568	
1054	-1.11357	
1055	-1.11166	
1056	-1.10996	
1057	-1.10849	
1058	-1.10725	
1059	-1.10625	
1060	-1.10546	
1061	-1.10488	
1062	-1.10448	
1063	-1.10424	
1064	-1.10412	
1065	-1.1041	
1066	-1.10412	
1067	-1.10415	
1068	-1.10414	
1069	-1.10407	
1070	-1.10387	
1071	-1.10354	
1072	-1.10302	
1073	-1.1023	
1074	-1.10136	
1075	-1.10018	
1076	-1.09876	
1077	-1.09709	
1078	-1.09518	
1079	-1.09302	
1080	-1.09064	
1081	-1.08804	
1082	-1.08523	
1083	-1.08223	
1084	-1.07906	
1085	-1.07572	
1086	-1.07223	
1087	-1.06861	
1088	-1.06486	
1089	-1.061	
1090	-1.05704	
1091	-1.05301	
1092	-1.04891	
1093	-1.04479	
1094	-1.04065	
1095	-1.03654	
1096	-1.03248	
1097	-1.02851	
1098	-1.02467	
1099	-1.021	
1100	-1.01753	
1101	-1.0143	
1102	-1.01135	
1103	-1.00871	
1104	-1.00639	
1105	-1.00443	
1106	-1.00284	
1107	-1.00161	
1108	-1.00076	
1109	-1.00027	
1110	-1.00013	
1111	-1.00033	
1112	-1.00084	
1113	-1.00164	
1114	-1.0027	
1115	-1.00399	
1116	-1.00548	
1117	-1.00714	
1118	-1.00895	
1119	-1.01089	
1120	-1.01294	
1121	-1.01508	
1122	-1.0173	
1123	-1.0196	
1124	-1.02198	
1125	-1.02443	
1126	-1.02695	
1127	-1.02955	
1128	-1.03224	
1129	-1.03502	
1130	-1.0379	
1131	-1.04087	
1132	-1.04394	
1133	-1.04712	
1134	-1.05038	
1135	-1.05374	
1136	-1.05717	
1137	-1.06067	
1138	-1.06423	
1139	-1.06782	
1140	-1.07143	
1141	-1.07504	
1142	-1.07864	
1143	-1.08219	
1144	-1.08568	
1145	-1.0891	
1146	-1.09241	
1147	-1.09562	
1148	-1.09868	
1149	-1.10161	
1150	-1.10437	
1151	-1.10696	
1152	-1.10937	
1153	-1.11159	
1154	-1.11362	
1155	-1.11546	
1156	-1.1171	
1157	-1.11855	
1158	-1.11981	
1159	-1.12088	
1160	-1.12177	
1161	-1.12249	
1162	-1.12304	
1163	-1.12344	
1164	-1.12369	
1165	-1.1238	
1166	-1.12378	
1167	-1.12363	
1168	-1.12336	
1169	-1.12298	
1170	-1.12248	
1171	-1.12186	
1172	-1.12113	
1173	-1.12027	
1174	-1.11929	
1175	-1.11817	
1176	-1.11689	
1177	-1.11545	
1178	-1.11383	
1179	-1.11202	
1180	-1.11	
1181	-1.10777	
1182	-1.1053	
1183	-1.10261	
1184	-1.09968	
1185	-1.09652	
1186	-1.09316	
1187	-1.08961	
1188	-1.08591	
1189	-1.08211	
1190	-1.07827	
1191	-1.07444	
1192	-1.0707	
1193	-1.06713	
1194	-1.06381	
1195	-1.06081	
1196	-1.0582	
1197	-1.05604	
1198	-1.05435	
1199	-1.05318	
1200	-1.05251	
1201	-1.05232	
1202	-1.05258	
1203	-1.05323	
1204	-1.0542	
1205	-1.05542	
1206	-1.05681	
1207	-1.05831	
1208	-1.05983	
1209	-1.06133	
1210	-1.06274	
1211	-1.06405	
1212	-1.06521	
1213	-1.06623	
1214	-1.06709	
1215	-1.06779	
1216	-1.06835	
1217	-1.06878	
1218	-1.06909	
1219	-1.06931	
1220	-1.06945	
1221	-1.06952	
1222	-1.06954	
1223	-1.06952	
1224	-1.06945	
1225	-1.06935	
1226	-1.06922	
1227	-1.06905	
1228	-1.06883	
1229	-1.06858	
1230	-1.06829	
1231	-1.06796	
1232	-1.06761	
1233	-1.06723	
1234	-1.06686	
1235	-1.06651	
1236	-1.0662	
1237	-1.06598	
1238	-1.06586	
1239	-1.06589	
1240	-1.0661	
1241	-1.0665	
1242	-1.06712	
1243	-1.06796	
1244	-1.06904	
1245	-1.07033	
1246	-1.07183	
1247	-1.07351	
1248	-1.07533	
1249	-1.07728	
1250	-1.0793	
1251	-1.08137	
1252	-1.08347	
1253	-1.08557	
1254	-1.08765	
1255	-1.0897	
1256	-1.09173	
1257	-1.09374	
1258	-1.09573	
1259	-1.09772	
1260	-1.09973	
1261	-1.10178	
1262	-1.10387	
1263	-1.10603	
1264	-1.10828	
1265	-1.11061	
1266	-1.11304	
1267	-1.11556	
1268	-1.11818	
1269	-1.12088	
1270	-1.12366	
1271	-1.12649	
1272	-1.12936	
1273	-1.13224	
1274	-1.13512	
1275	-1.13796	
1276	-1.14074	
1277	-1.14343	
1278	-1.14603	
1279	-1.14849	
1280	-1.15081	
1281	-1.15297	
1282	-1.15495	
1283	-1.15675	
1284	-1.15835	
1285	-1.15977	
1286	-1.16098	
1287	-1.16201	
1288	-1.16286	
1289	-1.16353	
1290	-1.16404	
1291	-1.1644	
1292	-1.16462	
1293	-1.16473	
1294	-1.16473	
1295	-1.16465	
1296	-1.1645	
1297	-1.1643	
1298	-1.16406	
1299	-1.16381	
1300	-1.16354	
1301	-1.16328	
1302	-1.16304	
1303	-1.16283	
1304	-1.16265	
1305	-1.1625	
1306	-1.16241	
1307	-1.16236	
1308	-1.16236	
1309	-1.16242	
1310	-1.16252	
1311	-1.16268	
1312	-1.16289	
1313	-1.16314	
1314	-1.16344	
1315	-1.16378	
1316	-1.16415	
1317	-1.16454	
1318	-1.16497	
1319	-1.1654	
1320	-1.16585	
1321	-1.1663	
1322	-1.16674	
1323	-1.16717	
1324	-1.16757	
1325	-1.16794	
1326	-1.16826	
1327	-1.16852	
1328	-1.16871	
1329	-1.16882	
1330	-1.16884	
1331	-1.16874	
1332	-1.16853	
1333	-1.16817	
1334	-1.16767	
1335	-1.167	
1336	-1.16615	
1337	-1.16512	
1338	-1.16388	
1339	-1.16243	
1340	-1.16076	
1341	-1.15886	
1342	-1.15673	
1343	-1.15437	
1344	-1.15179	
1345	-1.14899	
1346	-1.14599	
1347	-1.14281	
1348	-1.13946	
1349	-1.13598	
1350	-1.13239	
1351	-1.12873	
1352	-1.12504	
1353	-1.12136	
1354	-1.11772	
1355	-1.11419	
1356	-1.11078	
1357	-1.10755	
1358	-1.10453	
1359	-1.10174	
1360	-1.09923	
1361	-1.097	
1362	-1.09507	
1363	-1.09346	
1364	-1.09216	
1365	-1.09118	
1366	-1.09051	
1367	-1.09014	
1368	-1.09005	
1369	-1.09024	
1370	-1.09068	
1371	-1.09135	
1372	-1.09224	
1373	-1.09332	
1374	-1.09457	
1375	-1.09597	
1376	-1.0975	
1377	-1.09915	
1378	-1.10087	
1379	-1.10267	
1380	-1.10451	
1381	-1.10637	
1382	-1.10825	
1383	-1.11012	
1384	-1.11196	
1385	-1.11376	
1386	-1.11551	
1387	-1.11719	
1388	-1.11879	
1389	-1.12031	
1390	-1.12173	
1391	-1.12304	
1392	-1.12424	
1393	-1.12531	
1394	-1.12626	
1395	-1.12706	
1396	-1.12772	
1397	-1.12823	
1398	-1.12858	
1399	-1.12877	
1400	-1.12878	
1401	-1.12862	
1402	-1.12827	
1403	-1.12772	
1404	-1.12698	
1405	-1.12604	
1406	-1.12489	
1407	-1.12352	
1408	-1.12194	
1409	-1.12015	
1410	-1.11814	
1411	-1.11592	
1412	-1.11349	
1413	-1.11087	
1414	-1.10807	
1415	-1.1051	
1416	-1.102	
1417	-1.09878	
1418	-1.09548	
1419	-1.09213	
1420	-1.08879	
1421	-1.08549	
1422	-1.08227	
1423	-1.0792	
1424	-1.07632	
1425	-1.07367	
1426	-1.07129	
1427	-1.06924	
1428	-1.06753	
1429	-1.06618	
1430	-1.06523	
1431	-1.06466	
1432	-1.06447	
1433	-1.06465	
1434	-1.06518	
1435	-1.06602	
1436	-1.06714	
1437	-1.0685	
1438	-1.07005	
1439	-1.07176	
1440	-1.07358	
1441	-1.07547	
1442	-1.07739	
1443	-1.07932	
1444	-1.08123	
1445	-1.0831	
1446	-1.08492	
1447	-1.08666	
1448	-1.08833	
1449	-1.08992	
1450	-1.09143	
1451	-1.09286	
1452	-1.09422	
1453	-1.09551	
1454	-1.09673	
1455	-1.0979	
1456	-1.09901	
1457	-1.10006	
1458	-1.10107	
1459	-1.10203	
1460	-1.10296	
1461	-1.10384	
1462	-1.1047	
1463	-1.10552	
1464	-1.10633	
1465	-1.10713	
1466	-1.10792	
1467	-1.10871	
1468	-1.10951	
1469	-1.11033	
1470	-1.11117	
1471	-1.11204	
1472	-1.11294	
1473	-1.11388	
1474	-1.11485	
1475	-1.11584	
1476	-1.11687	
1477	-1.11791	
1478	-1.11895	
1479	-1.11999	
1480	-1.121	
1481	-1.12198	
1482	-1.1229	
1483	-1.12374	
1484	-1.12448	
1485	-1.1251	
1486	-1.12558	
1487	-1.12591	
1488	-1.12606	
1489	-1.12604	
1490	-1.12583	
1491	-1.12543	
1492	-1.12484	
1493	-1.12408	
1494	-1.12315	
1495	-1.12209	
1496	-1.12092	
1497	-1.11967	
1498	-1.11838	
1499	-1.11708	
1500	-1.11581	
1501	-1.11462	
1502	-1.11353	
1503	-1.11258	
1504	-1.11179	
1505	-1.11119	
1506	-1.11078	
1507	-1.11059	
1508	-1.1106	
1509	-1.11083	
1510	-1.11126	
1511	-1.11189	
1512	-1.1127	
1513	-1.11369	
1514	-1.11484	
1515	-1.11612	
1516	-1.11754	
1517	-1.11907	
1518	-1.1207	
1519	-1.1224	
1520	-1.12416	
1521	-1.12596	
1522	-1.12777	
1523	-1.12957	
1524	-1.13134	
1525	-1.13306	
1526	-1.1347	
1527	-1.13625	
1528	-1.13769	
1529	-1.139	
1530	-1.14017	
1531	-1.14121	
1532	-1.14209	
1533	-1.14284	
1534	-1.14344	
1535	-1.14391	
1536	-1.14425	
1537	-1.14449	
1538	-1.14463	
1539	-1.1447	
1540	-1.1447	
1541	-1.14466	
1542	-1.14459	
1543	-1.14451	
1544	-1.14442	
1545	-1.14436	
1546	-1.14431	
1547	-1.1443	
1548	-1.14433	
1549	-1.14441	
1550	-1.14454	
1551	-1.14471	
1552	-1.14494	
1553	-1.14522	
1554	-1.14555	
1555	-1.14593	
1556	-1.14636	
1557	-1.14683	
1558	-1.14734	
1559	-1.14789	
1560	-1.14848	
1561	-1.1491	
1562	-1.14976	
1563	-1.15045	
1564	-1.15116	
1565	-1.1519	
1566	-1.15267	
1567	-1.15345	
1568	-1.15425	
1569	-1.15506	
1570	-1.15589	
1571	-1.15671	
1572	-1.15754	
1573	-1.15836	
1574	-1.15917	
1575	-1.15997	
1576	-1.16075	
1577	-1.16152	
1578	-1.16225	
1579	-1.16296	
1580	-1.16365	
1581	-1.16429	
1582	-1.16491	
1583	-1.16549	
1584	-1.16603	
1585	-1.16652	
1586	-1.16698	
1587	-1.16739	
1588	-1.16774	
1589	-1.16804	
1590	-1.16827	
1591	-1.16843	
1592	-1.16851	
1593	-1.1685	
1594	-1.16838	
1595	-1.16815	
1596	-1.16778	
1597	-1.16726	
1598	-1.16657	
1599	-1.1657	
1600	-1.16462	
1601	-1.16333	
1602	-1.16179	
1603	-1.16001	
1604	-1.15796	
1605	-1.15564	
1606	-1.15305	
1607	-1.1502	
1608	-1.14709	
1609	-1.14374	
1610	-1.14018	
1611	-1.13646	
1612	-1.13262	
1613	-1.12872	
1614	-1.12483	
1615	-1.12102	
1616	-1.11738	
1617	-1.11398	
1618	-1.11091	
1619	-1.10824	
1620	-1.10601	
1621	-1.10429	
1622	-1.10309	
1623	-1.10243	
1624	-1.1023	
1625	-1.10266	
1626	-1.10347	
1627	-1.10467	
1628	-1.10619	
1629	-1.10795	
1630	-1.10989	
1631	-1.11192	
1632	-1.11397	
1633	-1.11597	
1634	-1.11788	
1635	-1.11962	
1636	-1.12117	
1637	-1.12247	
1638	-1.12352	
1639	-1.12427	
1640	-1.12472	
1641	-1.12486	
1642	-1.12468	
1643	-1.12419	
1644	-1.12338	
1645	-1.12228	
1646	-1.1209	
1647	-1.11926	
1648	-1.11738	
1649	-1.11528	
1650	-1.113	
1651	-1.11057	
1652	-1.10801	
1653	-1.10538	
1654	-1.10269	
1655	-1.09998	
1656	-1.0973	
1657	-1.09466	
1658	-1.09209	
1659	-1.08963	
1660	-1.08729	
1661	-1.08509	
1662	-1.08304	
1663	-1.08115	
1664	-1.07943	
1665	-1.07787	
1666	-1.07647	
1667	-1.07523	
1668	-1.07413	
1669	-1.07317	
1670	-1.07232	
1671	-1.07159	
1672	-1.07096	
1673	-1.0704	
1674	-1.06992	
1675	-1.0695	
1676	-1.06913	
1677	-1.06879	
1678	-1.06849	
1679	-1.06822	
1680	-1.06798	
1681	-1.06775	
1682	-1.06755	
1683	-1.06736	
1684	-1.06718	
1685	-1.06702	
1686	-1.06688	
1687	-1.06674	
1688	-1.06661	
1689	-1.06648	
1690	-1.06634	
1691	-1.06618	
1692	-1.06599	
1693	-1.06575	
1694	-1.06545	
1695	-1.06507	
1696	-1.06457	
1697	-1.06394	
1698	-1.06313	
1699	-1.06213	
1700	-1.0609	
1701	-1.05941	
1702	-1.05763	
1703	-1.05555	
1704	-1.05316	
1705	-1.05045	
1706	-1.04746	
1707	-1.04423	
1708	-1.04082	
1709	-1.03732	
1710	-1.03386	
1711	-1.03058	
1712	-1.02766	
1713	-1.02526	
1714	-1.02358	
1715	-1.02278	
1716	-1.02302	
1717	-1.0244	
1718	-1.02701	
1719	-1.03086	
1720	-1.03594	
1721	-1.04215	
1722	-1.04941	
1723	-1.05756	
1724	-1.06646	
1725	-1.07594	
1726	-1.08583	
1727	-1.09597	
1728	-1.10622	
1729	-1.11644	
1730	-1.12651	
1731	-1.13632	
1732	-1.14578	
1733	-1.15483	
1734	-1.1634	
1735	-1.17145	
1736	-1.17893	
1737	-1.18584	
1738	-1.19215	
1739	-1.19785	
1740	-1.20295	
1741	-1.20745	
1742	-1.21136	
1743	-1.2147	
1744	-1.21747	
1745	-1.21969	
1746	-1.22138	
1747	-1.22256	
1748	-1.22324	
1749	-1.22345	
1750	-1.22319	
1751	-1.22248	
1752	-1.22134	
1753	-1.21979	
1754	-1.21785	
1755	-1.21552	
1756	-1.21282	
1757	-1.20977	
1758	-1.20639	
1759	-1.2027	
1760	-1.1987	
1761	-1.19441	
1762	-1.18987	
1763	-1.18507	
1764	-1.18004	
1765	-1.17481	
1766	-1.16939	
1767	-1.16381	
1768	-1.15808	
1769	-1.15224	
1770	-1.14632	
1771	-1.14033	
1772	-1.13431	
1773	-1.1283	
1774	-1.12232	
1775	-1.11642	
1776	-1.11064	
1777	-1.10501	
1778	-1.09958	
1779	-1.09439	
1780	-1.08948	
1781	-1.08491	
1782	-1.08071	
1783	-1.07694	
1784	-1.07362	
1785	-1.07079	
1786	-1.06849	
1787	-1.06672	
1788	-1.06551	
1789	-1.06485	
1790	-1.06472	
1791	-1.06512	
1792	-1.066	
1793	-1.06732	
1794	-1.06903	
1795	-1.07108	
1796	-1.07339	
1797	-1.0759	
1798	-1.07854	
1799	-1.08125	
1800	-1.08397	
1801	-1.08663	
1802	-1.08919	
1803	-1.09159	
1804	-1.0938	
1805	-1.09578	
1806	-1.0975	
1807	-1.09894	
1808	-1.10008	
1809	-1.10091	
1810	-1.10142	
1811	-1.1016	
1812	-1.10146	
1813	-1.10099	
1814	-1.10021	
1815	-1.09913	
1816	-1.09776	
1817	-1.09611	
1818	-1.09422	
1819	-1.09212	
1820	-1.08983	
1821	-1.08739	
1822	-1.08485	
1823	-1.08225	
1824	-1.07965	
1825	-1.0771	
1826	-1.07467	
1827	-1.07242	
1828	-1.07043	
1829	-1.06877	
1830	-1.06752	
1831	-1.06677	
1832	-1.06659	
1833	-1.06705	
1834	-1.06821	
1835	-1.07012	
1836	-1.07282	
1837	-1.07631	
1838	-1.08057	
1839	-1.08557	
1840	-1.09123	
1841	-1.09748	
1842	-1.10422	
1843	-1.11132	
1844	-1.11868	
1845	-1.12618	
1846	-1.13371	
1847	-1.14116	
1848	-1.14845	
1849	-1.15549	
1850	-1.16224	
1851	-1.16864	
1852	-1.17465	
1853	-1.18026	
1854	-1.18544	
1855	-1.19019	
1856	-1.19452	
1857	-1.19841	
1858	-1.20189	
1859	-1.20496	
1860	-1.20763	
1861	-1.20991	
1862	-1.2118	
1863	-1.21331	
1864	-1.21446	
1865	-1.21524	
1866	-1.21565	
1867	-1.2157	
1868	-1.21538	
1869	-1.2147	
1870	-1.21366	
1871	-1.21226	
1872	-1.2105	
1873	-1.20841	
1874	-1.20599	
1875	-1.20329	
1876	-1.20034	
1877	-1.19718	
1878	-1.19389	
1879	-1.19054	
1880	-1.1872	
1881	-1.18397	
1882	-1.18095	
1883	-1.1782	
1884	-1.17582	
1885	-1.17385	
1886	-1.17235	
1887	-1.17133	
1888	-1.17076	
1889	-1.17062	
1890	-1.17084	
1891	-1.17134	
1892	-1.17203	
1893	-1.17281	
1894	-1.17357	
1895	-1.17422	
1896	-1.17467	
1897	-1.17486	
1898	-1.17472	
1899	-1.17421	
1900	-1.1733	
1901	-1.17198	
1902	-1.17025	
1903	-1.1681	
1904	-1.16556	
1905	-1.16266	
1906	-1.15942	
1907	-1.15587	
1908	-1.15206	
1909	-1.14802	
1910	-1.1438	
1911	-1.13944	
1912	-1.135	
1913	-1.13052	
1914	-1.12606	
1915	-1.12167	
1916	-1.1174	
1917	-1.11332	
1918	-1.10948	
1919	-1.10593	
1920	-1.10271	
1921	-1.09986	
1922	-1.09741	
1923	-1.09538	
1924	-1.09378	
1925	-1.09261	
1926	-1.09186	
1927	-1.0915	
1928	-1.0915	
1929	-1.09184	
1930	-1.09246	
1931	-1.09334	
1932	-1.09443	
1933	-1.0957	
1934	-1.09711	
1935	-1.09862	
1936	-1.10023	
1937	-1.1019	
1938	-1.10362	
1939	-1.10537	
1940	-1.10715	
1941	-1.10895	
1942	-1.11076	
1943	-1.11258	
1944	-1.11439	
1945	-1.11619	
1946	-1.11796	
1947	-1.11969	
1948	-1.12136	
1949	-1.12296	
1950	-1.12446	
1951	-1.12583	
1952	-1.12706	
1953	-1.12812	
1954	-1.12899	
1955	-1.12964	
1956	-1.13005	
1957	-1.13021	
1958	-1.1301	
1959	-1.1297	
1960	-1.12899	
1961	-1.12799	
1962	-1.12666	
1963	-1.12503	
1964	-1.12307	
1965	-1.12081	
1966	-1.11824	
1967	-1.11537	
1968	-1.11222	
1969	-1.10881	
1970	-1.10516	
1971	-1.10128	
1972	-1.09721	
1973	-1.09296	
1974	-1.08858	
1975	-1.08409	
1976	-1.07953	
1977	-1.07494	
1978	-1.07034	
1979	-1.06579	
1980	-1.0613	
1981	-1.05693	
1982	-1.0527	
1983	-1.04865	
1984	-1.04481	
1985	-1.04121	
1986	-1.03787	
1987	-1.03482	
1988	-1.03207	
1989	-1.02965	
1990	-1.02756	
1991	-1.02581	
1992	-1.02441	
1993	-1.02335	
1994	-1.02264	
1995	-1.02226	
1996	-1.02222	
1997	-1.02249	
1998	-1.02306	
1999	-1.02392	
2000	-1.02504	
2001	-1.02639	
2002	-1.02796	
2003	-1.02971	
2004	-1.03162	
2005	-1.03366	
2006	-1.03578	
2007	-1.03796	
2008	-1.04017	
2009	-1.04237	
2010	-1.04452	
2011	-1.04659	
2012	-1.04856	
2013	-1.05038	
2014	-1.05203	
2015	-1.05348	
2016	-1.05472	
2017	-1.05572	
2018	-1.05646	
2019	-1.05694	
2020	-1.05715	
2021	-1.05708	
2022	-1.05672	
2023	-1.0561	
2024	-1.0552	
2025	-1.05405	
2026	-1.05265	
2027	-1.05103	
2028	-1.0492	
2029	-1.04718	
2030	-1.04499	
2031	-1.04267	
2032	-1.04024	
2033	-1.03773	
2034	-1.03516	
2035	-1.03257	
2036	-1.02999	
2037	-1.02745	
2038	-1.02497	
2039	-1.02259	
2040	-1.02033	
2041	-1.01823	
2042	-1.0163	
2043	-1.01457	
2044	-1.01306	
2045	-1.01178	
2046	-1.01076	
2047	-1.01	
2048	-1.00952	
2049	-1.00932	
2050	-1.0094	
2051	-1.00977	
2052	-1.01043	
2053	-1.01138	
2054	-1.01261	
2055	-1.01411	
2056	-1.01589	
2057	-1.01793	
2058	-1.02023	
2059	-1.02277	
2060	-1.02555	
2061	-1.02856	
2062	-1.03178	
2063	-1.03521	
2064	-1.03882	
2065	-1.04261	
2066	-1.04655	
2067	-1.05063	
2068	-1.05482	
2069	-1.0591	
2070	-1.06345	
2071	-1.06783	
2072	-1.07222	
2073	-1.07658	
2074	-1.08088	
2075	-1.08508	
2076	-1.08915	
2077	-1.09305	
2078	-1.09674	
2079	-1.1002	
2080	-1.10338	
2081	-1.10626	
2082	-1.10881	
2083	-1.11099	
2084	-1.11279	
2085	-1.11418	
2086	-1.11514	
2087	-1.11566	
2088	-1.11574	
2089	-1.11536	
2090	-1.11453	
2091	-1.11325	
2092	-1.11152	
2093	-1.10937	
2094	-1.10681	
2095	-1.10386	
2096	-1.10055	
2097	-1.09692	
2098	-1.093	
2099	-1.08882	
2100	-1.08444	
2101	-1.07988	
2102	-1.0752	
2103	-1.07043	
2104	-1.06561	
2105	-1.06077	
2106	-1.05594	
2107	-1.05115	
2108	-1.04639	
2109	-1.04169	
2110	-1.03705	
2111	-1.03248	
2112	-1.02796	
2113	-1.02352	
2114	-1.01914	
2115	-1.01486	
2116	-1.01068	
2117	-1.00664	
2118	-1.00279	
2119	-0.999172	
2120	-0.995849	
2121	-0.992884	
2122	-0.990344	
2123	-0.988291	
2124	-0.986779	
2125	-0.985849	
2126	-0.985525	
2127	-0.985814	
2128	-0.986702	
2129	-0.988154	
2130	-0.990118	
2131	-0.992526	
2132	-0.9953	
2133	-0.998355	
2134	-1.0016	
2135	-1.00496	
2136	-1.00834	
2137	-1.01166	
2138	-1.01488	
2139	-1.01791	
2140	-1.02074	
2141	-1.0233	
2142	-1.02559	
2143	-1.02758	
2144	-1.02927	
2145	-1.03066	
2146	-1.03176	
2147	-1.03259	
2148	-1.03316	
2149	-1.0335	
2150	-1.03365	
2151	-1.03364	
2152	-1.03353	
2153	-1.03334	
2154	-1.03313	
2155	-1.03294	
2156	-1.03283	
2157	-1.03284	
2158	-1.033	
2159	-1.03337	
2160	-1.03396	
2161	-1.03481	
2162	-1.03592	
2163	-1.03729	
2164	-1.03894	
2165	-1.04082	
2166	-1.04293	
2167	-1.04522	
2168	-1.04765	
2169	-1.05017	
2170	-1.05273	
2171	-1.05527	
2172	-1.05775	
2173	-1.0601	
2174	-1.06229	
2175	-1.06428	
2176	-1.06603	
2177	-1.06753	
2178	-1.06877	
2179	-1.06973	
2180	-1.07044	
2181	-1.0709	
2182	-1.07116	
2183	-1.07123	
2184	-1.07117	
2185	-1.07102	
2186	-1.07083	
2187	-1.07065	
2188	-1.07053	
2189	-1.07051	
2190	-1.07064	
2191	-1.07095	
2192	-1.07147	
2193	-1.07221	
2194	-1.0732	
2195	-1.07443	
2196	-1.0759	
2197	-1.07758	
2198	-1.07947	
2199	-1.08153	
2200	-1.08373	
2201	-1.08604	
2202	-1.08841	
2203	-1.09081	
2204	-1.09319	
2205	-1.09552	
2206	-1.09776	
2207	-1.09987	
2208	-1.10183	
2209	-1.10358	
2210	-1.10512	
2211	-1.10642	
2212	-1.10745	
2213	-1.10819	
2214	-1.10865	
2215	-1.1088	
2216	-1.10865	
2217	-1.10819	
2218	-1.10743	
2219	-1.10637	
2220	-1.10503	
2221	-1.10342	
2222	-1.10156	
2223	-1.09948	
2224	-1.0972	
2225	-1.09475	
2226	-1.09216	
2227	-1.08946	
2228	-1.0867	
2229	-1.08389	
2230	-1.08109	
2231	-1.07831	
2232	-1.07559	
2233	-1.07295	
2234	-1.07043	
2235	-1.06804	
2236	-1.0658	
2237	-1.06372	
2238	-1.0618	
2239	-1.06005	
2240	-1.05846	
2241	-1.05703	
2242	-1.05574	
2243	-1.05459	
2244	-1.05355	
2245	-1.05262	
2246	-1.05178	
2247	-1.05101	
2248	-1.05032	
2249	-1.04968	
2250	-1.04911	
2251	-1.04859	
2252	-1.04814	
2253	-1.04777	
2254	-1.0475	
2255	-1.04733	
2256	-1.04729	
2257	-1.04738	
2258	-1.04764	
2259	-1.04807	
2260	-1.04867	
2261	-1.04945	
2262	-1.05041	
2263	-1.05155	
2264	-1.05284	
2265	-1.05428	
2266	-1.05585	
2267	-1.05753	
2268	-1.0593	
2269	-1.06113	
2270	-1.063	
2271	-1.06489	
2272	-1.06677	
2273	-1.06862	
2274	-1.07041	
2275	-1.07213	
2276	-1.07375	
2277	-1.07524	
2278	-1.07659	
2279	-1.07777	
2280	-1.07877	
2281	-1.07957	
2282	-1.08015	
2283	-1.0805	
2284	-1.08062	
2285	-1.08051	
2286	-1.08016	
2287	-1.07957	
2288	-1.07875	
2289	-1.0777	
2290	-1.07644	
2291	-1.07496	
2292	-1.07328	
2293	-1.07141	
2294	-1.06936	
2295	-1.06713	
2296	-1.06472	
2297	-1.06215	
2298	-1.05943	
2299	-1.05655	
2300	-1.05353	
2301	-1.05038	
2302	-1.04711	
2303	-1.04373	
2304	-1.04025	
2305	-1.03671	
2306	-1.03311	
2307	-1.02949	
2308	-1.02588	
2309	-1.0223	
2310	-1.0188	
2311	-1.01543	
2312	-1.01221	
2313	-1.00922	
2314	-1.00648	
2315	-1.00406	
2316	-1.002	
2317	-1.00035	
2318	-0.999159	
2319	-0.998453	
2320	-0.998262	
2321	-0.998606	
2322	-0.999491	
2323	-1.00091	
2324	-1.00286	
2325	-1.0053	
2326	-1.00819	
2327	-1.01151	
2328	-1.01518	
2329	-1.01915	
2330	-1.02337	
2331	-1.02777	
2332	-1.03227	
2333	-1.03682	
2334	-1.04136	
2335	-1.04581	
2336	-1.05012	
2337	-1.05423	
2338	-1.05809	
2339	-1.06164	
2340	-1.06485	
2341	-1.06767	
2342	-1.07007	
2343	-1.07202	
2344	-1.07349	
2345	-1.07449	
2346	-1.075	
2347	-1.07501	
2348	-1.07455	
2349	-1.07362	
2350	-1.07225	
2351	-1.07046	
2352	-1.06829	
2353	-1.06579	
2354	-1.06299	
2355	-1.05995	
2356	-1.0567	
2357	-1.05332	
2358	-1.04983	
2359	-1.04631	
2360	-1.04278	
2361	-1.03931	
2362	-1.03594	
2363	-1.03271	
2364	-1.02965	
2365	-1.02681	
2366	-1.02422	
2367	-1.0219	
2368	-1.01988	
2369	-1.01818	
2370	-1.01682	
2371	-1.0158	
2372	-1.01513	
2373	-1.01481	
2374	-1.01483	
2375	-1.01516	
2376	-1.01578	
2377	-1.01665	
2378	-1.01772	
2379	-1.01894	
2380	-1.02027	
2381	-1.02163	
2382	-1.02298	
2383	-1.02426	
2384	-1.02542	
2385	-1.02641	
2386	-1.02719	
2387	-1.02774	
2388	-1.02803	
2389	-1.02804	
2390	-1.02776	
2391	-1.02719	
2392	-1.02632	
2393	-1.02515	
2394	-1.02368	
2395	-1.02193	
2396	-1.01988	
2397	-1.01757	
2398	-1.01499	
2399	-1.01219	
2400	-1.00918	
2401	-1.00603	
2402	-1.00278	
2403	-0.999521	
2404	-0.996346	
2405	-0.993369	
2406	-0.990717	
2407	-0.988531	
2408	-0.986956	
2409	-0.986139	
2410	-0.986212	
2411	-0.98729	
2412	-0.989457	
2413	-0.992759	
2414	-0.997203	
2415	-1.00275	
2416	-1.00931	
2417	-1.01678	
2418	-1.025	
2419	-1.03381	
2420	-1.04303	
2421	-1.05249	
2422	-1.06203	
2423	-1.07149	
2424	-1.08073	
2425	-1.08964	
2426	-1.09812	
2427	-1.1061	
2428	-1.11351	
2429	-1.12031	
2430	-1.12648	
2431	-1.13199	
2432	-1.13684	
2433	-1.14104	
2434	-1.14459	
2435	-1.14752	
2436	-1.14984	
2437	-1.15159	
2438	-1.1528	
2439	-1.15351	
2440	-1.15376	
2441	-1.15359	
2442	-1.15305	
2443	-1.1522	
2444	-1.15107	
2445	-1.14973	
2446	-1.14823	
2447	-1.14661	
2448	-1.14493	
2449	-1.14324	
2450	-1.14158	
2451	-1.14	
2452	-1.13855	
2453	-1.13726	
2454	-1.13616	
2455	-1.1353	
2456	-1.1347	
2457	-1.13437	
2458	-1.13435	
2459	-1.13465	
2460	-1.13527	
2461	-1.13623	
2462	-1.13751	
2463	-1.13913	
2464	-1.14106	
2465	-1.1433	
2466	-1.14581	
2467	-1.14858	
2468	-1.15158	
2469	-1.15477	
2470	-1.15811	
2471	-1.16156	
2472	-1.16507	
2473	-1.16861	
2474	-1.17213	
2475	-1.17557	
2476	-1.1789	
2477	-1.18207	
2478	-1.18504	
2479	-1.18777	
2480	-1.19022	
2481	-1.19236	
2482	-1.19417	
2483	-1.1956	
2484	-1.19665	
2485	-1.19729	
2486	-1.19752	
2487	-1.19731	
2488	-1.19666	
2489	-1.19557	
2490	-1.19404	
2491	-1.19206	
2492	-1.18965	
2493	-1.18682	
2494	-1.18357	
2495	-1.17992	
2496	-1.17588	
2497	-1.17147	
2498	-1.16672	
2499	-1.16164	
2500	-1.15626	
2501	-1.1506	
2502	-1.1447	
2503	-1.13859	
2504	-1.13229	
2505	-1.12584	
2506	-1.11927	
2507	-1.11261	
2508	-1.10591	
2509	-1.09919	
2510	-1.09249	
2511	-1.08584	
2512	-1.07928	
2513	-1.07284	
2514	-1.06656	
2515	-1.06046	
2516	-1.05456	
2517	-1.0489	
2518	-1.0435	
2519	-1.03838	
2520	-1.03355	
2521	-1.02902	
2522	-1.02482	
2523	-1.02094	
2524	-1.01738	
2525	-1.01416	
2526	-1.01126	
2527	-1.00869	
2528	-1.00642	
2529	-1.00446	
2530	-1.00279	
2531	-1.0014	
2532	-1.00026	
2533	-0.999366	
2534	-0.998698	
2535	-0.998238	
2536	-0.997968	
2537	-0.99787	
2538	-0.997929	
2539	-0.998127	
2540	-0.998452	
2541	-0.998888	
2542	-0.999424	
2543	-1.00005	
2544	-1.00075	
2545	-1.00152	
2546	-1.00236	
2547	-1.00325	
2548	-1.00418	
2549	-1.00514	
2550	-1.00613	
2551	-1.00713	
2552	-1.00812	
2553	-1.0091	
2554	-1.01004	
2555	-1.01092	
2556	-1.01172	
2557	-1.01243	
2558	-1.01304	
2559	-1.01351	
2560	-1.01386	
2561	-1.01406	
2562	-1.01412	
2563	-1.01403	
2564	-1.01382	
2565	-1.0135	
2566	-1.01308	
2567	-1.0126	
2568	-1.01208	
2569	-1.01156	
2570	-1.01107	
2571	-1.01065	
2572	-1.01032	
2573	-1.01011	
2574	-1.01005	
2575	-1.01015	
2576	-1.01042	
2577	-1.01086	
2578	-1.01146	
2579	-1.0122	
2580	-1.01307	
2581	-1.01403	
2582	-1.01505	
2583	-1.0161	
2584	-1.01713	
2585	-1.01813	
2586	-1.01904	
2587	-1.01984	
2588	-1.02051	
2589	-1.02102	
2590	-1.02135	
2591	-1.02149	
2592	-1.02143	
2593	-1.02116	
2594	-1.02068	
2595	-1.01999	
2596	-1.0191	
2597	-1.01799	
2598	-1.01668	
2599	-1.01518	
2600	-1.01349	
2601	-1.01162	
2602	-1.00958	
2603	-1.0074	
2604	-1.00509	
2605	-1.00268	
2606	-1.00019	
2607	-0.997673	
2608	-0.995164	
2609	-0.992714	
2610	-0.990377	
2611	-0.988211	
2612	-0.986276	
2613	-0.984632	
2614	-0.983337	
2615	-0.982444	
2616	-0.981999	
2617	-0.982039	
2618	-0.98259	
2619	-0.983666	
2620	-0.98527	
2621	-0.987392	
2622	-0.990011	
2623	-0.9931	
2624	-0.996621	
2625	-1.00053	
2626	-1.00479	
2627	-1.00936	
2628	-1.01418	
2629	-1.01921	
2630	-1.02442	
2631	-1.02977	
2632	-1.03523	
2633	-1.04076	
2634	-1.04633	
2635	-1.05193	
2636	-1.05753	
2637	-1.0631	
2638	-1.06863	
2639	-1.07408	
2640	-1.07944	
2641	-1.08468	
2642	-1.08978	
2643	-1.09471	
2644	-1.09944	
2645	-1.10395	
2646	-1.10821	
2647	-1.11219	
2648	-1.11588	
2649	-1.11925	
2650	-1.12228	
2651	-1.12495	
2652	-1.12726	
2653	-1.1292	
2654	-1.13077	
2655	-1.13197	
2656	-1.13282	
2657	-1.13333	
2658	-1.13352	
2659	-1.13342	
2660	-1.13306	
2661	-1.13247	
2662	-1.13169	
2663	-1.13076	
2664	-1.1297	
2665	-1.12855	
2666	-1.12735	
2667	-1.12613	
2668	-1.1249	
2669	-1.1237	
2670	-1.12255	
2671	-1.12146	
2672	-1.12044	
2673	-1.11951	
2674	-1.11867	
2675	-1.11795	
2676	-1.11733	
2677	-1.11684	
2678	-1.11648	
2679	-1.11626	
2680	-1.11618	
2681	-1.11625	
2682	-1.11647	
2683	-1.11685	
2684	-1.11738	
2685	-1.11808	
2686	-1.11894	
2687	-1.11995	
2688	-1.12112	
2689	-1.12244	
2690	-1.1239	
2691	-1.1255	
2692	-1.12721	
2693	-1.12903	
2694	-1.13094	
2695	-1.13291	
2696	-1.13493	
2697	-1.13697	
2698	-1.139	
2699	-1.14099	
2700	-1.14292	
2701	-1.14473	
2702	-1.14641	
2703	-1.14792	
2704	-1.14922	
2705	-1.15028	
2706	-1.15108	
2707	-1.15158	
2708	-1.15177	
2709	-1.15163	
2710	-1.15114	
2711	-1.15028	
2712	-1.14906	
2713	-1.14747	
2714	-1.14552	
2715	-1.1432	
2716	-1.14053	
2717	-1.13751	
2718	-1.13418	
2719	-1.13053	
2720	-1.12661	
2721	-1.12242	
2722	-1.118	
2723	-1.11338	
2724	-1.10858	
2725	-1.10364	
2726	-1.09859	
2727	-1.09346	
2728	-1.08829	
2729	-1.0831	
2730	-1.07794	
2731	-1.07283	
2732	-1.0678	
2733	-1.06287	
2734	-1.05806	
2735	-1.05339	
2736	-1.04888	
2737	-1.04453	
2738	-1.04035	
2739	-1.03634	
2740	-1.0325	
2741	-1.02882	
2742	-1.02532	
2743	-1.02197	
2744	-1.01878	
2745	-1.01575	
2746	-1.01288	
2747	-1.01017	
2748	-1.00763	
2749	-1.00527	
2750	-1.0031	
2751	-1.00114	
2752	-0.99941	
2753	-0.997927	
2754	-0.996708	
2755	-0.995773	
2756	-0.995136	
2757	-0.994808	
2758	-0.994794	
2759	-0.995094	
2760	-0.995702	
2761	-0.996604	
2762	-0.997778	
2763	-0.999198	
2764	-1.00083	
2765	-1.00264	
2766	-1.00459	
2767	-1.00663	
2768	-1.00874	
2769	-1.01086	
2770	-1.01297	
2771	-1.01503	
2772	-1.01704	
2773	-1.01896	
2774	-1.02081	
2775	-1.02257	
2776	-1.02426	
2777	-1.02589	
2778	-1.0275	
2779	-1.0291	
2780	-1.03073	
2781	-1.03243	
2782	-1.03424	
2783	-1.03619	
2784	-1.03831	
2785	-1.04064	
2786	-1.0432	
2787	-1.04601	
2788	-1.04908	
2789	-1.05242	
2790	-1.05601	
2791	-1.05986	
2792	-1.06395	
2793	-1.06825	
2794	-1.07275	
2795	-1.0774	
2796	-1.08218	
2797	-1.08706	
2798	-1.09202	
2799	-1.09701	
2800	-1.10201	
2801	-1.107	
2802	-1.11196	
2803	-1.11687	
2804	-1.12171	
2805	-1.12647	
2806	-1.13113	
2807	-1.13571	
2808	-1.14017	
2809	-1.14453	
2810	-1.14877	
2811	-1.15289	
2812	-1.15689	
2813	-1.16076	
2814	-1.1645	
2815	-1.16809	
2816	-1.17154	
2817	-1.17484	
2818	-1.17797	
2819	-1.18094	
2820	-1.18373	
2821	-1.18634	
2822	-1.18876	
2823	-1.19098	
2824	-1.193	
2825	-1.1948	
2826	-1.1964	
2827	-1.19778	
2828	-1.19893	
2829	-1.19987	
2830	-1.20058	
2831	-1.20106	
2832	-1.20132	
2833	-1.20136	
2834	-1.20117	
2835	-1.20077	
2836	-1.20015	
2837	-1.19931	
2838	-1.19827	
2839	-1.19702	
2840	-1.19557	
2841	-1.19393	
2842	-1.1921	
2843	-1.1901	
2844	-1.18793	
2845	-1.18561	
2846	-1.18314	
2847	-1.18055	
2848	-1.17785	
2849	-1.17506	
2850	-1.17219	
2851	-1.16927	
2852	-1.16631	
2853	-1.16332	
2854	-1.16033	
2855	-1.15735	
2856	-1.15439	
2857	-1.15145	
2858	-1.14855	
2859	-1.14569	
2860	-1.14287	
2861	-1.14009	
2862	-1.13735	
2863	-1.13465	
2864	-1.13198	
2865	-1.12935	
2866	-1.12676	
2867	-1.12421	
2868	-1.12173	
2869	-1.11932	
2870	-1.11701	
2871	-1.11483	
2872	-1.11281	
2873	-1.11098	
2874	-1.1094	
2875	-1.10811	
2876	-1.10714	
2877	-1.10657	
2878	-1.10642	
2879	-1.10674	
2880	-1.10758	
2881	-1.10895	
2882	-1.11089	
2883	-1.11339	
2884	-1.11646	
2885	-1.12008	
2886	-1.12422	
2887	-1.12884	
2888	-1.13389	
2889	-1.13929	
2890	-1.145	
2891	-1.15092	
2892	-1.15699	
2893	-1.16313	
2894	-1.16927	
2895	-1.17533	
2896	-1.18126	
2897	-1.187	
2898	-1.1925	
2899	-1.19773	
2900	-1.20264	
2901	-1.20721	
2902	-1.21143	
2903	-1.21529	
2904	-1.21878	
2905	-1.22191	
2906	-1.22467	
2907	-1.22709	
2908	-1.22917	
2909	-1.23094	
2910	-1.23241	
2911	-1.23361	
2912	-1.23456	
2913	-1.23529	
2914	-1.23583	
2915	-1.2362	
2916	-1.23643	
2917	-1.23655	
2918	-1.23658	
2919	-1.23655	
2920	-1.23648	
2921	-1.2364	
2922	-1.23631	
2923	-1.23624	
2924	-1.2362	
2925	-1.2362	
2926	-1.23626	
2927	-1.23637	
2928	-1.23653	
2929	-1.23676	
2930	-1.23704	
2931	-1.23737	
2932	-1.23774	
2933	-1.23815	
2934	-1.23857	
2935	-1.23901	
2936	-1.23945	
2937	-1.23988	
2938	-1.24027	
2939	-1.24062	
2940	-1.24091	
2941	-1.24113	
2942	-1.24127	
2943	-1.2413	
2944	-1.24123	
2945	-1.24103	
2946	-1.2407	
2947	-1.24022	
2948	-1.23959	
2949	-1.23879	
2950	-1.23783	
2951	-1.23669	
2952	-1.23537	
2953	-1.23387	
2954	-1.23219	
2955	-1.23033	
2956	-1.22829	
2957	-1.22608	
2958	-1.22371	
2959	-1.22118	
2960	-1.21851	
2961	-1.2157	
2962	-1.21278	
2963	-1.20974	
2964	-1.2066	
2965	-1.20337	
2966	-1.20005	
2967	-1.19666	
2968	-1.1932	
2969	-1.18966	
2970	-1.18604	
2971	-1.18236	
2972	-1.17858	
2973	-1.17473	
2974	-1.17078	
2975	-1.16673	
2976	-1.16258	
2977	-1.15834	
2978	-1.154	
2979	-1.14957	
2980	-1.14507	
2981	-1.14051	
2982	-1.1359	
2983	-1.13128	
2984	-1.12667	
2985	-1.1221	
2986	-1.11758	
2987	-1.11314	
2988	-1.10881	
2989	-1.1046	
2990	-1.10051	
2991	-1.09656	
2992	-1.09272	
2993	-1.08899	
2994	-1.08536	
2995	-1.0818	
2996	-1.07827	
2997	-1.07477	
2998	-1.07124	
2999	-1.06768	
3000	-1.06406	
3001	-1.06037	
3002	-1.0566	
3003	-1.05276	
3004	-1.04886	
3005	-1.04493	
3006	-1.04101	
3007	-1.03714	
3008	-1.03337	
3009	-1.02978	
3010	-1.02642	
3011	-1.02336	
3012	-1.02067	
3013	-1.01839	
3014	-1.01658	
3015	-1.01528	
3016	-1.01449	
3017	-1.01424	
3018	-1.01451	
3019	-1.01528	
3020	-1.01652	
3021	-1.0182	
3022	-1.02028	
3023	-1.02271	
3024	-1.02546	
3025	-1.02848	
3026	-1.03173	
3027	-1.0352	
3028	-1.03885	
3029	-1.04267	
3030	-1.04664	
3031	-1.05074	
3032	-1.05496	
3033	-1.0593	
3034	-1.06375	
3035	-1.06828	
3036	-1.0729	
3037	-1.07759	
3038	-1.08232	
3039	-1.08708	
3040	-1.09185	
3041	-1.0966	
3042	-1.1013	
3043	-1.10593	
3044	-1.11045	
3045	-1.11483	
3046	-1.11904	
3047	-1.12304	
3048	-1.12682	
3049	-1.13033	
3050	-1.13356	
3051	-1.13648	
3052	-1.13906	
3053	-1.1413	
3054	-1.14317	
3055	-1.14467	
3056	-1.14579	
3057	-1.14653	
3058	-1.14689	
3059	-1.14687	
3060	-1.1465	
3061	-1.14578	
3062	-1.14472	
3063	-1.14335	
3064	-1.14169	
3065	-1.13977	
3066	-1.1376	
3067	-1.13522	
3068	-1.13266	
3069	-1.12993	
3070	-1.12707	
3071	-1.1241	
3072	-1.12105	
3073	-1.11794	
3074	-1.11479	
3075	-1.11162	
3076	-1.10845	
3077	-1.1053	
3078	-1.10217	
3079	-1.09908	
3080	-1.09604	
3081	-1.09305	
3082	-1.09012	
3083	-1.08724	
3084	-1.08442	
3085	-1.08165	
3086	-1.07895	
3087	-1.0763	
3088	-1.07371	
3089	-1.07119	
3090	-1.06873	
3091	-1.06635	
3092	-1.06406	
3093	-1.06187	
3094	-1.0598	
3095	-1.05786	
3096	-1.05609	
3097	-1.05449	
3098	-1.0531	
3099	-1.05193	
3100	-1.05101	
3101	-1.05036	
3102	-1.04998	
3103	-1.0499	
3104	-1.05013	
3105	-1.05066	
3106	-1.0515	
3107	-1.05265	
3108	-1.0541	
3109	-1.05584	
3110	-1.05786	
3111	-1.06013	
3112	-1.06264	
3113	-1.06537	
3114	-1.06829	
3115	-1.07137	
3116	-1.0746	
3117	-1.07794	
3118	-1.08137	
3119	-1.08487	
3120	-1.08841	
3121	-1.09197	
3122	-1.09553	
3123	-1.09908	
3124	-1.1026	
3125	-1.10608	
3126	-1.10951	
3127	-1.11287	
3128	-1.11617	
3129	-1.1194	
3130	-1.12255	
3131	-1.12562	
3132	-1.12861	
3133	-1.13151	
3134	-1.13432	
3135	-1.13704	
3136	-1.13967	
3137	-1.14219	
3138	-1.14461	
3139	-1.14691	
3140	-1.14909	
3141	-1.15113	
3142	-1.15304	
3143	-1.15478	
3144	-1.15636	
3145	-1.15776	
3146	-1.15896	
3147	-1.15995	
3148	-1.16071	
3149	-1.16122	
3150	-1.16146	
3151	-1.16142	
3152	-1.16108	
3153	-1.16041	
3154	-1.1594	
3155	-1.15802	
3156	-1.15627	
3157	-1.15413	
3158	-1.15157	
3159	-1.14858	
3160	-1.14517	
3161	-1.14131	
3162	-1.137	
3163	-1.13225	
3164	-1.12706	
3165	-1.12144	
3166	-1.11541	
3167	-1.10899	
3168	-1.10222	
3169	-1.09513	
3170	-1.08777	
3171	-1.08019	
3172	-1.07244	
3173	-1.0646	
3174	-1.05673	
3175	-1.04889	
3176	-1.04114	
3177	-1.03354	
3178	-1.02616	
3179	-1.01902	
3180	-1.01219	
3181	-1.00567	
3182	-0.999484	
3183	-0.993647	
3184	-0.988155	
3185	-0.983	
3186	-0.978171	
3187	-0.97365	
3188	-0.969419	
3189	-0.965459	
3190	-0.961751	
3191	-0.958278	
3192	-0.955024	
3193	-0.951977	
3194	-0.949126	
3195	-0.946463	
3196	-0.943984	
3197	-0.941687	
3198	-0.939574	
3199	-0.937648	
3200	-0.935918	
3201	-0.934394	
3202	-0.933088	
3203	-0.932017	
3204	-0.931198	
3205	-0.930653	
3206	-0.930402	
3207	-0.930467	
3208	-0.930871	
3209	-0.931635	
3210	-0.932778	
3211	-0.934317	
3212	-0.936265	
3213	-0.938628	
3214	-0.94141	
3215	-0.944607	
3216	-0.948206	
3217	-0.95219	
3218	-0.956533	
3219	-0.961204	
3220	-0.966162	
3221	-0.971365	
3222	-0.976765	
3223	-0.982309	
3224	-0.987944	
3225	-0.993618	
3226	-0.999278	
3227	-1.00487	
3228	-1.01036	
3229	-1.01569	
3230	-1.02084	
3231	-1.02576	
3232	-1.03043	
3233	-1.03483	
3234	-1.03894	
3235	-1.04275	
3236	-1.04627	
3237	-1.04948	
3238	-1.05239	
3239	-1.05501	
3240	-1.05735	
3241	-1.05942	
3242	-1.06124	
3243	-1.06283	
3244	-1.06422	
3245	-1.06542	
3246	-1.06646	
3247	-1.06737	
3248	-1.06817	
3249	-1.06889	
3250	-1.06955	
3251	-1.07017	
3252	-1.07079	
3253	-1.07141	
3254	-1.07206	
3255	-1.07275	
3256	-1.07349	
3257	-1.07431	
3258	-1.0752	
3259	-1.07618	
3260	-1.07725	
3261	-1.07841	
3262	-1.07968	
3263	-1.08105	
3264	-1.08254	
3265	-1.08413	
3266	-1.08584	
3267	-1.08766	
3268	-1.08959	
3269	-1.09163	
3270	-1.09377	
3271	-1.09601	
3272	-1.09834	
3273	-1.10073	
3274	-1.10319	
3275	-1.10568	
3276	-1.1082	
3277	-1.11071	
3278	-1.11319	
3279	-1.11563	
3280	-1.11799	
3281	-1.12025	
3282	-1.1224	
3283	-1.12441	
3284	-1.12626	
3285	-1.12793	
3286	-1.12941	
3287	-1.1307	
3288	-1.13178	
3289	-1.13265	
3290	-1.1333	
3291	-1.13374	
3292	-1.13397	
3293	-1.134	
3294	-1.13384	
3295	-1.13349	
3296	-1.13296	
3297	-1.13227	
3298	-1.13142	
3299	-1.13042	
3300	-1.1293	
3301	-1.12804	
3302	-1.12667	
3303	-1.12519	
3304	-1.1236	
3305	-1.12192	
3306	-1.12014	
3307	-1.11827	
3308	-1.11633	
3309	-1.11431	
3310	-1.11222	
3311	-1.11007	
3312	-1.10787	
3313	-1.10563	
3314	-1.10337	
3315	-1.1011	
3316	-1.09883	
3317	-1.09659	
3318	-1.0944	
3319	-1.09228	
3320	-1.09025	
3321	-1.08834	
3322	-1.08657	
3323	-1.08495	
3324	-1.08352	
3325	-1.08228	
3326	-1.08125	
3327	-1.08044	
3328	-1.07984	
3329	-1.07947	
3330	-1.07931	
3331	-1.07936	
3332	-1.07959	
3333	-1.07999	
3334	-1.08054	
3335	-1.08121	
3336	-1.08197	
3337	-1.0828	
3338	-1.08366	
3339	-1.08454	
3340	-1.0854	
3341	-1.08622	
3342	-1.08698	
3343	-1.08765	
3344	-1.08822	
3345	-1.08869	
3346	-1.08902	
3347	-1.08923	
3348	-1.08929	
3349	-1.08922	
3350	-1.08901	
3351	-1.08866	
3352	-1.08818	
3353	-1.08757	
3354	-1.08684	
3355	-1.086	
3356	-1.08506	
3357	-1.08403	
3358	-1.08291	
3359	-1.08172	
3360	-1.08047	
3361	-1.07916	
3362	-1.0778	
3363	-1.07641	
3364	-1.07498	
3365	-1.07353	
3366	-1.07206	
3367	-1.07058	
3368	-1.06909	
3369	-1.06759	
3370	-1.0661	
3371	-1.0646	
3372	-1.06309	
3373	-1.06159	
3374	-1.06008	
3375	-1.05856	
3376	-1.05703	
3377	-1.05547	
3378	-1.05388	
3379	-1.05225	
3380	-1.05057	
3381	-1.04883	
3382	-1.04701	
3383	-1.04511	
3384	-1.04311	
3385	-1.041	
3386	-1.03877	
3387	-1.03641	
3388	-1.03392	
3389	-1.03129	
3390	-1.02851	
3391	-1.02559	
3392	-1.02251	
3393	-1.01929	
3394	-1.01593	
3395	-1.01244	
3396	-1.00882	
3397	-1.0051	
3398	-1.0013	
3399	-0.997419	
3400	-0.993501	
3401	-0.989571	
3402	-0.985662	
3403	-0.981808	
3404	-0.978049	
3405	-0.974425	
3406	-0.97098	
3407	-0.967757	
3408	-0.964799	
3409	-0.962149	
3410	-0.959847	
3411	-0.957933	
3412	-0.95644	
3413	-0.955399	
3414	-0.954835	
3415	-0.954766	
3416	-0.955203	
3417	-0.956153	
3418	-0.95761	
3419	-0.959563	
3420	-0.961991	
3421	-0.964864	
3422	-0.968145	
3423	-0.971788	
3424	-0.975741	
3425	-0.979945	
3426	-0.984339	
3427	-0.988856	
3428	-0.993431	
3429	-0.997999	
3430	-1.0025	
3431	-1.00687	
3432	-1.01107	
3433	-1.01504	
3434	-1.01876	
3435	-1.0222	
3436	-1.02535	
3437	-1.02818	
3438	-1.03072	
3439	-1.03297	
3440	-1.03495	
3441	-1.0367	
3442	-1.03823	
3443	-1.03961	
3444	-1.04085	
3445	-1.04202	
3446	-1.04315	
3447	-1.04429	
3448	-1.04548	
3449	-1.04675	
3450	-1.04814	
3451	-1.04968	
3452	-1.05138	
3453	-1.05325	
3454	-1.05531	
3455	-1.05754	
3456	-1.05994	
3457	-1.0625	
3458	-1.06518	
3459	-1.06797	
3460	-1.07083	
3461	-1.07374	
3462	-1.07664	
3463	-1.07952	
3464	-1.08234	
3465	-1.08506	
3466	-1.08765	
3467	-1.09008	
3468	-1.09235	
3469	-1.09441	
3470	-1.09628	
3471	-1.09793	
3472	-1.09938	
3473	-1.10062	
3474	-1.10167	
3475	-1.10254	
3476	-1.10326	
3477	-1.10385	
3478	-1.10434	
3479	-1.10476	
3480	-1.10516	
3481	-1.10555	
3482	-1.10598	
3483	-1.10648	
3484	-1.10707	
3485	-1.10778	
3486	-1.10864	
3487	-1.10966	
3488	-1.11085	
3489	-1.11221	
3490	-1.11375	
3491	-1.11546	
3492	-1.11732	
3493	-1.11933	
3494	-1.12146	
3495	-1.12369	
3496	-1.12599	
3497	-1.12833	
3498	-1.13068	
3499	-1.13301	
3500	-1.13529	
3501	-1.13748	
3502	-1.13955	
3503	-1.14148	
3504	-1.14324	
3505	-1.1448	
3506	-1.14613	
3507	-1.14722	
3508	-1.14805	
3509	-1.14862	
3510	-1.1489	
3511	-1.14889	
3512	-1.1486	
3513	-1.14803	
3514	-1.14718	
3515	-1.14608	
3516	-1.14473	
3517	-1.14315	
3518	-1.14137	
3519	-1.13941	
3520	-1.1373	
3521	-1.13507	
3522	-1.13274	
3523	-1.13033	
3524	-1.12789	
3525	-1.12542	
3526	-1.12295	
3527	-1.12049	
3528	-1.11806	
3529	-1.11567	
3530	-1.11332	
3531	-1.11102	
3532	-1.10876	
3533	-1.10653	
3534	-1.10433	
3535	-1.10215	
3536	-1.09997	
3537	-1.09778	
3538	-1.09556	
3539	-1.0933	
3540	-1.09097	
3541	-1.08858	
3542	-1.0861	
3543	-1.08352	
3544	-1.08084	
3545	-1.07806	
3546	-1.07517	
3547	-1.0722	
3548	-1.06915	
3549	-1.06605	
3550	-1.06293	
3551	-1.05984	
3552	-1.05682	
3553	-1.05394	
3554	-1.05126	
3555	-1.04885	
3556	-1.04677	
3557	-1.04509	
3558	-1.04388	
3559	-1.04319	
3560	-1.04306	
3561	-1.04351	
3562	-1.04455	
3563	-1.04617	
3564	-1.04834	
3565	-1.05103	
3566	-1.05418	
3567	-1.05774	
3568	-1.06163	
3569	-1.06579	
3570	-1.07016	
3571	-1.07468	
3572	-1.07928	
3573	-1.08392	
3574	-1.08854	
3575	-1.09312	
3576	-1.0976	
3577	-1.10197	
3578	-1.10619	
3579	-1.11023	
3580	-1.11407	
3581	-1.11769	
3582	-1.12107	
3583	-1.12418	
3584	-1.12701	
3585	-1.12954	
3586	-1.13175	
3587	-1.13363	
3588	-1.13515	
3589	-1.13632	
3590	-1.13713	
3591	-1.13756	
3592	-1.13761	
3593	-1.13729	
3594	-1.13659	
3595	-1.13553	
3596	-1.13411	
3597	-1.13234	
3598	-1.13024	
3599	-1.12782	
3600	-1.1251	
3601	-1.12212	
3602	-1.11888	
3603	-1.11541	
3604	-1.11175	
3605	-1.10791	
3606	-1.10394	
3607	-1.09985	
3608	-1.09567	
3609	-1.09144	
3610	-1.08719	
3611	-1.08295	
3612	-1.07874	
3613	-1.0746	
3614	-1.07055	
3615	-1.06662	
3616	-1.06284	
3617	-1.05924	
3618	-1.05582	
3619	-1.05263	
3620	-1.04966	
3621	-1.04694	
3622	-1.04448	
3623	-1.04228	
3624	-1.04036	
3625	-1.03872	
3626	-1.03736	
3627	-1.03627	
3628	-1.03545	
3629	-1.03491	
3630	-1.03462	
3631	-1.03459	
3632	-1.0348	
3633	-1.03525	
3634	-1.03593	
3635	-1.03684	
3636	-1.03796	
3637	-1.0393	
3638	-1.04086	
3639	-1.04261	
3640	-1.04458	
3641	-1.04673	
3642	-1.04909	
3643	-1.05163	
3644	-1.05434	
3645	-1.05723	
3646	-1.06026	
3647	-1.06343	
3648	-1.06672	
3649	-1.0701	
3650	-1.07355	
3651	-1.07704	
3652	-1.08056	
3653	-1.08406	
3654	-1.08752	
3655	-1.09092	
3656	-1.09423	
3657	-1.09741	
3658	-1.10045	
3659	-1.10332	
3660	-1.106	
3661	-1.10848	
3662	-1.11073	
3663	-1.11275	
3664	-1.11453	
3665	-1.11607	
3666	-1.11736	
3667	-1.11841	
3668	-1.11921	
3669	-1.1198	
3670	-1.12017	
3671	-1.12035	
3672	-1.12036	
3673	-1.12022	
3674	-1.11995	
3675	-1.11958	
3676	-1.11914	
3677	-1.11864	
3678	-1.11811	
3679	-1.11757	
3680	-1.11704	
3681	-1.11651	
3682	-1.11601	
3683	-1.11553	
3684	-1.11508	
3685	-1.11465	
3686	-1.11425	
3687	-1.11385	
3688	-1.11347	
3689	-1.11309	
3690	-1.11271	
3691	-1.11234	
3692	-1.11196	
3693	-1.11159	
3694	-1.11123	
3695	-1.11089	
3696	-1.11058	
3697	-1.11031	
3698	-1.1101	
3699	-1.10995	
3700	-1.10987	
3701	-1.10989	
3702	-1.10999	
3703	-1.1102	
3704	-1.11051	
3705	-1.11091	
3706	-1.11142	
3707	-1.11201	
3708	-1.11267	
3709	-1.1134	
3710	-1.11416	
3711	-1.11495	
3712	-1.11573	
3713	-1.11648	
3714	-1.11717	
3715	-1.11777	
3716	-1.11826	
3717	-1.11862	
3718	-1.11881	
3719	-1.11883	
3720	-1.11864	
3721	-1.11825	
3722	-1.11764	
3723	-1.11682	
3724	-1.11579	
3725	-1.11456	
3726	-1.11314	
3727	-1.11157	
3728	-1.10985	
3729	-1.10803	
3730	-1.10613	
3731	-1.10419	
3732	-1.10226	
3733	-1.10036	
3734	-1.09853	
3735	-1.09681	
3736	-1.09522	
3737	-1.0938	
3738	-1.09257	
3739	-1.09154	
3740	-1.09073	
3741	-1.09013	
3742	-1.08975	
3743	-1.08958	
3744	-1.0896	
3745	-1.08979	
3746	-1.09012	
3747	-1.09057	
3748	-1.09111	
3749	-1.09169	
3750	-1.0923	
3751	-1.09289	
3752	-1.09343	
3753	-1.09391	
3754	-1.09429	
3755	-1.09457	
3756	-1.09473	
3757	-1.09476	
3758	-1.09466	
3759	-1.09444	
3760	-1.09411	
3761	-1.09368	
3762	-1.09317	
3763	-1.0926	
3764	-1.09197	
3765	-1.09133	
3766	-1.09068	
3767	-1.09004	
3768	-1.08943	
3769	-1.08886	
3770	-1.08836	
3771	-1.08793	
3772	-1.08758	
3773	-1.08732	
3774	-1.08716	
3775	-1.0871	
3776	-1.08715	
3777	-1.08731	
3778	-1.08759	
3779	-1.08798	
3780	-1.08848	
3781	-1.08908	
3782	-1.08978	
3783	-1.09057	
3784	-1.09143	
3785	-1.09234	
3786	-1.09329	
3787	-1.09427	
3788	-1.09524	
3789	-1.09619	
3790	-1.09709	
3791	-1.09794	
3792	-1.0987	
3793	-1.09936	
3794	-1.0999	
3795	-1.10032	
3796	-1.10061	
3797	-1.10075	
3798	-1.10074	
3799	-1.1006	
3800	-1.10031	
3801	-1.0999	
3802	-1.09937	
3803	-1.09875	
3804	-1.09804	
3805	-1.09728	
3806	-1.09648	
3807	-1.09567	
3808	-1.09488	
3809	-1.09412	
3810	-1.09343	
3811	-1.09282	
3812	-1.09231	
3813	-1.09191	
3814	-1.09164	
3815	-1.09149	
3816	-1.09147	
3817	-1.09157	
3818	-1.09179	
3819	-1.0921	
3820	-1.0925	
3821	-1.09297	
3822	-1.09347	
3823	-1.09399	
3824	-1.0945	
3825	-1.09496	
3826	-1.09536	
3827	-1.09567	
3828	-1.09585	
3829	-1.09587	
3830	-1.09573	
3831	-1.09538	
3832	-1.09481	
3833	-1.094	
3834	-1.09294	
3835	-1.09161	
3836	-1.09002	
3837	-1.08816	
3838	-1.08605	
3839	-1.08369	
3840	-1.08112	
3841	-1.07838	
3842	-1.07551	
3843	-1.07255	
3844	-1.06959	
3845	-1.06668	
3846	-1.06389	
3847	-1.0613	
3848	-1.05899	
3849	-1.05702	
3850	-1.05544	
3851	-1.05429	
3852	-1.0536	
3853	-1.05339	
3854	-1.05363	
3855	-1.05431	
3856	-1.05538	
3857	-1.05679	
3858	-1.05846	
3859	-1.06035	
3860	-1.06236	
3861	-1.06443	
3862	-1.06649	
3863	-1.06848	
3864	-1.07034	
3865	-1.07203	
3866	-1.07351	
3867	-1.07475	
3868	-1.07572	
3869	-1.0764	
3870	-1.07678	
3871	-1.07685	
3872	-1.07662	
3873	-1.07608	
3874	-1.07524	
3875	-1.0741	
3876	-1.07268	
3877	-1.07099	
3878	-1.06904	
3879	-1.06685	
3880	-1.06444	
3881	-1.06182	
3882	-1.05902	
3883	-1.05605	
3884	-1.05295	
3885	-1.04972	
3886	-1.0464	
3887	-1.04302	
3888	-1.03959	
3889	-1.03613	
3890	-1.03268	
3891	-1.02926	
3892	-1.02589	
3893	-1.02258	
3894	-1.01936	
3895	-1.01625	
3896	-1.01326	
3897	-1.01041	
3898	-1.00771	
3899	-1.00518	
3900	-1.00284	
3901	-1.00069	
3902	-0.998753	
3903	-0.997039	
3904	-0.995565	
3905	-0.994345	
3906	-0.993393	
3907	-0.992724	
3908	-0.992351	
3909	-0.992287	
3910	-0.992542	
3911	-0.993123	
3912	-0.994037	
3913	-0.995283	
3914	-0.996858	
3915	-0.998754	
3916	-1.00096	
3917	-1.00345	
3918	-1.00619	
3919	-1.00917	
3920	-1.01234	
3921	-1.01566	
3922	-1.01908	
3923	-1.02256	
3924	-1.02604	
3925	-1.02948	
3926	-1.03281	
3927	-1.036	
3928	-1.03899	
3929	-1.04174	
3930	-1.04422	
3931	-1.04639	
3932	-1.04822	
3933	-1.0497	
3934	-1.0508	
3935	-1.05154	
3936	-1.05189	
3937	-1.05187	
3938	-1.05149	
3939	-1.05077	
3940	-1.04972	
3941	-1.04838	
3942	-1.04677	
3943	-1.04492	
3944	-1.04287	
3945	-1.04065	
3946	-1.03831	
3947	-1.03586	
3948	-1.03336	
3949	-1.03083	
3950	-1.0283	
3951	-1.02582	
3952	-1.02339	
3953	-1.02106	
3954	-1.01883	
3955	-1.01673	
3956	-1.01476	
3957	-1.01293	
3958	-1.01125	
3959	-1.00973	
3960	-1.00835	
3961	-1.00713	
3962	-1.00605	
3963	-1.0051	
3964	-1.0043	
3965	-1.00363	
3966	-1.0031	
3967	-1.0027	
3968	-1.00245	
3969	-1.00234	
3970	-1.00239	
3971	-1.00261	
3972	-1.003	
3973	-1.00359	
3974	-1.00439	
3975	-1.0054	
3976	-1.00665	
3977	-1.00814	
3978	-1.00988	
3979	-1.01186	
3980	-1.0141	
3981	-1.01657	
3982	-1.01927	
3983	-1.02218	
3984	-1.02528	
3985	-1.02855	
3986	-1.03196	
3987	-1.03548	
3988	-1.03907	
3989	-1.04271	
3990	-1.04636	
3991	-1.04999	
3992	-1.05357	
3993	-1.05707	
3994	-1.06045	
3995	-1.06371	
3996	-1.06682	
3997	-1.06977	
3998	-1.07253	
3999	-1.07511	
4000	-1.0775	
4001	-1.0797	
4002	-1.08171	
4003	-1.08354	
4004	-1.0852	
4005	-1.08669	
4006	-1.08805	
4007	-1.08928	
4008	-1.09041	
4009	-1.09144	
4010	-1.09242	
4011	-1.09335	
4012	-1.09426	
4013	-1.09518	
4014	-1.09611	
4015	-1.09708	
4016	-1.09811	
4017	-1.09922	
4018	-1.10041	
4019	-1.10169	
4020	-1.10307	
4021	-1.10457	
4022	-1.10617	
4023	-1.10788	
4024	-1.1097	
4025	-1.11162	
4026	-1.11363	
4027	-1.11572	
4028	-1.11789	
4029	-1.12011	
4030	-1.12237	
4031	-1.12466	
4032	-1.12696	
4033	-1.12925	
4034	-1.13151	
4035	-1.13374	
4036	-1.1359	
4037	-1.13799	
4038	-1.13998	
4039	-1.14187	
4040	-1.14362	
4041	-1.14524	
4042	-1.14669	
4043	-1.14798	
4044	-1.14908	
4045	-1.14998	
4046	-1.15067	
4047	-1.15115	
4048	-1.15139	
4049	-1.1514	
4050	-1.15117	
4051	-1.15069	
4052	-1.14996	
4053	-1.14897	
4054	-1.14773	
4055	-1.14624	
4056	-1.1445	
4057	-1.14251	
4058	-1.14027	
4059	-1.1378	
4060	-1.1351	
4061	-1.13218	
4062	-1.12905	
4063	-1.12572	
4064	-1.1222	
4065	-1.11852	
4066	-1.11468	
4067	-1.1107	
4068	-1.10661	
4069	-1.10243	
4070	-1.09818	
4071	-1.09388	
4072	-1.08958	
4073	-1.08531	
4074	-1.0811	
4075	-1.07699	
4076	-1.07302	
4077	-1.06924	
4078	-1.0657	
4079	-1.06243	
4080	-1.05948	
4081	-1.05689	
4082	-1.0547	
4083	-1.05294	
4084	-1.05164	
4085	-1.05082	
4086	-1.05049	
4087	-1.05064	
4088	-1.05128	
4089	-1.05239	
4090	-1.05394	
4091	-1.0559	
4092	-1.05825	
4093	-1.06094	
4094	-1.06394	
4095	-1.06721	
4096	-1.07072	
4097	-1.07444	
4098	-1.07834	
4099	-1.08239	
4100	-1.08658	
4101	-1.09088	
4102	-1.09528	
4103	-1.09975	
4104	-1.10427	
4105	-1.10882	
4106	-1.11337	
4107	-1.11787	
4108	-1.1223	
4109	-1.12662	
4110	-1.13077	
4111	-1.13471	
4112	-1.1384	
4113	-1.1418	
4114	-1.14486	
4115	-1.14756	
4116	-1.14986	
4117	-1.15173	
4118	-1.15317	
4119	-1.15416	
4120	-1.15469	
4121	-1.15478	
4122	-1.15442	
4123	-1.15364	
4124	-1.15245	
4125	-1.15088	
4126	-1.14896	
4127	-1.14671	
4128	-1.14418	
4129	-1.1414	
4130	-1.1384	
4131	-1.13522	
4132	-1.13188	
4133	-1.12843	
4134	-1.12487	
4135	-1.12125	
4136	-1.11757	
4137	-1.11385	
4138	-1.11009	
4139	-1.10632	
4140	-1.10252	
4141	-1.09871	
4142	-1.09487	
4143	-1.09101	
4144	-1.08712	
4145	-1.0832	
4146	-1.07925	
4147	-1.07527	
4148	-1.07125	
4149	-1.06722	
4150	-1.06317	
4151	-1.05913	
4152	-1.05511	
4153	-1.05116	
4154	-1.04729	
4155	-1.04356	
4156	-1.04	
4157	-1.03666	
4158	-1.0336	
4159	-1.03085	
4160	-1.02847	
4161	-1.0265	
4162	-1.02498	
4163	-1.02392	
4164	-1.02336	
4165	-1.02329	
4166	-1.02371	
4167	-1.02461	
4168	-1.02595	
4169	-1.02771	
4170	-1.02985	
4171	-1.03231	
4172	-1.03504	
4173	-1.03799	
4174	-1.04111	
4175	-1.04435	
4176	-1.04766	
4177	-1.051	
4178	-1.05433	
4179	-1.05761	
4180	-1.06084	
4181	-1.06397	
4182	-1.06701	
4183	-1.06993	
4184	-1.07273	
4185	-1.07542	
4186	-1.07799	
4187	-1.08044	
4188	-1.08278	
4189	-1.08501	
4190	-1.08714	
4191	-1.08918	
4192	-1.09112	
4193	-1.09298	
4194	-1.09475	
4195	-1.09644	
4196	-1.09804	
4197	-1.09956	
4198	-1.101	
4199	-1.10235	
4200	-1.10361	
4201	-1.10478	
4202	-1.10584	
4203	-1.10679	
4204	-1.10763	
4205	-1.10836	
4206	-1.10895	
4207	-1.10942	
4208	-1.10976	
4209	-1.10996	
4210	-1.11002	
4211	-1.10994	
4212	-1.10973	
4213	-1.10937	
4214	-1.10888	
4215	-1.10827	
4216	-1.10753	
4217	-1.10668	
4218	-1.10572	
4219	-1.10467	
4220	-1.10354	
4221	-1.10235	
4222	-1.10109	
4223	-1.09979	
4224	-1.09847	
4225	-1.09713	
4226	-1.09578	
4227	-1.09445	
4228	-1.09314	
4229	-1.09186	
4230	-1.09061	
4231	-1.08942	
4232	-1.08828	
4233	-1.0872	
4234	-1.08619	
4235	-1.08524	
4236	-1.08437	
4237	-1.08356	
4238	-1.08282	
4239	-1.08215	
4240	-1.08155	
4241	-1.08101	
4242	-1.08053	
4243	-1.08012	
4244	-1.07975	
4245	-1.07943	
4246	-1.07915	
4247	-1.07891	
4248	-1.0787	
4249	-1.07851	
4250	-1.07832	
4251	-1.07814	
4252	-1.07794	
4253	-1.07772	
4254	-1.07746	
4255	-1.07714	
4256	-1.07676	
4257	-1.0763	
4258	-1.07574	
4259	-1.07507	
4260	-1.07428	
4261	-1.07336	
4262	-1.07231	
4263	-1.07112	
4264	-1.0698	
4265	-1.06834	
4266	-1.06677	
4267	-1.06511	
4268	-1.06336	
4269	-1.06156	
4270	-1.05974	
4271	-1.05794	
4272	-1.05618	
4273	-1.05451	
4274	-1.05296	
4275	-1.05156	
4276	-1.05034	
4277	-1.04932	
4278	-1.04853	
4279	-1.04798	
4280	-1.04767	
4281	-1.04759	
4282	-1.04774	
4283	-1.04811	
4284	-1.04866	
4285	-1.04939	
4286	-1.05025	
4287	-1.05122	
4288	-1.05228	
4289	-1.05338	
4290	-1.05449	
4291	-1.05559	
4292	-1.05665	
4293	-1.05765	
4294	-1.05855	
4295	-1.05933	
4296	-1.05998	
4297	-1.06048	
4298	-1.06082	
4299	-1.06098	
4300	-1.06095	
4301	-1.06073	
4302	-1.06033	
4303	-1.05975	
4304	-1.059	
4305	-1.0581	
4306	-1.05706	
4307	-1.05592	
4308	-1.05472	
4309	-1.05347	
4310	-1.05223	
4311	-1.05103	
4312	-1.04991	
4313	-1.04891	
4314	-1.04806	
4315	-1.04739	
4316	-1.04692	
4317	-1.04667	
4318	-1.04666	
4319	-1.04688	
4320	-1.04734	
4321	-1.04802	
4322	-1.04891	
4323	-1.05	
4324	-1.05125	
4325	-1.05265	
4326	-1.05417	
4327	-1.05577	
4328	-1.05744	
4329	-1.05913	
4330	-1.06082	
4331	-1.06248	
4332	-1.06408	
4333	-1.0656	
4334	-1.067	
4335	-1.06827	
4336	-1.06937	
4337	-1.07029	
4338	-1.071	
4339	-1.07149	
4340	-1.07173	
4341	-1.0717	
4342	-1.07138	
4343	-1.07076	
4344	-1.06983	
4345	-1.06855	
4346	-1.06694	
4347	-1.06496	
4348	-1.06262	
4349	-1.05992	
4350	-1.05685	
4351	-1.05343	
4352	-1.04967	
4353	-1.04557	
4354	-1.04117	
4355	-1.0365	
4356	-1.03158	
4357	-1.02645	
4358	-1.02116	
4359	-1.01572	
4360	-1.0102	
4361	-1.00462	
4362	-0.999025	
4363	-0.993446	
4364	-0.987918	
4365	-0.982473	
4366	-0.977142	
4367	-0.971959	
4368	-0.966957	
4369	-0.962174	
4370	-0.957653	
4371	-0.95344	
4372	-0.949589	
4373	-0.946159	
4374	-0.943212	
4375	-0.940816	
4376	-0.939038	
4377	-0.937946	
4378	-0.937603	
4379	-0.938064	
4380	-0.939374	
4381	-0.94156	
4382	-0.944632	
4383	-0.948578	
4384	-0.953361	
4385	-0.958917	
4386	-0.965161	
4387	-0.971982	
4388	-0.979254	
4389	-0.986834	
4390	-0.994577	
4391	-1.00234	
4392	-1.00996	
4393	-1.01733	
4394	-1.02433	
4395	-1.03084	
4396	-1.0368	
4397	-1.04213	
4398	-1.04679	
4399	-1.05075	
4400	-1.05402	
4401	-1.05659	
4402	-1.05848	
4403	-1.05975	
4404	-1.06044	
4405	-1.06062	
4406	-1.06038	
4407	-1.05982	
4408	-1.05904	
4409	-1.05817	
4410	-1.05732	
4411	-1.05663	
4412	-1.05621	
4413	-1.05616	
4414	-1.05659	
4415	-1.05755	
4416	-1.05911	
4417	-1.06127	
4418	-1.06404	
4419	-1.06738	
4420	-1.07125	
4421	-1.07558	
4422	-1.0803	
4423	-1.08533	
4424	-1.09058	
4425	-1.09597	
4426	-1.10142	
4427	-1.10685	
4428	-1.1122	
4429	-1.11741	
4430	-1.12241	
4431	-1.12716	
4432	-1.13162	
4433	-1.13575	
4434	-1.13952	
4435	-1.1429	
4436	-1.14587	
4437	-1.14843	
4438	-1.15055	
4439	-1.15223	
4440	-1.15348	
4441	-1.15429	
4442	-1.15467	
4443	-1.15465	
4444	-1.15422	
4445	-1.15341	
4446	-1.15226	
4447	-1.15078	
4448	-1.14901	
4449	-1.147	
4450	-1.14478	
4451	-1.14241	
4452	-1.13993	
4453	-1.1374	
4454	-1.13488	
4455	-1.13243	
4456	-1.13011	
4457	-1.12798	
4458	-1.12608	
4459	-1.12448	
4460	-1.12323	
4461	-1.12235	
4462	-1.12188	
4463	-1.12184	
4464	-1.12225	
4465	-1.1231	
4466	-1.12439	
4467	-1.12609	
4468	-1.12818	
4469	-1.13063	
4470	-1.13338	
4471	-1.1364	
4472	-1.13962	
4473	-1.143	
4474	-1.14648	
4475	-1.15	
4476	-1.15352	
4477	-1.15697	
4478	-1.16031	
4479	-1.1635	
4480	-1.16651	
4481	-1.1693	
4482	-1.17185	
4483	-1.17415	
4484	-1.17617	
4485	-1.17791	
4486	-1.17938	
4487	-1.18058	
4488	-1.18152	
4489	-1.18221	
4490	-1.18268	
4491	-1.18295	
4492	-1.18304	
4493	-1.18299	
4494	-1.18281	
4495	-1.18254	
4496	-1.18221	
4497	-1.18184	
4498	-1.18145	
4499	-1.18106	
4500	-1.18069	
4501	-1.18035	
4502	-1.18005	
4503	-1.17978	
4504	-1.17954	
4505	-1.17933	
4506	-1.17912	
4507	-1.17891	
4508	-1.17867	
4509	-1.17837	
4510	-1.178	
4511	-1.17751	
4512	-1.17689	
4513	-1.1761	
4514	-1.17512	
4515	-1.17391	
4516	-1.17245	
4517	-1.17071	
4518	-1.16868	
4519	-1.16634	
4520	-1.16366	
4521	-1.16065	
4522	-1.15729	
4523	-1.15358	
4524	-1.14952	
4525	-1.14513	
4526	-1.14041	
4527	-1.13538	
4528	-1.13008	
4529	-1.12452	
4530	-1.11875	
4531	-1.11282	
4532	-1.10676	
4533	-1.10064	
4534	-1.09451	
4535	-1.08844	
4536	-1.08248	
4537	-1.07671	
4538	-1.07119	
4539	-1.06597	
4540	-1.06113	
4541	-1.05671	
4542	-1.05275	
4543	-1.04929	
4544	-1.04636	
4545	-1.04397	
4546	-1.04213	
4547	-1.04083	
4548	-1.04007	
4549	-1.03981	
4550	-1.04004	
4551	-1.04071	
4552	-1.0418	
4553	-1.04326	
4554	-1.04505	
4555	-1.04714	
4556	-1.04947	
4557	-1.05202	
4558	-1.05473	
4559	-1.05759	
4560	-1.06053	
4561	-1.06355	
4562	-1.06659	
4563	-1.06964	
4564	-1.07267	
4565	-1.07566	
4566	-1.07859	
4567	-1.08145	
4568	-1.08424	
4569	-1.08694	
4570	-1.08956	
4571	-1.0921	
4572	-1.09457	
4573	-1.09698	
4574	-1.09933	
4575	-1.10164	
4576	-1.10392	
4577	-1.10617	
4578	-1.10839	
4579	-1.11058	
4580	-1.11274	
4581	-1.11485	
4582	-1.1169	
4583	-1.11887	
4584	-1.12073	
4585	-1.12247	
4586	-1.12405	
4587	-1.12545	
4588	-1.12664	
4589	-1.12761	
4590	-1.12834	
4591	-1.12881	
4592	-1.12902	
4593	-1.12897	
4594	-1.12867	
4595	-1.12813	
4596	-1.12736	
4597	-1.12641	
4598	-1.12528	
4599	-1.12401	
4600	-1.12264	
4601	-1.12118	
4602	-1.11967	
4603	-1.11813	
4604	-1.11658	
4605	-1.11502	
4606	-1.11345	
4607	-1.11188	
4608	-1.11029	
4609	-1.10866	
4610	-1.10697	
4611	-1.10519	
4612	-1.1033	
4613	-1.10126	
4614	-1.09905	
4615	-1.09664	
4616	-1.09401	
4617	-1.09115	
4618	-1.08804	
4619	-1.08469	
4620	-1.0811	
4621	-1.07729	
4622	-1.07328	
4623	-1.0691	
4624	-1.06479	
4625	-1.06038	
4626	-1.05593	
4627	-1.05149	
4628	-1.04709	
4629	-1.0428	
4630	-1.03866	
4631	-1.03472	
4632	-1.03102	
4633	-1.0276	
4634	-1.02448	
4635	-1.0217	
4636	-1.01926	
4637	-1.01719	
4638	-1.0155	
4639	-1.01416	
4640	-1.0132	
4641	-1.01258	
4642	-1.0123	
4643	-1.01234	
4644	-1.01268	
4645	-1.01329	
4646	-1.01415	
4647	-1.01523	
4648	-1.01652	
4649	-1.01798	
4650	-1.01959	
4651	-1.02132	
4652	-1.02315	
4653	-1.02507	
4654	-1.02704	
4655	-1.02904	
4656	-1.03106	
4657	-1.03307	
4658	-1.03506	
4659	-1.037	
4660	-1.03888	
4661	-1.04069	
4662	-1.04241	
4663	-1.04403	
4664	-1.04554	
4665	-1.04694	
4666	-1.04824	
4667	-1.04943	
4668	-1.05051	
4669	-1.05151	
4670	-1.05242	
4671	-1.05326	
4672	-1.05405	
4673	-1.05479	
4674	-1.05551	
4675	-1.05622	
4676	-1.05693	
4677	-1.05764	
4678	-1.05837	
4679	-1.05912	
4680	-1.05989	
4681	-1.06068	
4682	-1.06149	
4683	-1.06231	
4684	-1.06315	
4685	-1.06399	
4686	-1.06482	
4687	-1.06565	
4688	-1.06646	
4689	-1.06726	
4690	-1.06803	
4691	-1.06879	
4692	-1.06953	
4693	-1.07025	
4694	-1.07096	
4695	-1.07168	
4696	-1.07241	
4697	-1.07316	
4698	-1.07396	
4699	-1.07481	
4700	-1.07572	
4701	-1.07673	
4702	-1.07783	
4703	-1.07903	
4704	-1.08036	
4705	-1.08181	
4706	-1.08339	
4707	-1.0851	
4708	-1.08692	
4709	-1.08886	
4710	-1.09091	
4711	-1.09306	
4712	-1.09529	
4713	-1.0976	
4714	-1.09997	
4715	-1.1024	
4716	-1.10487	
4717	-1.10739	
4718	-1.10995	
4719	-1.11254	
4720	-1.11517	
4721	-1.11783	
4722	-1.12052	
4723	-1.12324	
4724	-1.12597	
4725	-1.1287	
4726	-1.13143	
4727	-1.13414	
4728	-1.1368	
4729	-1.13939	
4730	-1.14189	
4731	-1.14427	
4732	-1.14649	
4733	-1.14853	
4734	-1.15036	
4735	-1.15195	
4736	-1.15327	
4737	-1.1543	
4738	-1.15502	
4739	-1.15541	
4740	-1.15547	
4741	-1.15518	
4742	-1.15453	
4743	-1.15354	
4744	-1.1522	
4745	-1.15052	
4746	-1.14851	
4747	-1.14619	
4748	-1.14358	
4749	-1.14069	
4750	-1.13754	
4751	-1.13418	
4752	-1.13061	
4753	-1.12686	
4754	-1.12297	
4755	-1.11897	
4756	-1.11488	
4757	-1.11073	
4758	-1.10655	
4759	-1.10237	
4760	-1.09823	
4761	-1.09415	
4762	-1.09015	
4763	-1.08628	
4764	-1.08255	
4765	-1.07899	
4766	-1.07564	
4767	-1.07251	
4768	-1.06962	
4769	-1.067	
4770	-1.06466	
4771	-1.06261	
4772	-1.06086	
4773	-1.0594	
4774	-1.05824	
4775	-1.05736	
4776	-1.05675	
4777	-1.05638	
4778	-1.05624	
4779	-1.05629	
4780	-1.0565	
4781	-1.05684	
4782	-1.05726	
4783	-1.05774	
4784	-1.05823	
4785	-1.05871	
4786	-1.05912	
4787	-1.05945	
4788	-1.05967	
4789	-1.05974	
4790	-1.05965	
4791	-1.05938	
4792	-1.05891	
4793	-1.05823	
4794	-1.05735	
4795	-1.05627	
4796	-1.055	
4797	-1.05354	
4798	-1.05193	
4799	-1.05019	
4800	-1.04835	
4801	-1.04645	
4802	-1.04454	
4803	-1.04266	
4804	-1.04085	
4805	-1.03916	
4806	-1.03763	
4807	-1.0363	
4808	-1.0352	
4809	-1.03435	
4810	-1.03377	
4811	-1.03346	
4812	-1.03341	
4813	-1.0336	
4814	-1.03401	
4815	-1.0346	
4816	-1.03535	
4817	-1.0362	
4818	-1.03712	
4819	-1.03806	
4820	-1.03899	
4821	-1.03988	
4822	-1.04068	
4823	-1.04138	
4824	-1.04195	
4825	-1.04239	
4826	-1.04268	
4827	-1.04283	
4828	-1.04284	
4829	-1.04273	
4830	-1.0425	
4831	-1.04217	
4832	-1.04176	
4833	-1.04129	
4834	-1.04079	
4835	-1.04027	
4836	-1.03975	
4837	-1.03923	
4838	-1.03875	
4839	-1.03828	
4840	-1.03785	
4841	-1.03744	
4842	-1.03704	
4843	-1.03664	
4844	-1.03623	
4845	-1.0358	
4846	-1.03531	
4847	-1.03476	
4848	-1.03412	
4849	-1.0334	
4850	-1.03257	
4851	-1.03165	
4852	-1.03061	
4853	-1.02949	
4854	-1.02828	
4855	-1.02701	
4856	-1.0257	
4857	-1.02437	
4858	-1.02306	
4859	-1.0218	
4860	-1.02063	
4861	-1.01957	
4862	-1.01866	
4863	-1.01794	
4864	-1.01743	
4865	-1.01715	
4866	-1.01714	
4867	-1.0174	
4868	-1.01795	
4869	-1.0188	
4870	-1.01995	
4871	-1.0214	
4872	-1.02315	
4873	-1.02519	
4874	-1.0275	
4875	-1.03008	
4876	-1.0329	
4877	-1.03595	
4878	-1.03921	
4879	-1.04265	
4880	-1.04625	
4881	-1.04999	
4882	-1.05384	
4883	-1.05777	
4884	-1.06175	
4885	-1.06574	
4886	-1.06973	
4887	-1.07367	
4888	-1.07753	
4889	-1.08128	
4890	-1.08489	
4891	-1.08832	
4892	-1.09153	
4893	-1.09451	
4894	-1.09721	
4895	-1.09963	
4896	-1.10172	
4897	-1.10347	
4898	-1.10487	
4899	-1.1059	
4900	-1.10654	
4901	-1.10681	
4902	-1.10668	
4903	-1.10617	
4904	-1.10528	
4905	-1.10401	
4906	-1.10238	
4907	-1.10041	
4908	-1.09811	
4909	-1.0955	
4910	-1.09262	
4911	-1.08948	
4912	-1.08612	
4913	-1.08256	
4914	-1.07884	
4915	-1.075	
4916	-1.07107	
4917	-1.06709	
4918	-1.0631	
4919	-1.05914	
4920	-1.05524	
4921	-1.05144	
4922	-1.04779	
4923	-1.04431	
4924	-1.04105	
4925	-1.03802	
4926	-1.03527	
4927	-1.03281	
4928	-1.03065	
4929	-1.02883	
4930	-1.02733	
4931	-1.02618	
4932	-1.02537	
4933	-1.02489	
4934	-1.02472	
4935	-1.02487	
4936	-1.02529	
4937	-1.02598	
4938	-1.02691	
4939	-1.02805	
4940	-1.02936	
4941	-1.03082	
4942	-1.03241	
4943	-1.03409	
4944	-1.03585	
4945	-1.03764	
4946	-1.03947	
4947	-1.0413	
4948	-1.04313	
4949	-1.04494	
4950	-1.04673	
4951	-1.04848	
4952	-1.05021	
4953	-1.0519	
4954	-1.05355	
4955	-1.05517	
4956	-1.05676	
4957	-1.05833	
4958	-1.05986	
4959	-1.06136	
4960	-1.06284	
4961	-1.06428	
4962	-1.06568	
4963	-1.06704	
4964	-1.06834	
4965	-1.06959	
4966	-1.07076	
4967	-1.07184	
4968	-1.07282	
4969	-1.07369	
4970	-1.07444	
4971	-1.07505	
4972	-1.07552	
4973	-1.07582	
4974	-1.07597	
4975	-1.07594	
4976	-1.07575	
4977	-1.07539	
4978	-1.07486	
4979	-1.07418	
4980	-1.07334	
4981	-1.07238	
4982	-1.07129	
4983	-1.0701	
4984	-1.06883	
4985	-1.06749	
4986	-1.0661	
4987	-1.06469	
4988	-1.06326	
4989	-1.06185	
4990	-1.06045	
4991	-1.05908	
4992	-1.05776	
4993	-1.05649	
4994	-1.05528	
4995	-1.05414	
4996	-1.05306	
4997	-1.05206	
4998	-1.05114	
4999	-1.0503	
