100	3.14159
101	3.14159
102	3.14159
103	3.14159
104	3.14159
105	3.14159
106	3.14159
107	3.14159
108	3.14159
109	3.14159
110	3.14159
111	3.14159
112	3.14159
113	3.14159
114	3.14159
115	3.14159
116	3.14159
117	3.14159
118	3.14159
119	3.14159
120	3.14159
121	3.14159
122	3.14159
123	3.14159
124	3.14159
125	3.14159
126	3.14159
127	3.14159
128	3.14159
129	3.14159
130	3.14159
131	3.14159
132	3.14159
133	3.14159
134	3.14159
135	3.14159
136	3.14159
137	3.14159
138	3.14159
139	3.14159
140	3.14159
141	3.14159
142	3.14159
143	3.14159
144	3.14159
145	3.14159
146	3.14159
147	3.14159
148	3.14159
149	3.14159
150	3.14159
151	3.14159
152	3.14159
153	3.14159
154	3.14159
155	3.14159
156	3.14159
157	3.14159
158	3.14159
159	3.14159
160	3.14159
161	3.14159
162	3.14159
163	3.14159
164	3.14159
165	3.14159
166	3.14159
167	3.14159
168	3.14159
169	3.14159
170	3.14159
171	3.14159
172	3.14159
173	3.14159
174	3.14159
175	3.14159
176	3.14159
177	3.14159
178	3.14159
179	3.14159
180	3.14159
181	3.14159
182	3.14159
183	3.14159
184	3.14159
185	3.14159
186	3.14159
187	3.14159
188	3.14159
189	3.14159
190	3.14159
191	3.14159
192	3.14159
193	3.14159
194	3.14159
195	3.14159
196	3.14159
197	3.14159
198	3.14159
199	3.14159
200	3.14159
201	3.14159
202	3.14159
203	3.14159
204	3.14159
205	3.14159
206	3.14159
207	3.14159
208	3.14159
209	3.14159
210	3.14159
211	3.14159
212	3.14159
213	3.14159
214	3.14159
215	3.14159
216	3.14159
217	3.14159
218	3.14159
219	3.14159
220	3.14159
221	3.14159
222	3.14159
223	3.14159
224	3.14159
225	3.14159
226	3.14159
227	3.14159
228	3.14159
229	3.14159
230	3.14159
231	3.14159
232	3.14159
233	3.14159
234	3.14159
235	3.14159
236	3.14159
237	3.14159
238	3.14159
239	3.14159
240	3.14159
241	3.14159
242	3.14159
243	3.14159
244	3.14159
245	3.14159
246	3.14159
247	3.14159
248	3.14159
249	3.14159
250	3.14159
251	3.14159
252	3.14159
253	3.14159
254	3.14159
255	3.14159
256	3.14159
257	3.14159
258	3.14159
259	3.14159
260	3.14159
261	3.14159
262	3.14159
263	3.14159
264	3.14159
265	3.14159
266	3.14159
267	3.14159
268	3.14159
269	3.14159
270	3.14159
271	3.14159
272	3.14159
273	3.14159
274	3.14159
275	3.14159
276	3.14159
277	3.14159
278	3.14159
279	3.14159
280	3.14159
281	3.14159
282	3.14159
283	3.14159
284	3.14159
285	3.14159
286	3.14159
287	3.14159
288	3.14159
289	3.14159
290	3.14159
291	3.14159
292	3.14159
293	3.14159
294	3.14159
295	3.14159
296	3.14159
297	3.14159
298	3.14159
299	3.14159
300	3.14159
301	3.14159
302	3.14159
303	3.14159
304	3.14159
305	3.14159
306	3.14159
307	3.14159
308	3.14159
309	3.14159
310	3.14159
311	3.14159
312	3.14159
313	3.14159
314	3.14159
315	3.14159
316	3.14159
317	3.14159
318	3.14159
319	3.14159
320	3.14159
321	3.14159
322	3.14159
323	3.14159
324	3.14159
325	3.14159
326	3.14159
327	3.14159
328	3.14159
329	3.14159
330	3.14159
331	3.14159
332	3.14159
333	3.14159
334	3.14159
335	3.14159
336	3.14159
337	3.14159
338	3.14159
339	3.14159
340	3.14159
341	3.14159
342	3.14159
343	3.14159
344	3.14159
345	3.14159
346	3.14159
347	3.14159
348	3.14159
349	3.14159
350	3.14159
351	3.14159
352	3.14159
353	3.14159
354	3.14159
355	3.14159
356	3.14159
357	3.14159
358	3.14159
359	3.14159
360	3.14159
361	3.14159
362	3.14159
363	3.14159
364	3.14159
365	3.14159
366	3.14159
367	3.14159
368	3.14159
369	3.14159
370	3.14159
371	3.14159
372	3.14159
373	3.14159
374	3.14159
375	3.14159
376	3.14159
377	3.14159
378	3.14159
379	3.14159
380	3.14159
381	3.14159
382	3.14159
383	3.14159
384	3.14159
385	3.14159
386	3.14159
387	3.14159
388	3.14159
389	3.14159
390	3.14159
391	3.14159
392	3.14159
393	3.14159
394	3.14159
395	3.14159
396	3.14159
397	3.14159
398	3.14159
399	3.14159
400	3.14159
401	3.14159
402	3.14159
403	3.14159
404	3.14159
405	3.14159
406	3.14159
407	3.14159
408	3.14159
409	3.14159
410	3.14159
411	3.14159
412	3.14159
413	3.14159
414	3.14159
415	3.14159
416	3.14159
417	3.14159
418	3.14159
419	3.14159
420	3.14159
421	3.14159
422	3.14159
423	3.14159
424	3.14159
425	3.14159
426	3.14159
427	3.14159
428	3.14159
429	3.14159
430	3.14159
431	3.14159
432	3.14159
433	3.14159
434	3.14159
435	3.14159
436	3.14159
437	3.14159
438	3.14159
439	3.14159
440	3.14159
441	3.14159
442	3.14159
443	3.14159
444	3.14159
445	3.14159
446	3.14159
447	3.14159
448	3.14159
449	3.14159
450	3.14159
451	3.14159
452	3.14159
453	3.14159
454	3.14159
455	3.14159
456	3.14159
457	3.14159
458	3.14159
459	3.14159
460	3.14159
461	3.14159
462	3.14159
463	3.14159
464	3.14159
465	3.14159
466	3.14159
467	3.14159
468	3.14159
469	3.14159
470	3.14159
471	3.14159
472	3.14159
473	3.14159
474	3.14159
475	3.14159
476	3.14159
477	3.14159
478	3.14159
479	3.14159
480	3.14159
481	3.14159
482	3.14159
483	3.14159
484	3.14159
485	3.14159
486	3.14159
487	3.14159
488	3.14159
489	3.14159
490	3.14159
491	3.14159
492	3.14159
493	3.14159
494	3.14159
495	3.14159
496	3.14159
497	3.14159
498	3.14159
499	3.14159
500	3.14159
501	3.14159
502	3.14159
503	3.14159
504	3.14159
505	3.14159
506	3.14159
507	3.14159
508	3.14159
509	3.14159
510	3.14159
511	3.14159
512	3.14159
513	3.14159
514	3.14159
515	3.14159
516	3.14159
517	3.14159
518	3.14159
519	3.14159
520	3.14159
521	3.14159
522	3.14159
523	3.14159
524	3.14159
525	3.14159
526	3.14159
527	3.14159
528	3.14159
529	3.14159
530	3.14159
531	3.14159
532	3.14159
533	3.14159
534	3.14159
535	3.14159
536	3.14159
537	3.14159
538	3.14159
539	3.14159
540	3.14159
541	3.14159
542	3.14159
543	3.14159
544	3.14159
545	3.14159
546	3.14159
547	3.14159
548	3.14159
549	3.14159
550	3.14159
551	3.14159
552	3.14159
553	3.14159
554	3.14159
555	3.14159
556	3.14159
557	3.14159
558	3.14159
559	3.14159
560	3.14159
561	3.14159
562	3.14159
563	3.14159
564	3.14159
565	3.14159
566	3.14159
567	3.14159
568	3.14159
569	3.14159
570	3.14159
571	3.14159
572	3.14159
573	3.14159
574	3.14159
575	3.14159
576	3.14159
577	3.14159
578	3.14159
579	3.14159
580	3.14159
581	3.14159
582	3.14159
583	3.14159
584	3.14159
585	3.14159
586	3.14159
587	3.14159
588	3.14159
589	3.14159
590	3.14159
591	3.14159
592	3.14159
593	3.14159
594	3.14159
595	3.14159
596	3.14159
597	3.14159
598	3.14159
599	3.14159
600	3.14159
601	3.14159
602	3.14159
603	3.14159
604	3.14159
605	3.14159
606	3.14159
607	3.14159
608	3.14159
609	3.14159
610	3.14159
611	3.14159
612	3.14159
613	3.14159
614	3.14159
615	3.14159
616	3.14159
617	3.14159
618	3.14159
619	3.14159
620	3.14159
621	3.14159
622	3.14159
623	3.14159
624	3.14159
625	3.14159
626	3.14159
627	3.14159
628	3.14159
629	3.14159
630	3.14159
631	3.14159
632	3.14159
633	3.14159
634	3.14159
635	3.14159
636	3.14159
637	3.14159
638	3.14159
639	3.14159
640	3.14159
641	3.14159
642	3.14159
643	3.14159
644	3.14159
645	3.14159
646	3.14159
647	3.14159
648	3.14159
649	3.14159
650	3.14159
651	3.14159
652	3.14159
653	3.14159
654	3.14159
655	3.14159
656	3.14159
657	3.14159
658	3.14159
659	3.14159
660	3.14159
661	3.14159
662	3.14159
663	3.14159
664	3.14159
665	3.14159
666	3.14159
667	3.14159
668	3.14159
669	3.14159
670	3.14159
671	3.14159
672	3.14159
673	3.14159
674	3.14159
675	3.14159
676	3.14159
677	3.14159
678	3.14159
679	3.14159
680	3.14159
681	3.14159
682	3.14159
683	3.14159
684	3.14159
685	3.14159
686	3.14159
687	3.14159
688	3.14159
689	3.14159
690	3.14159
691	3.14159
692	3.14159
693	3.14159
694	3.14159
695	3.14159
696	3.14159
697	3.14159
698	3.14159
699	3.14159
700	3.14159
701	3.14159
702	3.14159
703	3.14159
704	3.14159
705	3.14159
706	3.14159
707	3.14159
708	3.14159
709	3.14159
710	3.14159
711	3.14159
712	3.14159
713	3.14159
714	3.14159
715	3.14159
716	3.14159
717	3.14159
718	3.14159
719	3.14159
720	3.14159
721	3.14159
722	3.14159
723	3.14159
724	3.14159
725	3.14159
726	3.14159
727	3.14159
728	3.14159
729	3.14159
730	3.14159
731	3.14159
732	3.14159
733	3.14159
734	3.14159
735	3.14159
736	3.14159
737	3.14159
738	3.14159
739	3.14159
740	3.14159
741	3.14159
742	3.14159
743	3.14159
744	3.14159
745	3.14159
746	3.14159
747	3.14159
748	3.14159
749	3.14159
750	3.14159
751	3.14159
752	3.14159
753	3.14159
754	3.14159
755	3.14159
756	3.14159
757	3.14159
758	3.14159
759	3.14159
760	3.14159
761	3.14159
762	3.14159
763	3.14159
764	3.14159
765	3.14159
766	3.14159
767	3.14159
768	3.14159
769	3.14159
770	3.14159
771	3.14159
772	3.14159
773	3.14159
774	3.14159
775	3.14159
776	3.14159
777	3.14159
778	3.14159
779	3.14159
780	3.14159
781	3.14159
782	3.14159
783	3.14159
784	3.14159
785	3.14159
786	3.14159
787	3.14159
788	3.14159
789	3.14159
790	3.14159
791	3.14159
792	3.14159
793	3.14159
794	3.14159
795	3.14159
796	3.14159
797	3.14159
798	3.14159
799	3.14159
800	3.14159
801	3.14159
802	3.14159
803	3.14159
804	3.14159
805	3.14159
806	3.14159
807	3.14159
808	3.14159
809	3.14159
810	3.14159
811	3.14159
812	3.14159
813	3.14159
814	3.14159
815	3.14159
816	3.14159
817	3.14159
818	3.14159
819	3.14159
820	3.14159
821	3.14159
822	3.14159
823	3.14159
824	3.14159
825	3.14159
826	3.14159
827	3.14159
828	3.14159
829	3.14159
830	3.14159
831	3.14159
832	3.14159
833	3.14159
834	3.14159
835	3.14159
836	3.14159
837	3.14159
838	3.14159
839	3.14159
840	3.14159
841	3.14159
842	3.14159
843	3.14159
844	3.14159
845	3.14159
846	3.14159
847	3.14159
848	3.14159
849	3.14159
850	3.14159
851	3.14159
852	3.14159
853	3.14159
854	3.14159
855	3.14159
856	3.14159
857	3.14159
858	3.14159
859	3.14159
860	3.14159
861	3.14159
862	3.14159
863	3.14159
864	3.14159
865	3.14159
866	3.14159
867	3.14159
868	3.14159
869	3.14159
870	3.14159
871	3.14159
872	3.14159
873	3.14159
874	3.14159
875	3.14159
876	3.14159
877	3.14159
878	3.14159
879	3.14159
880	3.14159
881	3.14159
882	3.14159
883	3.14159
884	3.14159
885	3.14159
886	3.14159
887	3.14159
888	3.14159
889	3.14159
890	3.14159
891	3.14159
892	3.14159
893	3.14159
894	3.14159
895	3.14159
896	3.14159
897	3.14159
898	3.14159
899	3.14159
900	3.14159
901	3.14159
902	3.14159
903	3.14159
904	3.14159
905	3.14159
906	3.14159
907	3.14159
908	3.14159
909	3.14159
910	3.14159
911	3.14159
912	3.14159
913	3.14159
914	3.14159
915	3.14159
916	3.14159
917	3.14159
918	3.14159
919	3.14159
920	3.14159
921	3.14159
922	3.14159
923	3.14159
924	3.14159
925	3.14159
926	3.14159
927	3.14159
928	3.14159
929	3.14159
930	3.14159
931	3.14159
932	3.14159
933	3.14159
934	3.14159
935	3.14159
936	3.14159
937	3.14159
938	3.14159
939	3.14159
940	3.14159
941	3.14159
942	3.14159
943	3.14159
944	3.14159
945	3.14159
946	3.14159
947	3.14159
948	3.14159
949	3.14159
950	3.14159
951	3.14159
952	3.14159
953	3.14159
954	3.14159
955	3.14159
956	3.14159
957	3.14159
958	3.14159
959	3.14159
960	3.14159
961	3.14159
962	3.14159
963	3.14159
964	3.14159
965	3.14159
966	3.14159
967	3.14159
968	3.14159
969	3.14159
970	3.14159
971	3.14159
972	3.14159
973	3.14159
974	3.14159
975	3.14159
976	3.14159
977	3.14159
978	3.14159
979	3.14159
980	3.14159
981	3.14159
982	3.14159
983	3.14159
984	3.14159
985	3.14159
986	3.14159
987	3.14159
988	3.14159
989	3.14159
990	3.14159
991	3.14159
992	3.14159
993	3.14159
994	3.14159
995	3.14159
996	3.14159
997	3.14159
998	3.14159
999	3.14159
1000	3.14159
1001	3.14159
1002	3.14159
1003	3.14159
1004	3.14159
1005	3.14159
1006	3.14159
1007	3.14159
1008	3.14159
1009	3.14159
1010	3.14159
1011	3.14159
1012	3.14159
1013	3.14159
1014	3.14159
1015	3.14159
1016	3.14159
1017	3.14159
1018	3.14159
1019	3.14159
1020	3.14159
1021	3.14159
1022	3.14159
1023	3.14159
1024	3.14159
1025	3.14159
1026	3.14159
1027	3.14159
1028	3.14159
1029	3.14159
1030	3.14159
1031	3.14159
1032	3.14159
1033	3.14159
1034	3.14159
1035	3.14159
1036	3.14159
1037	3.14159
1038	3.14159
1039	3.14159
1040	3.14159
1041	3.14159
1042	3.14159
1043	3.14159
1044	3.14159
1045	3.14159
1046	3.14159
1047	3.14159
1048	3.14159
1049	3.14159
1050	3.14159
1051	3.14159
1052	3.14159
1053	3.14159
1054	3.14159
1055	3.14159
1056	3.14159
1057	3.14159
1058	3.14159
1059	3.14159
1060	3.14159
1061	3.14159
1062	3.14159
1063	3.14159
1064	3.14159
1065	3.14159
1066	3.14159
1067	3.14159
1068	3.14159
1069	3.14159
1070	3.14159
1071	3.14159
1072	3.14159
1073	3.14159
1074	3.14159
1075	3.14159
1076	3.14159
1077	3.14159
1078	3.14159
1079	3.14159
1080	3.14159
1081	3.14159
1082	3.14159
1083	3.14159
1084	3.14159
1085	3.14159
1086	3.14159
1087	3.14159
1088	3.14159
1089	3.14159
1090	3.14159
1091	3.14159
1092	3.14159
1093	3.14159
1094	3.14159
1095	3.14159
1096	3.14159
1097	3.14159
1098	3.14159
1099	3.14159
1100	3.14159
1101	3.14159
1102	3.14159
1103	3.14159
1104	3.14159
1105	3.14159
1106	3.14159
1107	3.14159
1108	3.14159
1109	3.14159
1110	3.14159
1111	3.14159
1112	3.14159
1113	3.14159
1114	3.14159
1115	3.14159
1116	3.14159
1117	3.14159
1118	3.14159
1119	3.14159
1120	3.14159
1121	3.14159
1122	3.14159
1123	3.14159
1124	3.14159
1125	3.14159
1126	3.14159
1127	3.14159
1128	3.14159
1129	3.14159
1130	3.14159
1131	3.14159
1132	3.14159
1133	3.14159
1134	3.14159
1135	3.14159
1136	3.14159
1137	3.14159
1138	3.14159
1139	3.14159
1140	3.14159
1141	3.14159
1142	3.14159
1143	3.14159
1144	3.14159
1145	3.14159
1146	3.14159
1147	3.14159
1148	3.14159
1149	3.14159
1150	3.14159
1151	3.14159
1152	3.14159
1153	3.14159
1154	3.14159
1155	3.14159
1156	3.14159
1157	3.14159
1158	3.14159
1159	3.14159
1160	3.14159
1161	3.14159
1162	3.14159
1163	3.14159
1164	3.14159
1165	3.14159
1166	3.14159
1167	3.14159
1168	3.14159
1169	3.14159
1170	3.14159
1171	3.14159
1172	3.14159
1173	3.14159
1174	3.14159
1175	3.14159
1176	3.14159
1177	3.14159
1178	3.14159
1179	3.14159
1180	3.14159
1181	3.14159
1182	3.14159
1183	3.14159
1184	3.14159
1185	3.14159
1186	3.14159
1187	3.14159
1188	3.14159
1189	3.14159
1190	3.14159
1191	3.14159
1192	3.14159
1193	3.14159
1194	3.14159
1195	3.14159
1196	3.14159
1197	3.14159
1198	3.14159
1199	3.14159
1200	3.14159
1201	3.14159
1202	3.14159
1203	3.14159
1204	3.14159
1205	3.14159
1206	3.14159
1207	3.14159
1208	3.14159
1209	3.14159
1210	3.14159
1211	3.14159
1212	3.14159
1213	3.14159
1214	3.14159
1215	3.14159
1216	3.14159
1217	3.14159
1218	3.14159
1219	3.14159
1220	3.14159
1221	3.14159
1222	3.14159
1223	3.14159
1224	3.14159
1225	3.14159
1226	3.14159
1227	3.14159
1228	3.14159
1229	3.14159
1230	3.14159
1231	3.14159
1232	3.14159
1233	3.14159
1234	3.14159
1235	3.14159
1236	3.14159
1237	3.14159
1238	3.14159
1239	3.14159
1240	3.14159
1241	3.14159
1242	3.14159
1243	3.14159
1244	3.14159
1245	3.14159
1246	3.14159
1247	3.14159
1248	3.14159
1249	3.14159
1250	3.14159
1251	3.14159
1252	3.14159
1253	3.14159
1254	3.14159
1255	3.14159
1256	3.14159
1257	3.14159
1258	3.14159
1259	3.14159
1260	3.14159
1261	3.14159
1262	3.14159
1263	3.14159
1264	3.14159
1265	3.14159
1266	3.14159
1267	3.14159
1268	3.14159
1269	3.14159
1270	3.14159
1271	3.14159
1272	3.14159
1273	3.14159
1274	3.14159
1275	3.14159
1276	3.14159
1277	3.14159
1278	3.14159
1279	3.14159
1280	3.14159
1281	3.14159
1282	3.14159
1283	3.14159
1284	3.14159
1285	3.14159
1286	3.14159
1287	3.14159
1288	3.14159
1289	3.14159
1290	3.14159
1291	3.14159
1292	3.14159
1293	3.14159
1294	3.14159
1295	3.14159
1296	3.14159
1297	3.14159
1298	3.14159
1299	3.14159
1300	3.14159
1301	3.14159
1302	3.14159
1303	3.14159
1304	3.14159
1305	3.14159
1306	3.14159
1307	3.14159
1308	3.14159
1309	3.14159
1310	3.14159
1311	3.14159
1312	3.14159
1313	3.14159
1314	3.14159
1315	3.14159
1316	3.14159
1317	3.14159
1318	3.14159
1319	3.14159
1320	3.14159
1321	3.14159
1322	3.14159
1323	3.14159
1324	3.14159
1325	3.14159
1326	3.14159
1327	3.14159
1328	3.14159
1329	3.14159
1330	3.14159
1331	3.14159
1332	3.14159
1333	3.14159
1334	3.14159
1335	3.14159
1336	3.14159
1337	3.14159
1338	3.14159
1339	3.14159
1340	3.14159
1341	3.14159
1342	3.14159
1343	3.14159
1344	3.14159
1345	3.14159
1346	3.14159
1347	3.14159
1348	3.14159
1349	3.14159
1350	3.14159
1351	3.14159
1352	3.14159
1353	3.14159
1354	3.14159
1355	3.14159
1356	3.14159
1357	3.14159
1358	3.14159
1359	3.14159
1360	3.14159
1361	3.14159
1362	3.14159
1363	3.14159
1364	3.14159
1365	3.14159
1366	3.14159
1367	3.14159
1368	3.14159
1369	3.14159
1370	3.14159
1371	3.14159
1372	3.14159
1373	3.14159
1374	3.14159
1375	3.14159
1376	3.14159
1377	3.14159
1378	3.14159
1379	3.14159
1380	3.14159
1381	3.14159
1382	3.14159
1383	3.14159
1384	3.14159
1385	3.14159
1386	3.14159
1387	3.14159
1388	3.14159
1389	3.14159
1390	3.14159
1391	3.14159
1392	3.14159
1393	3.14159
1394	3.14159
1395	3.14159
1396	3.14159
1397	3.14159
1398	3.14159
1399	3.14159
1400	3.14159
1401	3.14159
1402	3.14159
1403	3.14159
1404	3.14159
1405	3.14159
1406	3.14159
1407	3.14159
1408	3.14159
1409	3.14159
1410	3.14159
1411	3.14159
1412	3.14159
1413	3.14159
1414	3.14159
1415	3.14159
1416	3.14159
1417	3.14159
1418	3.14159
1419	3.14159
1420	3.14159
1421	3.14159
1422	3.14159
1423	3.14159
1424	3.14159
1425	3.14159
1426	3.14159
1427	3.14159
1428	3.14159
1429	3.14159
1430	3.14159
1431	3.14159
1432	3.14159
1433	3.14159
1434	3.14159
1435	3.14159
1436	3.14159
1437	3.14159
1438	3.14159
1439	3.14159
1440	3.14159
1441	3.14159
1442	3.14159
1443	3.14159
1444	3.14159
1445	3.14159
1446	3.14159
1447	3.14159
1448	3.14159
1449	3.14159
1450	3.14159
1451	3.14159
1452	3.14159
1453	3.14159
1454	3.14159
1455	3.14159
1456	3.14159
1457	3.14159
1458	3.14159
1459	3.14159
1460	3.14159
1461	3.14159
1462	3.14159
1463	3.14159
1464	3.14159
1465	3.14159
1466	3.14159
1467	3.14159
1468	3.14159
1469	3.14159
1470	3.14159
1471	3.14159
1472	3.14159
1473	3.14159
1474	3.14159
1475	3.14159
1476	3.14159
1477	3.14159
1478	3.14159
1479	3.14159
1480	3.14159
1481	3.14159
1482	3.14159
1483	3.14159
1484	3.14159
1485	3.14159
1486	3.14159
1487	3.14159
1488	3.14159
1489	3.14159
1490	3.14159
1491	3.14159
1492	3.14159
1493	3.14159
1494	3.14159
1495	3.14159
1496	3.14159
1497	3.14159
1498	3.14159
1499	3.14159
1500	3.14159
1501	3.14159
1502	3.14159
1503	3.14159
1504	3.14159
1505	3.14159
1506	3.14159
1507	3.14159
1508	3.14159
1509	3.14159
1510	3.14159
1511	3.14159
1512	3.14159
1513	3.14159
1514	3.14159
1515	3.14159
1516	3.14159
1517	3.14159
1518	3.14159
1519	3.14159
1520	3.14159
1521	3.14159
1522	3.14159
1523	3.14159
1524	3.14159
1525	3.14159
1526	3.14159
1527	3.14159
1528	3.14159
1529	3.14159
1530	3.14159
1531	3.14159
1532	3.14159
1533	3.14159
1534	3.14159
1535	3.14159
1536	3.14159
1537	3.14159
1538	3.14159
1539	3.14159
1540	3.14159
1541	3.14159
1542	3.14159
1543	3.14159
1544	3.14159
1545	3.14159
1546	3.14159
1547	3.14159
1548	3.14159
1549	3.14159
1550	3.14159
1551	3.14159
1552	3.14159
1553	3.14159
1554	3.14159
1555	3.14159
1556	3.14159
1557	3.14159
1558	3.14159
1559	3.14159
1560	3.14159
1561	3.14159
1562	3.14159
1563	3.14159
1564	3.14159
1565	3.14159
1566	3.14159
1567	3.14159
1568	3.14159
1569	3.14159
1570	3.14159
1571	3.14159
1572	3.14159
1573	3.14159
1574	3.14159
1575	3.14159
1576	3.14159
1577	3.14159
1578	3.14159
1579	3.14159
1580	3.14159
1581	3.14159
1582	3.14159
1583	3.14159
1584	3.14159
1585	3.14159
1586	3.14159
1587	3.14159
1588	3.14159
1589	3.14159
1590	3.14159
1591	3.14159
1592	3.14159
1593	3.14159
1594	3.14159
1595	3.14159
1596	3.14159
1597	3.14159
1598	3.14159
1599	3.14159
1600	3.14159
1601	3.14159
1602	3.14159
1603	3.14159
1604	3.14159
1605	3.14159
1606	3.14159
1607	3.14159
1608	3.14159
1609	3.14159
1610	3.14159
1611	3.14159
1612	3.14159
1613	3.14159
1614	3.14159
1615	3.14159
1616	3.14159
1617	3.14159
1618	3.14159
1619	3.14159
1620	3.14159
1621	3.14159
1622	3.14159
1623	3.14159
1624	3.14159
1625	3.14159
1626	3.14159
1627	3.14159
1628	3.14159
1629	3.14159
1630	3.14159
1631	3.14159
1632	3.14159
1633	3.14159
1634	3.14159
1635	3.14159
1636	3.14159
1637	3.14159
1638	3.14159
1639	3.14159
1640	3.14159
1641	3.14159
1642	3.14159
1643	3.14159
1644	3.14159
1645	3.14159
1646	3.14159
1647	3.14159
1648	3.14159
1649	3.14159
1650	3.14159
1651	3.14159
1652	3.14159
1653	3.14159
1654	3.14159
1655	3.14159
1656	3.14159
1657	3.14159
1658	3.14159
1659	3.14159
1660	3.14159
1661	3.14159
1662	3.14159
1663	3.14159
1664	3.14159
1665	3.14159
1666	3.14159
1667	3.14159
1668	3.14159
1669	3.14159
1670	3.14159
1671	3.14159
1672	3.14159
1673	3.14159
1674	3.14159
1675	3.14159
1676	3.14159
1677	3.14159
1678	3.14159
1679	3.14159
1680	3.14159
1681	3.14159
1682	3.14159
1683	3.14159
1684	3.14159
1685	3.14159
1686	3.14159
1687	3.14159
1688	3.14159
1689	3.14159
1690	3.14159
1691	3.14159
1692	3.14159
1693	3.14159
1694	3.14159
1695	3.14159
1696	3.14159
1697	3.14159
1698	3.14159
1699	3.14159
1700	3.14159
1701	3.14159
1702	3.14159
1703	3.14159
1704	3.14159
1705	3.14159
1706	3.14159
1707	3.14159
1708	3.14159
1709	3.14159
1710	3.14159
1711	3.14159
1712	3.14159
1713	3.14159
1714	3.14159
1715	3.14159
1716	3.14159
1717	3.14159
1718	3.14159
1719	3.14159
1720	3.14159
1721	3.14159
1722	3.14159
1723	3.14159
1724	3.14159
1725	3.14159
1726	3.14159
1727	3.14159
1728	3.14159
1729	3.14159
1730	3.14159
1731	3.14159
1732	3.14159
1733	3.14159
1734	3.14159
1735	3.14159
1736	3.14159
1737	3.14159
1738	3.14159
1739	3.14159
1740	3.14159
1741	3.14159
1742	3.14159
1743	3.14159
1744	3.14159
1745	3.14159
1746	3.14159
1747	3.14159
1748	3.14159
1749	3.14159
1750	3.14159
1751	3.14159
1752	3.14159
1753	3.14159
1754	3.14159
1755	3.14159
1756	3.14159
1757	3.14159
1758	3.14159
1759	3.14159
1760	3.14159
1761	3.14159
1762	3.14159
1763	3.14159
1764	3.14159
1765	3.14159
1766	3.14159
1767	3.14159
1768	3.14159
1769	3.14159
1770	3.14159
1771	3.14159
1772	3.14159
1773	3.14159
1774	3.14159
1775	3.14159
1776	3.14159
1777	3.14159
1778	3.14159
1779	3.14159
1780	3.14159
1781	3.14159
1782	3.14159
1783	3.14159
1784	3.14159
1785	3.14159
1786	3.14159
1787	3.14159
1788	3.14159
1789	3.14159
1790	3.14159
1791	3.14159
1792	3.14159
1793	3.14159
1794	3.14159
1795	3.14159
1796	3.14159
1797	3.14159
1798	3.14159
1799	3.14159
1800	3.14159
1801	3.14159
1802	3.14159
1803	3.14159
1804	3.14159
1805	3.14159
1806	3.14159
1807	3.14159
1808	3.14159
1809	3.14159
1810	3.14159
1811	3.14159
1812	3.14159
1813	3.14159
1814	3.14159
1815	3.14159
1816	3.14159
1817	3.14159
1818	3.14159
1819	3.14159
1820	3.14159
1821	3.14159
1822	3.14159
1823	3.14159
1824	3.14159
1825	3.14159
1826	3.14159
1827	3.14159
1828	3.14159
1829	3.14159
1830	3.14159
1831	3.14159
1832	3.14159
1833	3.14159
1834	3.14159
1835	3.14159
1836	3.14159
1837	3.14159
1838	3.14159
1839	3.14159
1840	3.14159
1841	3.14159
1842	3.14159
1843	3.14159
1844	3.14159
1845	3.14159
1846	3.14159
1847	3.14159
1848	3.14159
1849	3.14159
1850	3.14159
1851	3.14159
1852	3.14159
1853	3.14159
1854	3.14159
1855	3.14159
1856	3.14159
1857	3.14159
1858	3.14159
1859	3.14159
1860	3.14159
1861	3.14159
1862	3.14159
1863	3.14159
1864	3.14159
1865	3.14159
1866	3.14159
1867	3.14159
1868	3.14159
1869	3.14159
1870	3.14159
1871	3.14159
1872	3.14159
1873	3.14159
1874	3.14159
1875	3.14159
1876	3.14159
1877	3.14159
1878	3.14159
1879	3.14159
1880	3.14159
1881	3.14159
1882	3.14159
1883	3.14159
1884	3.14159
1885	3.14159
1886	3.14159
1887	3.14159
1888	3.14159
1889	3.14159
1890	3.14159
1891	3.14159
1892	3.14159
1893	3.14159
1894	3.14159
1895	3.14159
1896	3.14159
1897	3.14159
1898	3.14159
1899	3.14159
1900	3.14159
1901	3.14159
1902	3.14159
1903	3.14159
1904	3.14159
1905	3.14159
1906	3.14159
1907	3.14159
1908	3.14159
1909	3.14159
1910	3.14159
1911	3.14159
1912	3.14159
1913	3.14159
1914	3.14159
1915	3.14159
1916	3.14159
1917	3.14159
1918	3.14159
1919	3.14159
1920	3.14159
1921	3.14159
1922	3.14159
1923	3.14159
1924	3.14159
1925	3.14159
1926	3.14159
1927	3.14159
1928	3.14159
1929	3.14159
1930	3.14159
1931	3.14159
1932	3.14159
1933	3.14159
1934	3.14159
1935	3.14159
1936	3.14159
1937	3.14159
1938	3.14159
1939	3.14159
1940	3.14159
1941	3.14159
1942	3.14159
1943	3.14159
1944	3.14159
1945	3.14159
1946	3.14159
1947	3.14159
1948	3.14159
1949	3.14159
1950	3.14159
1951	3.14159
1952	3.14159
1953	3.14159
1954	3.14159
1955	3.14159
1956	3.14159
1957	3.14159
1958	3.14159
1959	3.14159
1960	3.14159
1961	3.14159
1962	3.14159
1963	3.14159
1964	3.14159
1965	3.14159
1966	3.14159
1967	3.14159
1968	3.14159
1969	3.14159
1970	3.14159
1971	3.14159
1972	3.14159
1973	3.14159
1974	3.14159
1975	3.14159
1976	3.14159
1977	3.14159
1978	3.14159
1979	3.14159
1980	3.14159
1981	3.14159
1982	3.14159
1983	3.14159
1984	3.14159
1985	3.14159
1986	3.14159
1987	3.14159
1988	3.14159
1989	3.14159
1990	3.14159
1991	3.14159
1992	3.14159
1993	3.14159
1994	3.14159
1995	3.14159
1996	3.14159
1997	3.14159
1998	3.14159
1999	3.14159
2000	3.14159
2001	3.14159
2002	3.14159
2003	3.14159
2004	3.14159
2005	3.14159
2006	3.14159
2007	3.14159
2008	3.14159
2009	3.14159
2010	3.14159
2011	3.14159
2012	3.14159
2013	3.14159
2014	3.14159
2015	3.14159
2016	3.14159
2017	3.14159
2018	3.14159
2019	3.14159
2020	3.14159
2021	3.14159
2022	3.14159
2023	3.14159
2024	3.14159
2025	3.14159
2026	3.14159
2027	3.14159
2028	3.14159
2029	3.14159
2030	3.14159
2031	3.14159
2032	3.14159
2033	3.14159
2034	3.14159
2035	3.14159
2036	3.14159
2037	3.14159
2038	3.14159
2039	3.14159
2040	3.14159
2041	3.14159
2042	3.14159
2043	3.14159
2044	3.14159
2045	3.14159
2046	3.14159
2047	3.14159
2048	3.14159
2049	3.14159
2050	3.14159
2051	3.14159
2052	3.14159
2053	3.14159
2054	3.14159
2055	3.14159
2056	3.14159
2057	3.14159
2058	3.14159
2059	3.14159
2060	3.14159
2061	3.14159
2062	3.14159
2063	3.14159
2064	3.14159
2065	3.14159
2066	3.14159
2067	3.14159
2068	3.14159
2069	3.14159
2070	3.14159
2071	3.14159
2072	3.14159
2073	3.14159
2074	3.14159
2075	3.14159
2076	3.14159
2077	3.14159
2078	3.14159
2079	3.14159
2080	3.14159
2081	3.14159
2082	3.14159
2083	3.14159
2084	3.14159
2085	3.14159
2086	3.14159
2087	3.14159
2088	3.14159
2089	3.14159
2090	3.14159
2091	3.14159
2092	3.14159
2093	3.14159
2094	3.14159
2095	3.14159
2096	3.14159
2097	3.14159
2098	3.14159
2099	3.14159
2100	3.14159
2101	3.14159
2102	3.14159
2103	3.14159
2104	3.14159
2105	3.14159
2106	3.14159
2107	3.14159
2108	3.14159
2109	3.14159
2110	3.14159
2111	3.14159
2112	3.14159
2113	3.14159
2114	3.14159
2115	3.14159
2116	3.14159
2117	3.14159
2118	3.14159
2119	3.14159
2120	3.14159
2121	3.14159
2122	3.14159
2123	3.14159
2124	3.14159
2125	3.14159
2126	3.14159
2127	3.14159
2128	3.14159
2129	3.14159
2130	3.14159
2131	3.14159
2132	3.14159
2133	3.14159
2134	3.14159
2135	3.14159
2136	3.14159
2137	3.14159
2138	3.14159
2139	3.14159
2140	3.14159
2141	3.14159
2142	3.14159
2143	3.14159
2144	3.14159
2145	3.14159
2146	3.14159
2147	3.14159
2148	3.14159
2149	3.14159
2150	3.14159
2151	3.14159
2152	3.14159
2153	3.14159
2154	3.14159
2155	3.14159
2156	3.14159
2157	3.14159
2158	3.14159
2159	3.14159
2160	3.14159
2161	3.14159
2162	3.14159
2163	3.14159
2164	3.14159
2165	3.14159
2166	3.14159
2167	3.14159
2168	3.14159
2169	3.14159
2170	3.14159
2171	3.14159
2172	3.14159
2173	3.14159
2174	3.14159
2175	3.14159
2176	3.14159
2177	3.14159
2178	3.14159
2179	3.14159
2180	3.14159
2181	3.14159
2182	3.14159
2183	3.14159
2184	3.14159
2185	3.14159
2186	3.14159
2187	3.14159
2188	3.14159
2189	3.14159
2190	3.14159
2191	3.14159
2192	3.14159
2193	3.14159
2194	3.14159
2195	3.14159
2196	3.14159
2197	3.14159
2198	3.14159
2199	3.14159
2200	3.14159
2201	3.14159
2202	3.14159
2203	3.14159
2204	3.14159
2205	3.14159
2206	3.14159
2207	3.14159
2208	3.14159
2209	3.14159
2210	3.14159
2211	3.14159
2212	3.14159
2213	3.14159
2214	3.14159
2215	3.14159
2216	3.14159
2217	3.14159
2218	3.14159
2219	3.14159
2220	3.14159
2221	3.14159
2222	3.14159
2223	3.14159
2224	3.14159
2225	3.14159
2226	3.14159
2227	3.14159
2228	3.14159
2229	3.14159
2230	3.14159
2231	3.14159
2232	3.14159
2233	3.14159
2234	3.14159
2235	3.14159
2236	3.14159
2237	3.14159
2238	3.14159
2239	3.14159
2240	3.14159
2241	3.14159
2242	3.14159
2243	3.14159
2244	3.14159
2245	3.14159
2246	3.14159
2247	3.14159
2248	3.14159
2249	3.14159
2250	3.14159
2251	3.14159
2252	3.14159
2253	3.14159
2254	3.14159
2255	3.14159
2256	3.14159
2257	3.14159
2258	3.14159
2259	3.14159
2260	3.14159
2261	3.14159
2262	3.14159
2263	3.14159
2264	3.14159
2265	3.14159
2266	3.14159
2267	3.14159
2268	3.14159
2269	3.14159
2270	3.14159
2271	3.14159
2272	3.14159
2273	3.14159
2274	3.14159
2275	3.14159
2276	3.14159
2277	3.14159
2278	3.14159
2279	3.14159
2280	3.14159
2281	3.14159
2282	3.14159
2283	3.14159
2284	3.14159
2285	3.14159
2286	3.14159
2287	3.14159
2288	3.14159
2289	3.14159
2290	3.14159
2291	3.14159
2292	3.14159
2293	3.14159
2294	3.14159
2295	3.14159
2296	3.14159
2297	3.14159
2298	3.14159
2299	3.14159
2300	3.14159
2301	3.14159
2302	3.14159
2303	3.14159
2304	3.14159
2305	3.14159
2306	3.14159
2307	3.14159
2308	3.14159
2309	3.14159
2310	3.14159
2311	3.14159
2312	3.14159
2313	3.14159
2314	3.14159
2315	3.14159
2316	3.14159
2317	3.14159
2318	3.14159
2319	3.14159
2320	3.14159
2321	3.14159
2322	3.14159
2323	3.14159
2324	3.14159
2325	3.14159
2326	3.14159
2327	3.14159
2328	3.14159
2329	3.14159
2330	3.14159
2331	3.14159
2332	3.14159
2333	3.14159
2334	3.14159
2335	3.14159
2336	3.14159
2337	3.14159
2338	3.14159
2339	3.14159
2340	3.14159
2341	3.14159
2342	3.14159
2343	3.14159
2344	3.14159
2345	3.14159
2346	3.14159
2347	3.14159
2348	3.14159
2349	3.14159
2350	3.14159
2351	3.14159
2352	3.14159
2353	3.14159
2354	3.14159
2355	3.14159
2356	3.14159
2357	3.14159
2358	3.14159
2359	3.14159
2360	3.14159
2361	3.14159
2362	3.14159
2363	3.14159
2364	3.14159
2365	3.14159
2366	3.14159
2367	3.14159
2368	3.14159
2369	3.14159
2370	3.14159
2371	3.14159
2372	3.14159
2373	3.14159
2374	3.14159
2375	3.14159
2376	3.14159
2377	3.14159
2378	3.14159
2379	3.14159
2380	3.14159
2381	3.14159
2382	3.14159
2383	3.14159
2384	3.14159
2385	3.14159
2386	3.14159
2387	3.14159
2388	3.14159
2389	3.14159
2390	3.14159
2391	3.14159
2392	3.14159
2393	3.14159
2394	3.14159
2395	3.14159
2396	3.14159
2397	3.14159
2398	3.14159
2399	3.14159
