10	3.00749
20	3.02153
30	2.84326
40	3.03859
50	2.29201
60	2.08851
70	2.65909
80	2.97134
90	2.93583
100	2.50297
110	2.01972
120	1.28798
130	0.884218
140	0.556098
150	0.202194
160	0.254557
170	0.505142
180	0.668915
190	0.724627
200	0.613805
210	0.626508
220	0.695744
230	0.749042
240	0.814279
250	0.819769
260	0.86936
270	0.954621
280	1.02484
290	1.01907
300	0.902824
310	0.821035
320	0.73969
330	0.582491
340	0.447103
350	0.334085
360	0.250751
370	0.184693
380	0.137606
390	0.105935
400	0.0672819
410	0.00253712
420	0.0622059
430	0.145834
440	0.244388
450	0.342939
460	0.388739
470	0.387197
480	0.385658
490	0.384375
500	0.391942
510	0.399499
520	0.407056
530	0.414604
540	0.388486
550	0.360519
560	0.332554
570	0.304588
580	0.274873
590	0.232912
600	0.190956
610	0.149
620	0.107043
630	0.0650877
640	0.025589
650	0.00909091
660	0.0437716
670	0.0784523
680	0.113133
690	0.147813
700	0.182493
710	0.208113
720	0.208477
730	0.208848
740	0.20922
750	0.209592
760	0.209964
770	0.210336
780	0.210707
790	0.211076
800	0.197854
810	0.166019
820	0.134188
830	0.102357
840	0.0705271
850	0.038697
860	0.00686691
870	0.0249631
880	0.0567929
890	0.0886222
900	0.12045
910	0.150026
920	0.138432
930	0.126925
940	0.11542
950	0.103916
960	0.092411
970	0.0809066
980	0.0694022
990	0.0578979
1000	0.0463935
1010	0.0348892
1020	0.023385
1030	0.0118808
1040	0.000376697
1050	0.0111269
1060	0.0226249
1070	0.0227489
1080	0.0215493
1090	0.0203505
1100	0.0191519
1110	0.0179533
1120	0.0167548
1130	0.0155563
1140	0.0143578
1150	0.0131594
1160	0.0119609
1170	0.0107624
1180	0.00956398
1190	0.00836553
1200	0.00716707
1210	0.00596862
1220	0.00477017
1230	0.00357172
1240	0.00237328
1250	0.00117486
1260	2.35144e-05
1270	0.00122153
1280	0.00158709
1290	0.00155167
1300	0.00151646
1310	0.00148129
1320	0.00144613
1330	0.00141097
1340	0.00137581
1350	0.00134066
1360	0.00130551
1370	0.00127036
1380	0.00123521
1390	0.00120006
1400	0.00116491
1410	0.00112976
1420	0.00109461
1430	0.00105946
1440	0.00102431
1450	0.000989157
1460	0.000954008
1470	0.000918859
1480	0.00088371
1490	0.00084856
1500	0.000813411
1510	0.000778262
1520	0.000743113
1530	0.000707964
1540	0.000672816
1550	0.000637667
1560	0.000602519
1570	0.000567371
1580	0.000532226
1590	0.000497101
1600	0.00049177
1610	0.000491973
1620	0.000492169
1630	0.000492365
1640	0.000492559
1650	0.000492754
1660	0.000492948
1670	0.000493143
1680	0.000493337
1690	0.000493531
1700	0.000493726
1710	0.00049392
1720	0.000494114
1730	0.000494308
1740	0.000494503
1750	0.000494697
1760	0.000494891
1770	0.000495085
1780	0.000495279
1790	0.000495474
1800	0.000495668
1810	0.000495862
1820	0.000496056
1830	0.00049625
1840	0.000496445
1850	0.000496639
1860	0.000496833
1870	0.000497027
1880	0.000497221
1890	0.000497416
1900	0.00049761
1910	0.000497804
1920	0.000497998
1930	0.000498192
1940	0.000498386
1950	0.000498581
1960	0.000498775
1970	0.000498969
1980	0.000499163
1990	0.000499357
