20	2.8429
40	2.9264
60	1.7782
80	0.159274
100	0.749621
120	0.746758
140	0.910356
160	0.971097
180	0.472635
200	0.0981434
220	0.0228801
240	0.240095
260	0.483894
280	0.43504
300	0.294517
320	0.233086
340	0.106388
360	0.0929067
380	0.165993
400	0.205216
420	0.262342
440	0.190957
460	0.118179
480	0.0465233
500	0.0528724
520	0.111896
540	0.150914
560	0.152659
580	0.125637
600	0.0689706
620	0.00730797
640	0.0524892
660	0.0917694
680	0.107372
700	0.0986818
720	0.0651625
740	0.0171942
760	0.0251484
780	0.0629189
800	0.0882486
820	0.0670843
840	0.0459244
860	0.0138164
880	0.0269445
900	0.0677026
920	0.0673488
940	0.0300972
960	0.00715167
980	0.0429957
1000	0.030056
1020	0.0171731
1040	0.00429081
1060	0.00858734
1080	0.00710959
1100	0.00484369
1120	0.00257801
1140	0.000312414
1160	0.00164321
1180	0.00142788
1200	0.00121343
1220	0.000999016
1240	0.000784606
1260	0.000570207
1280	0.000431846
1300	0.000442619
1320	0.000453366
1340	0.000464111
1360	0.000474855
1380	0.000485599
1400	0.000496342
1420	0.000504178
1440	0.000503908
1460	0.000503641
1480	0.000503373
1500	0.000503106
1520	0.000502838
1540	0.000502571
1560	0.000502303
1580	0.000502036
1600	0.000501882
1620	0.000501885
1640	0.000501888
1660	0.000501891
1680	0.000501894
1700	0.000501897
1720	0.0005019
1740	0.000501903
1760	0.000501906
1780	0.000501909
1800	0.000501912
1820	0.000501915
1840	0.000501915
1860	0.000501915
1880	0.000501915
1900	0.000501915
1920	0.000501915
1940	0.000501915
1960	0.000501915
1980	0.000501915
