5	3.13089
10	3.12648
15	3.13589
20	2.91104
25	3.11325
30	3.10819
35	2.92277
40	2.86517
45	2.75431
50	3.1002
55	2.73033
60	2.44683
65	2.62288
70	2.93802
75	3.09524
80	2.96174
85	2.61949
90	2.34928
95	2.09996
100	1.97468
105	2.05363
110	2.06234
115	2.22278
120	2.46678
125	2.64281
130	2.73357
135	2.83924
140	2.9645
145	3.11485
150	3.0737
155	3.00093
160	2.90873
165	2.7927
170	2.71913
175	2.68912
180	2.58175
185	2.42935
190	2.25762
195	2.07018
200	1.87889
205	1.67323
210	1.46757
215	1.32948
220	1.2448
225	1.16011
230	1.06003
235	0.946153
240	0.832272
245	0.718349
250	0.602995
255	0.487642
260	0.372289
265	0.256933
270	0.127731
275	0.00222989
280	0.13219
285	0.262149
290	0.378744
295	0.401736
300	0.424766
305	0.447798
310	0.47083
315	0.493861
320	0.512971
325	0.524391
330	0.535812
335	0.547233
340	0.558654
345	0.570075
350	0.581496
355	0.59128
360	0.596503
365	0.601727
370	0.606952
375	0.612176
380	0.6174
385	0.622625
390	0.62785
395	0.633077
400	0.651248
405	0.687147
410	0.723041
415	0.758935
420	0.794829
425	0.830723
430	0.866616
435	0.90251
440	0.938403
445	0.974296
450	1.01019
455	1.04337
460	1.02701
465	1.01075
470	0.994503
475	0.978251
480	0.962
485	0.945749
490	0.929498
495	0.913247
500	0.896996
505	0.880745
510	0.864494
515	0.848242
520	0.831991
525	0.81574
530	0.799485
535	0.776852
540	0.753477
545	0.730102
550	0.706727
555	0.683352
560	0.659978
565	0.636603
570	0.613228
575	0.589853
580	0.566479
585	0.543104
590	0.519729
595	0.496354
600	0.47298
605	0.449605
610	0.42623
615	0.402855
620	0.379481
625	0.356106
630	0.332731
635	0.309357
640	0.286331
645	0.263472
650	0.240614
655	0.217755
660	0.194896
665	0.172038
670	0.149179
675	0.126321
680	0.103462
685	0.0806033
690	0.0577447
695	0.0348861
700	0.0120275
705	0.0108311
710	0.0336897
715	0.0565483
720	0.0794069
725	0.102265
730	0.125124
735	0.147983
740	0.170841
745	0.1937
750	0.216558
755	0.239417
760	0.262275
765	0.285134
770	0.307992
775	0.33085
780	0.353708
785	0.376565
790	0.39942
795	0.422257
800	0.418514
805	0.409834
810	0.401159
815	0.392485
820	0.383811
825	0.375138
830	0.366465
835	0.357792
840	0.349119
845	0.340446
850	0.331773
855	0.3231
860	0.314427
865	0.305754
870	0.297081
875	0.288408
880	0.279736
885	0.271063
890	0.26239
895	0.253717
900	0.245044
905	0.236371
910	0.227698
915	0.219025
920	0.210353
925	0.20168
930	0.193007
935	0.184334
940	0.175661
945	0.166988
950	0.158315
955	0.149642
960	0.14097
965	0.132297
970	0.123624
975	0.114951
980	0.106278
985	0.0976053
990	0.0889325
995	0.0802596
1000	0.0715868
1005	0.0629139
1010	0.0542411
1015	0.0455683
1020	0.0368955
1025	0.0282227
1030	0.0195499
1035	0.0108772
1040	0.00220456
1045	0.00646794
1050	0.0151401
1055	0.0238113
1060	0.0324768
1065	0.0340269
1070	0.0336938
1075	0.0333638
1080	0.0330346
1085	0.0327055
1090	0.0323766
1095	0.0320478
1100	0.0317189
1105	0.0313901
1110	0.0310613
1115	0.0307326
1120	0.0304038
1125	0.030075
1130	0.0297463
1135	0.0294175
1140	0.0290888
1145	0.0287601
1150	0.0284313
1155	0.0281026
1160	0.0277738
1165	0.0274451
1170	0.0271164
1175	0.0267876
1180	0.0264589
1185	0.0261302
1190	0.0258014
1195	0.0254727
1200	0.025144
1205	0.0248152
1210	0.0244865
1215	0.0241578
1220	0.023829
1225	0.0235003
1230	0.0231716
1235	0.0228429
1240	0.0225141
1245	0.0221854
1250	0.0218567
1255	0.0215279
1260	0.0211992
1265	0.0208705
1270	0.0205418
1275	0.020213
1280	0.0198843
1285	0.0195556
1290	0.0192268
1295	0.0188981
1300	0.0185694
1305	0.0182407
1310	0.0179119
1315	0.0175832
1320	0.0172545
1325	0.0169258
1330	0.016597
1335	0.0162683
1340	0.0159396
1345	0.0156108
1350	0.0152821
1355	0.0149534
1360	0.0146247
1365	0.0142959
1370	0.0139672
1375	0.0136385
1380	0.0133098
1385	0.012981
1390	0.0126523
1395	0.0123236
1400	0.0119949
1405	0.0116661
1410	0.0113374
1415	0.0110087
1420	0.0106799
1425	0.0103512
1430	0.0100225
1435	0.00969376
1440	0.00936504
1445	0.00903631
1450	0.00870758
1455	0.00837886
1460	0.00805013
1465	0.0077214
1470	0.00739268
1475	0.00706395
1480	0.00673522
1485	0.0064065
1490	0.00607777
1495	0.00574905
1500	0.00542032
1505	0.00509159
1510	0.00476287
1515	0.00443414
1520	0.00410542
1525	0.00377669
1530	0.00344797
1535	0.00311924
1540	0.00279052
1545	0.0024618
1550	0.00213308
1555	0.00180436
1560	0.00147564
1565	0.00114692
1570	0.000818213
1575	0.000489514
1580	0.000160837
1585	0.000167775
1590	0.000496173
1595	0.000599215
1600	0.000598446
1605	0.00059803
1610	0.000597676
1615	0.000597344
1620	0.000597023
1625	0.000596707
1630	0.000596394
1635	0.000596083
1640	0.000595774
1645	0.000595466
1650	0.000595158
1655	0.000594851
1660	0.000594545
1665	0.000594239
1670	0.000593933
1675	0.000593628
1680	0.000593322
1685	0.000593017
1690	0.000592712
1695	0.000592407
1700	0.000592102
1705	0.000591797
1710	0.000591493
1715	0.000591188
1720	0.000590884
1725	0.000590579
1730	0.000590275
1735	0.00058997
1740	0.000589666
1745	0.000589361
1750	0.000589057
1755	0.000588753
1760	0.000588448
1765	0.000588144
1770	0.00058784
1775	0.000587536
1780	0.000587231
1785	0.000586927
1790	0.000586623
1795	0.000586319
1800	0.000586015
1805	0.00058571
1810	0.000585406
1815	0.000585102
1820	0.000584798
1825	0.000584494
1830	0.00058419
1835	0.000583886
1840	0.000583582
1845	0.000583277
1850	0.000582973
1855	0.000582669
1860	0.000582365
1865	0.000582061
1870	0.000581757
1875	0.000581453
1880	0.000581149
1885	0.000580845
1890	0.000580541
1895	0.000580237
1900	0.000579933
1905	0.000579628
1910	0.000579324
1915	0.00057902
1920	0.000578716
1925	0.000578412
1930	0.000578108
1935	0.000577804
1940	0.0005775
1945	0.000577196
1950	0.000576892
1955	0.000576588
1960	0.000576284
1965	0.00057598
1970	0.000575676
1975	0.000575372
1980	0.000575068
1985	0.000574764
1990	0.00057446
1995	0.000574156
