5	3.12544
6	3.13899
7	3.10927
8	3.12543
9	3.1094
10	3.12543
11	3.13533
12	3.08597
13	3.07966
14	3.10568
15	3.10941
16	3.12543
17	3.09581
18	3.08594
19	3.09581
20	3.12543
21	3.10942
22	3.04029
23	3.10568
24	3.07981
25	3.07607
26	3.07981
27	3.08594
28	3.04033
29	3.13533
30	3.02672
31	3.06007
32	3.12543
33	3.02672
34	3.02059
35	3.10942
36	3.08594
37	2.99711
38	3.00085
39	3.07981
40	3.12543
41	3.04646
42	2.96751
43	2.97124
44	3.04033
45	3.10942
46	3.10568
47	3.03659
48	2.9675
49	2.90201
50	2.96138
51	3.0206
52	3.07981
53	3.139
54	3.08594
55	3.02672
56	2.9675
57	2.90829
58	2.86264
59	2.91203
60	2.96138
61	3.01073
62	3.06007
63	3.10942
64	3.12543
65	3.07607
66	3.02672
67	2.97737
68	2.92802
69	2.87868
70	2.82933
71	2.80344
72	2.84294
73	2.88242
74	2.9219
75	2.96138
76	3.00086
77	3.04033
78	3.07981
79	3.11928
80	3.12543
81	3.08594
82	3.04646
83	3.00698
84	2.9675
85	2.92802
86	2.88854
87	2.84907
88	2.80959
89	2.77011
90	2.73064
91	2.69475
92	2.7245
93	2.75412
94	2.78373
95	2.81333
96	2.84294
97	2.87255
98	2.90216
99	2.93177
100	2.96138
101	2.99099
102	3.0206
103	3.0502
104	3.07981
105	3.10942
106	3.139
107	3.11555
108	3.08594
109	3.05633
110	3.02672
111	2.99711
112	2.9675
113	2.93789
114	2.90828
115	2.87867
116	2.84906
117	2.81946
118	2.78985
119	2.76024
120	2.73063
121	2.70102
122	2.67141
123	2.6418
124	2.6122
125	2.58259
126	2.55298
127	2.52339
128	2.5271
129	2.54685
130	2.56659
131	2.58633
132	2.60607
133	2.62581
134	2.64555
135	2.66529
136	2.68503
137	2.70477
138	2.72451
139	2.74425
140	2.76399
141	2.78373
142	2.80347
143	2.82321
144	2.84294
145	2.86268
146	2.88242
147	2.90216
148	2.9219
149	2.94164
150	2.96138
151	2.98112
152	3.00086
153	3.0206
154	3.04034
155	3.06007
156	3.07981
157	3.09955
158	3.11928
159	3.139
160	3.12543
161	3.10568
162	3.08594
163	3.0662
164	3.04646
165	3.02672
166	3.00698
167	2.98724
168	2.9675
169	2.94776
170	2.92802
171	2.90828
172	2.88854
173	2.8688
174	2.84906
175	2.82933
176	2.80959
177	2.78985
178	2.77011
179	2.75037
180	2.73063
181	2.71089
182	2.69115
183	2.67141
184	2.65167
185	2.63193
186	2.61219
187	2.59246
188	2.57272
189	2.55298
190	2.53324
191	2.5135
192	2.49376
193	2.47402
194	2.45428
195	2.43454
196	2.4148
197	2.39506
198	2.37532
199	2.35559
200	2.33585
201	2.31611
202	2.29637
203	2.27663
204	2.25689
205	2.23715
206	2.21741
207	2.19767
208	2.17793
209	2.1582
210	2.13846
211	2.11873
212	2.09901
213	2.1027
214	2.11258
215	2.12246
216	2.13233
217	2.1422
218	2.15207
219	2.16194
220	2.17181
221	2.18168
222	2.19155
223	2.20142
224	2.21129
225	2.22116
226	2.23103
227	2.2409
228	2.25077
229	2.26064
230	2.27051
231	2.28038
232	2.29025
233	2.30012
234	2.30999
235	2.31986
236	2.32973
237	2.33959
238	2.34946
239	2.35933
240	2.3692
241	2.37907
242	2.38894
243	2.39881
244	2.40868
245	2.41855
246	2.42842
247	2.43829
248	2.44816
249	2.45803
250	2.4679
251	2.47777
252	2.48764
253	2.49751
254	2.50738
255	2.51725
256	2.52712
257	2.53699
258	2.54686
259	2.55673
260	2.5666
261	2.57647
262	2.58633
263	2.5962
264	2.60607
265	2.61594
266	2.62581
267	2.63568
268	2.64555
269	2.65542
270	2.66529
271	2.67516
272	2.68503
273	2.6949
274	2.70477
275	2.71464
276	2.72451
277	2.73438
278	2.74425
279	2.75412
280	2.76399
281	2.77386
282	2.78373
283	2.7936
284	2.80347
285	2.81334
286	2.82321
287	2.83307
288	2.84294
289	2.85281
290	2.86268
291	2.87255
292	2.88242
293	2.89229
294	2.90216
295	2.91203
296	2.9219
297	2.93177
298	2.94164
299	2.95151
300	2.96138
301	2.97125
302	2.98112
303	2.99099
304	3.00086
305	3.01073
306	3.0206
307	3.03047
308	3.04034
309	3.0502
310	3.06007
311	3.06994
312	3.07981
313	3.08968
314	3.09955
315	3.10942
316	3.11928
317	3.12915
318	3.139
319	3.13533
320	3.12543
321	3.11555
322	3.10568
323	3.09581
324	3.08594
325	3.07607
326	3.0662
327	3.05633
328	3.04646
329	3.03659
330	3.02672
331	3.01685
332	3.00698
333	2.99711
334	2.98724
335	2.97737
336	2.9675
337	2.95763
338	2.94776
339	2.93789
340	2.92802
341	2.91815
342	2.90828
343	2.89841
344	2.88854
345	2.87867
346	2.8688
347	2.85893
348	2.84906
349	2.8392
350	2.82933
351	2.81946
352	2.80959
353	2.79972
354	2.78985
355	2.77998
356	2.77011
357	2.76024
358	2.75037
359	2.7405
360	2.73063
361	2.72076
362	2.71089
363	2.70102
364	2.69115
365	2.68128
366	2.67141
367	2.66154
368	2.65167
369	2.6418
370	2.63193
371	2.62206
372	2.61219
373	2.60232
374	2.59246
375	2.58259
376	2.57272
377	2.56285
378	2.55298
379	2.54311
380	2.53324
381	2.52337
382	2.5135
383	2.50363
384	2.49376
385	2.48389
386	2.47402
387	2.46415
388	2.45428
389	2.44441
390	2.43454
391	2.42467
392	2.4148
393	2.40493
394	2.39506
395	2.38519
396	2.37532
397	2.36545
398	2.35559
399	2.34572
400	2.33585
401	2.32598
402	2.31611
403	2.30624
404	2.29637
405	2.2865
406	2.27663
407	2.26676
408	2.25689
409	2.24702
410	2.23715
411	2.22728
412	2.21741
413	2.20754
414	2.19767
415	2.1878
416	2.17793
417	2.16806
418	2.15819
419	2.14832
420	2.13845
421	2.12858
422	2.11871
423	2.10885
424	2.09898
425	2.08911
426	2.07924
427	2.06937
428	2.0595
429	2.04963
430	2.03976
431	2.02989
432	2.02002
433	2.01015
434	2.00028
435	1.99041
436	1.98054
437	1.97067
438	1.9608
439	1.95093
440	1.94106
441	1.93119
442	1.92132
443	1.91145
444	1.90158
445	1.89171
446	1.88184
447	1.87198
448	1.86211
449	1.85224
450	1.84237
451	1.8325
452	1.82263
453	1.81276
454	1.80289
455	1.79302
456	1.78315
457	1.77328
458	1.76341
459	1.75354
460	1.74367
461	1.7338
462	1.72393
463	1.71406
464	1.70419
465	1.69432
466	1.68445
467	1.67458
468	1.66471
469	1.65484
470	1.64497
471	1.6351
472	1.62524
473	1.61537
474	1.6055
475	1.59563
476	1.58576
477	1.57589
478	1.56602
479	1.55615
480	1.54628
481	1.53641
482	1.52654
483	1.51667
484	1.5068
485	1.49693
486	1.48706
487	1.47719
488	1.46732
489	1.45745
490	1.44758
491	1.43771
492	1.42784
493	1.41797
494	1.4081
495	1.39823
496	1.38837
497	1.3785
498	1.36863
499	1.35876
500	1.34889
501	1.33902
502	1.32915
503	1.31928
504	1.30941
505	1.29954
506	1.28967
507	1.2798
508	1.26993
509	1.26006
510	1.25019
511	1.24032
512	1.23045
513	1.22058
514	1.21071
515	1.20084
516	1.19097
517	1.1811
518	1.17123
519	1.16136
520	1.15149
521	1.14163
522	1.13176
523	1.12189
524	1.11202
525	1.10215
526	1.09228
527	1.08241
528	1.07254
529	1.06267
530	1.0528
531	1.04293
532	1.03306
533	1.02319
534	1.01332
535	1.00345
536	0.993581
537	0.983712
538	0.973842
539	0.963973
540	0.954103
541	0.944233
542	0.934364
543	0.924494
544	0.914625
545	0.904755
546	0.894886
547	0.885016
548	0.875146
549	0.865277
550	0.855407
551	0.845538
552	0.835668
553	0.825798
554	0.815929
555	0.806059
556	0.79619
557	0.78632
558	0.77645
559	0.766581
560	0.756711
561	0.746842
562	0.736972
563	0.727102
564	0.717233
565	0.707363
566	0.697494
567	0.687624
568	0.677755
569	0.667885
570	0.658015
571	0.648146
572	0.638276
573	0.628407
574	0.618537
575	0.608667
576	0.598798
577	0.588928
578	0.579059
579	0.569189
580	0.559319
581	0.54945
582	0.53958
583	0.529711
584	0.519841
585	0.509972
586	0.500102
587	0.490232
588	0.480363
589	0.470493
590	0.460624
591	0.450754
592	0.440884
593	0.431015
594	0.421145
595	0.411276
596	0.401406
597	0.391537
598	0.381667
599	0.371797
600	0.361928
601	0.352058
602	0.342189
603	0.332319
604	0.32245
605	0.31258
606	0.302711
607	0.292841
608	0.282971
609	0.273102
610	0.263232
611	0.253363
612	0.243493
613	0.233624
614	0.223754
615	0.213885
616	0.204015
617	0.194146
618	0.184276
619	0.174407
620	0.164537
621	0.154668
622	0.144799
623	0.134929
624	0.12506
625	0.115191
626	0.105322
627	0.0954524
628	0.0855834
629	0.0757145
630	0.0658459
631	0.0559775
632	0.0461097
633	0.0362427
634	0.0263773
635	0.0165155
636	0.00665789
637	0.000351738
638	0.000457988
639	0.00047795
640	0.000485859
641	0.000490032
642	0.000492596
643	0.000494324
644	0.000495565
645	0.000496499
646	0.000497225
647	0.000497806
648	0.00049828
649	0.000498674
650	0.000499006
651	0.00049929
652	0.000499535
653	0.000499749
654	0.000499936
655	0.000500102
656	0.00050025
657	0.000500382
658	0.000500501
659	0.000500608
660	0.000500706
661	0.000500795
662	0.000500876
663	0.000500951
664	0.000501019
665	0.000501083
666	0.000501141
667	0.000501195
668	0.000501246
669	0.000501293
670	0.000501336
671	0.000501377
672	0.000501415
673	0.000501451
674	0.000501485
675	0.000501516
676	0.000501546
677	0.000501574
678	0.0005016
679	0.000501625
680	0.000501649
681	0.000501671
682	0.000501692
683	0.000501712
684	0.000501731
685	0.000501749
686	0.000501767
687	0.000501783
688	0.000501799
689	0.000501813
690	0.000501827
691	0.000501841
692	0.000501854
693	0.000501866
694	0.000501878
695	0.000501889
696	0.000501899
697	0.00050191
698	0.000501919
699	0.000501929
700	0.000501938
701	0.000501946
702	0.000501955
703	0.000501963
704	0.00050197
705	0.000501977
706	0.000501984
707	0.000501991
708	0.000501998
709	0.000502004
710	0.00050201
711	0.000502015
712	0.000502021
713	0.000502026
714	0.000502031
715	0.000502036
716	0.000502041
717	0.000502045
718	0.00050205
719	0.000502054
720	0.000502058
721	0.000502062
722	0.000502065
723	0.000502069
724	0.000502073
725	0.000502076
726	0.000502079
727	0.000502082
728	0.000502085
729	0.000502088
730	0.000502091
731	0.000502093
732	0.000502096
733	0.000502099
734	0.000502101
735	0.000502103
736	0.000502105
737	0.000502108
738	0.00050211
739	0.000502112
740	0.000502113
741	0.000502115
742	0.000502117
743	0.000502119
744	0.00050212
745	0.000502122
746	0.000502123
747	0.000502125
748	0.000502126
749	0.000502128
750	0.000502129
751	0.00050213
752	0.000502131
753	0.000502133
754	0.000502134
755	0.000502135
756	0.000502136
757	0.000502137
758	0.000502138
759	0.000502139
760	0.000502139
761	0.00050214
762	0.000502141
763	0.000502142
764	0.000502142
765	0.000502143
766	0.000502144
767	0.000502144
768	0.000502145
769	0.000502146
770	0.000502146
771	0.000502147
772	0.000502147
773	0.000502148
774	0.000502148
775	0.000502148
776	0.000502149
777	0.000502149
778	0.00050215
779	0.00050215
780	0.00050215
781	0.00050215
782	0.000502151
783	0.000502151
784	0.000502151
785	0.000502151
786	0.000502152
787	0.000502152
788	0.000502152
789	0.000502152
790	0.000502152
791	0.000502152
792	0.000502152
793	0.000502152
794	0.000502153
795	0.000502153
796	0.000502153
797	0.000502153
798	0.000502153
799	0.000502153
800	0.000502153
801	0.000502153
802	0.000502153
803	0.000502153
804	0.000502153
805	0.000502152
806	0.000502152
807	0.000502152
808	0.000502152
809	0.000502152
810	0.000502152
811	0.000502152
812	0.000502152
813	0.000502152
814	0.000502151
815	0.000502151
816	0.000502151
817	0.000502151
818	0.000502151
819	0.000502151
820	0.000502151
821	0.00050215
822	0.00050215
823	0.00050215
824	0.00050215
825	0.000502149
826	0.000502149
827	0.000502149
828	0.000502149
829	0.000502149
830	0.000502148
831	0.000502148
832	0.000502148
833	0.000502148
834	0.000502147
835	0.000502147
836	0.000502147
837	0.000502147
838	0.000502146
839	0.000502146
840	0.000502146
841	0.000502145
842	0.000502145
843	0.000502145
844	0.000502145
845	0.000502144
846	0.000502144
847	0.000502144
848	0.000502143
849	0.000502143
850	0.000502143
851	0.000502142
852	0.000502142
853	0.000502142
854	0.000502141
855	0.000502141
856	0.000502141
857	0.00050214
858	0.00050214
859	0.00050214
860	0.000502139
861	0.000502139
862	0.000502139
863	0.000502138
864	0.000502138
865	0.000502138
866	0.000502137
867	0.000502137
868	0.000502137
869	0.000502136
870	0.000502136
871	0.000502136
872	0.000502135
873	0.000502135
874	0.000502134
875	0.000502134
876	0.000502134
877	0.000502133
878	0.000502133
879	0.000502133
880	0.000502132
881	0.000502132
882	0.000502132
883	0.000502131
884	0.000502131
885	0.00050213
886	0.00050213
887	0.00050213
888	0.000502129
889	0.000502129
890	0.000502129
891	0.000502128
892	0.000502128
893	0.000502127
894	0.000502127
895	0.000502127
896	0.000502126
897	0.000502126
898	0.000502126
899	0.000502125
900	0.000502125
901	0.000502124
902	0.000502124
903	0.000502124
904	0.000502123
905	0.000502123
906	0.000502122
907	0.000502122
908	0.000502122
909	0.000502121
910	0.000502121
911	0.000502121
912	0.00050212
913	0.00050212
914	0.000502119
915	0.000502119
916	0.000502119
917	0.000502118
918	0.000502118
919	0.000502118
920	0.000502117
921	0.000502117
922	0.000502116
923	0.000502116
924	0.000502116
925	0.000502115
926	0.000502115
927	0.000502115
928	0.000502114
929	0.000502114
930	0.000502113
931	0.000502113
932	0.000502113
933	0.000502112
934	0.000502112
935	0.000502112
936	0.000502111
937	0.000502111
938	0.00050211
939	0.00050211
940	0.00050211
941	0.000502109
942	0.000502109
943	0.000502109
944	0.000502108
945	0.000502108
946	0.000502107
947	0.000502107
948	0.000502107
949	0.000502106
950	0.000502106
951	0.000502106
952	0.000502105
953	0.000502105
954	0.000502104
955	0.000502104
956	0.000502104
957	0.000502103
958	0.000502103
959	0.000502103
960	0.000502102
961	0.000502102
962	0.000502102
963	0.000502101
964	0.000502101
965	0.000502101
966	0.0005021
967	0.0005021
968	0.000502099
969	0.000502099
970	0.000502099
971	0.000502098
972	0.000502098
973	0.000502098
974	0.000502097
975	0.000502097
976	0.000502097
977	0.000502096
978	0.000502096
979	0.000502096
980	0.000502095
981	0.000502095
982	0.000502095
983	0.000502094
984	0.000502094
985	0.000502093
986	0.000502093
987	0.000502093
988	0.000502092
989	0.000502092
990	0.000502092
991	0.000502091
992	0.000502091
993	0.000502091
994	0.00050209
995	0.00050209
996	0.00050209
997	0.000502089
998	0.000502089
999	0.000502089
1000	0.000502088
1001	0.000502088
1002	0.000502088
1003	0.000502087
1004	0.000502087
1005	0.000502087
1006	0.000502086
1007	0.000502086
1008	0.000502086
1009	0.000502085
1010	0.000502085
1011	0.000502085
1012	0.000502084
1013	0.000502084
1014	0.000502084
1015	0.000502083
1016	0.000502083
1017	0.000502083
1018	0.000502082
1019	0.000502082
1020	0.000502082
1021	0.000502081
1022	0.000502081
1023	0.000502081
1024	0.000502081
1025	0.00050208
1026	0.00050208
1027	0.00050208
1028	0.000502079
1029	0.000502079
1030	0.000502079
1031	0.000502078
1032	0.000502078
1033	0.000502078
1034	0.000502077
1035	0.000502077
1036	0.000502077
1037	0.000502076
1038	0.000502076
1039	0.000502076
1040	0.000502076
1041	0.000502075
1042	0.000502075
1043	0.000502075
1044	0.000502074
1045	0.000502074
1046	0.000502074
1047	0.000502073
1048	0.000502073
1049	0.000502073
1050	0.000502073
1051	0.000502072
1052	0.000502072
1053	0.000502072
1054	0.000502071
1055	0.000502071
1056	0.000502071
1057	0.00050207
1058	0.00050207
1059	0.00050207
1060	0.00050207
1061	0.000502069
1062	0.000502069
1063	0.000502069
1064	0.000502068
1065	0.000502068
1066	0.000502068
1067	0.000502068
1068	0.000502067
1069	0.000502067
1070	0.000502067
1071	0.000502066
1072	0.000502066
1073	0.000502066
1074	0.000502066
1075	0.000502065
1076	0.000502065
1077	0.000502065
1078	0.000502064
1079	0.000502064
1080	0.000502064
1081	0.000502064
1082	0.000502063
1083	0.000502063
1084	0.000502063
1085	0.000502062
1086	0.000502062
1087	0.000502062
1088	0.000502062
1089	0.000502061
1090	0.000502061
1091	0.000502061
1092	0.000502061
1093	0.00050206
1094	0.00050206
1095	0.00050206
1096	0.00050206
1097	0.000502059
1098	0.000502059
1099	0.000502059
1100	0.000502058
1101	0.000502058
1102	0.000502058
1103	0.000502058
1104	0.000502057
1105	0.000502057
1106	0.000502057
1107	0.000502057
1108	0.000502056
1109	0.000502056
1110	0.000502056
1111	0.000502056
1112	0.000502055
1113	0.000502055
1114	0.000502055
1115	0.000502055
1116	0.000502054
1117	0.000502054
1118	0.000502054
1119	0.000502054
1120	0.000502053
1121	0.000502053
1122	0.000502053
1123	0.000502053
1124	0.000502052
1125	0.000502052
1126	0.000502052
1127	0.000502052
1128	0.000502051
1129	0.000502051
1130	0.000502051
1131	0.000502051
1132	0.00050205
1133	0.00050205
1134	0.00050205
1135	0.00050205
1136	0.000502049
1137	0.000502049
1138	0.000502049
1139	0.000502049
1140	0.000502048
1141	0.000502048
1142	0.000502048
1143	0.000502048
1144	0.000502047
1145	0.000502047
1146	0.000502047
1147	0.000502047
1148	0.000502046
1149	0.000502046
1150	0.000502046
1151	0.000502046
1152	0.000502046
1153	0.000502045
1154	0.000502045
1155	0.000502045
1156	0.000502045
1157	0.000502044
1158	0.000502044
1159	0.000502044
1160	0.000502044
1161	0.000502043
1162	0.000502043
1163	0.000502043
1164	0.000502043
1165	0.000502043
1166	0.000502042
1167	0.000502042
1168	0.000502042
1169	0.000502042
1170	0.000502041
1171	0.000502041
1172	0.000502041
1173	0.000502041
1174	0.000502041
1175	0.00050204
1176	0.00050204
1177	0.00050204
1178	0.00050204
1179	0.000502039
1180	0.000502039
1181	0.000502039
1182	0.000502039
1183	0.000502039
1184	0.000502038
1185	0.000502038
1186	0.000502038
1187	0.000502038
1188	0.000502038
1189	0.000502037
1190	0.000502037
1191	0.000502037
1192	0.000502037
1193	0.000502037
1194	0.000502036
1195	0.000502036
1196	0.000502036
1197	0.000502036
1198	0.000502035
1199	0.000502035
1200	0.000502035
1201	0.000502035
1202	0.000502035
1203	0.000502034
1204	0.000502034
1205	0.000502034
1206	0.000502034
1207	0.000502034
1208	0.000502033
1209	0.000502033
1210	0.000502033
1211	0.000502033
1212	0.000502033
1213	0.000502032
1214	0.000502032
1215	0.000502032
1216	0.000502032
1217	0.000502032
1218	0.000502031
1219	0.000502031
1220	0.000502031
1221	0.000502031
1222	0.000502031
1223	0.00050203
1224	0.00050203
1225	0.00050203
1226	0.00050203
1227	0.00050203
1228	0.000502029
1229	0.000502029
1230	0.000502029
1231	0.000502029
1232	0.000502029
1233	0.000502029
1234	0.000502028
1235	0.000502028
1236	0.000502028
1237	0.000502028
1238	0.000502028
1239	0.000502027
1240	0.000502027
1241	0.000502027
1242	0.000502027
1243	0.000502027
1244	0.000502026
1245	0.000502026
1246	0.000502026
1247	0.000502026
1248	0.000502026
1249	0.000502026
1250	0.000502025
1251	0.000502025
1252	0.000502025
1253	0.000502025
1254	0.000502025
1255	0.000502024
1256	0.000502024
1257	0.000502024
1258	0.000502024
1259	0.000502024
1260	0.000502024
1261	0.000502023
1262	0.000502023
1263	0.000502023
1264	0.000502023
1265	0.000502023
1266	0.000502023
1267	0.000502022
1268	0.000502022
1269	0.000502022
1270	0.000502022
1271	0.000502022
1272	0.000502021
1273	0.000502021
1274	0.000502021
1275	0.000502021
1276	0.000502021
1277	0.000502021
1278	0.00050202
1279	0.00050202
1280	0.00050202
1281	0.00050202
1282	0.00050202
1283	0.00050202
1284	0.000502019
1285	0.000502019
1286	0.000502019
1287	0.000502019
1288	0.000502019
1289	0.000502019
1290	0.000502018
1291	0.000502018
1292	0.000502018
1293	0.000502018
1294	0.000502018
1295	0.000502018
1296	0.000502017
1297	0.000502017
1298	0.000502017
1299	0.000502017
1300	0.000502017
1301	0.000502017
1302	0.000502016
1303	0.000502016
1304	0.000502016
1305	0.000502016
1306	0.000502016
1307	0.000502016
1308	0.000502015
1309	0.000502015
1310	0.000502015
1311	0.000502015
1312	0.000502015
1313	0.000502015
1314	0.000502015
1315	0.000502014
1316	0.000502014
1317	0.000502014
1318	0.000502014
1319	0.000502014
1320	0.000502014
1321	0.000502013
1322	0.000502013
1323	0.000502013
1324	0.000502013
1325	0.000502013
1326	0.000502013
1327	0.000502013
1328	0.000502012
1329	0.000502012
1330	0.000502012
1331	0.000502012
1332	0.000502012
1333	0.000502012
1334	0.000502011
1335	0.000502011
1336	0.000502011
1337	0.000502011
1338	0.000502011
1339	0.000502011
1340	0.000502011
1341	0.00050201
1342	0.00050201
1343	0.00050201
1344	0.00050201
1345	0.00050201
1346	0.00050201
1347	0.00050201
1348	0.000502009
1349	0.000502009
1350	0.000502009
1351	0.000502009
1352	0.000502009
1353	0.000502009
1354	0.000502009
1355	0.000502008
1356	0.000502008
1357	0.000502008
1358	0.000502008
1359	0.000502008
1360	0.000502008
1361	0.000502008
1362	0.000502007
1363	0.000502007
1364	0.000502007
1365	0.000502007
1366	0.000502007
1367	0.000502007
1368	0.000502007
1369	0.000502006
1370	0.000502006
1371	0.000502006
1372	0.000502006
1373	0.000502006
1374	0.000502006
1375	0.000502006
1376	0.000502005
1377	0.000502005
1378	0.000502005
1379	0.000502005
1380	0.000502005
1381	0.000502005
1382	0.000502005
1383	0.000502005
1384	0.000502004
1385	0.000502004
1386	0.000502004
1387	0.000502004
1388	0.000502004
1389	0.000502004
1390	0.000502004
1391	0.000502003
1392	0.000502003
1393	0.000502003
1394	0.000502003
1395	0.000502003
1396	0.000502003
1397	0.000502003
1398	0.000502003
1399	0.000502002
1400	0.000502002
1401	0.000502002
1402	0.000502002
1403	0.000502002
1404	0.000502002
1405	0.000502002
1406	0.000502002
1407	0.000502001
1408	0.000502001
1409	0.000502001
1410	0.000502001
1411	0.000502001
1412	0.000502001
1413	0.000502001
1414	0.000502001
1415	0.000502
1416	0.000502
1417	0.000502
1418	0.000502
1419	0.000502
1420	0.000502
1421	0.000502
1422	0.000502
1423	0.000501999
1424	0.000501999
1425	0.000501999
1426	0.000501999
1427	0.000501999
1428	0.000501999
1429	0.000501999
1430	0.000501999
1431	0.000501998
1432	0.000501998
1433	0.000501998
1434	0.000501998
1435	0.000501998
1436	0.000501998
1437	0.000501998
1438	0.000501998
1439	0.000501997
1440	0.000501997
1441	0.000501997
1442	0.000501997
1443	0.000501997
1444	0.000501997
1445	0.000501997
1446	0.000501997
1447	0.000501997
1448	0.000501996
1449	0.000501996
1450	0.000501996
1451	0.000501996
1452	0.000501996
1453	0.000501996
1454	0.000501996
1455	0.000501996
1456	0.000501995
1457	0.000501995
1458	0.000501995
1459	0.000501995
1460	0.000501995
1461	0.000501995
1462	0.000501995
1463	0.000501995
1464	0.000501995
1465	0.000501994
1466	0.000501994
1467	0.000501994
1468	0.000501994
1469	0.000501994
1470	0.000501994
1471	0.000501994
1472	0.000501994
1473	0.000501994
1474	0.000501993
1475	0.000501993
1476	0.000501993
1477	0.000501993
1478	0.000501993
1479	0.000501993
1480	0.000501993
1481	0.000501993
1482	0.000501993
1483	0.000501992
1484	0.000501992
1485	0.000501992
1486	0.000501992
1487	0.000501992
1488	0.000501992
1489	0.000501992
1490	0.000501992
1491	0.000501992
1492	0.000501992
1493	0.000501991
1494	0.000501991
1495	0.000501991
1496	0.000501991
1497	0.000501991
1498	0.000501991
1499	0.000501991
1500	0.000501991
1501	0.000501991
1502	0.00050199
1503	0.00050199
1504	0.00050199
1505	0.00050199
1506	0.00050199
1507	0.00050199
1508	0.00050199
1509	0.00050199
1510	0.00050199
1511	0.00050199
1512	0.000501989
1513	0.000501989
1514	0.000501989
1515	0.000501989
1516	0.000501989
1517	0.000501989
1518	0.000501989
1519	0.000501989
1520	0.000501989
1521	0.000501989
1522	0.000501988
1523	0.000501988
1524	0.000501988
1525	0.000501988
1526	0.000501988
1527	0.000501988
1528	0.000501988
1529	0.000501988
1530	0.000501988
1531	0.000501988
1532	0.000501987
1533	0.000501987
1534	0.000501987
1535	0.000501987
1536	0.000501987
1537	0.000501987
1538	0.000501987
1539	0.000501987
1540	0.000501987
1541	0.000501987
1542	0.000501986
1543	0.000501986
1544	0.000501986
1545	0.000501986
1546	0.000501986
1547	0.000501986
1548	0.000501986
1549	0.000501986
1550	0.000501986
1551	0.000501986
1552	0.000501986
1553	0.000501985
1554	0.000501985
1555	0.000501985
1556	0.000501985
1557	0.000501985
1558	0.000501985
1559	0.000501985
1560	0.000501985
1561	0.000501985
1562	0.000501985
1563	0.000501985
1564	0.000501984
1565	0.000501984
1566	0.000501984
1567	0.000501984
1568	0.000501984
1569	0.000501984
1570	0.000501984
1571	0.000501984
1572	0.000501984
1573	0.000501984
1574	0.000501984
1575	0.000501983
1576	0.000501983
1577	0.000501983
1578	0.000501983
1579	0.000501983
1580	0.000501983
1581	0.000501983
1582	0.000501983
1583	0.000501983
1584	0.000501983
1585	0.000501983
1586	0.000501982
1587	0.000501982
1588	0.000501982
1589	0.000501982
1590	0.000501982
1591	0.000501982
1592	0.000501982
1593	0.000501982
1594	0.000501982
1595	0.000501982
1596	0.000501982
1597	0.000501981
1598	0.000501981
1599	0.000501981
1600	0.000501981
1601	0.000501981
1602	0.000501981
1603	0.000501981
1604	0.000501981
1605	0.000501981
1606	0.000501981
1607	0.000501981
1608	0.000501981
1609	0.00050198
1610	0.00050198
1611	0.00050198
1612	0.00050198
1613	0.00050198
1614	0.00050198
1615	0.00050198
1616	0.00050198
1617	0.00050198
1618	0.00050198
1619	0.00050198
1620	0.00050198
1621	0.000501979
1622	0.000501979
1623	0.000501979
1624	0.000501979
1625	0.000501979
1626	0.000501979
1627	0.000501979
1628	0.000501979
1629	0.000501979
1630	0.000501979
1631	0.000501979
1632	0.000501979
1633	0.000501978
1634	0.000501978
1635	0.000501978
1636	0.000501978
1637	0.000501978
1638	0.000501978
1639	0.000501978
1640	0.000501978
1641	0.000501978
1642	0.000501978
1643	0.000501978
1644	0.000501978
1645	0.000501978
1646	0.000501977
1647	0.000501977
1648	0.000501977
1649	0.000501977
1650	0.000501977
1651	0.000501977
1652	0.000501977
1653	0.000501977
1654	0.000501977
1655	0.000501977
1656	0.000501977
1657	0.000501977
1658	0.000501977
1659	0.000501976
1660	0.000501976
1661	0.000501976
1662	0.000501976
1663	0.000501976
1664	0.000501976
1665	0.000501976
1666	0.000501976
1667	0.000501976
1668	0.000501976
1669	0.000501976
1670	0.000501976
1671	0.000501976
1672	0.000501975
1673	0.000501975
1674	0.000501975
1675	0.000501975
1676	0.000501975
1677	0.000501975
1678	0.000501975
1679	0.000501975
1680	0.000501975
1681	0.000501975
1682	0.000501975
1683	0.000501975
1684	0.000501975
1685	0.000501975
1686	0.000501974
1687	0.000501974
1688	0.000501974
1689	0.000501974
1690	0.000501974
1691	0.000501974
1692	0.000501974
1693	0.000501974
1694	0.000501974
1695	0.000501974
1696	0.000501974
1697	0.000501974
1698	0.000501974
1699	0.000501974
1700	0.000501973
1701	0.000501973
1702	0.000501973
1703	0.000501973
1704	0.000501973
1705	0.000501973
1706	0.000501973
1707	0.000501973
1708	0.000501973
1709	0.000501973
1710	0.000501973
1711	0.000501973
1712	0.000501973
1713	0.000501973
1714	0.000501972
1715	0.000501972
1716	0.000501972
1717	0.000501972
1718	0.000501972
1719	0.000501972
1720	0.000501972
1721	0.000501972
1722	0.000501972
1723	0.000501972
1724	0.000501972
1725	0.000501972
1726	0.000501972
1727	0.000501972
1728	0.000501971
1729	0.000501971
1730	0.000501971
1731	0.000501971
1732	0.000501971
1733	0.000501971
1734	0.000501971
1735	0.000501971
1736	0.000501971
1737	0.000501971
1738	0.000501971
1739	0.000501971
1740	0.000501971
1741	0.000501971
1742	0.000501971
1743	0.00050197
1744	0.00050197
1745	0.00050197
1746	0.00050197
1747	0.00050197
1748	0.00050197
1749	0.00050197
1750	0.00050197
1751	0.00050197
1752	0.00050197
1753	0.00050197
1754	0.00050197
1755	0.00050197
1756	0.00050197
1757	0.00050197
1758	0.00050197
1759	0.000501969
1760	0.000501969
1761	0.000501969
1762	0.000501969
1763	0.000501969
1764	0.000501969
1765	0.000501969
1766	0.000501969
1767	0.000501969
1768	0.000501969
1769	0.000501969
1770	0.000501969
1771	0.000501969
1772	0.000501969
1773	0.000501969
1774	0.000501969
1775	0.000501968
1776	0.000501968
1777	0.000501968
1778	0.000501968
1779	0.000501968
1780	0.000501968
1781	0.000501968
1782	0.000501968
1783	0.000501968
1784	0.000501968
1785	0.000501968
1786	0.000501968
1787	0.000501968
1788	0.000501968
1789	0.000501968
1790	0.000501968
1791	0.000501967
1792	0.000501967
1793	0.000501967
1794	0.000501967
1795	0.000501967
1796	0.000501967
1797	0.000501967
1798	0.000501967
1799	0.000501967
1800	0.000501967
1801	0.000501967
1802	0.000501967
1803	0.000501967
1804	0.000501967
1805	0.000501967
1806	0.000501967
1807	0.000501967
1808	0.000501966
1809	0.000501966
1810	0.000501966
1811	0.000501966
1812	0.000501966
1813	0.000501966
1814	0.000501966
1815	0.000501966
1816	0.000501966
1817	0.000501966
1818	0.000501966
1819	0.000501966
1820	0.000501966
1821	0.000501966
1822	0.000501966
1823	0.000501966
1824	0.000501966
1825	0.000501965
1826	0.000501965
1827	0.000501965
1828	0.000501965
1829	0.000501965
1830	0.000501965
1831	0.000501965
1832	0.000501965
1833	0.000501965
1834	0.000501965
1835	0.000501965
1836	0.000501965
1837	0.000501965
1838	0.000501965
1839	0.000501965
1840	0.000501965
1841	0.000501965
1842	0.000501965
1843	0.000501964
1844	0.000501964
1845	0.000501964
1846	0.000501964
1847	0.000501964
1848	0.000501964
1849	0.000501964
1850	0.000501964
1851	0.000501964
1852	0.000501964
1853	0.000501964
1854	0.000501964
1855	0.000501964
1856	0.000501964
1857	0.000501964
1858	0.000501964
1859	0.000501964
1860	0.000501964
1861	0.000501963
1862	0.000501963
1863	0.000501963
1864	0.000501963
1865	0.000501963
1866	0.000501963
1867	0.000501963
1868	0.000501963
1869	0.000501963
1870	0.000501963
1871	0.000501963
1872	0.000501963
1873	0.000501963
1874	0.000501963
1875	0.000501963
1876	0.000501963
1877	0.000501963
1878	0.000501963
1879	0.000501963
1880	0.000501962
1881	0.000501962
1882	0.000501962
1883	0.000501962
1884	0.000501962
1885	0.000501962
1886	0.000501962
1887	0.000501962
1888	0.000501962
1889	0.000501962
1890	0.000501962
1891	0.000501962
1892	0.000501962
1893	0.000501962
1894	0.000501962
1895	0.000501962
1896	0.000501962
1897	0.000501962
1898	0.000501962
1899	0.000501962
1900	0.000501961
1901	0.000501961
1902	0.000501961
1903	0.000501961
1904	0.000501961
1905	0.000501961
1906	0.000501961
1907	0.000501961
1908	0.000501961
1909	0.000501961
1910	0.000501961
1911	0.000501961
1912	0.000501961
1913	0.000501961
1914	0.000501961
1915	0.000501961
1916	0.000501961
1917	0.000501961
1918	0.000501961
1919	0.000501961
1920	0.00050196
1921	0.00050196
1922	0.00050196
1923	0.00050196
1924	0.00050196
1925	0.00050196
1926	0.00050196
1927	0.00050196
1928	0.00050196
1929	0.00050196
1930	0.00050196
1931	0.00050196
1932	0.00050196
1933	0.00050196
1934	0.00050196
1935	0.00050196
1936	0.00050196
1937	0.00050196
1938	0.00050196
1939	0.00050196
1940	0.00050196
1941	0.000501959
1942	0.000501959
1943	0.000501959
1944	0.000501959
1945	0.000501959
1946	0.000501959
1947	0.000501959
1948	0.000501959
1949	0.000501959
1950	0.000501959
1951	0.000501959
1952	0.000501959
1953	0.000501959
1954	0.000501959
1955	0.000501959
1956	0.000501959
1957	0.000501959
1958	0.000501959
1959	0.000501959
1960	0.000501959
1961	0.000501959
1962	0.000501958
1963	0.000501958
1964	0.000501958
1965	0.000501958
1966	0.000501958
1967	0.000501958
1968	0.000501958
1969	0.000501958
1970	0.000501958
1971	0.000501958
1972	0.000501958
1973	0.000501958
1974	0.000501958
1975	0.000501958
1976	0.000501958
1977	0.000501958
1978	0.000501958
1979	0.000501958
1980	0.000501958
1981	0.000501958
1982	0.000501958
1983	0.000501958
1984	0.000501957
1985	0.000501957
1986	0.000501957
1987	0.000501957
1988	0.000501957
1989	0.000501957
1990	0.000501957
1991	0.000501957
1992	0.000501957
1993	0.000501957
1994	0.000501957
1995	0.000501957
1996	0.000501957
1997	0.000501957
1998	0.000501957
1999	0.000501957
