5	3.1366
6	3.13925
7	3.14041
8	3.13242
9	3.13343
10	3.13102
11	3.13614
12	3.13912
13	3.14039
14	3.12484
15	3.12381
16	3.12892
17	3.12132
18	3.12141
19	3.11863
20	3.12823
21	3.1197
22	3.13573
23	3.11735
24	3.11255
25	3.11139
26	3.11003
27	3.10959
28	3.11526
29	3.13564
30	3.11661
31	3.10403
32	3.12718
33	3.10844
34	3.10857
35	3.11558
36	3.10368
37	3.11222
38	3.10722
39	3.09995
40	3.12683
41	3.09165
42	3.11456
43	3.10879
44	3.08801
45	3.11421
46	3.11151
47	3.08457
48	3.09618
49	3.14037
50	3.09373
51	3.07924
52	3.09492
53	3.13902
54	3.09777
55	3.07575
56	3.0778
57	3.10262
58	3.13548
59	3.09381
60	3.07167
61	3.06805
62	3.08205
63	3.11284
64	3.1263
65	3.08965
66	3.06758
67	3.05943
68	3.06458
69	3.08245
70	3.1125
71	3.13076
72	3.09481
73	3.06959
74	3.05467
75	3.04961
76	3.05404
77	3.06758
78	3.08988
79	3.12061
80	3.12613
81	3.09382
82	3.06906
83	3.05155
84	3.04103
85	3.03727
86	3.04002
87	3.04906
88	3.06417
89	3.08516
90	3.11182
91	3.14037
92	3.1086
93	3.0821
94	3.06058
95	3.04388
96	3.03184
97	3.02432
98	3.02119
99	3.02231
100	3.02755
101	3.03679
102	3.04992
103	3.06681
104	3.08737
105	3.11147
106	3.13901
107	3.11688
108	3.09185
109	3.07
110	3.05124
111	3.03548
112	3.02265
113	3.01266
114	3.00545
115	3.00094
116	2.99906
117	2.99974
118	3.00292
119	3.00854
120	3.01652
121	3.02683
122	3.03939
123	3.05415
124	3.07106
125	3.09007
126	3.11113
127	3.13417
128	3.12587
129	3.10343
130	3.08286
131	3.06412
132	3.04715
133	3.03193
134	3.0184
135	3.00654
136	2.9963
137	2.98765
138	2.98056
139	2.975
140	2.97092
141	2.9683
142	2.9671
143	2.9673
144	2.96887
145	2.97179
146	2.97601
147	2.98152
148	2.98828
149	2.99628
150	3.00549
151	3.01589
152	3.02745
153	3.04014
154	3.05396
155	3.06887
156	3.08485
157	3.10188
158	3.11995
159	3.13901
160	3.12578
161	3.10735
162	3.08988
163	3.07336
164	3.05776
165	3.04306
166	3.02926
167	3.01633
168	3.00427
169	2.99304
170	2.98265
171	2.97306
172	2.96428
173	2.95629
174	2.94906
175	2.9426
176	2.93688
177	2.9319
178	2.92763
179	2.92408
180	2.92123
181	2.91906
182	2.91756
183	2.91673
184	2.91655
185	2.91701
186	2.91811
187	2.91982
188	2.92215
189	2.92508
190	2.92861
191	2.93271
192	2.93739
193	2.94264
194	2.94844
195	2.95479
196	2.96168
197	2.9691
198	2.97704
199	2.9855
200	2.99447
201	3.00393
202	3.01389
203	3.02433
204	3.03526
205	3.04665
206	3.05851
207	3.07082
208	3.08359
209	3.0968
210	3.11045
211	3.12452
212	3.139
213	3.1305
214	3.11622
215	3.10235
216	3.0889
217	3.07583
218	3.06316
219	3.05088
220	3.03898
221	3.02745
222	3.01629
223	3.0055
224	2.99507
225	2.985
226	2.97528
227	2.9659
228	2.95687
229	2.94817
230	2.93981
231	2.93177
232	2.92406
233	2.91667
234	2.9096
235	2.90284
236	2.89638
237	2.89024
238	2.88439
239	2.87884
240	2.87358
241	2.86861
242	2.86392
243	2.85952
244	2.8554
245	2.85155
246	2.84798
247	2.84467
248	2.84163
249	2.83885
250	2.83633
251	2.83407
252	2.83206
253	2.8303
254	2.82878
255	2.82751
256	2.82648
257	2.82569
258	2.82514
259	2.82482
260	2.82473
261	2.82486
262	2.82522
263	2.82581
264	2.82661
265	2.82763
266	2.82887
267	2.83032
268	2.83198
269	2.83384
270	2.83591
271	2.83819
272	2.84067
273	2.84334
274	2.84621
275	2.84928
276	2.85254
277	2.85599
278	2.85962
279	2.86344
280	2.86745
281	2.87164
282	2.87601
283	2.88056
284	2.88528
285	2.89018
286	2.89525
287	2.9005
288	2.90591
289	2.91149
290	2.91723
291	2.92314
292	2.92922
293	2.93545
294	2.94184
295	2.94839
296	2.95509
297	2.96195
298	2.96896
299	2.97612
300	2.98344
301	2.9909
302	2.9985
303	3.00626
304	3.01415
305	3.02219
306	3.03037
307	3.03869
308	3.04715
309	3.05574
310	3.06447
311	3.07333
312	3.08233
313	3.09146
314	3.10072
315	3.1101
316	3.11962
317	3.12925
318	3.139
319	3.13536
320	3.1256
321	3.116
322	3.10651
323	3.09715
324	3.08791
325	3.07879
326	3.06978
327	3.06089
328	3.05211
329	3.04344
330	3.03489
331	3.02645
332	3.01812
333	3.0099
334	3.00179
335	2.99378
336	2.98588
337	2.97809
338	2.9704
339	2.96282
340	2.95533
341	2.94795
342	2.94067
343	2.93349
344	2.92641
345	2.91943
346	2.91254
347	2.90576
348	2.89906
349	2.89247
350	2.88596
351	2.87955
352	2.87323
353	2.86701
354	2.86087
355	2.85483
356	2.84887
357	2.843
358	2.83723
359	2.83153
360	2.82593
361	2.82041
362	2.81497
363	2.80962
364	2.80436
365	2.79917
366	2.79407
367	2.78905
368	2.78411
369	2.77925
370	2.77447
371	2.76977
372	2.76515
373	2.76061
374	2.75614
375	2.75175
376	2.74743
377	2.74319
378	2.73903
379	2.73494
380	2.73092
381	2.72698
382	2.72311
383	2.7193
384	2.71558
385	2.71192
386	2.70833
387	2.70481
388	2.70136
389	2.69798
390	2.69466
391	2.69142
392	2.68824
393	2.68513
394	2.68208
395	2.6791
396	2.67618
397	2.67333
398	2.67054
399	2.66782
400	2.66516
401	2.66256
402	2.66002
403	2.65754
404	2.65513
405	2.65278
406	2.65048
407	2.64825
408	2.64607
409	2.64396
410	2.6419
411	2.6399
412	2.63796
413	2.63608
414	2.63425
415	2.63248
416	2.63076
417	2.6291
418	2.6275
419	2.62595
420	2.62445
421	2.62301
422	2.62162
423	2.62029
424	2.61901
425	2.61778
426	2.6166
427	2.61548
428	2.6144
429	2.61338
430	2.61241
431	2.61148
432	2.61061
433	2.60979
434	2.60902
435	2.60829
436	2.60762
437	2.60699
438	2.60641
439	2.60588
440	2.60539
441	2.60496
442	2.60457
443	2.60422
444	2.60392
445	2.60367
446	2.60346
447	2.6033
448	2.60318
449	2.60311
450	2.60308
451	2.6031
452	2.60315
453	2.60326
454	2.6034
455	2.60359
456	2.60382
457	2.60409
458	2.6044
459	2.60476
460	2.60516
461	2.6056
462	2.60608
463	2.60659
464	2.60715
465	2.60775
466	2.60839
467	2.60907
468	2.60979
469	2.61055
470	2.61135
471	2.61218
472	2.61305
473	2.61397
474	2.61492
475	2.6159
476	2.61693
477	2.61799
478	2.61908
479	2.62022
480	2.62139
481	2.6226
482	2.62384
483	2.62512
484	2.62643
485	2.62778
486	2.62917
487	2.63059
488	2.63204
489	2.63353
490	2.63505
491	2.63661
492	2.6382
493	2.63982
494	2.64148
495	2.64317
496	2.6449
497	2.64665
498	2.64844
499	2.65026
500	2.65212
501	2.654
502	2.65592
503	2.65787
504	2.65985
505	2.66186
506	2.6639
507	2.66598
508	2.66808
509	2.67021
510	2.67238
511	2.67458
512	2.6768
513	2.67906
514	2.68134
515	2.68365
516	2.686
517	2.68837
518	2.69077
519	2.6932
520	2.69566
521	2.69815
522	2.70066
523	2.70321
524	2.70578
525	2.70838
526	2.71101
527	2.71366
528	2.71634
529	2.71905
530	2.72179
531	2.72455
532	2.72734
533	2.73016
534	2.733
535	2.73587
536	2.73876
537	2.74169
538	2.74463
539	2.7476
540	2.7506
541	2.75363
542	2.75668
543	2.75975
544	2.76285
545	2.76597
546	2.76912
547	2.77229
548	2.77549
549	2.77871
550	2.78196
551	2.78523
552	2.78852
553	2.79184
554	2.79518
555	2.79855
556	2.80194
557	2.80535
558	2.80878
559	2.81224
560	2.81572
561	2.81922
562	2.82275
563	2.8263
564	2.82987
565	2.83346
566	2.83708
567	2.84072
568	2.84437
569	2.84806
570	2.85176
571	2.85548
572	2.85923
573	2.863
574	2.86679
575	2.8706
576	2.87443
577	2.87828
578	2.88215
579	2.88604
580	2.88996
581	2.89389
582	2.89785
583	2.90182
584	2.90582
585	2.90983
586	2.91387
587	2.91793
588	2.922
589	2.9261
590	2.93021
591	2.93434
592	2.9385
593	2.94267
594	2.94686
595	2.95107
596	2.9553
597	2.95955
598	2.96382
599	2.9681
600	2.97241
601	2.97673
602	2.98107
603	2.98543
604	2.98981
605	2.99421
606	2.99862
607	3.00305
608	3.0075
609	3.01197
610	3.01646
611	3.02096
612	3.02548
613	3.03002
614	3.03458
615	3.03915
616	3.04374
617	3.04835
618	3.05297
619	3.05761
620	3.06227
621	3.06695
622	3.07164
623	3.07635
624	3.08107
625	3.08581
626	3.09057
627	3.09534
628	3.10013
629	3.10494
630	3.10976
631	3.1146
632	3.11945
633	3.12432
634	3.1292
635	3.13409
636	3.139
637	3.14037
638	3.13534
639	3.13042
640	3.12552
641	3.12064
642	3.11577
643	3.11093
644	3.1061
645	3.10128
646	3.09648
647	3.0917
648	3.08692
649	3.08217
650	3.07743
651	3.0727
652	3.06799
653	3.06329
654	3.05861
655	3.05394
656	3.04928
657	3.04464
658	3.04002
659	3.0354
660	3.03081
661	3.02622
662	3.02165
663	3.01709
664	3.01255
665	3.00802
666	3.0035
667	2.999
668	2.99451
669	2.99004
670	2.98558
671	2.98113
672	2.97669
673	2.97227
674	2.96786
675	2.96346
676	2.95908
677	2.95471
678	2.95035
679	2.94601
680	2.94168
681	2.93736
682	2.93305
683	2.92876
684	2.92448
685	2.92021
686	2.91595
687	2.91171
688	2.90748
689	2.90326
690	2.89905
691	2.89486
692	2.89067
693	2.8865
694	2.88235
695	2.8782
696	2.87406
697	2.86994
698	2.86583
699	2.86173
700	2.85764
701	2.85357
702	2.8495
703	2.84545
704	2.84141
705	2.83738
706	2.83336
707	2.82936
708	2.82536
709	2.82138
710	2.8174
711	2.81344
712	2.80949
713	2.80555
714	2.80162
715	2.7977
716	2.7938
717	2.7899
718	2.78602
719	2.78214
720	2.77828
721	2.77443
722	2.77058
723	2.76675
724	2.76293
725	2.75912
726	2.75532
727	2.75153
728	2.74775
729	2.74399
730	2.74023
731	2.73648
732	2.73274
733	2.72901
734	2.7253
735	2.72159
736	2.71789
737	2.71421
738	2.71053
739	2.70686
740	2.7032
741	2.69956
742	2.69592
743	2.69229
744	2.68867
745	2.68506
746	2.68147
747	2.67788
748	2.6743
749	2.67073
750	2.66717
751	2.66362
752	2.66008
753	2.65654
754	2.65302
755	2.64951
756	2.646
757	2.64251
758	2.63902
759	2.63555
760	2.63208
761	2.62862
762	2.62517
763	2.62173
764	2.6183
765	2.61488
766	2.61147
767	2.60806
768	2.60467
769	2.60128
770	2.5979
771	2.59453
772	2.59117
773	2.58782
774	2.58448
775	2.58115
776	2.57782
777	2.5745
778	2.57119
779	2.56789
780	2.5646
781	2.56132
782	2.55805
783	2.55478
784	2.55152
785	2.54827
786	2.54503
787	2.5418
788	2.53857
789	2.53536
790	2.53215
791	2.52895
792	2.52575
793	2.52257
794	2.51939
795	2.51622
796	2.51306
797	2.50991
798	2.50677
799	2.50363
800	2.5005
801	2.49738
802	2.49427
803	2.49116
804	2.48806
805	2.48497
806	2.48189
807	2.47882
808	2.47575
809	2.47269
810	2.46964
811	2.46659
812	2.46356
813	2.46053
814	2.4575
815	2.45449
816	2.45148
817	2.44848
818	2.44549
819	2.4425
820	2.43953
821	2.43655
822	2.43359
823	2.43063
824	2.42769
825	2.42474
826	2.42181
827	2.41888
828	2.41596
829	2.41305
830	2.41014
831	2.40724
832	2.40435
833	2.40146
834	2.39858
835	2.39571
836	2.39285
837	2.38999
838	2.38714
839	2.38429
840	2.38145
841	2.37862
842	2.3758
843	2.37298
844	2.37017
845	2.36736
846	2.36457
847	2.36178
848	2.35899
849	2.35621
850	2.35344
851	2.35068
852	2.34792
853	2.34517
854	2.34242
855	2.33968
856	2.33695
857	2.33422
858	2.3315
859	2.32879
860	2.32608
861	2.32338
862	2.32069
863	2.318
864	2.31532
865	2.31264
866	2.30997
867	2.30731
868	2.30465
869	2.302
870	2.29935
871	2.29671
872	2.29408
873	2.29145
874	2.28883
875	2.28622
876	2.28361
877	2.281
878	2.27841
879	2.27581
880	2.27323
881	2.27065
882	2.26807
883	2.26551
884	2.26294
885	2.26039
886	2.25784
887	2.25529
888	2.25275
889	2.25022
890	2.24769
891	2.24517
892	2.24265
893	2.24014
894	2.23764
895	2.23514
896	2.23264
897	2.23016
898	2.22767
899	2.2252
900	2.22272
901	2.22026
902	2.2178
903	2.21534
904	2.21289
905	2.21045
906	2.20801
907	2.20557
908	2.20314
909	2.20072
910	2.1983
911	2.19589
912	2.19348
913	2.19108
914	2.18868
915	2.18629
916	2.18391
917	2.18153
918	2.17915
919	2.17678
920	2.17441
921	2.17205
922	2.1697
923	2.16735
924	2.165
925	2.16266
926	2.16033
927	2.158
928	2.15567
929	2.15335
930	2.15104
931	2.14873
932	2.14642
933	2.14412
934	2.14183
935	2.13954
936	2.13725
937	2.13497
938	2.1327
939	2.13043
940	2.12816
941	2.1259
942	2.12364
943	2.12139
944	2.11915
945	2.1169
946	2.11467
947	2.11243
948	2.11021
949	2.10798
950	2.10576
951	2.10355
952	2.10134
953	2.09914
954	2.09694
955	2.09474
956	2.09255
957	2.09037
958	2.08818
959	2.08601
960	2.08383
961	2.08167
962	2.0795
963	2.07734
964	2.07519
965	2.07304
966	2.07089
967	2.06875
968	2.06662
969	2.06448
970	2.06236
971	2.06023
972	2.05811
973	2.056
974	2.05389
975	2.05178
976	2.04968
977	2.04758
978	2.04549
979	2.0434
980	2.04132
981	2.03924
982	2.03716
983	2.03509
984	2.03302
985	2.03096
986	2.0289
987	2.02684
988	2.02479
989	2.02275
990	2.0207
991	2.01866
992	2.01663
993	2.0146
994	2.01257
995	2.01055
996	2.00853
997	2.00652
998	2.00451
999	2.0025
1000	2.0005
1001	1.9985
1002	1.99651
1003	1.99452
1004	1.99253
1005	1.99055
1006	1.98857
1007	1.9866
1008	1.98463
1009	1.98266
1010	1.9807
1011	1.97874
1012	1.97679
1013	1.97483
1014	1.97289
1015	1.97094
1016	1.96901
1017	1.96707
1018	1.96514
1019	1.96321
1020	1.96129
1021	1.95937
1022	1.95745
1023	1.95554
1024	1.95363
1025	1.95172
1026	1.94982
1027	1.94792
1028	1.94603
1029	1.94414
1030	1.94225
1031	1.94037
1032	1.93849
1033	1.93661
1034	1.93474
1035	1.93287
1036	1.931
1037	1.92914
1038	1.92728
1039	1.92543
1040	1.92358
1041	1.92173
1042	1.91989
1043	1.91805
1044	1.91621
1045	1.91438
1046	1.91255
1047	1.91072
1048	1.9089
1049	1.90708
1050	1.90526
1051	1.90345
1052	1.90164
1053	1.89984
1054	1.89803
1055	1.89624
1056	1.89444
1057	1.89265
1058	1.89086
1059	1.88908
1060	1.88729
1061	1.88552
1062	1.88374
1063	1.88197
1064	1.8802
1065	1.87844
1066	1.87667
1067	1.87492
1068	1.87316
1069	1.87141
1070	1.86966
1071	1.86791
1072	1.86617
1073	1.86443
1074	1.8627
1075	1.86097
1076	1.85924
1077	1.85751
1078	1.85579
1079	1.85407
1080	1.85235
1081	1.85064
1082	1.84893
1083	1.84722
1084	1.84552
1085	1.84382
1086	1.84212
1087	1.84043
1088	1.83874
1089	1.83705
1090	1.83536
1091	1.83368
1092	1.832
1093	1.83033
1094	1.82865
1095	1.82699
1096	1.82532
1097	1.82366
1098	1.82199
1099	1.82034
1100	1.81868
1101	1.81703
1102	1.81538
1103	1.81374
1104	1.8121
1105	1.81046
1106	1.80882
1107	1.80719
1108	1.80556
1109	1.80393
1110	1.8023
1111	1.80068
1112	1.79906
1113	1.79745
1114	1.79583
1115	1.79422
1116	1.79262
1117	1.79101
1118	1.78941
1119	1.78781
1120	1.78622
1121	1.78462
1122	1.78303
1123	1.78145
1124	1.77986
1125	1.77828
1126	1.7767
1127	1.77512
1128	1.77355
1129	1.77198
1130	1.77041
1131	1.76885
1132	1.76729
1133	1.76573
1134	1.76417
1135	1.76262
1136	1.76106
1137	1.75952
1138	1.75797
1139	1.75643
1140	1.75489
1141	1.75335
1142	1.75181
1143	1.75028
1144	1.74875
1145	1.74723
1146	1.7457
1147	1.74418
1148	1.74266
1149	1.74115
1150	1.73963
1151	1.73812
1152	1.73661
1153	1.73511
1154	1.7336
1155	1.7321
1156	1.73061
1157	1.72911
1158	1.72762
1159	1.72613
1160	1.72464
1161	1.72315
1162	1.72167
1163	1.72019
1164	1.71871
1165	1.71724
1166	1.71577
1167	1.7143
1168	1.71283
1169	1.71137
1170	1.7099
1171	1.70844
1172	1.70699
1173	1.70553
1174	1.70408
1175	1.70263
1176	1.70118
1177	1.69974
1178	1.69829
1179	1.69685
1180	1.69542
1181	1.69398
1182	1.69255
1183	1.69112
1184	1.68969
1185	1.68827
1186	1.68684
1187	1.68542
1188	1.684
1189	1.68259
1190	1.68117
1191	1.67976
1192	1.67835
1193	1.67695
1194	1.67554
1195	1.67414
1196	1.67274
1197	1.67135
1198	1.66995
1199	1.66856
1200	1.66717
1201	1.66578
1202	1.66439
1203	1.66301
1204	1.66163
1205	1.66025
1206	1.65888
1207	1.6575
1208	1.65613
1209	1.65476
1210	1.65339
1211	1.65203
1212	1.65067
1213	1.64931
1214	1.64795
1215	1.64659
1216	1.64524
1217	1.64389
1218	1.64254
1219	1.64119
1220	1.63985
1221	1.6385
1222	1.63716
1223	1.63582
1224	1.63449
1225	1.63315
1226	1.63182
1227	1.63049
1228	1.62917
1229	1.62784
1230	1.62652
1231	1.6252
1232	1.62388
1233	1.62256
1234	1.62125
1235	1.61993
1236	1.61862
1237	1.61732
1238	1.61601
1239	1.61471
1240	1.6134
1241	1.6121
1242	1.61081
1243	1.60951
1244	1.60822
1245	1.60693
1246	1.60564
1247	1.60435
1248	1.60307
1249	1.60178
1250	1.6005
1251	1.59922
1252	1.59795
1253	1.59667
1254	1.5954
1255	1.59413
1256	1.59286
1257	1.59159
1258	1.59033
1259	1.58906
1260	1.5878
1261	1.58654
1262	1.58529
1263	1.58403
1264	1.58278
1265	1.58153
1266	1.58028
1267	1.57903
1268	1.57779
1269	1.57655
1270	1.5753
1271	1.57407
1272	1.57283
1273	1.57159
1274	1.57036
1275	1.56913
1276	1.5679
1277	1.56667
1278	1.56545
1279	1.56422
1280	1.563
1281	1.56178
1282	1.56056
1283	1.55935
1284	1.55813
1285	1.55692
1286	1.55571
1287	1.5545
1288	1.5533
1289	1.55209
1290	1.55089
1291	1.54969
1292	1.54849
1293	1.54729
1294	1.5461
1295	1.5449
1296	1.54371
1297	1.54252
1298	1.54133
1299	1.54015
1300	1.53896
1301	1.53778
1302	1.5366
1303	1.53542
1304	1.53424
1305	1.53307
1306	1.53189
1307	1.53072
1308	1.52955
1309	1.52839
1310	1.52722
1311	1.52605
1312	1.52489
1313	1.52373
1314	1.52257
1315	1.52141
1316	1.52026
1317	1.5191
1318	1.51795
1319	1.5168
1320	1.51565
1321	1.51451
1322	1.51336
1323	1.51222
1324	1.51108
1325	1.50994
1326	1.5088
1327	1.50766
1328	1.50653
1329	1.50539
1330	1.50426
1331	1.50313
1332	1.502
1333	1.50088
1334	1.49975
1335	1.49863
1336	1.49751
1337	1.49639
1338	1.49527
1339	1.49415
1340	1.49304
1341	1.49193
1342	1.49081
1343	1.4897
1344	1.4886
1345	1.48749
1346	1.48639
1347	1.48528
1348	1.48418
1349	1.48308
1350	1.48198
1351	1.48089
1352	1.47979
1353	1.4787
1354	1.47761
1355	1.47652
1356	1.47543
1357	1.47434
1358	1.47326
1359	1.47217
1360	1.47109
1361	1.47001
1362	1.46893
1363	1.46785
1364	1.46678
1365	1.4657
1366	1.46463
1367	1.46356
1368	1.46249
1369	1.46142
1370	1.46036
1371	1.45929
1372	1.45823
1373	1.45717
1374	1.45611
1375	1.45505
1376	1.45399
1377	1.45293
1378	1.45188
1379	1.45083
1380	1.44978
1381	1.44873
1382	1.44768
1383	1.44663
1384	1.44559
1385	1.44454
1386	1.4435
1387	1.44246
1388	1.44142
1389	1.44039
1390	1.43935
1391	1.43832
1392	1.43728
1393	1.43625
1394	1.43522
1395	1.43419
1396	1.43317
1397	1.43214
1398	1.43112
1399	1.43009
1400	1.42907
1401	1.42805
1402	1.42703
1403	1.42602
1404	1.425
1405	1.42399
1406	1.42298
1407	1.42197
1408	1.42096
1409	1.41995
1410	1.41894
1411	1.41794
1412	1.41693
1413	1.41593
1414	1.41493
1415	1.41393
1416	1.41293
1417	1.41193
1418	1.41094
1419	1.40994
1420	1.40895
1421	1.40796
1422	1.40697
1423	1.40598
1424	1.405
1425	1.40401
1426	1.40303
1427	1.40204
1428	1.40106
1429	1.40008
1430	1.3991
1431	1.39813
1432	1.39715
1433	1.39617
1434	1.3952
1435	1.39423
1436	1.39326
1437	1.39229
1438	1.39132
1439	1.39036
1440	1.38939
1441	1.38843
1442	1.38746
1443	1.3865
1444	1.38554
1445	1.38458
1446	1.38363
1447	1.38267
1448	1.38172
1449	1.38076
1450	1.37981
1451	1.37886
1452	1.37791
1453	1.37696
1454	1.37602
1455	1.37507
1456	1.37413
1457	1.37319
1458	1.37224
1459	1.3713
1460	1.37036
1461	1.36943
1462	1.36849
1463	1.36756
1464	1.36662
1465	1.36569
1466	1.36476
1467	1.36383
1468	1.3629
1469	1.36197
1470	1.36105
1471	1.36012
1472	1.3592
1473	1.35827
1474	1.35735
1475	1.35643
1476	1.35552
1477	1.3546
1478	1.35368
1479	1.35277
1480	1.35185
1481	1.35094
1482	1.35003
1483	1.34912
1484	1.34821
1485	1.3473
1486	1.3464
1487	1.34549
1488	1.34459
1489	1.34368
1490	1.34278
1491	1.34188
1492	1.34098
1493	1.34009
1494	1.33919
1495	1.33829
1496	1.3374
1497	1.33651
1498	1.33561
1499	1.33472
1500	1.33383
1501	1.33295
1502	1.33206
1503	1.33117
1504	1.33029
1505	1.32941
1506	1.32852
1507	1.32764
1508	1.32676
1509	1.32588
1510	1.325
1511	1.32413
1512	1.32325
1513	1.32238
1514	1.32151
1515	1.32063
1516	1.31976
1517	1.31889
1518	1.31802
1519	1.31716
1520	1.31629
1521	1.31543
1522	1.31456
1523	1.3137
1524	1.31284
1525	1.31198
1526	1.31112
1527	1.31026
1528	1.3094
1529	1.30855
1530	1.30769
1531	1.30684
1532	1.30598
1533	1.30513
1534	1.30428
1535	1.30343
1536	1.30258
1537	1.30174
1538	1.30089
1539	1.30005
1540	1.2992
1541	1.29836
1542	1.29752
1543	1.29668
1544	1.29584
1545	1.295
1546	1.29416
1547	1.29333
1548	1.29249
1549	1.29166
1550	1.29082
1551	1.28999
1552	1.28916
1553	1.28833
1554	1.2875
1555	1.28668
1556	1.28585
1557	1.28502
1558	1.2842
1559	1.28338
1560	1.28255
1561	1.28173
1562	1.28091
1563	1.28009
1564	1.27927
1565	1.27846
1566	1.27764
1567	1.27683
1568	1.27601
1569	1.2752
1570	1.27439
1571	1.27358
1572	1.27277
1573	1.27196
1574	1.27115
1575	1.27034
1576	1.26954
1577	1.26873
1578	1.26793
1579	1.26713
1580	1.26632
1581	1.26552
1582	1.26472
1583	1.26393
1584	1.26313
1585	1.26233
1586	1.26154
1587	1.26074
1588	1.25995
1589	1.25915
1590	1.25836
1591	1.25757
1592	1.25678
1593	1.25599
1594	1.25521
1595	1.25442
1596	1.25363
1597	1.25285
1598	1.25207
1599	1.25128
1600	1.2505
1601	1.24972
1602	1.24894
1603	1.24816
1604	1.24738
1605	1.24661
1606	1.24583
1607	1.24506
1608	1.24428
1609	1.24351
1610	1.24274
1611	1.24197
1612	1.2412
1613	1.24043
1614	1.23966
1615	1.23889
1616	1.23813
1617	1.23736
1618	1.2366
1619	1.23583
1620	1.23507
1621	1.23431
1622	1.23355
1623	1.23279
1624	1.23203
1625	1.23127
1626	1.23051
1627	1.22976
1628	1.229
1629	1.22825
1630	1.2275
1631	1.22674
1632	1.22599
1633	1.22524
1634	1.22449
1635	1.22374
1636	1.223
1637	1.22225
1638	1.2215
1639	1.22076
1640	1.22001
1641	1.21927
1642	1.21853
1643	1.21779
1644	1.21705
1645	1.21631
1646	1.21557
1647	1.21483
1648	1.21409
1649	1.21336
1650	1.21262
1651	1.21189
1652	1.21116
1653	1.21042
1654	1.20969
1655	1.20896
1656	1.20823
1657	1.2075
1658	1.20677
1659	1.20605
1660	1.20532
1661	1.2046
1662	1.20387
1663	1.20315
1664	1.20242
1665	1.2017
1666	1.20098
1667	1.20026
1668	1.19954
1669	1.19882
1670	1.19811
1671	1.19739
1672	1.19667
1673	1.19596
1674	1.19524
1675	1.19453
1676	1.19382
1677	1.19311
1678	1.1924
1679	1.19169
1680	1.19098
1681	1.19027
1682	1.18956
1683	1.18886
1684	1.18815
1685	1.18745
1686	1.18674
1687	1.18604
1688	1.18534
1689	1.18463
1690	1.18393
1691	1.18323
1692	1.18253
1693	1.18184
1694	1.18114
1695	1.18044
1696	1.17975
1697	1.17905
1698	1.17836
1699	1.17766
1700	1.17697
1701	1.17628
1702	1.17559
1703	1.1749
1704	1.17421
1705	1.17352
1706	1.17283
1707	1.17215
1708	1.17146
1709	1.17078
1710	1.17009
1711	1.16941
1712	1.16873
1713	1.16804
1714	1.16736
1715	1.16668
1716	1.166
1717	1.16532
1718	1.16465
1719	1.16397
1720	1.16329
1721	1.16262
1722	1.16194
1723	1.16127
1724	1.16059
1725	1.15992
1726	1.15925
1727	1.15858
1728	1.15791
1729	1.15724
1730	1.15657
1731	1.1559
1732	1.15524
1733	1.15457
1734	1.1539
1735	1.15324
1736	1.15258
1737	1.15191
1738	1.15125
1739	1.15059
1740	1.14993
1741	1.14927
1742	1.14861
1743	1.14795
1744	1.14729
1745	1.14663
1746	1.14598
1747	1.14532
1748	1.14467
1749	1.14401
1750	1.14336
1751	1.14271
1752	1.14205
1753	1.1414
1754	1.14075
1755	1.1401
1756	1.13945
1757	1.13881
1758	1.13816
1759	1.13751
1760	1.13687
1761	1.13622
1762	1.13558
1763	1.13493
1764	1.13429
1765	1.13365
1766	1.133
1767	1.13236
1768	1.13172
1769	1.13108
1770	1.13045
1771	1.12981
1772	1.12917
1773	1.12853
1774	1.1279
1775	1.12726
1776	1.12663
1777	1.12599
1778	1.12536
1779	1.12473
1780	1.1241
1781	1.12347
1782	1.12284
1783	1.12221
1784	1.12158
1785	1.12095
1786	1.12032
1787	1.1197
1788	1.11907
1789	1.11844
1790	1.11782
1791	1.1172
1792	1.11657
1793	1.11595
1794	1.11533
1795	1.11471
1796	1.11409
1797	1.11347
1798	1.11285
1799	1.11223
1800	1.11161
1801	1.111
1802	1.11038
1803	1.10976
1804	1.10915
1805	1.10853
1806	1.10792
1807	1.10731
1808	1.1067
1809	1.10608
1810	1.10547
1811	1.10486
1812	1.10425
1813	1.10365
1814	1.10304
1815	1.10243
1816	1.10182
1817	1.10122
1818	1.10061
1819	1.10001
1820	1.0994
1821	1.0988
1822	1.0982
1823	1.09759
1824	1.09699
1825	1.09639
1826	1.09579
1827	1.09519
1828	1.09459
1829	1.094
1830	1.0934
1831	1.0928
1832	1.0922
1833	1.09161
1834	1.09101
1835	1.09042
1836	1.08983
1837	1.08923
1838	1.08864
1839	1.08805
1840	1.08746
1841	1.08687
1842	1.08628
1843	1.08569
1844	1.0851
1845	1.08451
1846	1.08393
1847	1.08334
1848	1.08275
1849	1.08217
1850	1.08158
1851	1.081
1852	1.08042
1853	1.07983
1854	1.07925
1855	1.07867
1856	1.07809
1857	1.07751
1858	1.07693
1859	1.07635
1860	1.07577
1861	1.07519
1862	1.07462
1863	1.07404
1864	1.07346
1865	1.07289
1866	1.07231
1867	1.07174
1868	1.07117
1869	1.07059
1870	1.07002
1871	1.06945
1872	1.06888
1873	1.06831
1874	1.06774
1875	1.06717
1876	1.0666
1877	1.06603
1878	1.06546
1879	1.0649
1880	1.06433
1881	1.06377
1882	1.0632
1883	1.06264
1884	1.06207
1885	1.06151
1886	1.06095
1887	1.06039
1888	1.05982
1889	1.05926
1890	1.0587
1891	1.05814
1892	1.05758
1893	1.05703
1894	1.05647
1895	1.05591
1896	1.05535
1897	1.0548
1898	1.05424
1899	1.05369
1900	1.05313
1901	1.05258
1902	1.05203
1903	1.05147
1904	1.05092
1905	1.05037
1906	1.04982
1907	1.04927
1908	1.04872
1909	1.04817
1910	1.04762
1911	1.04707
1912	1.04653
1913	1.04598
1914	1.04543
1915	1.04489
1916	1.04434
1917	1.0438
1918	1.04325
1919	1.04271
1920	1.04217
1921	1.04163
1922	1.04108
1923	1.04054
1924	1.04
1925	1.03946
1926	1.03892
1927	1.03838
1928	1.03785
1929	1.03731
1930	1.03677
1931	1.03623
1932	1.0357
1933	1.03516
1934	1.03463
1935	1.03409
1936	1.03356
1937	1.03303
1938	1.03249
1939	1.03196
1940	1.03143
1941	1.0309
1942	1.03037
1943	1.02984
1944	1.02931
1945	1.02878
1946	1.02825
1947	1.02772
1948	1.0272
1949	1.02667
1950	1.02614
1951	1.02562
1952	1.02509
1953	1.02457
1954	1.02404
1955	1.02352
1956	1.023
1957	1.02247
1958	1.02195
1959	1.02143
1960	1.02091
1961	1.02039
1962	1.01987
1963	1.01935
1964	1.01883
1965	1.01831
1966	1.0178
1967	1.01728
1968	1.01676
1969	1.01625
1970	1.01573
1971	1.01521
1972	1.0147
1973	1.01419
1974	1.01367
1975	1.01316
1976	1.01265
1977	1.01214
1978	1.01162
1979	1.01111
1980	1.0106
1981	1.01009
1982	1.00958
1983	1.00907
1984	1.00857
1985	1.00806
1986	1.00755
1987	1.00704
1988	1.00654
1989	1.00603
1990	1.00553
1991	1.00502
1992	1.00452
1993	1.00401
1994	1.00351
1995	1.00301
1996	1.00251
1997	1.002
1998	1.0015
1999	1.001
