5	796.863
6	663.527
7	568.288
8	496.867
9	441.311
10	396.869
11	360.5
12	330.194
13	304.552
14	282.589
15	263.543
16	246.871
17	232.173
18	219.101
19	207.408
20	196.872
21	187.356
22	178.682
23	170.796
24	163.554
25	156.889
26	150.736
27	145.039
28	139.742
29	134.795
30	130.217
31	125.928
32	121.873
33	118.104
34	114.538
35	111.17
36	108.007
37	104.996
38	102.156
39	99.4641
40	96.8732
41	94.4693
42	92.1235
43	89.9144
44	87.8211
45	85.7747
46	83.845
47	82.0218
48	80.2371
49	78.4923
50	76.9063
51	75.3521
52	73.8281
53	72.3327
54	70.9763
55	69.6515
56	68.3508
57	67.0728
58	65.83
59	64.7028
60	63.595
61	62.5057
62	61.4341
63	60.3792
64	59.3737
65	58.4488
66	57.5385
67	56.642
68	55.7589
69	54.8885
70	54.0303
71	53.2073
72	52.4607
73	51.7249
74	50.9994
75	50.2837
76	49.5775
77	48.8805
78	48.1922
79	47.5123
80	46.8739
81	46.2889
82	45.7114
83	45.1412
84	44.578
85	44.0215
86	43.4716
87	42.9279
88	42.3904
89	41.8587
90	41.3326
91	40.8157
92	40.3697
93	39.9286
94	39.4926
95	39.0614
96	38.6348
97	38.2128
98	37.7951
99	37.3817
100	36.9724
101	36.5672
102	36.1658
103	35.7681
104	35.3742
105	34.9838
106	34.5968
107	34.2663
108	33.9452
109	33.6272
110	33.3124
111	33.0005
112	32.6916
113	32.3856
114	32.0823
115	31.7817
116	31.4837
117	31.1883
118	30.8954
119	30.6049
120	30.3168
121	30.031
122	29.7475
123	29.4662
124	29.187
125	28.9099
126	28.6349
127	28.3619
128	28.1241
129	27.9043
130	27.6864
131	27.4702
132	27.2559
133	27.0433
134	26.8323
135	26.6231
136	26.4155
137	26.2094
138	26.0049
139	25.802
140	25.6005
141	25.4005
142	25.2019
143	25.0047
144	24.8089
145	24.6144
146	24.4212
147	24.2294
148	24.0387
149	23.8493
150	23.6612
151	23.4742
152	23.2883
153	23.1036
154	22.9201
155	22.7376
156	22.5562
157	22.3758
158	22.1965
159	22.0182
160	21.8742
161	21.7374
162	21.6015
163	21.4665
164	21.3325
165	21.1994
166	21.0671
167	20.9358
168	20.8053
169	20.6756
170	20.5468
171	20.4187
172	20.2915
173	20.1651
174	20.0394
175	19.9145
176	19.7904
177	19.667
178	19.5443
179	19.4223
180	19.301
181	19.1804
182	19.0605
183	18.9412
184	18.8226
185	18.7046
186	18.5873
187	18.4705
188	18.3544
189	18.2389
190	18.124
191	18.0097
192	17.8959
193	17.7827
194	17.6701
195	17.558
196	17.4465
197	17.3355
198	17.225
199	17.115
200	17.0055
201	16.8966
202	16.7881
203	16.6801
204	16.5726
205	16.4655
206	16.359
207	16.2528
208	16.1472
209	16.042
210	15.9372
211	15.8328
212	15.7289
213	15.6488
214	15.5754
215	15.5023
216	15.4296
217	15.3573
218	15.2855
219	15.214
220	15.1428
221	15.0721
222	15.0017
223	14.9317
224	14.8621
225	14.7928
226	14.7238
227	14.6552
228	14.587
229	14.5191
230	14.4515
231	14.3842
232	14.3173
233	14.2507
234	14.1844
235	14.1184
236	14.0528
237	13.9874
238	13.9223
239	13.8576
240	13.7931
241	13.7289
242	13.665
243	13.6014
244	13.538
245	13.475
246	13.4122
247	13.3497
248	13.2874
249	13.2254
250	13.1637
251	13.1022
252	13.041
253	12.98
254	12.9192
255	12.8588
256	12.7985
257	12.7385
258	12.6787
259	12.6192
260	12.5599
261	12.5008
262	12.4419
263	12.3833
264	12.3249
265	12.2667
266	12.2087
267	12.151
268	12.0934
269	12.036
270	11.9789
271	11.922
272	11.8652
273	11.8087
274	11.7523
275	11.6962
276	11.6402
277	11.5844
278	11.5289
279	11.4735
280	11.4183
281	11.3632
282	11.3084
283	11.2537
284	11.1992
285	11.1449
286	11.0908
287	11.0368
288	10.983
289	10.9293
290	10.8759
291	10.8226
292	10.7694
293	10.7164
294	10.6636
295	10.6109
296	10.5584
297	10.5061
298	10.4539
299	10.4018
300	10.3499
301	10.2981
302	10.2465
303	10.1951
304	10.1437
305	10.0926
306	10.0415
307	9.99062
308	9.93986
309	9.88924
310	9.83875
311	9.7884
312	9.73818
313	9.68809
314	9.63813
315	9.58831
316	9.53861
317	9.48904
318	9.43961
319	9.40383
320	9.37439
321	9.34506
322	9.31584
323	9.28675
324	9.25777
325	9.2289
326	9.20016
327	9.17153
328	9.14301
329	9.11461
330	9.08632
331	9.05814
332	9.03007
333	9.00211
334	8.97426
335	8.94651
336	8.91888
337	8.89134
338	8.86392
339	8.83659
340	8.80937
341	8.78225
342	8.75523
343	8.72831
344	8.70149
345	8.67477
346	8.64815
347	8.62162
348	8.59519
349	8.56885
350	8.54261
351	8.51646
352	8.4904
353	8.46443
354	8.43856
355	8.41278
356	8.38708
357	8.36148
358	8.33596
359	8.31053
360	8.28518
361	8.25992
362	8.23475
363	8.20966
364	8.18465
365	8.15973
366	8.13489
367	8.11013
368	8.08545
369	8.06085
370	8.03634
371	8.0119
372	7.98753
373	7.96325
374	7.93904
375	7.91492
376	7.89086
377	7.86688
378	7.84298
379	7.81915
380	7.79539
381	7.77171
382	7.7481
383	7.72456
384	7.70109
385	7.67769
386	7.65436
387	7.63111
388	7.60792
389	7.5848
390	7.56174
391	7.53876
392	7.51584
393	7.49299
394	7.4702
395	7.44748
396	7.42483
397	7.40223
398	7.37971
399	7.35724
400	7.33484
401	7.3125
402	7.29023
403	7.26801
404	7.24586
405	7.22377
406	7.20173
407	7.17976
408	7.15785
409	7.13599
410	7.11419
411	7.09246
412	7.07078
413	7.04915
414	7.02759
415	7.00608
416	6.98462
417	6.96322
418	6.94188
419	6.92059
420	6.89935
421	6.87817
422	6.85705
423	6.83597
424	6.81495
425	6.79398
426	6.77307
427	6.7522
428	6.73139
429	6.71063
430	6.68992
431	6.66926
432	6.64864
433	6.62808
434	6.60757
435	6.58711
436	6.56669
437	6.54633
438	6.52601
439	6.50574
440	6.48551
441	6.46534
442	6.44521
443	6.42512
444	6.40508
445	6.38509
446	6.36515
447	6.34524
448	6.32539
449	6.30557
450	6.28581
451	6.26608
452	6.2464
453	6.22676
454	6.20717
455	6.18762
456	6.16811
457	6.14864
458	6.12922
459	6.10983
460	6.09049
461	6.07119
462	6.05193
463	6.03271
464	6.01353
465	5.99439
466	5.97529
467	5.95623
468	5.93721
469	5.91823
470	5.89929
471	5.88039
472	5.86152
473	5.84269
474	5.8239
475	5.80515
476	5.78643
477	5.76776
478	5.74911
479	5.73051
480	5.71194
481	5.69341
482	5.67491
483	5.65645
484	5.63803
485	5.61964
486	5.60128
487	5.58296
488	5.56468
489	5.54643
490	5.52821
491	5.51003
492	5.49188
493	5.47377
494	5.45568
495	5.43763
496	5.41962
497	5.40164
498	5.38369
499	5.36577
500	5.34788
501	5.33003
502	5.31221
503	5.29442
504	5.27666
505	5.25893
506	5.24123
507	5.22357
508	5.20593
509	5.18833
510	5.17076
511	5.15321
512	5.1357
513	5.11821
514	5.10076
515	5.08333
516	5.06594
517	5.04857
518	5.03123
519	5.01393
520	4.99664
521	4.97939
522	4.96217
523	4.94497
524	4.92781
525	4.91067
526	4.89355
527	4.87647
528	4.85941
529	4.84238
530	4.82538
531	4.8084
532	4.79145
533	4.77453
534	4.75763
535	4.74076
536	4.72392
537	4.7071
538	4.69031
539	4.67354
540	4.6568
541	4.64009
542	4.6234
543	4.60673
544	4.59009
545	4.57348
546	4.55689
547	4.54032
548	4.52378
549	4.50726
550	4.49077
551	4.4743
552	4.45785
553	4.44143
554	4.42503
555	4.40866
556	4.39231
557	4.37598
558	4.35968
559	4.34339
560	4.32714
561	4.3109
562	4.29469
563	4.2785
564	4.26233
565	4.24618
566	4.23006
567	4.21396
568	4.19788
569	4.18182
570	4.16578
571	4.14977
572	4.13378
573	4.1178
574	4.10185
575	4.08592
576	4.07002
577	4.05413
578	4.03826
579	4.02242
580	4.00659
581	3.99079
582	3.975
583	3.95924
584	3.94349
585	3.92777
586	3.91207
587	3.89638
588	3.88072
589	3.86507
590	3.84945
591	3.83384
592	3.81826
593	3.80269
594	3.78714
595	3.77162
596	3.75611
597	3.74062
598	3.72514
599	3.70969
600	3.69426
601	3.67884
602	3.66344
603	3.64806
604	3.6327
605	3.61736
606	3.60204
607	3.58673
608	3.57144
609	3.55617
610	3.54092
611	3.52568
612	3.51046
613	3.49526
614	3.48008
615	3.46491
616	3.44976
617	3.43463
618	3.41952
619	3.40442
620	3.38934
621	3.37428
622	3.35923
623	3.3442
624	3.32918
625	3.31419
626	3.29921
627	3.28424
628	3.26929
629	3.25436
630	3.23944
631	3.22455
632	3.20966
633	3.1948
634	3.17995
635	3.16512
636	3.15031
637	3.13907
638	3.13425
639	3.12936
640	3.12448
641	3.11961
642	3.11475
643	3.10991
644	3.10508
645	3.10027
646	3.09547
647	3.09068
648	3.08591
649	3.08116
650	3.07642
651	3.07169
652	3.06698
653	3.06228
654	3.0576
655	3.05293
656	3.04828
657	3.04364
658	3.03901
659	3.0344
660	3.0298
661	3.02522
662	3.02064
663	3.01609
664	3.01155
665	3.00702
666	3.0025
667	2.998
668	2.99351
669	2.98903
670	2.98457
671	2.98012
672	2.97569
673	2.97127
674	2.96686
675	2.96246
676	2.95808
677	2.95371
678	2.94935
679	2.94501
680	2.94067
681	2.93636
682	2.93205
683	2.92776
684	2.92347
685	2.91921
686	2.91495
687	2.91071
688	2.90647
689	2.90226
690	2.89805
691	2.89385
692	2.88967
693	2.8855
694	2.88134
695	2.8772
696	2.87306
697	2.86894
698	2.86483
699	2.86073
700	2.85664
701	2.85256
702	2.8485
703	2.84445
704	2.84041
705	2.83638
706	2.83236
707	2.82835
708	2.82436
709	2.82037
710	2.8164
711	2.81244
712	2.80849
713	2.80455
714	2.80062
715	2.7967
716	2.79279
717	2.7889
718	2.78501
719	2.78114
720	2.77728
721	2.77342
722	2.76958
723	2.76575
724	2.76193
725	2.75812
726	2.75432
727	2.75053
728	2.74675
729	2.74298
730	2.73922
731	2.73548
732	2.73174
733	2.72801
734	2.72429
735	2.72059
736	2.71689
737	2.7132
738	2.70953
739	2.70586
740	2.7022
741	2.69855
742	2.69492
743	2.69129
744	2.68767
745	2.68406
746	2.68046
747	2.67687
748	2.67329
749	2.66972
750	2.66616
751	2.66261
752	2.65907
753	2.65554
754	2.65202
755	2.6485
756	2.645
757	2.64151
758	2.63802
759	2.63454
760	2.63108
761	2.62762
762	2.62417
763	2.62073
764	2.6173
765	2.61388
766	2.61046
767	2.60706
768	2.60366
769	2.60028
770	2.5969
771	2.59353
772	2.59017
773	2.58682
774	2.58348
775	2.58014
776	2.57682
777	2.5735
778	2.57019
779	2.56689
780	2.5636
781	2.56032
782	2.55704
783	2.55378
784	2.55052
785	2.54727
786	2.54403
787	2.54079
788	2.53757
789	2.53435
790	2.53114
791	2.52794
792	2.52475
793	2.52157
794	2.51839
795	2.51522
796	2.51206
797	2.50891
798	2.50576
799	2.50263
800	2.4995
801	2.49638
802	2.49326
803	2.49016
804	2.48706
805	2.48397
806	2.48089
807	2.47781
808	2.47475
809	2.47169
810	2.46863
811	2.46559
812	2.46255
813	2.45952
814	2.4565
815	2.45349
816	2.45048
817	2.44748
818	2.44449
819	2.4415
820	2.43852
821	2.43555
822	2.43259
823	2.42963
824	2.42668
825	2.42374
826	2.42081
827	2.41788
828	2.41496
829	2.41204
830	2.40914
831	2.40624
832	2.40334
833	2.40046
834	2.39758
835	2.39471
836	2.39184
837	2.38898
838	2.38613
839	2.38329
840	2.38045
841	2.37762
842	2.37479
843	2.37198
844	2.36917
845	2.36636
846	2.36356
847	2.36077
848	2.35799
849	2.35521
850	2.35244
851	2.34967
852	2.34692
853	2.34416
854	2.34142
855	2.33868
856	2.33595
857	2.33322
858	2.3305
859	2.32779
860	2.32508
861	2.32238
862	2.31968
863	2.317
864	2.31431
865	2.31164
866	2.30897
867	2.3063
868	2.30365
869	2.30099
870	2.29835
871	2.29571
872	2.29308
873	2.29045
874	2.28783
875	2.28521
876	2.2826
877	2.28
878	2.2774
879	2.27481
880	2.27223
881	2.26965
882	2.26707
883	2.2645
884	2.26194
885	2.25939
886	2.25683
887	2.25429
888	2.25175
889	2.24922
890	2.24669
891	2.24417
892	2.24165
893	2.23914
894	2.23663
895	2.23413
896	2.23164
897	2.22915
898	2.22667
899	2.22419
900	2.22172
901	2.21925
902	2.21679
903	2.21434
904	2.21189
905	2.20944
906	2.207
907	2.20457
908	2.20214
909	2.19972
910	2.1973
911	2.19489
912	2.19248
913	2.19008
914	2.18768
915	2.18529
916	2.1829
917	2.18052
918	2.17815
919	2.17578
920	2.17341
921	2.17105
922	2.1687
923	2.16635
924	2.164
925	2.16166
926	2.15933
927	2.157
928	2.15467
929	2.15235
930	2.15004
931	2.14773
932	2.14542
933	2.14312
934	2.14083
935	2.13854
936	2.13625
937	2.13397
938	2.13169
939	2.12942
940	2.12716
941	2.1249
942	2.12264
943	2.12039
944	2.11814
945	2.1159
946	2.11366
947	2.11143
948	2.1092
949	2.10698
950	2.10476
951	2.10255
952	2.10034
953	2.09813
954	2.09593
955	2.09374
956	2.09155
957	2.08936
958	2.08718
959	2.085
960	2.08283
961	2.08066
962	2.0785
963	2.07634
964	2.07419
965	2.07204
966	2.06989
967	2.06775
968	2.06561
969	2.06348
970	2.06135
971	2.05923
972	2.05711
973	2.055
974	2.05289
975	2.05078
976	2.04868
977	2.04658
978	2.04449
979	2.0424
980	2.04031
981	2.03823
982	2.03616
983	2.03409
984	2.03202
985	2.02995
986	2.0279
987	2.02584
988	2.02379
989	2.02174
990	2.0197
991	2.01766
992	2.01563
993	2.0136
994	2.01157
995	2.00955
996	2.00753
997	2.00552
998	2.00351
999	2.0015
1000	1.9995
1001	1.9975
1002	1.99551
1003	1.99352
1004	1.99153
1005	1.98955
1006	1.98757
1007	1.9856
1008	1.98362
1009	1.98166
1010	1.9797
1011	1.97774
1012	1.97578
1013	1.97383
1014	1.97188
1015	1.96994
1016	1.968
1017	1.96607
1018	1.96413
1019	1.96221
1020	1.96028
1021	1.95836
1022	1.95645
1023	1.95453
1024	1.95262
1025	1.95072
1026	1.94882
1027	1.94692
1028	1.94502
1029	1.94313
1030	1.94125
1031	1.93936
1032	1.93748
1033	1.93561
1034	1.93373
1035	1.93187
1036	1.93
1037	1.92814
1038	1.92628
1039	1.92443
1040	1.92257
1041	1.92073
1042	1.91888
1043	1.91704
1044	1.91521
1045	1.91337
1046	1.91154
1047	1.90972
1048	1.90789
1049	1.90608
1050	1.90426
1051	1.90245
1052	1.90064
1053	1.89883
1054	1.89703
1055	1.89523
1056	1.89344
1057	1.89165
1058	1.88986
1059	1.88807
1060	1.88629
1061	1.88451
1062	1.88274
1063	1.88097
1064	1.8792
1065	1.87743
1066	1.87567
1067	1.87391
1068	1.87216
1069	1.87041
1070	1.86866
1071	1.86691
1072	1.86517
1073	1.86343
1074	1.8617
1075	1.85996
1076	1.85823
1077	1.85651
1078	1.85479
1079	1.85307
1080	1.85135
1081	1.84964
1082	1.84793
1083	1.84622
1084	1.84452
1085	1.84282
1086	1.84112
1087	1.83942
1088	1.83773
1089	1.83605
1090	1.83436
1091	1.83268
1092	1.831
1093	1.82932
1094	1.82765
1095	1.82598
1096	1.82432
1097	1.82265
1098	1.82099
1099	1.81933
1100	1.81768
1101	1.81603
1102	1.81438
1103	1.81273
1104	1.81109
1105	1.80945
1106	1.80782
1107	1.80618
1108	1.80455
1109	1.80292
1110	1.8013
1111	1.79968
1112	1.79806
1113	1.79644
1114	1.79483
1115	1.79322
1116	1.79161
1117	1.79001
1118	1.78841
1119	1.78681
1120	1.78521
1121	1.78362
1122	1.78203
1123	1.78044
1124	1.77886
1125	1.77728
1126	1.7757
1127	1.77412
1128	1.77255
1129	1.77098
1130	1.76941
1131	1.76784
1132	1.76628
1133	1.76472
1134	1.76317
1135	1.76161
1136	1.76006
1137	1.75851
1138	1.75697
1139	1.75542
1140	1.75388
1141	1.75235
1142	1.75081
1143	1.74928
1144	1.74775
1145	1.74622
1146	1.7447
1147	1.74318
1148	1.74166
1149	1.74014
1150	1.73863
1151	1.73712
1152	1.73561
1153	1.7341
1154	1.7326
1155	1.7311
1156	1.7296
1157	1.72811
1158	1.72661
1159	1.72512
1160	1.72364
1161	1.72215
1162	1.72067
1163	1.71919
1164	1.71771
1165	1.71624
1166	1.71476
1167	1.71329
1168	1.71183
1169	1.71036
1170	1.7089
1171	1.70744
1172	1.70598
1173	1.70453
1174	1.70308
1175	1.70163
1176	1.70018
1177	1.69873
1178	1.69729
1179	1.69585
1180	1.69441
1181	1.69298
1182	1.69155
1183	1.69012
1184	1.68869
1185	1.68726
1186	1.68584
1187	1.68442
1188	1.683
1189	1.68158
1190	1.68017
1191	1.67876
1192	1.67735
1193	1.67594
1194	1.67454
1195	1.67314
1196	1.67174
1197	1.67034
1198	1.66895
1199	1.66755
1200	1.66616
1201	1.66478
1202	1.66339
1203	1.66201
1204	1.66063
1205	1.65925
1206	1.65787
1207	1.6565
1208	1.65513
1209	1.65376
1210	1.65239
1211	1.65103
1212	1.64966
1213	1.6483
1214	1.64694
1215	1.64559
1216	1.64423
1217	1.64288
1218	1.64153
1219	1.64019
1220	1.63884
1221	1.6375
1222	1.63616
1223	1.63482
1224	1.63348
1225	1.63215
1226	1.63082
1227	1.62949
1228	1.62816
1229	1.62684
1230	1.62551
1231	1.62419
1232	1.62287
1233	1.62156
1234	1.62024
1235	1.61893
1236	1.61762
1237	1.61631
1238	1.61501
1239	1.6137
1240	1.6124
1241	1.6111
1242	1.6098
1243	1.60851
1244	1.60721
1245	1.60592
1246	1.60463
1247	1.60335
1248	1.60206
1249	1.60078
1250	1.5995
1251	1.59822
1252	1.59694
1253	1.59567
1254	1.59439
1255	1.59312
1256	1.59185
1257	1.59059
1258	1.58932
1259	1.58806
1260	1.5868
1261	1.58554
1262	1.58428
1263	1.58303
1264	1.58178
1265	1.58053
1266	1.57928
1267	1.57803
1268	1.57679
1269	1.57554
1270	1.5743
1271	1.57306
1272	1.57182
1273	1.57059
1274	1.56936
1275	1.56813
1276	1.5669
1277	1.56567
1278	1.56444
1279	1.56322
1280	1.562
1281	1.56078
1282	1.55956
1283	1.55834
1284	1.55713
1285	1.55592
1286	1.55471
1287	1.5535
1288	1.55229
1289	1.55109
1290	1.54989
1291	1.54868
1292	1.54749
1293	1.54629
1294	1.54509
1295	1.5439
1296	1.54271
1297	1.54152
1298	1.54033
1299	1.53914
1300	1.53796
1301	1.53678
1302	1.5356
1303	1.53442
1304	1.53324
1305	1.53206
1306	1.53089
1307	1.52972
1308	1.52855
1309	1.52738
1310	1.52622
1311	1.52505
1312	1.52389
1313	1.52273
1314	1.52157
1315	1.52041
1316	1.51925
1317	1.5181
1318	1.51695
1319	1.5158
1320	1.51465
1321	1.5135
1322	1.51236
1323	1.51121
1324	1.51007
1325	1.50893
1326	1.50779
1327	1.50666
1328	1.50552
1329	1.50439
1330	1.50326
1331	1.50213
1332	1.501
1333	1.49987
1334	1.49875
1335	1.49763
1336	1.4965
1337	1.49538
1338	1.49427
1339	1.49315
1340	1.49204
1341	1.49092
1342	1.48981
1343	1.4887
1344	1.48759
1345	1.48649
1346	1.48538
1347	1.48428
1348	1.48318
1349	1.48208
1350	1.48098
1351	1.47988
1352	1.47879
1353	1.47769
1354	1.4766
1355	1.47551
1356	1.47442
1357	1.47334
1358	1.47225
1359	1.47117
1360	1.47009
1361	1.46901
1362	1.46793
1363	1.46685
1364	1.46577
1365	1.4647
1366	1.46363
1367	1.46256
1368	1.46149
1369	1.46042
1370	1.45935
1371	1.45829
1372	1.45722
1373	1.45616
1374	1.4551
1375	1.45404
1376	1.45299
1377	1.45193
1378	1.45088
1379	1.44982
1380	1.44877
1381	1.44772
1382	1.44668
1383	1.44563
1384	1.44458
1385	1.44354
1386	1.4425
1387	1.44146
1388	1.44042
1389	1.43938
1390	1.43835
1391	1.43731
1392	1.43628
1393	1.43525
1394	1.43422
1395	1.43319
1396	1.43216
1397	1.43114
1398	1.43011
1399	1.42909
1400	1.42807
1401	1.42705
1402	1.42603
1403	1.42501
1404	1.424
1405	1.42299
1406	1.42197
1407	1.42096
1408	1.41995
1409	1.41894
1410	1.41794
1411	1.41693
1412	1.41593
1413	1.41493
1414	1.41393
1415	1.41293
1416	1.41193
1417	1.41093
1418	1.40994
1419	1.40894
1420	1.40795
1421	1.40696
1422	1.40597
1423	1.40498
1424	1.40399
1425	1.40301
1426	1.40202
1427	1.40104
1428	1.40006
1429	1.39908
1430	1.3981
1431	1.39712
1432	1.39615
1433	1.39517
1434	1.3942
1435	1.39323
1436	1.39226
1437	1.39129
1438	1.39032
1439	1.38935
1440	1.38839
1441	1.38742
1442	1.38646
1443	1.3855
1444	1.38454
1445	1.38358
1446	1.38262
1447	1.38167
1448	1.38071
1449	1.37976
1450	1.37881
1451	1.37786
1452	1.37691
1453	1.37596
1454	1.37501
1455	1.37407
1456	1.37312
1457	1.37218
1458	1.37124
1459	1.3703
1460	1.36936
1461	1.36842
1462	1.36749
1463	1.36655
1464	1.36562
1465	1.36469
1466	1.36375
1467	1.36282
1468	1.3619
1469	1.36097
1470	1.36004
1471	1.35912
1472	1.35819
1473	1.35727
1474	1.35635
1475	1.35543
1476	1.35451
1477	1.35359
1478	1.35268
1479	1.35176
1480	1.35085
1481	1.34994
1482	1.34903
1483	1.34812
1484	1.34721
1485	1.3463
1486	1.34539
1487	1.34449
1488	1.34358
1489	1.34268
1490	1.34178
1491	1.34088
1492	1.33998
1493	1.33908
1494	1.33819
1495	1.33729
1496	1.3364
1497	1.3355
1498	1.33461
1499	1.33372
1500	1.33283
1501	1.33194
1502	1.33106
1503	1.33017
1504	1.32929
1505	1.3284
1506	1.32752
1507	1.32664
1508	1.32576
1509	1.32488
1510	1.324
1511	1.32312
1512	1.32225
1513	1.32138
1514	1.3205
1515	1.31963
1516	1.31876
1517	1.31789
1518	1.31702
1519	1.31615
1520	1.31529
1521	1.31442
1522	1.31356
1523	1.3127
1524	1.31183
1525	1.31097
1526	1.31011
1527	1.30926
1528	1.3084
1529	1.30754
1530	1.30669
1531	1.30583
1532	1.30498
1533	1.30413
1534	1.30328
1535	1.30243
1536	1.30158
1537	1.30073
1538	1.29989
1539	1.29904
1540	1.2982
1541	1.29736
1542	1.29651
1543	1.29567
1544	1.29483
1545	1.294
1546	1.29316
1547	1.29232
1548	1.29149
1549	1.29065
1550	1.28982
1551	1.28899
1552	1.28816
1553	1.28733
1554	1.2865
1555	1.28567
1556	1.28484
1557	1.28402
1558	1.28319
1559	1.28237
1560	1.28155
1561	1.28073
1562	1.27991
1563	1.27909
1564	1.27827
1565	1.27745
1566	1.27664
1567	1.27582
1568	1.27501
1569	1.2742
1570	1.27338
1571	1.27257
1572	1.27176
1573	1.27095
1574	1.27015
1575	1.26934
1576	1.26853
1577	1.26773
1578	1.26693
1579	1.26612
1580	1.26532
1581	1.26452
1582	1.26372
1583	1.26292
1584	1.26212
1585	1.26133
1586	1.26053
1587	1.25974
1588	1.25894
1589	1.25815
1590	1.25736
1591	1.25657
1592	1.25578
1593	1.25499
1594	1.2542
1595	1.25342
1596	1.25263
1597	1.25185
1598	1.25106
1599	1.25028
1600	1.2495
1601	1.24872
1602	1.24794
1603	1.24716
1604	1.24638
1605	1.2456
1606	1.24483
1607	1.24405
1608	1.24328
1609	1.24251
1610	1.24173
1611	1.24096
1612	1.24019
1613	1.23942
1614	1.23866
1615	1.23789
1616	1.23712
1617	1.23636
1618	1.23559
1619	1.23483
1620	1.23407
1621	1.2333
1622	1.23254
1623	1.23178
1624	1.23103
1625	1.23027
1626	1.22951
1627	1.22875
1628	1.228
1629	1.22725
1630	1.22649
1631	1.22574
1632	1.22499
1633	1.22424
1634	1.22349
1635	1.22274
1636	1.22199
1637	1.22125
1638	1.2205
1639	1.21975
1640	1.21901
1641	1.21827
1642	1.21752
1643	1.21678
1644	1.21604
1645	1.2153
1646	1.21456
1647	1.21383
1648	1.21309
1649	1.21235
1650	1.21162
1651	1.21088
1652	1.21015
1653	1.20942
1654	1.20869
1655	1.20796
1656	1.20723
1657	1.2065
1658	1.20577
1659	1.20504
1660	1.20432
1661	1.20359
1662	1.20287
1663	1.20214
1664	1.20142
1665	1.2007
1666	1.19998
1667	1.19926
1668	1.19854
1669	1.19782
1670	1.1971
1671	1.19639
1672	1.19567
1673	1.19496
1674	1.19424
1675	1.19353
1676	1.19282
1677	1.1921
1678	1.19139
1679	1.19068
1680	1.18997
1681	1.18927
1682	1.18856
1683	1.18785
1684	1.18715
1685	1.18644
1686	1.18574
1687	1.18503
1688	1.18433
1689	1.18363
1690	1.18293
1691	1.18223
1692	1.18153
1693	1.18083
1694	1.18014
1695	1.17944
1696	1.17874
1697	1.17805
1698	1.17735
1699	1.17666
1700	1.17597
1701	1.17528
1702	1.17459
1703	1.1739
1704	1.17321
1705	1.17252
1706	1.17183
1707	1.17114
1708	1.17046
1709	1.16977
1710	1.16909
1711	1.16841
1712	1.16772
1713	1.16704
1714	1.16636
1715	1.16568
1716	1.165
1717	1.16432
1718	1.16364
1719	1.16297
1720	1.16229
1721	1.16161
1722	1.16094
1723	1.16026
1724	1.15959
1725	1.15892
1726	1.15825
1727	1.15758
1728	1.15691
1729	1.15624
1730	1.15557
1731	1.1549
1732	1.15423
1733	1.15357
1734	1.1529
1735	1.15224
1736	1.15157
1737	1.15091
1738	1.15025
1739	1.14958
1740	1.14892
1741	1.14826
1742	1.1476
1743	1.14694
1744	1.14629
1745	1.14563
1746	1.14497
1747	1.14432
1748	1.14366
1749	1.14301
1750	1.14236
1751	1.1417
1752	1.14105
1753	1.1404
1754	1.13975
1755	1.1391
1756	1.13845
1757	1.1378
1758	1.13715
1759	1.13651
1760	1.13586
1761	1.13522
1762	1.13457
1763	1.13393
1764	1.13328
1765	1.13264
1766	1.132
1767	1.13136
1768	1.13072
1769	1.13008
1770	1.12944
1771	1.1288
1772	1.12817
1773	1.12753
1774	1.12689
1775	1.12626
1776	1.12562
1777	1.12499
1778	1.12436
1779	1.12373
1780	1.12309
1781	1.12246
1782	1.12183
1783	1.1212
1784	1.12057
1785	1.11995
1786	1.11932
1787	1.11869
1788	1.11807
1789	1.11744
1790	1.11682
1791	1.11619
1792	1.11557
1793	1.11495
1794	1.11433
1795	1.1137
1796	1.11308
1797	1.11246
1798	1.11184
1799	1.11123
1800	1.11061
1801	1.10999
1802	1.10938
1803	1.10876
1804	1.10815
1805	1.10753
1806	1.10692
1807	1.1063
1808	1.10569
1809	1.10508
1810	1.10447
1811	1.10386
1812	1.10325
1813	1.10264
1814	1.10203
1815	1.10143
1816	1.10082
1817	1.10021
1818	1.09961
1819	1.099
1820	1.0984
1821	1.0978
1822	1.09719
1823	1.09659
1824	1.09599
1825	1.09539
1826	1.09479
1827	1.09419
1828	1.09359
1829	1.09299
1830	1.09239
1831	1.0918
1832	1.0912
1833	1.09061
1834	1.09001
1835	1.08942
1836	1.08882
1837	1.08823
1838	1.08764
1839	1.08705
1840	1.08645
1841	1.08586
1842	1.08527
1843	1.08469
1844	1.0841
1845	1.08351
1846	1.08292
1847	1.08233
1848	1.08175
1849	1.08116
1850	1.08058
1851	1.07999
1852	1.07941
1853	1.07883
1854	1.07825
1855	1.07767
1856	1.07708
1857	1.0765
1858	1.07592
1859	1.07535
1860	1.07477
1861	1.07419
1862	1.07361
1863	1.07304
1864	1.07246
1865	1.07188
1866	1.07131
1867	1.07074
1868	1.07016
1869	1.06959
1870	1.06902
1871	1.06845
1872	1.06787
1873	1.0673
1874	1.06673
1875	1.06616
1876	1.0656
1877	1.06503
1878	1.06446
1879	1.06389
1880	1.06333
1881	1.06276
1882	1.0622
1883	1.06163
1884	1.06107
1885	1.06051
1886	1.05994
1887	1.05938
1888	1.05882
1889	1.05826
1890	1.0577
1891	1.05714
1892	1.05658
1893	1.05602
1894	1.05546
1895	1.05491
1896	1.05435
1897	1.05379
1898	1.05324
1899	1.05268
1900	1.05213
1901	1.05158
1902	1.05102
1903	1.05047
1904	1.04992
1905	1.04937
1906	1.04882
1907	1.04827
1908	1.04772
1909	1.04717
1910	1.04662
1911	1.04607
1912	1.04552
1913	1.04498
1914	1.04443
1915	1.04388
1916	1.04334
1917	1.04279
1918	1.04225
1919	1.04171
1920	1.04116
1921	1.04062
1922	1.04008
1923	1.03954
1924	1.039
1925	1.03846
1926	1.03792
1927	1.03738
1928	1.03684
1929	1.0363
1930	1.03577
1931	1.03523
1932	1.03469
1933	1.03416
1934	1.03362
1935	1.03309
1936	1.03256
1937	1.03202
1938	1.03149
1939	1.03096
1940	1.03043
1941	1.02989
1942	1.02936
1943	1.02883
1944	1.0283
1945	1.02778
1946	1.02725
1947	1.02672
1948	1.02619
1949	1.02567
1950	1.02514
1951	1.02461
1952	1.02409
1953	1.02356
1954	1.02304
1955	1.02252
1956	1.02199
1957	1.02147
1958	1.02095
1959	1.02043
1960	1.01991
1961	1.01939
1962	1.01887
1963	1.01835
1964	1.01783
1965	1.01731
1966	1.01679
1967	1.01627
1968	1.01576
1969	1.01524
1970	1.01473
1971	1.01421
1972	1.0137
1973	1.01318
1974	1.01267
1975	1.01216
1976	1.01164
1977	1.01113
1978	1.01062
1979	1.01011
1980	1.0096
1981	1.00909
1982	1.00858
1983	1.00807
1984	1.00756
1985	1.00705
1986	1.00655
1987	1.00604
1988	1.00553
1989	1.00503
1990	1.00452
1991	1.00402
1992	1.00351
1993	1.00301
1994	1.00251
1995	1.002
1996	1.0015
1997	1.001
1998	1.0005
1999	0.999998
