15	130.204
18	107.972
21	92.1184
24	80.2056
27	70.9567
30	63.5394
33	57.4704
36	52.4519
39	48.1821
42	44.507
45	41.3302
48	38.5401
51	36.1114
54	33.9393
57	31.9843
60	30.207
63	28.6332
66	27.2309
69	25.8759
72	24.6871
75	23.5788
78	22.5511
81	21.5975
84	20.7442
87	19.8531
90	19.1655
93	18.4306
96	17.7073
99	17.1481
102	16.5579
105	15.9361
108	15.4267
111	14.9825
114	14.5075
117	14.0075
120	13.5408
123	13.1986
126	12.8565
129	12.4868
132	12.0953
135	11.7038
138	11.3851
141	11.1318
144	10.8785
147	10.624
150	10.3278
153	10.0317
156	9.73566
159	9.43961
162	9.2558
165	9.07814
168	8.90049
171	8.72284
174	8.54066
177	8.32681
180	8.11297
183	7.89913
186	7.68529
189	7.47145
192	7.29094
195	7.17581
198	7.06067
201	6.94552
204	6.83038
207	6.71523
210	6.60009
213	6.47712
216	6.33236
219	6.18761
222	6.04285
225	5.8981
228	5.75334
231	5.60859
234	5.46384
237	5.31909
240	5.20767
243	5.14188
246	5.07609
249	5.01029
252	4.9445
255	4.8787
258	4.8129
261	4.7471
264	4.68131
267	4.61551
270	4.54971
273	4.48272
276	4.39384
279	4.30501
282	4.21619
285	4.12736
288	4.03853
291	3.94971
294	3.86088
297	3.77205
300	3.68323
303	3.5944
306	3.50558
309	3.41675
312	3.32793
315	3.2391
318	3.15031
321	3.11453
324	3.08493
327	3.05532
330	3.02571
333	2.9961
336	2.9665
339	2.93689
342	2.90728
345	2.87767
348	2.84806
351	2.81845
354	2.78884
357	2.75924
360	2.72963
363	2.70002
366	2.67041
369	2.6408
372	2.61119
375	2.58158
378	2.55197
381	2.52236
384	2.48164
387	2.43558
390	2.38952
393	2.34346
396	2.29741
399	2.25135
402	2.20529
405	2.15923
408	2.11317
411	2.06711
414	2.02106
417	1.975
420	1.92894
423	1.88288
426	1.83682
429	1.79077
432	1.74471
435	1.69865
438	1.65259
441	1.60653
444	1.56048
447	1.51442
450	1.46836
453	1.4223
456	1.37624
459	1.33019
462	1.28413
465	1.23807
468	1.19201
471	1.14596
474	1.0999
477	1.05387
480	1.04112
483	1.03455
486	1.02797
489	1.02139
492	1.01482
495	1.00824
498	1.00166
501	0.995077
504	0.988497
507	0.981918
510	0.975338
513	0.968759
516	0.962179
519	0.955599
522	0.94902
525	0.94244
528	0.93586
531	0.92928
534	0.922701
537	0.916121
540	0.909541
543	0.902962
546	0.896382
549	0.889802
552	0.883222
555	0.876643
558	0.870063
561	0.863483
564	0.856904
567	0.850324
570	0.843744
573	0.837164
576	0.830585
579	0.824005
582	0.817425
585	0.810845
588	0.804266
591	0.797686
594	0.791106
597	0.784527
600	0.777947
603	0.771367
606	0.764787
609	0.758207
612	0.751628
615	0.745048
618	0.738468
621	0.731888
624	0.725308
627	0.718728
630	0.712148
633	0.705566
636	0.698978
639	0.684589
642	0.668135
645	0.651684
648	0.635234
651	0.618784
654	0.602335
657	0.585885
660	0.569436
663	0.552987
666	0.536537
669	0.520088
672	0.503638
675	0.487189
678	0.47074
681	0.45429
684	0.437841
687	0.421392
690	0.404942
693	0.388493
696	0.372044
699	0.355594
702	0.339145
705	0.322696
708	0.306246
711	0.289797
714	0.273348
717	0.256898
720	0.240449
723	0.224
726	0.20755
729	0.191101
732	0.174652
735	0.158202
738	0.141753
741	0.125304
744	0.108854
747	0.0924051
750	0.0759558
753	0.0595065
756	0.0430572
759	0.0266078
762	0.0101585
765	0.00629081
768	0.0227401
771	0.0391895
774	0.0556388
777	0.0720881
780	0.0885374
783	0.104987
786	0.121436
789	0.137885
792	0.154335
795	0.170784
798	0.187233
801	0.203683
804	0.220132
807	0.236581
810	0.253031
813	0.26948
816	0.285929
819	0.302379
822	0.318828
825	0.335277
828	0.351727
831	0.368176
834	0.384625
837	0.401075
840	0.417524
843	0.433973
846	0.450423
849	0.466872
852	0.483321
855	0.499771
858	0.51622
861	0.532669
864	0.549118
867	0.565568
870	0.582017
873	0.598466
876	0.614916
879	0.631365
882	0.647814
885	0.664264
888	0.680713
891	0.697162
894	0.713612
897	0.730061
900	0.74651
903	0.762959
906	0.779409
909	0.795858
912	0.812307
915	0.828756
918	0.845205
921	0.861655
924	0.878104
927	0.894553
930	0.911002
933	0.927451
936	0.9439
939	0.960348
942	0.976797
945	0.993244
948	1.00969
951	1.02613
954	1.04256
957	1.04547
960	1.04215
963	1.03886
966	1.03557
969	1.03227
972	1.02898
975	1.02569
978	1.0224
981	1.01911
984	1.01582
987	1.01253
990	1.00924
993	1.00595
996	1.00266
999	0.999371
1002	0.996081
1005	0.992791
1008	0.989502
1011	0.986212
1014	0.982922
1017	0.979632
1020	0.976342
1023	0.973052
1026	0.969762
1029	0.966472
1032	0.963182
1035	0.959892
1038	0.956602
1041	0.953313
1044	0.950023
1047	0.946733
1050	0.943443
1053	0.940153
1056	0.936863
1059	0.933573
1062	0.930283
1065	0.926994
1068	0.923704
1071	0.920414
1074	0.917124
1077	0.913834
1080	0.910544
1083	0.907254
1086	0.903964
1089	0.900675
1092	0.897385
1095	0.894095
1098	0.890805
1101	0.887515
1104	0.884225
1107	0.880935
1110	0.877646
1113	0.874356
1116	0.871066
1119	0.867776
1122	0.864486
1125	0.861196
1128	0.857906
1131	0.854616
1134	0.851327
1137	0.848037
1140	0.844747
1143	0.841457
1146	0.838167
1149	0.834877
1152	0.831587
1155	0.828298
1158	0.825008
1161	0.821718
1164	0.818428
1167	0.815138
1170	0.811848
1173	0.808558
1176	0.805268
1179	0.801979
1182	0.798689
1185	0.795399
1188	0.792109
1191	0.788819
1194	0.785529
1197	0.782239
1200	0.77895
1203	0.77566
1206	0.77237
1209	0.76908
1212	0.76579
1215	0.7625
1218	0.75921
1221	0.755921
1224	0.752631
1227	0.749341
1230	0.746051
1233	0.742761
1236	0.739471
1239	0.736181
1242	0.732892
1245	0.729602
1248	0.726312
1251	0.723022
1254	0.719732
1257	0.716442
1260	0.713152
1263	0.709862
1266	0.706573
1269	0.703283
1272	0.699993
1275	0.696703
1278	0.693413
1281	0.690123
1284	0.686833
1287	0.683544
1290	0.680254
1293	0.676964
1296	0.673674
1299	0.670384
1302	0.667094
1305	0.663804
1308	0.660515
1311	0.657225
1314	0.653935
1317	0.650645
1320	0.647355
1323	0.644065
1326	0.640775
1329	0.637486
1332	0.634196
1335	0.630906
1338	0.627616
1341	0.624326
1344	0.621036
1347	0.617746
1350	0.614456
1353	0.611167
1356	0.607877
1359	0.604587
1362	0.601297
1365	0.598007
1368	0.594717
1371	0.591427
1374	0.588138
1377	0.584848
1380	0.581558
1383	0.578268
1386	0.574978
1389	0.571688
1392	0.568398
1395	0.565109
1398	0.561819
1401	0.558529
1404	0.555239
1407	0.551949
1410	0.548659
1413	0.545369
1416	0.542079
1419	0.53879
1422	0.5355
1425	0.53221
1428	0.52892
1431	0.52563
1434	0.52234
1437	0.51905
1440	0.515761
1443	0.512471
1446	0.509181
1449	0.505891
1452	0.502601
1455	0.499311
1458	0.496021
1461	0.492732
1464	0.489442
1467	0.486152
1470	0.482862
1473	0.479572
1476	0.476282
1479	0.472992
1482	0.469702
1485	0.466413
1488	0.463123
1491	0.459833
1494	0.456543
1497	0.453253
1500	0.449963
1503	0.446673
1506	0.443384
1509	0.440094
1512	0.436804
1515	0.433514
1518	0.430224
1521	0.426934
1524	0.423644
1527	0.420355
1530	0.417065
1533	0.413775
1536	0.410485
1539	0.407195
1542	0.403905
1545	0.400615
1548	0.397326
1551	0.394036
1554	0.390746
1557	0.387456
1560	0.384166
1563	0.380876
1566	0.377586
1569	0.374296
1572	0.371007
1575	0.367717
1578	0.364427
1581	0.361137
1584	0.357847
1587	0.354557
1590	0.351267
1593	0.347978
1596	0.344688
1599	0.341398
1602	0.338108
1605	0.334818
1608	0.331528
1611	0.328238
1614	0.324949
1617	0.321659
1620	0.318369
1623	0.315079
1626	0.311789
1629	0.308499
1632	0.305209
1635	0.301919
1638	0.29863
1641	0.29534
1644	0.29205
1647	0.28876
1650	0.28547
1653	0.28218
1656	0.27889
1659	0.275601
1662	0.272311
1665	0.269021
1668	0.265731
1671	0.262441
1674	0.259151
1677	0.255861
1680	0.252572
1683	0.249282
1686	0.245992
1689	0.242702
1692	0.239412
1695	0.236122
1698	0.232832
1701	0.229542
1704	0.226253
1707	0.222963
1710	0.219673
1713	0.216383
1716	0.213093
1719	0.209803
1722	0.206513
1725	0.203224
1728	0.199934
1731	0.196644
1734	0.193354
1737	0.190064
1740	0.186774
1743	0.183484
1746	0.180195
1749	0.176905
1752	0.173615
1755	0.170325
1758	0.167035
1761	0.163745
1764	0.160455
1767	0.157166
1770	0.153876
1773	0.150586
1776	0.147296
1779	0.144006
1782	0.140716
1785	0.137426
1788	0.134137
1791	0.130847
1794	0.127557
1797	0.124267
1800	0.120977
1803	0.117687
1806	0.114397
1809	0.111108
1812	0.107818
1815	0.104528
1818	0.101238
1821	0.0979481
1824	0.0946583
1827	0.0913684
1830	0.0880786
1833	0.0847887
1836	0.0814989
1839	0.0782091
1842	0.0749192
1845	0.0716294
1848	0.0683396
1851	0.0650497
1854	0.0617599
1857	0.0584701
1860	0.0551803
1863	0.0518905
1866	0.0486007
1869	0.0453109
1872	0.0420211
1875	0.0387314
1878	0.0354416
1881	0.0321519
1884	0.0288623
1887	0.0255726
1890	0.0222831
1893	0.0189936
1896	0.0157044
1899	0.0124154
1902	0.00912692
1905	0.00583964
1908	0.00255377
1911	0.000451721
1914	0.000487138
1917	0.000493792
1920	0.000496429
1923	0.00049782
1926	0.000498675
1929	0.000499252
1932	0.000499666
1935	0.000499978
1938	0.00050022
1941	0.000500414
1944	0.000500572
1947	0.000500704
1950	0.000500815
1953	0.000500911
1956	0.000500993
1959	0.000501064
1962	0.000501127
1965	0.000501183
1968	0.000501232
1971	0.000501277
1974	0.000501317
1977	0.000501353
1980	0.000501386
1983	0.000501416
1986	0.000501444
1989	0.000501469
1992	0.000501492
1995	0.000501514
1998	0.000501533
2001	0.000501552
2004	0.000501569
2007	0.000501585
2010	0.0005016
2013	0.000501614
2016	0.000501627
2019	0.000501639
2022	0.000501651
2025	0.000501662
2028	0.000501672
2031	0.000501682
2034	0.000501691
2037	0.0005017
2040	0.000501708
2043	0.000501716
2046	0.000501723
2049	0.00050173
2052	0.000501737
2055	0.000501743
2058	0.000501749
2061	0.000501755
2064	0.000501761
2067	0.000501766
2070	0.000501771
2073	0.000501776
2076	0.00050178
2079	0.000501785
2082	0.000501789
2085	0.000501793
2088	0.000501797
2091	0.000501801
2094	0.000501804
2097	0.000501808
