10	396.863
12	330.194
14	282.574
16	246.868
18	219.089
20	196.869
22	178.682
24	163.528
26	150.706
28	139.732
30	130.209
32	121.871
34	114.526
36	107.99
38	102.145
40	96.8718
42	92.1184
44	87.7733
46	83.8392
48	80.2208
50	76.8886
52	73.813
54	70.9645
56	68.3133
58	65.8299
60	63.55
62	61.4121
64	59.3728
66	57.4976
68	55.715
70	54.0273
72	52.4519
74	50.9418
76	49.5243
78	48.1821
80	46.8732
82	45.6888
84	44.5045
86	43.4028
88	42.3665
90	41.3302
92	40.3667
94	39.4686
96	38.5705
98	37.6759
100	36.9063
102	36.1364
104	35.3666
106	34.5968
108	33.9393
110	33.2879
112	32.6365
114	31.9851
116	31.3473
118	30.8045
120	30.2617
122	29.7188
124	29.176
126	28.6332
128	28.1237
130	27.6796
132	27.2354
134	26.7913
136	26.3472
138	25.903
140	25.4589
142	25.0382
144	24.683
146	24.3277
148	23.9724
150	23.6171
152	23.2617
154	22.9064
156	22.5511
158	22.1958
160	21.8739
162	21.5975
164	21.3212
166	21.0448
168	20.7685
170	20.4921
172	20.2158
174	19.9394
176	19.6631
178	19.3867
180	19.1104
182	18.8376
184	18.6305
186	18.4233
188	18.216
190	18.0087
192	17.8015
194	17.5942
196	17.387
198	17.1797
200	16.9724
202	16.7652
204	16.5579
206	16.3507
208	16.1434
210	15.9361
212	15.7289
214	15.5747
216	15.4267
218	15.2786
220	15.1306
222	14.9825
224	14.8345
226	14.6864
228	14.5384
230	14.3904
232	14.2423
234	14.0943
236	13.9462
238	13.7982
240	13.6501
242	13.5021
244	13.3541
246	13.206
248	13.058
250	12.9099
252	12.7619
254	12.6139
256	12.4991
258	12.4004
260	12.3018
262	12.2031
264	12.1044
266	12.0057
268	11.907
270	11.8083
272	11.7096
274	11.6109
276	11.5122
278	11.4135
280	11.3148
282	11.2161
284	11.1174
286	11.0187
288	10.92
290	10.8213
292	10.7226
294	10.6239
296	10.5252
298	10.4265
300	10.3278
302	10.2291
304	10.1304
306	10.0317
308	9.93305
310	9.83436
312	9.73566
314	9.63697
316	9.53828
318	9.43961
320	9.37422
322	9.31501
324	9.2558
326	9.19658
328	9.13736
330	9.07815
332	9.01893
334	8.95971
336	8.90049
338	8.84128
340	8.78206
342	8.72284
344	8.66362
346	8.60441
348	8.54519
350	8.48597
352	8.42675
354	8.36754
356	8.30832
358	8.2491
360	8.18988
362	8.13067
364	8.07145
366	8.01223
368	7.95301
370	7.8938
372	7.83458
374	7.77536
376	7.71614
378	7.65692
380	7.59771
382	7.53849
384	7.47927
386	7.42005
388	7.36084
390	7.30162
392	7.2424
394	7.18318
396	7.12397
398	7.06475
400	7.00553
402	6.94631
404	6.8871
406	6.82788
408	6.76866
410	6.70945
412	6.65023
414	6.59101
416	6.53179
418	6.47258
420	6.41336
422	6.35415
424	6.29496
426	6.25917
428	6.22957
430	6.19997
432	6.17036
434	6.14075
436	6.11115
438	6.08154
440	6.05193
442	6.02232
444	5.99271
446	5.9631
448	5.93349
450	5.90389
452	5.87428
454	5.84467
456	5.81506
458	5.78545
460	5.75584
462	5.72623
464	5.69662
466	5.66702
468	5.63741
470	5.6078
472	5.57819
474	5.54858
476	5.51897
478	5.48936
480	5.45975
482	5.43015
484	5.40054
486	5.37093
488	5.34132
490	5.31171
492	5.2821
494	5.25249
496	5.22288
498	5.19328
500	5.16367
502	5.13406
504	5.10445
506	5.07484
508	5.04523
510	5.01562
512	4.98601
514	4.95641
516	4.9268
518	4.89719
520	4.86758
522	4.83797
524	4.80836
526	4.77875
528	4.74914
530	4.71954
532	4.68993
534	4.66032
536	4.63071
538	4.6011
540	4.57149
542	4.54188
544	4.51227
546	4.48267
548	4.45306
550	4.42345
552	4.39384
554	4.36423
556	4.33462
558	4.30501
560	4.2754
562	4.24579
564	4.21619
566	4.18658
568	4.15697
570	4.12736
572	4.09775
574	4.06814
576	4.03853
578	4.00892
580	3.97932
582	3.94971
584	3.9201
586	3.89049
588	3.86088
590	3.83127
592	3.80166
594	3.77205
596	3.74245
598	3.71284
600	3.68323
602	3.65362
604	3.62401
606	3.5944
608	3.56479
610	3.53518
612	3.50558
614	3.47597
616	3.44636
618	3.41675
620	3.38714
622	3.35753
624	3.32793
626	3.29832
628	3.26871
630	3.2391
632	3.2095
634	3.17989
636	3.15031
638	3.13424
640	3.12439
642	3.11453
644	3.10466
646	3.0948
648	3.08493
650	3.07506
652	3.06519
654	3.05532
656	3.04545
658	3.03558
660	3.02571
662	3.01584
664	3.00597
666	2.9961
668	2.98624
670	2.97637
672	2.9665
674	2.95663
676	2.94676
678	2.93689
680	2.92702
682	2.91715
684	2.90728
686	2.89741
688	2.88754
690	2.87767
692	2.8678
694	2.85793
696	2.84806
698	2.83819
700	2.82832
702	2.81845
704	2.80858
706	2.79871
708	2.78884
710	2.77897
712	2.76911
714	2.75924
716	2.74937
718	2.7395
720	2.72963
722	2.71976
724	2.70989
726	2.70002
728	2.69015
730	2.68028
732	2.67041
734	2.66054
736	2.65067
738	2.6408
740	2.63093
742	2.62106
744	2.61119
746	2.60132
748	2.59145
750	2.58158
752	2.57171
754	2.56184
756	2.55197
758	2.5421
760	2.53223
762	2.52237
764	2.5125
766	2.50263
768	2.49276
770	2.48289
772	2.47302
774	2.46315
776	2.45328
778	2.44341
780	2.43354
782	2.42367
784	2.4138
786	2.40393
788	2.39406
790	2.38419
792	2.37432
794	2.36445
796	2.35458
798	2.34471
800	2.33484
802	2.32497
804	2.3151
806	2.30523
808	2.29536
810	2.2855
812	2.27563
814	2.26576
816	2.25589
818	2.24602
820	2.23615
822	2.22628
824	2.21641
826	2.20654
828	2.19667
830	2.1868
832	2.17693
834	2.16706
836	2.15719
838	2.14732
840	2.13745
842	2.12758
844	2.11771
846	2.10784
848	2.09797
850	2.0881
852	2.07823
854	2.06836
856	2.05849
858	2.04862
860	2.03876
862	2.02889
864	2.01902
866	2.00915
868	1.99928
870	1.98941
872	1.97954
874	1.96967
876	1.9598
878	1.94993
880	1.94006
882	1.93019
884	1.92032
886	1.91045
888	1.90058
890	1.89071
892	1.88084
894	1.87097
896	1.8611
898	1.85123
900	1.84136
902	1.83149
904	1.82162
906	1.81175
908	1.80188
910	1.79202
912	1.78215
914	1.77228
916	1.76241
918	1.75254
920	1.74267
922	1.7328
924	1.72293
926	1.71306
928	1.70319
930	1.69332
932	1.68345
934	1.67358
936	1.66371
938	1.65384
940	1.64397
942	1.6341
944	1.62423
946	1.61436
948	1.60449
950	1.59462
952	1.58475
954	1.57488
956	1.56501
958	1.55515
960	1.54528
962	1.53541
964	1.52554
966	1.51567
968	1.5058
970	1.49593
972	1.48606
974	1.47619
976	1.46632
978	1.45645
980	1.44658
982	1.43671
984	1.42684
986	1.41697
988	1.4071
990	1.39723
992	1.38736
994	1.37749
996	1.36762
998	1.35775
1000	1.34788
1002	1.33801
1004	1.32814
1006	1.31827
1008	1.30841
1010	1.29854
1012	1.28867
1014	1.2788
1016	1.26893
1018	1.25906
1020	1.24919
1022	1.23932
1024	1.22945
1026	1.21958
1028	1.20971
1030	1.19984
1032	1.18997
1034	1.1801
1036	1.17023
1038	1.16036
1040	1.15049
1042	1.14062
1044	1.13075
1046	1.12088
1048	1.11101
1050	1.10114
1052	1.09127
1054	1.0814
1056	1.07153
1058	1.06167
1060	1.0518
1062	1.04193
1064	1.03206
1066	1.02219
1068	1.01232
1070	1.00245
1072	0.992578
1074	0.982709
1076	0.972839
1078	0.962969
1080	0.9531
1082	0.94323
1084	0.933361
1086	0.923491
1088	0.913621
1090	0.903752
1092	0.893882
1094	0.884013
1096	0.874143
1098	0.864273
1100	0.854404
1102	0.844534
1104	0.834665
1106	0.824795
1108	0.814926
1110	0.805056
1112	0.795186
1114	0.785317
1116	0.775447
1118	0.765578
1120	0.755708
1122	0.745838
1124	0.735969
1126	0.726099
1128	0.71623
1130	0.70636
1132	0.69649
1134	0.686621
1136	0.676751
1138	0.666882
1140	0.657012
1142	0.647142
1144	0.637273
1146	0.627403
1148	0.617534
1150	0.607664
1152	0.597794
1154	0.587925
1156	0.578055
1158	0.568186
1160	0.558316
1162	0.548447
1164	0.538577
1166	0.528707
1168	0.518838
1170	0.508968
1172	0.499099
1174	0.489229
1176	0.479359
1178	0.46949
1180	0.45962
1182	0.449751
1184	0.439881
1186	0.430012
1188	0.420142
1190	0.410272
1192	0.400403
1194	0.390533
1196	0.380664
1198	0.370794
1200	0.360925
1202	0.351055
1204	0.341185
1206	0.331316
1208	0.321446
1210	0.311577
1212	0.301707
1214	0.291838
1216	0.281968
1218	0.272099
1220	0.262229
1222	0.252359
1224	0.24249
1226	0.23262
1228	0.222751
1230	0.212881
1232	0.203012
1234	0.193142
1236	0.183273
1238	0.173403
1240	0.163534
1242	0.153665
1244	0.143795
1246	0.133926
1248	0.124057
1250	0.114187
1252	0.104318
1254	0.094449
1256	0.08458
1258	0.0747111
1260	0.0648424
1262	0.0549741
1264	0.0451063
1266	0.0352393
1268	0.0253739
1270	0.0155121
1272	0.00565447
1274	0.000651685
1276	0.000545437
1278	0.000525476
1280	0.000517569
1282	0.000513397
1284	0.000510835
1286	0.000509108
1288	0.000507867
1290	0.000506935
1292	0.00050621
1294	0.000505631
1296	0.000505158
1298	0.000504765
1300	0.000504434
1302	0.000504151
1304	0.000503907
1306	0.000503695
1308	0.000503509
1310	0.000503344
1312	0.000503198
1314	0.000503067
1316	0.000502949
1318	0.000502843
1320	0.000502746
1322	0.000502659
1324	0.000502578
1326	0.000502505
1328	0.000502438
1330	0.000502376
1332	0.000502318
1334	0.000502265
1336	0.000502216
1338	0.00050217
1340	0.000502128
1342	0.000502088
1344	0.000502051
1346	0.000502016
1348	0.000501984
1350	0.000501953
1352	0.000501925
1354	0.000501898
1356	0.000501872
1358	0.000501849
1360	0.000501826
1362	0.000501805
1364	0.000501785
1366	0.000501766
1368	0.000501748
1370	0.000501731
1372	0.000501715
1374	0.000501699
1376	0.000501685
1378	0.000501671
1380	0.000501658
1382	0.000501646
1384	0.000501634
1386	0.000501623
1388	0.000501612
1390	0.000501602
1392	0.000501592
1394	0.000501583
1396	0.000501574
1398	0.000501566
1400	0.000501558
1402	0.00050155
1404	0.000501543
1406	0.000501536
1408	0.000501529
1410	0.000501523
1412	0.000501517
1414	0.000501511
1416	0.000501506
1418	0.000501501
1420	0.000501496
1422	0.000501491
1424	0.000501486
1426	0.000501482
1428	0.000501478
1430	0.000501474
1432	0.00050147
1434	0.000501466
1436	0.000501463
1438	0.00050146
1440	0.000501457
1442	0.000501454
1444	0.000501451
1446	0.000501448
1448	0.000501446
1450	0.000501443
1452	0.000501441
1454	0.000501439
1456	0.000501436
1458	0.000501434
1460	0.000501433
1462	0.000501431
1464	0.000501429
1466	0.000501427
1468	0.000501426
1470	0.000501425
1472	0.000501423
1474	0.000501422
1476	0.000501421
1478	0.00050142
1480	0.000501418
1482	0.000501417
1484	0.000501417
1486	0.000501416
1488	0.000501415
1490	0.000501414
1492	0.000501413
1494	0.000501413
1496	0.000501412
1498	0.000501412
1500	0.000501411
1502	0.000501411
1504	0.00050141
1506	0.00050141
1508	0.00050141
1510	0.000501409
1512	0.000501409
1514	0.000501409
1516	0.000501409
1518	0.000501409
1520	0.000501409
1522	0.000501408
1524	0.000501408
1526	0.000501408
1528	0.000501408
1530	0.000501409
1532	0.000501409
1534	0.000501409
1536	0.000501409
1538	0.000501409
1540	0.000501409
1542	0.00050141
1544	0.00050141
1546	0.00050141
1548	0.00050141
1550	0.000501411
1552	0.000501411
1554	0.000501411
1556	0.000501412
1558	0.000501412
1560	0.000501412
1562	0.000501413
1564	0.000501413
1566	0.000501414
1568	0.000501414
1570	0.000501415
1572	0.000501415
1574	0.000501416
1576	0.000501416
1578	0.000501417
1580	0.000501417
1582	0.000501418
1584	0.000501419
1586	0.000501419
1588	0.00050142
1590	0.00050142
1592	0.000501421
1594	0.000501422
1596	0.000501422
1598	0.000501423
1600	0.000501424
1602	0.000501424
1604	0.000501425
1606	0.000501426
1608	0.000501426
1610	0.000501427
1612	0.000501428
1614	0.000501428
1616	0.000501429
1618	0.00050143
1620	0.000501431
1622	0.000501431
1624	0.000501432
1626	0.000501433
1628	0.000501434
1630	0.000501434
1632	0.000501435
1634	0.000501436
1636	0.000501437
1638	0.000501438
1640	0.000501438
1642	0.000501439
1644	0.00050144
1646	0.000501441
1648	0.000501442
1650	0.000501442
1652	0.000501443
1654	0.000501444
1656	0.000501445
1658	0.000501446
1660	0.000501447
1662	0.000501447
1664	0.000501448
1666	0.000501449
1668	0.00050145
1670	0.000501451
1672	0.000501452
1674	0.000501452
1676	0.000501453
1678	0.000501454
1680	0.000501455
1682	0.000501456
1684	0.000501457
1686	0.000501457
1688	0.000501458
1690	0.000501459
1692	0.00050146
1694	0.000501461
1696	0.000501462
1698	0.000501463
1700	0.000501463
1702	0.000501464
1704	0.000501465
1706	0.000501466
1708	0.000501467
1710	0.000501468
1712	0.000501469
1714	0.00050147
1716	0.00050147
1718	0.000501471
1720	0.000501472
1722	0.000501473
1724	0.000501474
1726	0.000501475
1728	0.000501476
1730	0.000501476
1732	0.000501477
1734	0.000501478
1736	0.000501479
1738	0.00050148
1740	0.000501481
1742	0.000501482
1744	0.000501483
1746	0.000501483
1748	0.000501484
1750	0.000501485
1752	0.000501486
1754	0.000501487
1756	0.000501488
1758	0.000501489
1760	0.000501489
1762	0.00050149
1764	0.000501491
1766	0.000501492
1768	0.000501493
1770	0.000501494
1772	0.000501495
1774	0.000501495
1776	0.000501496
1778	0.000501497
1780	0.000501498
1782	0.000501499
1784	0.0005015
1786	0.0005015
1788	0.000501501
1790	0.000501502
1792	0.000501503
1794	0.000501504
1796	0.000501505
1798	0.000501505
1800	0.000501506
1802	0.000501507
1804	0.000501508
1806	0.000501509
1808	0.00050151
1810	0.00050151
1812	0.000501511
1814	0.000501512
1816	0.000501513
1818	0.000501514
1820	0.000501515
1822	0.000501515
1824	0.000501516
1826	0.000501517
1828	0.000501518
1830	0.000501519
1832	0.000501519
1834	0.00050152
1836	0.000501521
1838	0.000501522
1840	0.000501523
1842	0.000501524
1844	0.000501524
1846	0.000501525
1848	0.000501526
1850	0.000501527
1852	0.000501528
1854	0.000501528
1856	0.000501529
1858	0.00050153
1860	0.000501531
1862	0.000501531
1864	0.000501532
1866	0.000501533
1868	0.000501534
1870	0.000501535
1872	0.000501535
1874	0.000501536
1876	0.000501537
1878	0.000501538
1880	0.000501539
1882	0.000501539
1884	0.00050154
1886	0.000501541
1888	0.000501542
1890	0.000501542
1892	0.000501543
1894	0.000501544
1896	0.000501545
1898	0.000501545
1900	0.000501546
1902	0.000501547
1904	0.000501548
1906	0.000501548
1908	0.000501549
1910	0.00050155
1912	0.000501551
1914	0.000501551
1916	0.000501552
1918	0.000501553
1920	0.000501554
1922	0.000501554
1924	0.000501555
1926	0.000501556
1928	0.000501557
1930	0.000501557
1932	0.000501558
1934	0.000501559
1936	0.000501559
1938	0.00050156
1940	0.000501561
1942	0.000501562
1944	0.000501562
1946	0.000501563
1948	0.000501564
1950	0.000501564
1952	0.000501565
1954	0.000501566
1956	0.000501567
1958	0.000501567
1960	0.000501568
1962	0.000501569
1964	0.000501569
1966	0.00050157
1968	0.000501571
1970	0.000501571
1972	0.000501572
1974	0.000501573
1976	0.000501574
1978	0.000501574
1980	0.000501575
1982	0.000501576
1984	0.000501576
1986	0.000501577
1988	0.000501578
1990	0.000501578
1992	0.000501579
1994	0.00050158
1996	0.00050158
1998	0.000501581
