
0.015	0.000726176	0.000590181	
0.03	0.00284169	0.00230968	
0.045	0.0061729	0.0050201	
0.06	0.0104737	0.00853096	
0.075	0.0154707	0.012638	
0.09	0.0209011	0.0171517	
0.105	0.0265399	0.0219119	
0.12	0.0322129	0.0267921	
0.135	0.0377993	0.0316973	
0.15	0.0432282	0.0365599	
0.165	0.0484683	0.0413348	
0.18	0.053518	0.045996	
0.195	0.0583938	0.0505324	
0.21	0.0631211	0.0549445	
0.225	0.0677273	0.0592401	
0.24	0.0722366	0.0634322	
0.255	0.076668	0.0675356	
0.27	0.0810345	0.0715658	
0.285	0.085344	0.0755372	
0.3	0.0896002	0.0794626	
0.315	0.0938047	0.0833528	
0.33	0.097958	0.087216	
0.345	0.102061	0.0910585	
0.36	0.106115	0.0948845	
0.375	0.110124	0.0986966	
0.39	0.11409	0.102496	
0.405	0.118018	0.106283	
0.42	0.121912	0.110058	
0.435	0.125777	0.11382	
0.45	0.129617	0.117569	
0.465	0.133435	0.121303	
0.48	0.137234	0.125023	
0.495	0.141016	0.128727	
0.51	0.144782	0.132416	
0.525	0.148534	0.13609	
0.54	0.152273	0.139751	
0.555	0.155999	0.143399	
0.57	0.159713	0.147034	
0.585	0.163417	0.150657	
0.6	0.16711	0.154266	
0.615	0.170794	0.157861	
0.63	0.174468	0.161442	
0.645	0.178135	0.165008	
0.66	0.181793	0.16856	
0.675	0.185444	0.172099	
0.69	0.189088	0.175625	
0.705	0.192724	0.17914	
0.72	0.196354	0.182644	
0.735	0.199978	0.186138	
0.75	0.203597	0.189621	
0.765	0.207211	0.193094	
0.78	0.21082	0.196556	
0.795	0.214425	0.200007	
0.81	0.218027	0.203447	
0.825	0.221626	0.206876	
0.84	0.225223	0.210293	
0.855	0.228817	0.213697	
0.87	0.232409	0.217088	
0.885	0.236001	0.220466	
0.9	0.239591	0.223832	
0.915	0.243182	0.227186	
0.93	0.246774	0.23053	
0.945	0.250366	0.233865	
0.96	0.253959	0.237192	
0.975	0.257553	0.240511	
0.99	0.261149	0.243823	
1.005	0.264746	0.247128	
1.02	0.268344	0.250426	
1.035	0.271944	0.253718	
1.05	0.275545	0.257005	
1.065	0.279147	0.260286	
1.08	0.282749	0.263563	
1.095	0.28635	0.266837	
1.11	0.28995	0.270106	
1.125	0.293547	0.273371	
1.14	0.297142	0.276631	
1.155	0.300735	0.279885	
1.17	0.304326	0.283135	
1.185	0.307916	0.286378	
1.2	0.311506	0.289616	
1.215	0.315096	0.292848	
1.23	0.318688	0.296075	
1.245	0.322281	0.299296	
1.26	0.325877	0.302509	
1.275	0.329476	0.305712	
1.29	0.333077	0.308904	
1.305	0.336679	0.312083	
1.32	0.340284	0.315249	
1.335	0.34389	0.3184	
1.35	0.347497	0.321536	
1.365	0.351106	0.32466	
1.38	0.354715	0.327771	
1.395	0.358325	0.330873	
1.41	0.361935	0.333966	
1.425	0.365546	0.337054	
1.44	0.369157	0.340138	
1.455	0.372769	0.34322	
1.47	0.376382	0.346302	
1.485	0.379997	0.349385	
1.5	0.383613	0.352471	
1.515	0.387231	0.355559	
1.53	0.390851	0.35865	
1.545	0.394471	0.361744	
1.56	0.398093	0.364838	
1.575	0.401714	0.367932	
1.59	0.405335	0.371025	
1.605	0.408956	0.374116	
1.62	0.412577	0.377205	
1.635	0.416198	0.380292	
1.65	0.419819	0.383379	
1.665	0.423441	0.386466	
1.68	0.427063	0.389554	
1.695	0.430686	0.392644	
1.71	0.434309	0.395736	
1.725	0.437932	0.39883	
1.74	0.441554	0.401923	
1.755	0.445176	0.405016	
1.77	0.448796	0.408107	
1.785	0.452415	0.411195	
1.8	0.456034	0.41428	
1.815	0.459653	0.417361	
1.83	0.463272	0.420438	
1.845	0.466891	0.423511	
1.86	0.470512	0.42658	
1.875	0.474133	0.429647	
1.89	0.477754	0.432711	
1.905	0.481375	0.435774	
1.92	0.484995	0.438837	
1.935	0.488615	0.441901	
1.95	0.492232	0.444967	
1.965	0.495849	0.448033	
1.98	0.499463	0.451098	
1.995	0.503077	0.454161	
2.01	0.506689	0.45722	
2.025	0.510299	0.460274	
2.04	0.513906	0.463322	
2.055	0.51751	0.466364	
2.07	0.521111	0.469401	
2.085	0.524707	0.472434	
2.1	0.5283	0.475464	
2.115	0.53189	0.478495	
2.13	0.535478	0.481529	
2.145	0.539064	0.484568	
2.16	0.542651	0.487615	
2.175	0.546239	0.49067	
2.19	0.549828	0.493732	
2.205	0.553418	0.4968	
2.22	0.55701	0.499872	
2.235	0.560604	0.502944	
2.25	0.564199	0.506014	
2.265	0.567795	0.50908	
2.28	0.571392	0.512141	
2.295	0.57499	0.515196	
2.31	0.578588	0.518245	
2.325	0.582185	0.521289	
2.34	0.585782	0.52433	
2.355	0.589376	0.527369	
2.37	0.592968	0.530407	
2.385	0.596557	0.533447	
2.4	0.600143	0.536489	
2.415	0.603726	0.539532	
2.43	0.607306	0.542578	
2.445	0.610884	0.545624	
2.46	0.61446	0.548669	
2.475	0.618036	0.551713	
2.49	0.621611	0.554754	
2.505	0.625189	0.557792	
2.52	0.628769	0.560828	
2.535	0.632351	0.563861	
2.55	0.635939	0.566891	
2.565	0.639531	0.569918	
2.58	0.643129	0.572943	
2.595	0.646734	0.575965	
2.61	0.650346	0.578983	
2.625	0.653966	0.581997	
2.64	0.657593	0.585006	
2.655	0.661226	0.58801	
2.67	0.664865	0.591007	
2.685	0.668507	0.593996	
2.7	0.672152	0.596976	
2.715	0.675798	0.599946	
2.73	0.679441	0.602905	
2.745	0.683083	0.605855	
2.76	0.68672	0.608795	
2.775	0.690353	0.611728	
2.79	0.693982	0.614655	
2.805	0.697607	0.617579	
2.82	0.701228	0.620502	
2.835	0.704846	0.623426	
2.85	0.708462	0.626353	
2.865	0.712076	0.629283	
2.88	0.71569	0.632218	
2.895	0.719304	0.635158	
2.91	0.722918	0.638104	
2.925	0.726532	0.641058	
2.94	0.730146	0.644018	
2.955	0.73376	0.646986	
2.97	0.737373	0.649962	
2.985	0.740985	0.652945	
3	0.744595	0.655933	
3.015	0.748204	0.658926	
3.03	0.751811	0.661922	
3.045	0.755417	0.664918	
3.06	0.759022	0.667914	
3.075	0.762625	0.67091	
3.09	0.766228	0.673904	
3.105	0.769831	0.676898	
3.12	0.773434	0.679891	
3.135	0.777036	0.682883	
3.15	0.780637	0.685875	
3.165	0.784237	0.688867	
3.18	0.787834	0.691858	
3.195	0.791427	0.694849	
3.21	0.795017	0.697839	
3.225	0.798603	0.700827	
3.24	0.802185	0.703815	
3.255	0.805764	0.706801	
3.27	0.809341	0.709786	
3.285	0.812916	0.71277	
3.3	0.816489	0.715753	
3.315	0.820061	0.718733	
3.33	0.823633	0.721711	
3.345	0.827202	0.724685	
3.36	0.83077	0.727654	
3.375	0.834336	0.730619	
3.39	0.837898	0.733579	
3.405	0.841457	0.736535	
3.42	0.845011	0.739488	
3.435	0.848559	0.742437	
3.45	0.852103	0.745384	
3.465	0.85564	0.74833	
3.48	0.859173	0.751276	
3.495	0.862701	0.754222	
3.51	0.866226	0.757169	
3.525	0.869748	0.760118	
3.54	0.87327	0.763069	
3.555	0.876793	0.766021	
3.57	0.880318	0.768975	
3.585	0.883844	0.771929	
3.6	0.887374	0.774883	
3.615	0.890906	0.777834	
3.63	0.89444	0.780784	
3.645	0.897978	0.783731	
3.66	0.901517	0.786677	
3.675	0.905058	0.789623	
3.69	0.908601	0.792572	
3.705	0.912145	0.795526	
3.72	0.91569	0.798487	
3.735	0.919235	0.801456	
3.75	0.922779	0.804437	
3.765	0.926323	0.80743	
3.78	0.929866	0.810436	
3.795	0.933408	0.813454	
3.81	0.93695	0.816482	
3.825	0.940492	0.81952	
3.84	0.944034	0.822564	
3.855	0.947578	0.825613	
3.87	0.951124	0.828665	
3.885	0.954672	0.831716	
3.9	0.958224	0.834767	
3.915	0.961779	0.837815	
3.93	0.965336	0.840862	
3.945	0.968898	0.843906	
3.96	0.972461	0.846949	
3.975	0.976028	0.849991	
3.99	0.979596	0.853034	
4.005	0.983167	0.856077	
4.02	0.986738	0.859123	
4.035	0.99031	0.862172	
4.05	0.993882	0.865223	
4.065	0.997455	0.868276	
4.08	1.00103	0.871331	
4.095	1.0046	0.874385	
4.11	1.00817	0.877437	
4.125	1.01174	0.880485	
4.14	1.0153	0.883529	
4.155	1.01886	0.886566	
4.17	1.02242	0.889596	
4.185	1.02597	0.892617	
4.2	1.02951	0.895628	
4.215	1.03306	0.898629	
4.23	1.0366	0.901621	
4.245	1.04013	0.904605	
4.26	1.04366	0.907582	
4.275	1.04719	0.910556	
4.29	1.05071	0.913527	
4.305	1.05424	0.916499	
4.32	1.05776	0.919472	
4.335	1.06128	0.922449	
4.35	1.0648	0.925431	
4.365	1.06832	0.92842	
4.38	1.07185	0.931416	
4.395	1.07538	0.934419	
4.41	1.07891	0.937429	
4.425	1.08246	0.940447	
4.44	1.08601	0.943472	
4.455	1.08956	0.946503	
4.47	1.09312	0.949541	
4.485	1.09669	0.952588	
4.5	1.10026	0.955642	
4.515	1.10384	0.958704	
4.53	1.10742	0.961774	
4.545	1.111	0.964851	
4.56	1.11458	0.967933	
4.575	1.11816	0.971021	
4.59	1.12174	0.974112	
4.605	1.12532	0.977207	
4.62	1.12889	0.980306	
4.635	1.13246	0.983409	
4.65	1.13603	0.986515	
4.665	1.13959	0.989625	
4.68	1.14316	0.992739	
4.695	1.14672	0.995854	
4.71	1.15029	0.998968	
4.725	1.15385	1.00208	
4.74	1.15742	1.00519	
4.755	1.16098	1.00829	
4.77	1.16455	1.01138	
4.785	1.16811	1.01446	
4.8	1.17168	1.01754	
4.815	1.17524	1.02061	
4.83	1.1788	1.02367	
4.845	1.18236	1.02673	
4.86	1.18591	1.02978	
4.875	1.18947	1.03283	
4.89	1.19302	1.03587	
4.905	1.19657	1.0389	
4.92	1.20013	1.04192	
4.935	1.20368	1.04493	
4.95	1.20724	1.04794	
4.965	1.21079	1.05094	
4.98	1.21435	1.05394	
4.995	1.21792	1.05694	
5.01	1.22148	1.05995	
5.025	1.22505	1.06295	
5.04	1.22861	1.06595	
5.055	1.23218	1.06896	
5.07	1.23574	1.07197	
5.085	1.2393	1.07497	
5.1	1.24287	1.07798	
5.115	1.24642	1.08098	
5.13	1.24998	1.08399	
5.145	1.25353	1.08699	
5.16	1.25708	1.08998	
5.175	1.26063	1.09297	
5.19	1.26418	1.09596	
5.205	1.26773	1.09895	
5.22	1.27128	1.10193	
5.235	1.27483	1.10491	
5.25	1.27837	1.10788	
5.265	1.28192	1.11086	
5.28	1.28548	1.11384	
5.295	1.28903	1.11683	
5.31	1.29259	1.11981	
5.325	1.29616	1.12279	
5.34	1.29972	1.12578	
5.355	1.30329	1.12877	
5.37	1.30686	1.13176	
5.385	1.31044	1.13475	
5.4	1.31401	1.13774	
5.415	1.31759	1.14074	
5.43	1.32116	1.14375	
5.445	1.32474	1.14676	
5.46	1.32831	1.14977	
5.475	1.33188	1.15279	
5.49	1.33544	1.15581	
5.505	1.339	1.15884	
5.52	1.34256	1.16187	
5.535	1.34611	1.1649	
5.55	1.34967	1.16793	
5.565	1.35322	1.17096	
5.58	1.35677	1.17399	
5.595	1.36031	1.17703	
5.61	1.36386	1.18006	
5.625	1.36741	1.1831	
5.64	1.37096	1.18613	
5.655	1.3745	1.18916	
5.67	1.37805	1.19219	
5.685	1.38159	1.19521	
5.7	1.38513	1.19822	
5.715	1.38867	1.20122	
5.73	1.39221	1.20422	
5.745	1.39575	1.20721	
5.76	1.39929	1.21019	
5.775	1.40283	1.21316	
5.79	1.40637	1.21614	
5.805	1.40991	1.21911	
5.82	1.41344	1.22209	
5.835	1.41698	1.22506	
5.85	1.42052	1.22804	
5.865	1.42406	1.23101	
5.88	1.42759	1.23398	
5.895	1.43113	1.23695	
5.91	1.43466	1.23991	
5.925	1.43819	1.24286	
5.94	1.44172	1.24582	
5.955	1.44524	1.24877	
5.97	1.44877	1.25172	
5.985	1.4523	1.25467	
6	1.45583	1.25762	
6.015	1.45936	1.26058	
6.03	1.46289	1.26355	
6.045	1.46641	1.26651	
6.06	1.46993	1.26948	
6.075	1.47345	1.27245	
6.09	1.47697	1.27542	
6.105	1.48047	1.27838	
6.12	1.48397	1.28135	
6.135	1.48747	1.28431	
6.15	1.49096	1.28726	
6.165	1.49444	1.2902	
6.18	1.49793	1.29314	
6.195	1.50141	1.29607	
6.21	1.50489	1.299	
6.225	1.50837	1.30192	
6.24	1.51185	1.30484	
6.255	1.51533	1.30776	
6.27	1.5188	1.31067	
6.285	1.52228	1.31358	
6.3	1.52576	1.31649	
6.315	1.52924	1.31941	
6.33	1.53272	1.32232	
6.345	1.5362	1.32523	
6.36	1.53969	1.32815	
6.375	1.54317	1.33107	
6.39	1.54666	1.33399	
6.405	1.55016	1.33692	
6.42	1.55366	1.33985	
6.435	1.55717	1.34278	
6.45	1.56068	1.34571	
6.465	1.5642	1.34864	
6.48	1.56772	1.35156	
6.495	1.57124	1.35448	
6.51	1.57476	1.35739	
6.525	1.57828	1.36029	
6.54	1.5818	1.36317	
6.555	1.58532	1.36605	
6.57	1.58884	1.36892	
6.585	1.59235	1.37177	
6.6	1.59586	1.37462	
6.615	1.59937	1.37746	
6.63	1.60287	1.3803	
6.645	1.60638	1.38313	
6.66	1.60988	1.38597	
6.675	1.61338	1.3888	
6.69	1.61687	1.39163	
6.705	1.62037	1.39446	
6.72	1.62386	1.39729	
6.735	1.62736	1.40011	
6.75	1.63085	1.40294	
6.765	1.63434	1.40575	
6.78	1.63783	1.40857	
6.795	1.64131	1.41138	
6.81	1.6448	1.41418	
6.825	1.64829	1.41697	
6.84	1.65178	1.41976	
6.855	1.65527	1.42255	
6.87	1.65876	1.42533	
6.885	1.66226	1.42812	
6.9	1.66576	1.43091	
6.915	1.66926	1.4337	
6.93	1.67277	1.4365	
6.945	1.67627	1.4393	
6.96	1.67978	1.4421	
6.975	1.68328	1.44491	
6.99	1.68679	1.44771	
7.005	1.6903	1.45052	
7.02	1.6938	1.45333	
7.035	1.69731	1.45613	
7.05	1.70082	1.45894	
7.065	1.70433	1.46175	
7.08	1.70784	1.46456	
7.095	1.71135	1.46736	
7.11	1.71486	1.47017	
7.125	1.71837	1.47297	
7.14	1.72189	1.47577	
7.155	1.7254	1.47856	
7.17	1.72891	1.48135	
7.185	1.73242	1.48412	
7.2	1.73592	1.48689	
7.215	1.73943	1.48965	
7.23	1.74293	1.4924	
7.245	1.74643	1.49514	
7.26	1.74993	1.49787	
7.275	1.75342	1.50061	
7.29	1.75691	1.50334	
7.305	1.7604	1.50607	
7.32	1.76389	1.50881	
7.335	1.76737	1.51156	
7.35	1.77085	1.51431	
7.365	1.77432	1.51707	
7.38	1.7778	1.51983	
7.395	1.78127	1.52261	
7.41	1.78475	1.52539	
7.425	1.78822	1.52817	
7.44	1.7917	1.53096	
7.455	1.79517	1.53375	
7.47	1.79865	1.53654	
7.485	1.80214	1.53933	
7.5	1.80562	1.54212	
7.515	1.80911	1.5449	
7.53	1.81261	1.54769	
7.545	1.8161	1.55048	
7.56	1.81961	1.55326	
7.575	1.82311	1.55604	
7.59	1.82662	1.55882	
7.605	1.83012	1.5616	
7.62	1.83363	1.56438	
7.635	1.83714	1.56715	
7.65	1.84065	1.56993	
7.665	1.84417	1.5727	
7.68	1.84768	1.57548	
7.695	1.85119	1.57826	
7.71	1.85469	1.58104	
7.725	1.8582	1.58382	
7.74	1.86171	1.58661	
7.755	1.86522	1.5894	
7.77	1.86872	1.5922	
7.785	1.87223	1.59501	
7.8	1.87574	1.59783	
7.815	1.87926	1.60066	
7.83	1.88278	1.6035	
7.845	1.8863	1.60635	
7.86	1.88982	1.60921	
7.875	1.89334	1.61208	
7.89	1.89687	1.61495	
7.905	1.9004	1.61783	
7.92	1.90393	1.6207	
7.935	1.90746	1.62358	
7.95	1.91099	1.62645	
7.965	1.91452	1.62932	
7.98	1.91805	1.63217	
7.995	1.92158	1.63501	
8.01	1.9251	1.63784	
8.025	1.92862	1.64066	
8.04	1.93214	1.64346	
8.055	1.93565	1.64624	
8.07	1.93915	1.64902	
8.085	1.94266	1.65178	
8.1	1.94616	1.65454	
8.115	1.94966	1.65729	
8.13	1.95315	1.66003	
8.145	1.95664	1.66276	
8.16	1.96013	1.66549	
8.175	1.96362	1.66821	
8.19	1.9671	1.67092	
8.205	1.97058	1.67363	
8.22	1.97406	1.67633	
8.235	1.97753	1.67904	
8.25	1.981	1.68174	
8.265	1.98446	1.68444	
8.28	1.98792	1.68714	
8.295	1.99138	1.68984	
8.31	1.99483	1.69254	
8.325	1.99828	1.69525	
8.34	2.00174	1.69796	
8.355	2.00519	1.70067	
8.37	2.00864	1.70339	
8.385	2.01209	1.7061	
8.4	2.01555	1.70883	
8.415	2.019	1.71156	
8.43	2.02246	1.71429	
8.445	2.02592	1.71703	
8.46	2.02938	1.71977	
8.475	2.03284	1.72251	
8.49	2.0363	1.72525	
8.505	2.03976	1.72799	
8.52	2.04322	1.73072	
8.535	2.04668	1.73345	
8.55	2.05015	1.73618	
8.565	2.05361	1.7389	
8.58	2.05708	1.74161	
8.595	2.06055	1.74432	
8.61	2.06402	1.74703	
8.625	2.0675	1.74973	
8.64	2.07098	1.75243	
8.655	2.07446	1.75512	
8.67	2.07794	1.75781	
8.685	2.08142	1.7605	
8.7	2.0849	1.76319	
8.715	2.08838	1.76588	
8.73	2.09187	1.76857	
8.745	2.09535	1.77126	
8.76	2.09883	1.77395	
8.775	2.1023	1.77664	
8.79	2.10578	1.77933	
8.805	2.10926	1.78203	
8.82	2.11275	1.78473	
8.835	2.11623	1.78743	
8.85	2.11971	1.79015	
8.865	2.1232	1.79287	
8.88	2.12668	1.7956	
8.895	2.13017	1.79834	
8.91	2.13366	1.8011	
8.925	2.13716	1.80387	
8.94	2.14065	1.80665	
8.955	2.14415	1.80943	
8.97	2.14764	1.81222	
8.985	2.15114	1.81501	
9	2.15463	1.8178	
9.015	2.15813	1.82058	
9.03	2.16163	1.82335	
9.045	2.16512	1.82612	
9.06	2.16862	1.82888	
9.075	2.17212	1.83162	
9.09	2.17561	1.83436	
9.105	2.17911	1.83709	
9.12	2.1826	1.83981	
9.135	2.1861	1.84252	
9.15	2.1896	1.84523	
9.165	2.1931	1.84794	
9.18	2.1966	1.85064	
9.195	2.2001	1.85335	
9.21	2.2036	1.85605	
9.225	2.2071	1.85876	
9.24	2.21061	1.86148	
9.255	2.21411	1.86419	
9.27	2.21761	1.86691	
9.285	2.22111	1.86964	
9.3	2.22462	1.87236	
9.315	2.22813	1.87509	
9.33	2.23164	1.87782	
9.345	2.23515	1.88055	
9.36	2.23866	1.88328	
9.375	2.24218	1.88601	
9.39	2.2457	1.88874	
9.405	2.24923	1.89146	
9.42	2.25276	1.89419	
9.435	2.25629	1.89692	
9.45	2.25982	1.89965	
9.465	2.26336	1.90238	
9.48	2.2669	1.90512	
9.495	2.27045	1.90787	
9.51	2.27399	1.91063	
9.525	2.27753	1.91339	
9.54	2.28108	1.91615	
9.555	2.28462	1.91893	
9.57	2.28816	1.9217	
9.585	2.2917	1.92448	
9.6	2.29524	1.92725	
9.615	2.29878	1.93002	
9.63	2.30232	1.93278	
9.645	2.30586	1.93553	
9.66	2.30939	1.93827	
9.675	2.31293	1.941	
9.69	2.31646	1.94372	
9.705	2.32	1.94643	
9.72	2.32353	1.94914	
9.735	2.32707	1.95184	
9.75	2.33061	1.95454	
9.765	2.33416	1.95724	
9.78	2.33771	1.95995	
9.795	2.34126	1.96267	
9.81	2.34482	1.9654	
9.825	2.34838	1.96814	
9.84	2.35194	1.97089	
9.855	2.3555	1.97366	
9.87	2.35906	1.97644	
9.885	2.36262	1.97922	
9.9	2.36618	1.98201	
9.915	2.36973	1.98479	
9.93	2.37327	1.98758	
9.945	2.37682	1.99036	
9.96	2.38036	1.99314	
9.975	2.38389	1.99591	
9.99	2.38742	1.99867	
10.005	2.39095	2.00143	
10.02	2.39448	2.00418	
10.035	2.39801	2.00692	
10.05	2.40153	2.00966	
10.065	2.40506	2.01239	
10.08	2.40858	2.01512	
10.095	2.41211	2.01785	
10.11	2.41564	2.02058	
10.125	2.41917	2.0233	
10.14	2.4227	2.02603	
10.155	2.42623	2.02876	
10.17	2.42976	2.03148	
10.185	2.43329	2.0342	
10.2	2.43681	2.03693	
10.215	2.44034	2.03965	
10.23	2.44387	2.04237	
10.245	2.4474	2.0451	
10.26	2.45092	2.04783	
10.275	2.45445	2.05057	
10.29	2.45798	2.05332	
10.305	2.46151	2.05607	
10.32	2.46504	2.05882	
10.335	2.46858	2.06158	
10.35	2.47211	2.06434	
10.365	2.47565	2.0671	
10.38	2.47918	2.06986	
10.395	2.48272	2.07261	
10.41	2.48625	2.07535	
10.425	2.48979	2.07809	
10.44	2.49332	2.08081	
10.455	2.49685	2.08353	
10.47	2.50038	2.08623	
10.485	2.50392	2.08892	
10.5	2.50745	2.09159	
10.515	2.51098	2.09426	
10.53	2.51451	2.09692	
10.545	2.51805	2.09957	
10.56	2.52159	2.10222	
10.575	2.52512	2.10488	
10.59	2.52867	2.10753	
10.605	2.53221	2.11018	
10.62	2.53575	2.11283	
10.635	2.5393	2.11548	
10.65	2.54284	2.11813	
10.665	2.54639	2.12077	
10.68	2.54993	2.12341	
10.695	2.55347	2.12604	
10.71	2.55701	2.12866	
10.725	2.56054	2.13128	
10.74	2.56407	2.13389	
10.755	2.5676	2.1365	
10.77	2.57112	2.13911	
10.785	2.57465	2.14171	
10.8	2.57817	2.14431	
10.815	2.58169	2.14691	
10.83	2.58522	2.14951	
10.845	2.58874	2.15212	
10.86	2.59227	2.15473	
10.875	2.5958	2.15735	
10.89	2.59933	2.15997	
10.905	2.60287	2.1626	
10.92	2.60641	2.16524	
10.935	2.60995	2.16788	
10.95	2.6135	2.17053	
10.965	2.61704	2.17317	
10.98	2.62059	2.17583	
10.995	2.62414	2.17848	
11.01	2.62768	2.18115	
11.025	2.63123	2.18382	
11.04	2.63478	2.18649	
11.055	2.63833	2.18917	
11.07	2.64188	2.19186	
11.085	2.64543	2.19455	
11.1	2.64898	2.19725	
11.115	2.65252	2.19995	
11.13	2.65608	2.20266	
11.145	2.65963	2.20538	
11.16	2.66318	2.20809	
11.175	2.66674	2.21081	
11.19	2.67031	2.21353	
11.205	2.67388	2.21625	
11.22	2.67745	2.21896	
11.235	2.68102	2.22167	
11.25	2.6846	2.22437	
11.265	2.68817	2.22706	
11.28	2.69175	2.22974	
11.295	2.69532	2.23242	
11.31	2.69889	2.23509	
11.325	2.70246	2.23775	
11.34	2.70603	2.24041	
11.355	2.7096	2.24307	
11.37	2.71317	2.24572	
11.385	2.71674	2.24837	
11.4	2.72031	2.25103	
11.415	2.72387	2.25368	
11.43	2.72744	2.25633	
11.445	2.73101	2.25898	
11.46	2.73458	2.26162	
11.475	2.73815	2.26427	
11.49	2.74173	2.26691	
11.505	2.7453	2.26954	
11.52	2.74888	2.27218	
11.535	2.75245	2.27481	
11.55	2.75603	2.27743	
11.565	2.7596	2.28005	
11.58	2.76318	2.28268	
11.595	2.76675	2.2853	
11.61	2.77033	2.28793	
11.625	2.7739	2.29055	
11.64	2.77747	2.29319	
11.655	2.78104	2.29582	
11.67	2.7846	2.29846	
11.685	2.78815	2.3011	
11.7	2.7917	2.30373	
11.715	2.79525	2.30636	
11.73	2.79879	2.30898	
11.745	2.80232	2.3116	
11.76	2.80585	2.31421	
11.775	2.80938	2.31682	
11.79	2.81291	2.31943	
11.805	2.81645	2.32203	
11.82	2.81998	2.32464	
11.835	2.82352	2.32724	
11.85	2.82706	2.32985	
11.865	2.8306	2.33245	
11.88	2.83414	2.33506	
11.895	2.83769	2.33766	
11.91	2.84123	2.34026	
11.925	2.84477	2.34285	
11.94	2.84832	2.34543	
11.955	2.85186	2.34801	
11.97	2.8554	2.35058	
11.985	2.85893	2.35315	
12	2.86246	2.35571	
12.015	2.86599	2.35826	
12.03	2.86952	2.3608	
12.045	2.87304	2.36334	
12.06	2.87657	2.36587	
12.075	2.88009	2.3684	
12.09	2.88361	2.37092	
12.105	2.88713	2.37343	
12.12	2.89065	2.37594	
12.135	2.89417	2.37845	
12.15	2.89769	2.38095	
12.165	2.90122	2.38345	
12.18	2.90474	2.38594	
12.195	2.90827	2.38844	
12.21	2.91179	2.39093	
12.225	2.91532	2.39343	
12.24	2.91884	2.39593	
12.255	2.92237	2.39844	
12.27	2.92589	2.40095	
12.285	2.92941	2.40347	
12.3	2.93294	2.40599	
12.315	2.93646	2.40852	
12.33	2.93999	2.41105	
12.345	2.94351	2.41358	
12.36	2.94704	2.41612	
12.375	2.95057	2.41867	
12.39	2.95411	2.42121	
12.405	2.95765	2.42376	
12.42	2.96119	2.4263	
12.435	2.96474	2.42884	
12.45	2.96829	2.43138	
12.465	2.97184	2.43391	
12.48	2.9754	2.43643	
12.495	2.97896	2.43895	
12.51	2.98252	2.44146	
12.525	2.98608	2.44397	
12.54	2.98965	2.44648	
12.555	2.99323	2.44899	
12.57	2.99681	2.4515	
12.585	3.00039	2.45403	
12.6	3.00397	2.45656	
12.615	3.00756	2.4591	
12.63	3.01116	2.46166	
12.645	3.01475	2.46422	
12.66	3.01835	2.4668	
12.675	3.02194	2.46939	
12.69	3.02554	2.47198	
12.705	3.02914	2.47458	
12.72	3.03274	2.47718	
12.735	3.03635	2.47979	
12.75	3.03995	2.4824	
12.765	3.04356	2.48501	
12.78	3.04717	2.48763	
12.795	3.05078	2.49024	
12.81	3.05438	2.49287	
12.825	3.05799	2.49549	
12.84	3.0616	2.49812	
12.855	3.06521	2.50075	
12.87	3.06881	2.50338	
12.885	3.07242	2.50601	
12.9	3.07602	2.50863	
12.915	3.07963	2.51125	
12.93	3.08323	2.51387	
12.945	3.08683	2.51647	
12.96	3.09043	2.51907	
12.975	3.09403	2.52167	
12.99	3.09762	2.52426	
13.005	3.10121	2.52685	
13.02	3.1048	2.52944	
13.035	3.10839	2.53203	
13.05	3.11198	2.53463	
13.065	3.11556	2.53722	
13.08	3.11915	2.53981	
13.095	3.12273	2.5424	
13.11	3.12631	2.54498	
13.125	3.12989	2.54756	
13.14	3.13347	2.55013	
13.155	3.13705	2.5527	
13.17	3.14063	2.55526	
13.185	3.14421	2.55783	
13.2	3.14779	2.5604	
13.215	3.15137	2.56298	
13.23	3.15494	2.56556	
13.245	3.15852	2.56815	
13.26	3.16209	2.57075	
13.275	3.16567	2.57336	
13.29	3.16925	2.57598	
13.305	3.17283	2.57861	
13.32	3.17641	2.58126	
13.335	3.17999	2.58392	
13.35	3.18358	2.58658	
13.365	3.18718	2.58927	
13.38	3.19078	2.59195	
13.395	3.19439	2.59465	
13.41	3.198	2.59735	
13.425	3.2016	2.60005	
13.44	3.20521	2.60274	
13.455	3.20882	2.60543	
13.47	3.21242	2.60811	
13.485	3.21601	2.61077	
13.5	3.2196	2.61343	
13.515	3.22319	2.61607	
13.53	3.22676	2.6187	
13.545	3.23033	2.62132	
13.56	3.2339	2.62393	
13.575	3.23746	2.62652	
13.59	3.24102	2.62911	
13.605	3.24458	2.63168	
13.62	3.24813	2.63423	
13.635	3.25168	2.63678	
13.65	3.25523	2.63931	
13.665	3.25877	2.64184	
13.68	3.26232	2.64436	
13.695	3.26587	2.64687	
13.71	3.26941	2.64937	
13.725	3.27296	2.65188	
13.74	3.2765	2.6544	
13.755	3.28005	2.65691	
13.77	3.28359	2.65943	
13.785	3.28713	2.66195	
13.8	3.29068	2.66448	
13.815	3.29422	2.667	
13.83	3.29775	2.66952	
13.845	3.30129	2.67204	
13.86	3.30482	2.67456	
13.875	3.30835	2.67707	
13.89	3.31188	2.67958	
13.905	3.3154	2.68208	
13.92	3.31893	2.68457	
13.935	3.32246	2.68706	
13.95	3.32599	2.68955	
13.965	3.32952	2.69204	
13.98	3.33305	2.69453	
13.995	3.33658	2.69701	
14.01	3.3401	2.69951	
14.025	3.34362	2.702	
14.04	3.34714	2.7045	
14.055	3.35066	2.707	
14.07	3.35417	2.70951	
14.085	3.35768	2.71202	
14.1	3.36119	2.71453	
14.115	3.3647	2.71705	
14.13	3.36821	2.71957	
14.145	3.37171	2.72209	
14.16	3.37522	2.72462	
14.175	3.37873	2.72715	
14.19	3.38224	2.72969	
14.205	3.38575	2.73223	
14.22	3.38927	2.73477	
14.235	3.39279	2.73732	
14.25	3.39631	2.73987	
14.265	3.39984	2.74243	
14.28	3.40336	2.74499	
14.295	3.4069	2.74756	
14.31	3.41043	2.75014	
14.325	3.41397	2.75273	
14.34	3.4175	2.75532	
14.355	3.42104	2.75791	
14.37	3.42458	2.76052	
14.385	3.42812	2.76312	
14.4	3.43166	2.76572	
14.415	3.43519	2.76833	
14.43	3.43872	2.77093	
14.445	3.44224	2.77352	
14.46	3.44576	2.77611	
14.475	3.44927	2.7787	
14.49	3.45278	2.78128	
14.505	3.45629	2.78386	
14.52	3.4598	2.78644	
14.535	3.46332	2.78902	
14.55	3.46683	2.7916	
14.565	3.47034	2.79418	
14.58	3.47386	2.79676	
14.595	3.47738	2.79935	
14.61	3.4809	2.80193	
14.625	3.48442	2.80452	
14.64	3.48795	2.80712	
14.655	3.49147	2.80971	
14.67	3.495	2.81232	
14.685	3.49853	2.81492	
14.7	3.50206	2.81753	
14.715	3.50558	2.82014	
14.73	3.50911	2.82276	
14.745	3.51263	2.82537	
14.76	3.51615	2.82799	
14.775	3.51967	2.83061	
14.79	3.52318	2.83323	
14.805	3.52669	2.83585	
14.82	3.5302	2.83846	
14.835	3.53371	2.84107	
14.85	3.53721	2.84366	
14.865	3.54071	2.84626	
14.88	3.54421	2.84884	
14.895	3.54771	2.85143	
14.91	3.5512	2.854	
14.925	3.5547	2.85658	
14.94	3.55819	2.85916	
14.955	3.56169	2.86174	
14.97	3.56519	2.86432	
14.985	3.56869	2.8669	
15	3.57219	2.86948	
15.015	3.5757	2.87206	
15.03	3.5792	2.87465	
15.045	3.58271	2.87724	
15.06	3.58621	2.87983	
15.075	3.58972	2.88242	
15.09	3.59322	2.88501	
15.105	3.59672	2.88761	
15.12	3.60023	2.89021	
15.135	3.60373	2.89281	
15.15	3.60724	2.89541	
15.165	3.61075	2.89802	
15.18	3.61426	2.90062	
15.195	3.61778	2.90323	
15.21	3.62131	2.90585	
15.225	3.62483	2.90846	
15.24	3.62836	2.91108	
15.255	3.63189	2.91371	
15.27	3.63542	2.91634	
15.285	3.63895	2.91898	
15.3	3.64247	2.92162	
15.315	3.646	2.92428	
15.33	3.64953	2.92694	
15.345	3.65306	2.92961	
15.36	3.65658	2.93229	
15.375	3.66011	2.93498	
15.39	3.66363	2.93768	
15.405	3.66716	2.94039	
15.42	3.67068	2.94311	
15.435	3.67421	2.94584	
15.45	3.67773	2.94858	
15.465	3.68125	2.95133	
15.48	3.68477	2.95409	
15.495	3.68829	2.95686	
15.51	3.69181	2.95964	
15.525	3.69532	2.96242	
15.54	3.69883	2.9652	
15.555	3.70234	2.96799	
15.57	3.70585	2.97078	
15.585	3.70935	2.97356	
15.6	3.71286	2.97634	
15.615	3.71636	2.97912	
15.63	3.71986	2.9819	
15.645	3.72335	2.98467	
15.66	3.72685	2.98743	
15.675	3.73034	2.99018	
15.69	3.73382	2.99294	
15.705	3.7373	2.99568	
15.72	3.74078	2.99842	
15.735	3.74425	3.00116	
15.75	3.74773	3.0039	
15.765	3.7512	3.00663	
15.78	3.75468	3.00936	
15.795	3.75815	3.0121	
15.81	3.76163	3.01483	
15.825	3.76511	3.01757	
15.84	3.76859	3.02031	
15.855	3.77207	3.02304	
15.87	3.77555	3.02578	
15.885	3.77903	3.02852	
15.9	3.78251	3.03125	
15.915	3.786	3.03397	
15.93	3.78948	3.0367	
15.945	3.79297	3.03941	
15.96	3.79645	3.04213	
15.975	3.79994	3.04484	
15.99	3.80342	3.04754	
16.005	3.8069	3.05024	
16.02	3.81038	3.05293	
16.035	3.81387	3.05561	
16.05	3.81735	3.05829	
16.065	3.82083	3.06097	
16.08	3.82431	3.06364	
16.095	3.8278	3.06631	
16.11	3.83128	3.06898	
16.125	3.83476	3.07165	
16.14	3.83824	3.07431	
16.155	3.84171	3.07698	
16.17	3.84518	3.07965	
16.185	3.84865	3.08233	
16.2	3.85211	3.08502	
16.215	3.85557	3.08772	
16.23	3.85904	3.09042	
16.245	3.8625	3.09314	
16.26	3.86595	3.09587	
16.275	3.86941	3.0986	
16.29	3.87287	3.10134	
16.305	3.87633	3.10408	
16.32	3.87978	3.10682	
16.335	3.88323	3.10957	
16.35	3.88668	3.11231	
16.365	3.89013	3.11504	
16.38	3.89357	3.11778	
16.395	3.89701	3.12051	
16.41	3.90045	3.12323	
16.425	3.90389	3.12596	
16.44	3.90732	3.12868	
16.455	3.91075	3.13139	
16.47	3.91418	3.1341	
16.485	3.91761	3.1368	
16.5	3.92104	3.1395	
16.515	3.92446	3.14219	
16.53	3.92789	3.14488	
16.545	3.93131	3.14757	
16.56	3.93474	3.15026	
16.575	3.93816	3.15294	
16.59	3.94159	3.15563	
16.605	3.94502	3.15832	
16.62	3.94845	3.16102	
16.635	3.95188	3.16371	
16.65	3.95531	3.16641	
16.665	3.95873	3.16911	
16.68	3.96216	3.17182	
16.695	3.96558	3.17452	
16.71	3.969	3.17722	
16.725	3.97242	3.17993	
16.74	3.97583	3.18263	
16.755	3.97924	3.18534	
16.77	3.98265	3.18805	
16.785	3.98605	3.19077	
16.8	3.98944	3.19349	
16.815	3.99284	3.19622	
16.83	3.99623	3.19895	
16.845	3.99962	3.20169	
16.86	4.00301	3.20444	
16.875	4.00639	3.2072	
16.89	4.00978	3.20996	
16.905	4.01317	3.21273	
16.92	4.01655	3.21551	
16.935	4.01993	3.2183	
16.95	4.02331	3.22109	
16.965	4.02669	3.22388	
16.98	4.03006	3.22668	
16.995	4.03344	3.22949	
17.01	4.03681	3.2323	
17.025	4.04018	3.23511	
17.04	4.04355	3.23792	
17.055	4.04692	3.24073	
17.07	4.05029	3.24355	
17.085	4.05367	3.24636	
17.1	4.05706	3.24916	
17.115	4.06044	3.25196	
17.13	4.06384	3.25476	
17.145	4.06723	3.25754	
17.16	4.07064	3.26032	
17.175	4.07404	3.26309	
17.19	4.07744	3.26585	
17.205	4.08085	3.2686	
17.22	4.08426	3.27135	
17.235	4.08766	3.2741	
17.25	4.09106	3.27685	
17.265	4.09447	3.27959	
17.28	4.09787	3.28233	
17.295	4.10127	3.28508	
17.31	4.10468	3.28783	
17.325	4.10809	3.29058	
17.34	4.11149	3.29333	
17.355	4.11491	3.29609	
17.37	4.11832	3.29883	
17.385	4.12173	3.30158	
17.4	4.12515	3.30432	
17.415	4.12857	3.30706	
17.43	4.13198	3.3098	
17.445	4.1354	3.31254	
17.46	4.13881	3.31528	
17.475	4.14222	3.31802	
17.49	4.14563	3.32076	
17.505	4.14904	3.32351	
17.52	4.15246	3.32626	
17.535	4.15587	3.32903	
17.55	4.15929	3.33179	
17.565	4.16272	3.33457	
17.58	4.16616	3.33736	
17.595	4.1696	3.34016	
17.61	4.17305	3.34297	
17.625	4.17651	3.34578	
17.64	4.17998	3.3486	
17.655	4.18345	3.35143	
17.67	4.18693	3.35425	
17.685	4.19041	3.35708	
17.7	4.19389	3.3599	
17.715	4.19738	3.36272	
17.73	4.20086	3.36552	
17.745	4.20435	3.36832	
17.76	4.20783	3.3711	
17.775	4.21131	3.37388	
17.79	4.21478	3.37665	
17.805	4.21826	3.37942	
17.82	4.22173	3.38218	
17.835	4.2252	3.38495	
17.85	4.22867	3.38772	
17.865	4.23214	3.3905	
17.88	4.23561	3.39329	
17.895	4.23908	3.39608	
17.91	4.24256	3.39889	
17.925	4.24604	3.4017	
17.94	4.24952	3.40451	
17.955	4.253	3.40734	
17.97	4.25649	3.41016	
17.985	4.25998	3.41299	
18	4.26347	3.41582	
18.015	4.26696	3.41865	
18.03	4.27045	3.42147	
18.045	4.27395	3.4243	
18.06	4.27744	3.42712	
18.075	4.28093	3.42994	
18.09	4.28442	3.43276	
18.105	4.28791	3.43557	
18.12	4.29139	3.43837	
18.135	4.29488	3.44117	
18.15	4.29837	3.44396	
18.165	4.30185	3.44674	
18.18	4.30534	3.44951	
18.195	4.30883	3.45229	
18.21	4.31232	3.45506	
18.225	4.31581	3.45783	
18.24	4.3193	3.46061	
18.255	4.3228	3.46339	
18.27	4.32631	3.46617	
18.285	4.32982	3.46896	
18.3	4.33333	3.47174	
18.315	4.33685	3.47452	
18.33	4.34038	3.47729	
18.345	4.3439	3.48005	
18.36	4.34743	3.4828	
18.375	4.35097	3.48555	
18.39	4.3545	3.48828	
18.405	4.35803	3.491	
18.42	4.36157	3.49372	
18.435	4.3651	3.49643	
18.45	4.36864	3.49914	
18.465	4.37218	3.50185	
18.48	4.37572	3.50457	
18.495	4.37925	3.50729	
18.51	4.38279	3.51002	
18.525	4.38633	3.51275	
18.54	4.38987	3.51548	
18.555	4.39341	3.51821	
18.57	4.39694	3.52094	
18.585	4.40048	3.52367	
18.6	4.40401	3.52639	
18.615	4.40754	3.52912	
18.63	4.41108	3.53184	
18.645	4.41461	3.53457	
18.66	4.41814	3.53729	
18.675	4.42167	3.54	
18.69	4.42521	3.54272	
18.705	4.42874	3.54543	
18.72	4.43228	3.54814	
18.735	4.43582	3.55085	
18.75	4.43936	3.55356	
18.765	4.4429	3.55627	
18.78	4.44644	3.55897	
18.795	4.44998	3.56167	
18.81	4.45351	3.56437	
18.825	4.45705	3.56708	
18.84	4.46058	3.56978	
18.855	4.46411	3.57248	
18.87	4.46763	3.57519	
18.885	4.47116	3.5779	
18.9	4.47469	3.58061	
18.915	4.47822	3.58332	
18.93	4.48175	3.58603	
18.945	4.48528	3.58875	
18.96	4.48881	3.59146	
18.975	4.49235	3.59418	
18.99	4.49589	3.5969	
19.005	4.49943	3.59962	
19.02	4.50297	3.60234	
19.035	4.50652	3.60506	
19.05	4.51006	3.60778	
19.065	4.51361	3.6105	
19.08	4.51716	3.61323	
19.095	4.52071	3.61597	
19.11	4.52426	3.61871	
19.125	4.52783	3.62147	
19.14	4.53139	3.62425	
19.155	4.53497	3.62703	
19.17	4.53854	3.62983	
19.185	4.54213	3.63265	
19.2	4.54571	3.63547	
19.215	4.5493	3.63831	
19.23	4.55289	3.64114	
19.245	4.55649	3.64398	
19.26	4.56008	3.64682	
19.275	4.56367	3.64966	
19.29	4.56725	3.65248	
19.305	4.57084	3.65531	
19.32	4.57441	3.65812	
19.335	4.57799	3.66094	
19.35	4.58156	3.66375	
19.365	4.58512	3.66656	
19.38	4.58869	3.66937	
19.395	4.59224	3.67219	
19.41	4.5958	3.67499	
19.425	4.59934	3.6778	
19.44	4.60289	3.68061	
19.455	4.60643	3.68341	
19.47	4.60998	3.6862	
19.485	4.61352	3.68899	
19.5	4.61706	3.69178	
19.515	4.6206	3.69455	
19.53	4.62414	3.69732	
19.545	4.62768	3.70008	
19.56	4.63122	3.70284	
19.575	4.63477	3.70559	
19.59	4.63832	3.70833	
19.605	4.64188	3.71107	
19.62	4.64543	3.71381	
19.635	4.64899	3.71656	
19.65	4.65254	3.7193	
19.665	4.6561	3.72206	
19.68	4.65966	3.72482	
19.695	4.66322	3.72759	
19.71	4.66678	3.73037	
19.725	4.67033	3.73316	
19.74	4.67389	3.73597	
19.755	4.67744	3.73878	
19.77	4.68099	3.74161	
19.785	4.68454	3.74444	
19.8	4.68809	3.74728	
19.815	4.69164	3.75012	
19.83	4.69519	3.75296	
19.845	4.69874	3.7558	
19.86	4.70229	3.75865	
19.875	4.70585	3.76149	
19.89	4.7094	3.76434	
19.905	4.71295	3.76718	
19.92	4.7165	3.77003	
19.935	4.72005	3.77288	
19.95	4.7236	3.77574	
19.965	4.72715	3.7786	
19.98	4.73069	3.78146	
19.995	4.73424	3.78432	
20.01	4.73778	3.78718	
20.025	4.74132	3.79005	
20.04	4.74487	3.79291	
20.055	4.74842	3.79577	
20.07	4.75196	3.79862	
20.085	4.75551	3.80147	
20.1	4.75906	3.80432	
20.115	4.76262	3.80717	
20.13	4.76617	3.81001	
20.145	4.76972	3.81285	
20.16	4.77328	3.81569	
20.175	4.77684	3.81852	
20.19	4.7804	3.82135	
20.205	4.78396	3.82417	
20.22	4.78752	3.82699	
20.235	4.79109	3.8298	
20.25	4.79465	3.83259	
20.265	4.79821	3.83539	
20.28	4.80177	3.83817	
20.295	4.80533	3.84096	
20.31	4.8089	3.84374	
20.325	4.81246	3.84652	
20.34	4.81603	3.8493	
20.355	4.81961	3.85208	
20.37	4.82319	3.85487	
20.385	4.82677	3.85766	
20.4	4.83036	3.86045	
20.415	4.83395	3.86325	
20.43	4.83754	3.86605	
20.445	4.84114	3.86885	
20.46	4.84473	3.87166	
20.475	4.84833	3.87448	
20.49	4.85193	3.8773	
20.505	4.85554	3.88013	
20.52	4.85914	3.88296	
20.535	4.86275	3.88579	
20.55	4.86636	3.88864	
20.565	4.86998	3.89148	
20.58	4.87359	3.89432	
20.595	4.87721	3.89716	
20.61	4.88082	3.9	
20.625	4.88444	3.90284	
20.64	4.88805	3.90567	
20.655	4.89166	3.9085	
20.67	4.89527	3.91132	
20.685	4.89887	3.91415	
20.7	4.90248	3.91697	
20.715	4.90609	3.9198	
20.73	4.90971	3.92262	
20.745	4.91332	3.92544	
20.76	4.91693	3.92826	
20.775	4.92055	3.93107	
20.79	4.92417	3.93387	
20.805	4.92779	3.93667	
20.82	4.93141	3.93946	
20.835	4.93503	3.94225	
20.85	4.93865	3.94502	
20.865	4.94227	3.94779	
20.88	4.94589	3.95056	
20.895	4.9495	3.95332	
20.91	4.95312	3.95608	
20.925	4.95673	3.95884	
20.94	4.96033	3.9616	
20.955	4.96394	3.96435	
20.97	4.96754	3.9671	
20.985	4.97114	3.96985	
21	4.97473	3.9726	
21.015	4.97833	3.97534	
21.03	4.98192	3.97807	
21.045	4.98551	3.98081	
21.06	4.9891	3.98354	
21.075	4.99269	3.98627	
21.09	4.99628	3.989	
21.105	4.99988	3.99173	
21.12	5.00348	3.99446	
21.135	5.00709	3.99719	
21.15	5.0107	3.99993	
21.165	5.01431	4.00266	
21.18	5.01793	4.00539	
21.195	5.02156	4.00812	
21.21	5.02518	4.01085	
21.225	5.02882	4.01358	
21.24	5.03245	4.0163	
21.255	5.03609	4.01903	
21.27	5.03974	4.02176	
21.285	5.04339	4.02449	
21.3	5.04704	4.02723	
21.315	5.0507	4.02996	
21.33	5.05437	4.03269	
21.345	5.05803	4.03541	
21.36	5.0617	4.03814	
21.375	5.06537	4.04086	
21.39	5.06904	4.04357	
21.405	5.07271	4.04629	
21.42	5.07639	4.04901	
21.435	5.08005	4.05173	
21.45	5.08372	4.05446	
21.465	5.08738	4.05719	
21.48	5.09105	4.05992	
21.495	5.0947	4.06266	
21.51	5.09836	4.06541	
21.525	5.10202	4.06816	
21.54	5.10567	4.07093	
21.555	5.10932	4.0737	
21.57	5.11298	4.07648	
21.585	5.11663	4.07927	
21.6	5.12028	4.08208	
21.615	5.12393	4.08489	
21.63	5.12758	4.08771	
21.645	5.13123	4.09054	
21.66	5.13488	4.09338	
21.675	5.13853	4.09622	
21.69	5.14218	4.09908	
21.705	5.14584	4.10195	
21.72	5.1495	4.10482	
21.735	5.15317	4.1077	
21.75	5.15684	4.11058	
21.765	5.16051	4.11347	
21.78	5.16419	4.11635	
21.795	5.16786	4.11924	
21.81	5.17154	4.12212	
21.825	5.17523	4.125	
21.84	5.17891	4.12788	
21.855	5.1826	4.13076	
21.87	5.18629	4.13365	
21.885	5.18998	4.13653	
21.9	5.19368	4.13943	
21.915	5.19737	4.14233	
21.93	5.20107	4.14524	
21.945	5.20476	4.14815	
21.96	5.20845	4.15107	
21.975	5.21215	4.15399	
21.99	5.21584	4.15691	
22.005	5.21953	4.15984	
22.02	5.22322	4.16277	
22.035	5.22691	4.16571	
22.05	5.2306	4.16865	
22.065	5.23429	4.17159	
22.08	5.23798	4.17455	
22.095	5.24168	4.17751	
22.11	5.24538	4.18049	
22.125	5.24908	4.18347	
22.14	5.2528	4.18647	
22.155	5.25651	4.18948	
22.17	5.26023	4.19251	
22.185	5.26395	4.19554	
22.2	5.26767	4.19857	
22.215	5.27139	4.20161	
22.23	5.27511	4.20465	
22.245	5.27883	4.20769	
22.26	5.28254	4.21072	
22.275	5.28625	4.21375	
22.29	5.28995	4.21678	
22.305	5.29365	4.21981	
22.32	5.29735	4.22283	
22.335	5.30104	4.22584	
22.35	5.30473	4.22885	
22.365	5.30842	4.23185	
22.38	5.31211	4.23485	
22.395	5.31579	4.23785	
22.41	5.31948	4.24084	
22.425	5.32315	4.24382	
22.44	5.32683	4.2468	
22.455	5.3305	4.24978	
22.47	5.33417	4.25275	
22.485	5.33783	4.25572	
22.5	5.3415	4.25868	
22.515	5.34516	4.26164	
22.53	5.34882	4.2646	
22.545	5.35249	4.26757	
22.56	5.35616	4.27053	
22.575	5.35983	4.2735	
22.59	5.3635	4.27647	
22.605	5.36718	4.27945	
22.62	5.37086	4.28244	
22.635	5.37454	4.28544	
22.65	5.37822	4.28844	
22.665	5.3819	4.29145	
22.68	5.38559	4.29446	
22.695	5.38927	4.29747	
22.71	5.39296	4.30048	
22.725	5.39664	4.3035	
22.74	5.40032	4.30652	
22.755	5.40401	4.30954	
22.77	5.4077	4.31257	
22.785	5.41139	4.3156	
22.8	5.41509	4.31864	
22.815	5.41879	4.32168	
22.83	5.42249	4.32472	
22.845	5.4262	4.32777	
22.86	5.42992	4.33081	
22.875	5.43364	4.33384	
22.89	5.43736	4.33688	
22.905	5.44109	4.3399	
22.92	5.44483	4.34293	
22.935	5.44857	4.34595	
22.95	5.45231	4.34897	
22.965	5.45607	4.35198	
22.98	5.45982	4.355	
22.995	5.46358	4.35801	
23.01	5.46734	4.36102	
23.025	5.4711	4.36404	
23.04	5.47485	4.36705	
23.055	5.4786	4.37005	
23.07	5.48235	4.37306	
23.085	5.48608	4.37605	
23.1	5.48981	4.37904	
23.115	5.49354	4.38203	
23.13	5.49726	4.385	
23.145	5.50097	4.38797	
23.16	5.50468	4.39094	
23.175	5.50839	4.3939	
23.19	5.51209	4.39685	
23.205	5.51579	4.39981	
23.22	5.51949	4.40276	
23.235	5.52319	4.4057	
23.25	5.52688	4.40865	
23.265	5.53057	4.41161	
23.28	5.53426	4.41456	
23.295	5.53795	4.41752	
23.31	5.54164	4.42048	
23.325	5.54533	4.42345	
23.34	5.54902	4.42641	
23.355	5.5527	4.42938	
23.37	5.55639	4.43236	
23.385	5.56007	4.43533	
23.4	5.56375	4.43829	
23.415	5.56743	4.44126	
23.43	5.57111	4.44422	
23.445	5.57479	4.44717	
23.46	5.57847	4.45011	
23.475	5.58215	4.45305	
23.49	5.58583	4.45597	
23.505	5.58951	4.45889	
23.52	5.59319	4.46179	
23.535	5.59687	4.46468	
23.55	5.60055	4.46756	
23.565	5.60423	4.47043	
23.58	5.60791	4.47329	
23.595	5.6116	4.47616	
23.61	5.6153	4.47902	
23.625	5.61899	4.48189	
23.64	5.62269	4.48476	
23.655	5.6264	4.48764	
23.67	5.6301	4.49052	
23.685	5.63381	4.49339	
23.7	5.63751	4.49627	
23.715	5.64122	4.49915	
23.73	5.64493	4.50203	
23.745	5.64864	4.50491	
23.76	5.65235	4.50779	
23.775	5.65606	4.51067	
23.79	5.65978	4.51357	
23.805	5.66349	4.51647	
23.82	5.66721	4.51938	
23.835	5.67094	4.52229	
23.85	5.67467	4.52522	
23.865	5.6784	4.52815	
23.88	5.68214	4.53109	
23.895	5.68587	4.53404	
23.91	5.68961	4.53699	
23.925	5.69334	4.53994	
23.94	5.69708	4.54289	
23.955	5.70081	4.54584	
23.97	5.70453	4.54879	
23.985	5.70825	4.55174	
24	5.71197	4.55469	
24.015	5.71569	4.55765	
24.03	5.7194	4.56061	
24.045	5.72311	4.56357	
24.06	5.72683	4.56654	
24.075	5.73054	4.56951	
24.09	5.73426	4.57249	
24.105	5.73799	4.57548	
24.12	5.74172	4.57847	
24.135	5.74544	4.58147	
24.15	5.74918	4.58448	
24.165	5.75291	4.58749	
24.18	5.75665	4.59051	
24.195	5.76039	4.59353	
24.21	5.76413	4.59656	
24.225	5.76787	4.59959	
24.24	5.77161	4.60263	
24.255	5.77535	4.60566	
24.27	5.77909	4.60869	
24.285	5.78282	4.61172	
24.3	5.78656	4.61476	
24.315	5.79029	4.61779	
24.33	5.79403	4.62083	
24.345	5.79776	4.62387	
24.36	5.80149	4.62691	
24.375	5.80523	4.62995	
24.39	5.80896	4.633	
24.405	5.8127	4.63604	
24.42	5.81644	4.63909	
24.435	5.82017	4.64213	
24.45	5.82391	4.64518	
24.465	5.82764	4.64822	
24.48	5.83138	4.65125	
24.495	5.83511	4.65427	
24.51	5.83884	4.65729	
24.525	5.84257	4.6603	
24.54	5.8463	4.66331	
24.555	5.85003	4.66631	
24.57	5.85376	4.6693	
24.585	5.85749	4.6723	
24.6	5.86121	4.6753	
24.615	5.86494	4.6783	
24.63	5.86866	4.6813	
24.645	5.87239	4.6843	
24.66	5.87612	4.68731	
24.675	5.87985	4.69032	
24.69	5.88359	4.69332	
24.705	5.88733	4.69633	
24.72	5.89107	4.69934	
24.735	5.89481	4.70235	
24.75	5.89856	4.70536	
24.765	5.90231	4.70837	
24.78	5.90606	4.71139	
24.795	5.90981	4.7144	
24.81	5.91357	4.71742	
24.825	5.91733	4.72043	
24.84	5.92109	4.72345	
24.855	5.92485	4.72648	
24.87	5.92862	4.72951	
24.885	5.93239	4.73255	
24.9	5.93616	4.7356	
24.915	5.93993	4.73865	
24.93	5.94371	4.74171	
24.945	5.94749	4.74477	
24.96	5.95127	4.74783	
24.975	5.95505	4.75088	
24.99	5.95884	4.75393	
25.005	5.96263	4.75697	
25.02	5.96641	4.76	
25.035	5.9702	4.76302	
25.05	5.97399	4.76602	
25.065	5.97778	4.76901	
25.08	5.98157	4.77199	
25.095	5.98535	4.77496	
25.11	5.98913	4.77792	
25.125	5.99292	4.78086	
25.14	5.9967	4.7838	
25.155	6.00049	4.78672	
25.17	6.00428	4.78964	
25.185	6.00807	4.79255	
25.2	6.01187	4.79546	
25.215	6.01567	4.79836	
25.23	6.01947	4.80126	
25.245	6.02328	4.80415	
25.26	6.02708	4.80704	
25.275	6.0309	4.80993	
25.29	6.03471	4.81282	
25.305	6.03852	4.81571	
25.32	6.04234	4.81859	
25.335	6.04615	4.82147	
25.35	6.04997	4.82435	
25.365	6.05378	4.82723	
25.38	6.05759	4.8301	
25.395	6.0614	4.83297	
25.41	6.06521	4.83583	
25.425	6.06902	4.83869	
25.44	6.07282	4.84154	
25.455	6.07662	4.84438	
25.47	6.08042	4.84723	
25.485	6.08422	4.85007	
25.5	6.08801	4.85291	
25.515	6.09181	4.85575	
25.53	6.0956	4.85859	
25.545	6.0994	4.86143	
25.56	6.1032	4.86426	
25.575	6.107	4.86709	
25.59	6.11079	4.86992	
25.605	6.11459	4.87274	
25.62	6.1184	4.87557	
25.635	6.1222	4.8784	
25.65	6.126	4.88123	
25.665	6.1298	4.88407	
25.68	6.13361	4.88692	
25.695	6.13741	4.88978	
25.71	6.14122	4.89264	
25.725	6.14502	4.89551	
25.74	6.14882	4.89838	
25.755	6.15261	4.90126	
25.77	6.1564	4.90415	
25.785	6.16019	4.90703	
25.8	6.16397	4.90991	
25.815	6.16774	4.91279	
25.83	6.17152	4.91567	
25.845	6.17529	4.91854	
25.86	6.17906	4.92142	
25.875	6.18283	4.9243	
25.89	6.1866	4.92718	
25.905	6.19038	4.93006	
25.92	6.19415	4.93294	
25.935	6.19792	4.93582	
25.95	6.2017	4.93869	
25.965	6.20548	4.94157	
25.98	6.20925	4.94444	
25.995	6.21302	4.9473	
26.01	6.2168	4.95016	
26.025	6.22056	4.95302	
26.04	6.22433	4.95588	
26.055	6.22809	4.95873	
26.07	6.23185	4.96158	
26.085	6.2356	4.96443	
26.1	6.23936	4.96727	
26.115	6.2431	4.97011	
26.13	6.24685	4.97295	
26.145	6.2506	4.97579	
26.16	6.25435	4.97863	
26.175	6.2581	4.98147	
26.19	6.26185	4.98432	
26.205	6.2656	4.98717	
26.22	6.26936	4.99002	
26.235	6.27313	4.99288	
26.25	6.27689	4.99575	
26.265	6.28067	4.99861	
26.28	6.28444	5.00148	
26.295	6.28822	5.00435	
26.31	6.292	5.00723	
26.325	6.29578	5.01011	
26.34	6.29956	5.01299	
26.355	6.30334	5.01588	
26.37	6.30712	5.01877	
26.385	6.3109	5.02167	
26.4	6.31467	5.02458	
26.415	6.31844	5.02749	
26.43	6.32221	5.03041	
26.445	6.32597	5.03334	
26.46	6.32973	5.03627	
26.475	6.33349	5.03921	
26.49	6.33724	5.04214	
26.505	6.34099	5.04507	
26.52	6.34474	5.048	
26.535	6.34849	5.05092	
26.55	6.35223	5.05384	
26.565	6.35598	5.05675	
26.58	6.35972	5.05967	
26.595	6.36346	5.06258	
26.61	6.3672	5.0655	
26.625	6.37093	5.06842	
26.64	6.37466	5.07134	
26.655	6.37839	5.07427	
26.67	6.38212	5.0772	
26.685	6.38585	5.08013	
26.7	6.38958	5.08306	
26.715	6.39331	5.086	
26.73	6.39705	5.08894	
26.745	6.40079	5.09189	
26.76	6.40453	5.09485	
26.775	6.40828	5.09781	
26.79	6.41203	5.10078	
26.805	6.41579	5.10375	
26.82	6.41955	5.10673	
26.835	6.42332	5.10972	
26.85	6.4271	5.11271	
26.865	6.43087	5.1157	
26.88	6.43465	5.1187	
26.895	6.43843	5.1217	
26.91	6.4422	5.12469	
26.925	6.44598	5.12768	
26.94	6.44975	5.13067	
26.955	6.45353	5.13365	
26.97	6.4573	5.13663	
26.985	6.46108	5.13961	
27	6.46485	5.1426	
27.015	6.46863	5.14559	
27.03	6.4724	5.14858	
27.045	6.47618	5.15158	
27.06	6.47996	5.15457	
27.075	6.48373	5.15758	
27.09	6.48751	5.16058	
27.105	6.49129	5.16358	
27.12	6.49506	5.16659	
27.135	6.49883	5.16959	
27.15	6.5026	5.17258	
27.165	6.50636	5.17556	
27.18	6.51012	5.17853	
27.195	6.51388	5.18149	
27.21	6.51763	5.18444	
27.225	6.52139	5.18737	
27.24	6.52514	5.1903	
27.255	6.52889	5.19322	
27.27	6.53264	5.19613	
27.285	6.53638	5.19904	
27.3	6.54013	5.20195	
27.315	6.54387	5.20486	
27.33	6.54761	5.20777	
27.345	6.55136	5.21068	
27.36	6.5551	5.2136	
27.375	6.55884	5.21652	
27.39	6.56259	5.21944	
27.405	6.56633	5.22236	
27.42	6.57007	5.22528	
27.435	6.57381	5.22819	
27.45	6.57755	5.2311	
27.465	6.5813	5.23401	
27.48	6.58504	5.23692	
27.495	6.58878	5.23983	
27.51	6.59251	5.24273	
27.525	6.59625	5.24563	
27.54	6.59999	5.24854	
27.555	6.60372	5.25144	
27.57	6.60746	5.25435	
27.585	6.6112	5.25725	
27.6	6.61494	5.26016	
27.615	6.61868	5.26306	
27.63	6.62242	5.26596	
27.645	6.62617	5.26885	
27.66	6.62991	5.27174	
27.675	6.63365	5.27463	
27.69	6.63739	5.27752	
27.705	6.64113	5.28041	
27.72	6.64486	5.28329	
27.735	6.64859	5.28616	
27.75	6.65232	5.28904	
27.765	6.65604	5.29192	
27.78	6.65976	5.2948	
27.795	6.66348	5.29768	
27.81	6.6672	5.30057	
27.825	6.67093	5.30346	
27.84	6.67466	5.30635	
27.855	6.67839	5.30925	
27.87	6.68214	5.31215	
27.885	6.68589	5.31505	
27.9	6.68965	5.31797	
27.915	6.69342	5.32089	
27.93	6.69719	5.32382	
27.945	6.70096	5.32675	
27.96	6.70474	5.32969	
27.975	6.70852	5.33263	
27.99	6.7123	5.33558	
28.005	6.71607	5.33852	
28.02	6.71984	5.34145	
28.035	6.72361	5.34439	
28.05	6.72737	5.34731	
28.065	6.73112	5.35023	
28.08	6.73488	5.35314	
28.095	6.73862	5.35604	
28.11	6.74236	5.35893	
28.125	6.7461	5.3618	
28.14	6.74983	5.36466	
28.155	6.75355	5.36751	
28.17	6.75727	5.37035	
28.185	6.76098	5.37318	
28.2	6.76469	5.376	
28.215	6.76839	5.37881	
28.23	6.77208	5.38162	
28.245	6.77577	5.38441	
28.26	6.77946	5.3872	
28.275	6.78314	5.38999	
28.29	6.78681	5.39277	
28.305	6.79049	5.39555	
28.32	6.79416	5.39833	
28.335	6.79782	5.4011	
28.35	6.80148	5.40387	
28.365	6.80514	5.40664	
28.38	6.8088	5.40942	
28.395	6.81245	5.4122	
28.41	6.81609	5.41498	
28.425	6.81974	5.41776	
28.44	6.82338	5.42056	
28.455	6.82703	5.42336	
28.47	6.83068	5.42617	
28.485	6.83433	5.42898	
28.5	6.83798	5.43181	
28.515	6.84164	5.43464	
28.53	6.8453	5.43749	
28.545	6.84896	5.44033	
28.56	6.85263	5.44318	
28.575	6.8563	5.44603	
28.59	6.85997	5.44889	
28.605	6.86364	5.45175	
28.62	6.86732	5.4546	
28.635	6.871	5.45746	
28.65	6.87468	5.46032	
28.665	6.87836	5.46317	
28.68	6.88204	5.46603	
28.695	6.88573	5.46887	
28.71	6.88941	5.47171	
28.725	6.8931	5.47455	
28.74	6.89678	5.47737	
28.755	6.90047	5.4802	
28.77	6.90416	5.48302	
28.785	6.90785	5.48584	
28.8	6.91154	5.48866	
28.815	6.91523	5.49148	
28.83	6.91893	5.4943	
28.845	6.92263	5.49713	
28.86	6.92633	5.49996	
28.875	6.93004	5.5028	
28.89	6.93374	5.50565	
28.905	6.93744	5.5085	
28.92	6.94115	5.51137	
28.935	6.94485	5.51424	
28.95	6.94855	5.51712	
28.965	6.95225	5.52002	
28.98	6.95595	5.52292	
28.995	6.95965	5.52584	
29.01	6.96334	5.52876	
29.025	6.96703	5.53169	
29.04	6.97072	5.53462	
29.055	6.9744	5.53755	
29.07	6.97808	5.54048	
29.085	6.98175	5.5434	
29.1	6.98543	5.54632	
29.115	6.98911	5.54924	
29.13	6.99279	5.55215	
29.145	6.99647	5.55506	
29.16	7.00016	5.55797	
29.175	7.00386	5.56087	
29.19	7.00755	5.56377	
29.205	7.01125	5.56667	
29.22	7.01494	5.56955	
29.235	7.01863	5.57244	
29.25	7.02232	5.57531	
29.265	7.026	5.57818	
29.28	7.02967	5.58104	
29.295	7.03335	5.58389	
29.31	7.03701	5.58674	
29.325	7.04067	5.58958	
29.34	7.04433	5.59241	
29.355	7.04799	5.59523	
29.37	7.05164	5.59805	
29.385	7.05529	5.60086	
29.4	7.05894	5.60367	
29.415	7.06259	5.60648	
29.43	7.06624	5.60928	
29.445	7.06988	5.61208	
29.46	7.07353	5.61489	
29.475	7.07718	5.61771	
29.49	7.08083	5.62053	
29.505	7.08449	5.62336	
29.52	7.08815	5.62621	
29.535	7.09182	5.62906	
29.55	7.09548	5.63193	
29.565	7.09915	5.6348	
29.58	7.10282	5.63768	
29.595	7.10649	5.64057	
29.61	7.11016	5.64345	
29.625	7.11382	5.64634	
29.64	7.11749	5.64923	
29.655	7.12115	5.65212	
29.67	7.12481	5.65501	
29.685	7.12846	5.65791	
29.7	7.13212	5.66082	
29.715	7.13577	5.66372	
29.73	7.13943	5.66664	
29.745	7.14308	5.66957	
29.76	7.14674	5.67251	
29.775	7.15039	5.67545	
29.79	7.15404	5.6784	
29.805	7.15768	5.68135	
29.82	7.16132	5.68431	
29.835	7.16496	5.68725	
29.85	7.1686	5.6902	
29.865	7.17223	5.69313	
29.88	7.17587	5.69607	
29.895	7.1795	5.69899	
29.91	7.18313	5.70191	
29.925	7.18675	5.70483	
29.94	7.19038	5.70774	
29.955	7.19401	5.71065	
29.97	7.19764	5.71356	
29.985	7.20126	5.71647	
