100	1.5708
101	1.5708
102	1.5708
103	1.5708
104	1.5708
105	1.5708
106	1.5708
107	1.5708
108	1.5708
109	1.5708
110	1.5708
111	1.5708
112	1.5708
113	1.5708
114	1.5708
115	1.5708
116	1.5708
117	1.5708
118	1.5708
119	1.5708
120	1.5708
121	1.5708
122	1.5708
123	1.5708
124	1.5708
125	1.5708
126	1.5708
127	1.5708
128	1.5708
129	1.5708
130	1.5708
131	1.5708
132	1.5708
133	1.5708
134	1.5708
135	1.5708
136	1.5708
137	1.5708
138	1.5708
139	1.5708
140	1.5708
141	1.5708
142	1.5708
143	1.5708
144	1.5708
145	1.5708
146	1.5708
147	1.5708
148	1.5708
149	1.5708
150	1.5708
151	1.5708
152	1.5708
153	1.5708
154	1.5708
155	1.5708
156	1.5708
157	1.5708
158	1.5708
159	1.5708
160	1.5708
161	1.5708
162	1.5708
163	1.5708
164	1.5708
165	1.5708
166	1.5708
167	1.5708
168	1.5708
169	1.5708
170	1.5708
171	1.5708
172	1.5708
173	1.5708
174	1.5708
175	1.5708
176	1.5708
177	1.5708
178	1.5708
179	1.5708
180	1.5708
181	1.5708
182	1.5708
183	1.5708
184	1.5708
185	1.5708
186	1.5708
187	1.5708
188	1.5708
189	1.5708
190	1.5708
191	1.5708
192	1.5708
193	1.5708
194	1.5708
195	1.5708
196	1.5708
197	1.5708
198	1.5708
199	1.5708
200	1.5708
201	1.5708
202	1.5708
203	1.5708
204	1.5708
205	1.5708
206	1.5708
207	1.5708
208	1.5708
209	1.5708
210	1.5708
211	1.5708
212	1.5708
213	1.5708
214	1.5708
215	1.5708
216	1.5708
217	1.5708
218	1.5708
219	1.5708
220	1.5708
221	1.5708
222	1.5708
223	1.5708
224	1.5708
225	1.5708
226	1.5708
227	1.5708
228	1.5708
229	1.5708
230	1.5708
231	1.5708
232	1.5708
233	1.5708
234	1.5708
235	1.5708
236	1.5708
237	1.5708
238	1.5708
239	1.5708
240	1.5708
241	1.5708
242	1.5708
243	1.5708
244	1.5708
245	1.5708
246	1.5708
247	1.5708
248	1.5708
249	1.5708
250	1.5708
251	1.5708
252	1.5708
253	1.5708
254	1.5708
255	1.5708
256	1.5708
257	1.5708
258	1.5708
259	1.5708
260	1.5708
261	1.5708
262	1.5708
263	1.5708
264	1.5708
265	1.5708
266	1.5708
267	1.5708
268	1.5708
269	1.5708
270	1.5708
271	1.5708
272	1.5708
273	1.5708
274	1.5708
275	1.5708
276	1.5708
277	1.5708
278	1.5708
279	1.5708
280	1.5708
281	1.5708
282	1.5708
283	1.5708
284	1.5708
285	1.5708
286	1.5708
287	1.5708
288	1.5708
289	1.5708
290	1.5708
291	1.5708
292	1.5708
293	1.5708
294	1.5708
295	1.5708
296	1.5708
297	1.5708
298	1.5708
299	1.5708
300	1.5708
301	1.5708
302	1.5708
303	1.5708
304	1.5708
305	1.5708
306	1.5708
307	1.5708
308	1.5708
309	1.5708
310	1.5708
311	1.5708
312	1.5708
313	1.5708
314	1.5708
315	1.5708
316	1.5708
317	1.5708
318	1.5708
319	1.5708
320	1.5708
321	1.5708
322	1.5708
323	1.5708
324	1.5708
325	1.5708
326	1.5708
327	1.5708
328	1.5708
329	1.5708
330	1.5708
331	1.5708
332	1.5708
333	1.5708
334	1.5708
335	1.5708
336	1.5708
337	1.5708
338	1.5708
339	1.5708
340	1.5708
341	1.5708
342	1.5708
343	1.5708
344	1.5708
345	1.5708
346	1.5708
347	1.5708
348	1.5708
349	1.5708
350	1.5708
351	1.5708
352	1.5708
353	1.5708
354	1.5708
355	1.5708
356	1.5708
357	1.5708
358	1.5708
359	1.5708
360	1.5708
361	1.5708
362	1.5708
363	1.5708
364	1.5708
365	1.5708
366	1.5708
367	1.5708
368	1.5708
369	1.5708
370	1.5708
371	1.5708
372	1.5708
373	1.5708
374	1.5708
375	1.5708
376	1.5708
377	1.5708
378	1.5708
379	1.5708
380	1.5708
381	1.5708
382	1.5708
383	1.5708
384	1.5708
385	1.5708
386	1.5708
387	1.5708
388	1.5708
389	1.5708
390	1.5708
391	1.5708
392	1.5708
393	1.5708
394	1.5708
395	1.5708
396	1.5708
397	1.5708
398	1.5708
399	1.5708
400	1.5708
401	1.5708
402	1.5708
403	1.5708
404	1.5708
405	1.5708
406	1.5708
407	1.5708
408	1.5708
409	1.5708
410	1.5708
411	1.5708
412	1.5708
413	1.5708
414	1.5708
415	1.5708
416	1.5708
417	1.5708
418	1.5708
419	1.5708
420	1.5708
421	1.5708
422	1.5708
423	1.5708
424	1.5708
425	1.5708
426	1.5708
427	1.5708
428	1.5708
429	1.5708
430	1.5708
431	1.5708
432	1.5708
433	1.5708
434	1.5708
435	1.5708
436	1.5708
437	1.5708
438	1.5708
439	1.5708
440	1.5708
441	1.5708
442	1.5708
443	1.5708
444	1.5708
445	1.5708
446	1.5708
447	1.5708
448	1.5708
449	1.5708
450	1.5708
451	1.5708
452	1.5708
453	1.5708
454	1.5708
455	1.5708
456	1.5708
457	1.5708
458	1.5708
459	1.5708
460	1.5708
461	1.5708
462	1.5708
463	1.5708
464	1.5708
465	1.5708
466	1.5708
467	1.5708
468	1.5708
469	1.5708
470	1.5708
471	1.5708
472	1.5708
473	1.5708
474	1.5708
475	1.5708
476	1.5708
477	1.5708
478	1.5708
479	1.5708
480	1.5708
481	1.5708
482	1.5708
483	1.5708
484	1.5708
485	1.5708
486	1.5708
487	1.5708
488	1.5708
489	1.5708
490	1.5708
491	1.5708
492	1.5708
493	1.5708
494	1.5708
495	1.5708
496	1.5708
497	1.5708
498	1.5708
499	1.5708
500	1.5708
501	1.5708
502	1.5708
503	1.5708
504	1.5708
505	1.5708
506	1.5708
507	1.5708
508	1.5708
509	1.5708
510	1.5708
511	1.5708
512	1.5708
513	1.5708
514	1.5708
515	1.5708
516	1.5708
517	1.5708
518	1.5708
519	1.5708
520	1.5708
521	1.5708
522	1.5708
523	1.5708
524	1.5708
525	1.5708
526	1.5708
527	1.5708
528	1.5708
529	1.5708
530	1.5708
531	1.5708
532	1.5708
533	1.5708
534	1.5708
535	1.5708
536	1.5708
537	1.5708
538	1.5708
539	1.5708
540	1.5708
541	1.5708
542	1.5708
543	1.5708
544	1.5708
545	1.5708
546	1.5708
547	1.5708
548	1.5708
549	1.5708
550	1.5708
551	1.5708
552	1.5708
553	1.5708
554	1.5708
555	1.5708
556	1.5708
557	1.5708
558	1.5708
559	1.5708
560	1.5708
561	1.5708
562	1.5708
563	1.5708
564	1.5708
565	1.5708
566	1.5708
567	1.5708
568	1.5708
569	1.5708
570	1.5708
571	1.5708
572	1.5708
573	1.5708
574	1.5708
575	1.5708
576	1.5708
577	1.5708
578	1.5708
579	1.5708
580	1.5708
581	1.5708
582	1.5708
583	1.5708
584	1.5708
585	1.5708
586	1.5708
587	1.5708
588	1.5708
589	1.5708
590	1.5708
591	1.5708
592	1.5708
593	1.5708
594	1.5708
595	1.5708
596	1.5708
597	1.5708
598	1.5708
599	1.5708
600	1.5708
601	1.5708
602	1.5708
603	1.5708
604	1.5708
605	1.5708
606	1.5708
607	1.5708
608	1.5708
609	1.5708
610	1.5708
611	1.5708
612	1.5708
613	1.5708
614	1.5708
615	1.5708
616	1.5708
617	1.5708
618	1.5708
619	1.5708
620	1.5708
621	1.5708
622	1.5708
623	1.5708
624	1.5708
625	1.5708
626	1.5708
627	1.5708
628	1.5708
629	1.5708
630	1.5708
631	1.5708
632	1.5708
633	1.5708
634	1.5708
635	1.5708
636	1.5708
637	1.5708
638	1.5708
639	1.5708
640	1.5708
641	1.5708
642	1.5708
643	1.5708
644	1.5708
645	1.5708
646	1.5708
647	1.5708
648	1.5708
649	1.5708
650	1.5708
651	1.5708
652	1.5708
653	1.5708
654	1.5708
655	1.5708
656	1.5708
657	1.5708
658	1.5708
659	1.5708
660	1.5708
661	1.5708
662	1.5708
663	1.5708
664	1.5708
665	1.5708
666	1.5708
667	1.5708
668	1.5708
669	1.5708
670	1.5708
671	1.5708
672	1.5708
673	1.5708
674	1.5708
675	1.5708
676	1.5708
677	1.5708
678	1.5708
679	1.5708
680	1.5708
681	1.5708
682	1.5708
683	1.5708
684	1.5708
685	1.5708
686	1.5708
687	1.5708
688	1.5708
689	1.5708
690	1.5708
691	1.5708
692	1.5708
693	1.5708
694	1.5708
695	1.5708
696	1.5708
697	1.5708
698	1.5708
699	1.5708
700	1.5708
701	1.5708
702	1.5708
703	1.5708
704	1.5708
705	1.5708
706	1.5708
707	1.5708
708	1.5708
709	1.5708
710	1.5708
711	1.5708
712	1.5708
713	1.5708
714	1.5708
715	1.5708
716	1.5708
717	1.5708
718	1.5708
719	1.5708
720	1.5708
721	1.5708
722	1.5708
723	1.5708
724	1.5708
725	1.5708
726	1.5708
727	1.5708
728	1.5708
729	1.5708
730	1.5708
731	1.5708
732	1.5708
733	1.5708
734	1.5708
735	1.5708
736	1.5708
737	1.5708
738	1.5708
739	1.5708
740	1.5708
741	1.5708
742	1.5708
743	1.5708
744	1.5708
745	1.5708
746	1.5708
747	1.5708
748	1.5708
749	1.5708
750	1.5708
751	1.5708
752	1.5708
753	1.5708
754	1.5708
755	1.5708
756	1.5708
757	1.5708
758	1.5708
759	1.5708
760	1.5708
761	1.5708
762	1.5708
763	1.5708
764	1.5708
765	1.5708
766	1.5708
767	1.5708
768	1.5708
769	1.5708
770	1.5708
771	1.5708
772	1.5708
773	1.5708
774	1.5708
775	1.5708
776	1.5708
777	1.5708
778	1.5708
779	1.5708
780	1.5708
781	1.5708
782	1.5708
783	1.5708
784	1.5708
785	1.5708
786	1.5708
787	1.5708
788	1.5708
789	1.5708
790	1.5708
791	1.5708
792	1.5708
793	1.5708
794	1.5708
795	1.5708
796	1.5708
797	1.5708
798	1.5708
799	1.5708
800	1.5708
801	1.5708
802	1.5708
803	1.5708
804	1.5708
805	1.5708
806	1.5708
807	1.5708
808	1.5708
809	1.5708
810	1.5708
811	1.5708
812	1.5708
813	1.5708
814	1.5708
815	1.5708
816	1.5708
817	1.5708
818	1.5708
819	1.5708
820	1.5708
821	1.5708
822	1.5708
823	1.5708
824	1.5708
825	1.5708
826	1.5708
827	1.5708
828	1.5708
829	1.5708
830	1.5708
831	1.5708
832	1.5708
833	1.5708
834	1.5708
835	1.5708
836	1.5708
837	1.5708
838	1.5708
839	1.5708
840	1.5708
841	1.5708
842	1.5708
843	1.5708
844	1.5708
845	1.5708
846	1.5708
847	1.5708
848	1.5708
849	1.5708
850	1.5708
851	1.5708
852	1.5708
853	1.5708
854	1.5708
855	1.5708
856	1.5708
857	1.5708
858	1.5708
859	1.5708
860	1.5708
861	1.5708
862	1.5708
863	1.5708
864	1.5708
865	1.5708
866	1.5708
867	1.5708
868	1.5708
869	1.5708
870	1.5708
871	1.5708
872	1.5708
873	1.5708
874	1.5708
875	1.5708
876	1.5708
877	1.5708
878	1.5708
879	1.5708
880	1.5708
881	1.5708
882	1.5708
883	1.5708
884	1.5708
885	1.5708
886	1.5708
887	1.5708
888	1.5708
889	1.5708
890	1.5708
891	1.5708
892	1.5708
893	1.5708
894	1.5708
895	1.5708
896	1.5708
897	1.5708
898	1.5708
899	1.5708
900	1.5708
901	1.5708
902	1.5708
903	1.5708
904	1.5708
905	1.5708
906	1.5708
907	1.5708
908	1.5708
909	1.5708
910	1.5708
911	1.5708
912	1.5708
913	1.5708
914	1.5708
915	1.5708
916	1.5708
917	1.5708
918	1.5708
919	1.5708
920	1.5708
921	1.5708
922	1.5708
923	1.5708
924	1.5708
925	1.5708
926	1.5708
927	1.5708
928	1.5708
929	1.5708
930	1.5708
931	1.5708
932	1.5708
933	1.5708
934	1.5708
935	1.5708
936	1.5708
937	1.5708
938	1.5708
939	1.5708
940	1.5708
941	1.5708
942	1.5708
943	1.5708
944	1.5708
945	1.5708
946	1.5708
947	1.5708
948	1.5708
949	1.5708
950	1.5708
951	1.5708
952	1.5708
953	1.5708
954	1.5708
955	1.5708
956	1.5708
957	1.5708
958	1.5708
959	1.5708
960	1.5708
961	1.5708
962	1.5708
963	1.5708
964	1.5708
965	1.5708
966	1.5708
967	1.5708
968	1.5708
969	1.5708
970	1.5708
971	1.5708
972	1.5708
973	1.5708
974	1.5708
975	1.5708
976	1.5708
977	1.5708
978	1.5708
979	1.5708
980	1.5708
981	1.5708
982	1.5708
983	1.5708
984	1.5708
985	1.5708
986	1.5708
987	1.5708
988	1.5708
989	1.5708
990	1.5708
991	1.5708
992	1.5708
993	1.5708
994	1.5708
995	1.5708
996	1.5708
997	1.5708
998	1.5708
999	1.5708
1000	1.5708
1001	1.5708
1002	1.5708
1003	1.5708
1004	1.5708
1005	1.5708
1006	1.5708
1007	1.5708
1008	1.5708
1009	1.5708
1010	1.5708
1011	1.5708
1012	1.5708
1013	1.5708
1014	1.5708
1015	1.5708
1016	1.5708
1017	1.5708
1018	1.5708
1019	1.5708
1020	1.5708
1021	1.5708
1022	1.5708
1023	1.5708
1024	1.5708
1025	1.5708
1026	1.5708
1027	1.5708
1028	1.5708
1029	1.5708
1030	1.5708
1031	1.5708
1032	1.5708
1033	1.5708
1034	1.5708
1035	1.5708
1036	1.5708
1037	1.5708
1038	1.5708
1039	1.5708
1040	1.5708
1041	1.5708
1042	1.5708
1043	1.5708
1044	1.5708
1045	1.5708
1046	1.5708
1047	1.5708
1048	1.5708
1049	1.5708
1050	1.5708
1051	1.5708
1052	1.5708
1053	1.5708
1054	1.5708
1055	1.5708
1056	1.5708
1057	1.5708
1058	1.5708
1059	1.5708
1060	1.5708
1061	1.5708
1062	1.5708
1063	1.5708
1064	1.5708
1065	1.5708
1066	1.5708
1067	1.5708
1068	1.5708
1069	1.5708
1070	1.5708
1071	1.5708
1072	1.5708
1073	1.5708
1074	1.5708
1075	1.5708
1076	1.5708
1077	1.5708
1078	1.5708
1079	1.5708
1080	1.5708
1081	1.5708
1082	1.5708
1083	1.5708
1084	1.5708
1085	1.5708
1086	1.5708
1087	1.5708
1088	1.5708
1089	1.5708
1090	1.5708
1091	1.5708
1092	1.5708
1093	1.5708
1094	1.5708
1095	1.5708
1096	1.5708
1097	1.5708
1098	1.5708
1099	1.5708
1100	1.5708
1101	1.5708
1102	1.5708
1103	1.5708
1104	1.5708
1105	1.5708
1106	1.5708
1107	1.5708
1108	1.5708
1109	1.5708
1110	1.5708
1111	1.5708
1112	1.5708
1113	1.5708
1114	1.5708
1115	1.5708
1116	1.5708
1117	1.5708
1118	1.5708
1119	1.5708
1120	1.5708
1121	1.5708
1122	1.5708
1123	1.5708
1124	1.5708
1125	1.5708
1126	1.5708
1127	1.5708
1128	1.5708
1129	1.5708
1130	1.5708
1131	1.5708
1132	1.5708
1133	1.5708
1134	1.5708
1135	1.5708
1136	1.5708
1137	1.5708
1138	1.5708
1139	1.5708
1140	1.5708
1141	1.5708
1142	1.5708
1143	1.5708
1144	1.5708
1145	1.5708
1146	1.5708
1147	1.5708
1148	1.5708
1149	1.5708
1150	1.5708
1151	1.5708
1152	1.5708
1153	1.5708
1154	1.5708
1155	1.5708
1156	1.5708
1157	1.5708
1158	1.5708
1159	1.5708
1160	1.5708
1161	1.5708
1162	1.5708
1163	1.5708
1164	1.5708
1165	1.5708
1166	1.5708
1167	1.5708
1168	1.5708
1169	1.5708
1170	1.5708
1171	1.5708
1172	1.5708
1173	1.5708
1174	1.5708
1175	1.5708
1176	1.5708
1177	1.5708
1178	1.5708
1179	1.5708
1180	1.5708
1181	1.5708
1182	1.5708
1183	1.5708
1184	1.5708
1185	1.5708
1186	1.5708
1187	1.5708
1188	1.5708
1189	1.5708
1190	1.5708
1191	1.5708
1192	1.5708
1193	1.5708
1194	1.5708
1195	1.5708
1196	1.5708
1197	1.5708
1198	1.5708
1199	1.5708
1200	1.5708
1201	1.5708
1202	1.5708
1203	1.5708
1204	1.5708
1205	1.5708
1206	1.5708
1207	1.5708
1208	1.5708
1209	1.5708
1210	1.5708
1211	1.5708
1212	1.5708
1213	1.5708
1214	1.5708
1215	1.5708
1216	1.5708
1217	1.5708
1218	1.5708
1219	1.5708
1220	1.5708
1221	1.5708
1222	1.5708
1223	1.5708
1224	1.5708
1225	1.5708
1226	1.5708
1227	1.5708
1228	1.5708
1229	1.5708
1230	1.5708
1231	1.5708
1232	1.5708
1233	1.5708
1234	1.5708
1235	1.5708
1236	1.5708
1237	1.5708
1238	1.5708
1239	1.5708
1240	1.5708
1241	1.5708
1242	1.5708
1243	1.5708
1244	1.5708
1245	1.5708
1246	1.5708
1247	1.5708
1248	1.5708
1249	1.5708
1250	1.5708
1251	1.5708
1252	1.5708
1253	1.5708
1254	1.5708
1255	1.5708
1256	1.5708
1257	1.5708
1258	1.5708
1259	1.5708
1260	1.5708
1261	1.5708
1262	1.5708
1263	1.5708
1264	1.5708
1265	1.5708
1266	1.5708
1267	1.5708
1268	1.5708
1269	1.5708
1270	1.5708
1271	1.5708
1272	1.5708
1273	1.5708
1274	1.5708
1275	1.5708
1276	1.5708
1277	1.5708
1278	1.5708
1279	1.5708
1280	1.5708
1281	1.5708
1282	1.5708
1283	1.5708
1284	1.5708
1285	1.5708
1286	1.5708
1287	1.5708
1288	1.5708
1289	1.5708
1290	1.5708
1291	1.5708
1292	1.5708
1293	1.5708
1294	1.5708
1295	1.5708
1296	1.5708
1297	1.5708
1298	1.5708
1299	1.5708
1300	1.5708
1301	1.5708
1302	1.5708
1303	1.5708
1304	1.5708
1305	1.5708
1306	1.5708
1307	1.5708
1308	1.5708
1309	1.5708
1310	1.5708
1311	1.5708
1312	1.5708
1313	1.5708
1314	1.5708
1315	1.5708
1316	1.5708
1317	1.5708
1318	1.5708
1319	1.5708
1320	1.5708
1321	1.5708
1322	1.5708
1323	1.5708
1324	1.5708
1325	1.5708
1326	1.5708
1327	1.5708
1328	1.5708
1329	1.5708
1330	1.5708
1331	1.5708
1332	1.5708
1333	1.5708
1334	1.5708
1335	1.5708
1336	1.5708
1337	1.5708
1338	1.5708
1339	1.5708
1340	1.5708
1341	1.5708
1342	1.5708
1343	1.5708
1344	1.5708
1345	1.5708
1346	1.5708
1347	1.5708
1348	1.5708
1349	1.5708
1350	1.5708
1351	1.5708
1352	1.5708
1353	1.5708
1354	1.5708
1355	1.5708
1356	1.5708
1357	1.5708
1358	1.5708
1359	1.5708
1360	1.5708
1361	1.5708
1362	1.5708
1363	1.5708
1364	1.5708
1365	1.5708
1366	1.5708
1367	1.5708
1368	1.5708
1369	1.5708
1370	1.5708
1371	1.5708
1372	1.5708
1373	1.5708
1374	1.5708
1375	1.5708
1376	1.5708
1377	1.5708
1378	1.5708
1379	1.5708
1380	1.5708
1381	1.5708
1382	1.5708
1383	1.5708
1384	1.5708
1385	1.5708
1386	1.5708
1387	1.5708
1388	1.5708
1389	1.5708
1390	1.5708
1391	1.5708
1392	1.5708
1393	1.5708
1394	1.5708
1395	1.5708
1396	1.5708
1397	1.5708
1398	1.5708
1399	1.5708
1400	1.5708
1401	1.5708
1402	1.5708
1403	1.5708
1404	1.5708
1405	1.5708
1406	1.5708
1407	1.5708
1408	1.5708
1409	1.5708
1410	1.5708
1411	1.5708
1412	1.5708
1413	1.5708
1414	1.5708
1415	1.5708
1416	1.5708
1417	1.5708
1418	1.5708
1419	1.5708
1420	1.5708
1421	1.5708
1422	1.5708
1423	1.5708
1424	1.5708
1425	1.5708
1426	1.5708
1427	1.5708
1428	1.5708
1429	1.5708
1430	1.5708
1431	1.5708
1432	1.5708
1433	1.5708
1434	1.5708
1435	1.5708
1436	1.5708
1437	1.5708
1438	1.5708
1439	1.5708
1440	1.5708
1441	1.5708
1442	1.5708
1443	1.5708
1444	1.5708
1445	1.5708
1446	1.5708
1447	1.5708
1448	1.5708
1449	1.5708
1450	1.5708
1451	1.5708
1452	1.5708
1453	1.5708
1454	1.5708
1455	1.5708
1456	1.5708
1457	1.5708
1458	1.5708
1459	1.5708
1460	1.5708
1461	1.5708
1462	1.5708
1463	1.5708
1464	1.5708
1465	1.5708
1466	1.5708
1467	1.5708
1468	1.5708
1469	1.5708
1470	1.5708
1471	1.5708
1472	1.5708
1473	1.5708
1474	1.5708
1475	1.5708
1476	1.5708
1477	1.5708
1478	1.5708
1479	1.5708
1480	1.5708
1481	1.5708
1482	1.5708
1483	1.5708
1484	1.5708
1485	1.5708
1486	1.5708
1487	1.5708
1488	1.5708
1489	1.5708
1490	1.5708
1491	1.5708
1492	1.5708
1493	1.5708
1494	1.5708
1495	1.5708
1496	1.5708
1497	1.5708
1498	1.5708
1499	1.5708
1500	1.5708
1501	1.5708
1502	1.5708
1503	1.5708
1504	1.5708
1505	1.5708
1506	1.5708
1507	1.5708
1508	1.5708
1509	1.5708
1510	1.5708
1511	1.5708
1512	1.5708
1513	1.5708
1514	1.5708
1515	1.5708
1516	1.5708
1517	1.5708
1518	1.5708
1519	1.5708
1520	1.5708
1521	1.5708
1522	1.5708
1523	1.5708
1524	1.5708
1525	1.5708
1526	1.5708
1527	1.5708
1528	1.5708
1529	1.5708
1530	1.5708
1531	1.5708
1532	1.5708
1533	1.5708
1534	1.5708
1535	1.5708
1536	1.5708
1537	1.5708
1538	1.5708
1539	1.5708
1540	1.5708
1541	1.5708
1542	1.5708
1543	1.5708
1544	1.5708
1545	1.5708
1546	1.5708
1547	1.5708
1548	1.5708
1549	1.5708
1550	1.5708
1551	1.5708
1552	1.5708
1553	1.5708
1554	1.5708
1555	1.5708
1556	1.5708
1557	1.5708
1558	1.5708
1559	1.5708
1560	1.5708
1561	1.5708
1562	1.5708
1563	1.5708
1564	1.5708
1565	1.5708
1566	1.5708
1567	1.5708
1568	1.5708
1569	1.5708
1570	1.5708
1571	1.5708
1572	1.5708
1573	1.5708
1574	1.5708
1575	1.5708
1576	1.5708
1577	1.5708
1578	1.5708
1579	1.5708
1580	1.5708
1581	1.5708
1582	1.5708
1583	1.5708
1584	1.5708
1585	1.5708
1586	1.5708
1587	1.5708
1588	1.5708
1589	1.5708
1590	1.5708
1591	1.5708
1592	1.5708
1593	1.5708
1594	1.5708
1595	1.5708
1596	1.5708
1597	1.5708
1598	1.5708
1599	1.5708
1600	1.5708
1601	1.5708
1602	1.5708
1603	1.5708
1604	1.5708
1605	1.5708
1606	1.5708
1607	1.5708
1608	1.5708
1609	1.5708
1610	1.5708
1611	1.5708
1612	1.5708
1613	1.5708
1614	1.5708
1615	1.5708
1616	1.5708
1617	1.5708
1618	1.5708
1619	1.5708
1620	1.5708
1621	1.5708
1622	1.5708
1623	1.5708
1624	1.5708
1625	1.5708
1626	1.5708
1627	1.5708
1628	1.5708
1629	1.5708
1630	1.5708
1631	1.5708
1632	1.5708
1633	1.5708
1634	1.5708
1635	1.5708
1636	1.5708
1637	1.5708
1638	1.5708
1639	1.5708
1640	1.5708
1641	1.5708
1642	1.5708
1643	1.5708
1644	1.5708
1645	1.5708
1646	1.5708
1647	1.5708
1648	1.5708
1649	1.5708
1650	1.5708
1651	1.5708
1652	1.5708
1653	1.5708
1654	1.5708
1655	1.5708
1656	1.5708
1657	1.5708
1658	1.5708
1659	1.5708
1660	1.5708
1661	1.5708
1662	1.5708
1663	1.5708
1664	1.5708
1665	1.5708
1666	1.5708
1667	1.5708
1668	1.5708
1669	1.5708
1670	1.5708
1671	1.5708
1672	1.5708
1673	1.5708
1674	1.5708
1675	1.5708
1676	1.5708
1677	1.5708
1678	1.5708
1679	1.5708
1680	1.5708
1681	1.5708
1682	1.5708
1683	1.5708
1684	1.5708
1685	1.5708
1686	1.5708
1687	1.5708
1688	1.5708
1689	1.5708
1690	1.5708
1691	1.5708
1692	1.5708
1693	1.5708
1694	1.5708
1695	1.5708
1696	1.5708
1697	1.5708
1698	1.5708
1699	1.5708
1700	1.5708
1701	1.5708
1702	1.5708
1703	1.5708
1704	1.5708
1705	1.5708
1706	1.5708
1707	1.5708
1708	1.5708
1709	1.5708
1710	1.5708
1711	1.5708
1712	1.5708
1713	1.5708
1714	1.5708
1715	1.5708
1716	1.5708
1717	1.5708
1718	1.5708
1719	1.5708
1720	1.5708
1721	1.5708
1722	1.5708
1723	1.5708
1724	1.5708
1725	1.5708
1726	1.5708
1727	1.5708
1728	1.5708
1729	1.5708
1730	1.5708
1731	1.5708
1732	1.5708
1733	1.5708
1734	1.5708
1735	1.5708
1736	1.5708
1737	1.5708
1738	1.5708
1739	1.5708
1740	1.5708
1741	1.5708
1742	1.5708
1743	1.5708
1744	1.5708
1745	1.5708
1746	1.5708
1747	1.5708
1748	1.5708
1749	1.5708
1750	1.5708
1751	1.5708
1752	1.5708
1753	1.5708
1754	1.5708
1755	1.5708
1756	1.5708
1757	1.5708
1758	1.5708
1759	1.5708
1760	1.5708
1761	1.5708
1762	1.5708
1763	1.5708
1764	1.5708
1765	1.5708
1766	1.5708
1767	1.5708
1768	1.5708
1769	1.5708
1770	1.5708
1771	1.5708
1772	1.5708
1773	1.5708
1774	1.5708
1775	1.5708
1776	1.5708
1777	1.5708
1778	1.5708
1779	1.5708
1780	1.5708
1781	1.5708
1782	1.5708
1783	1.5708
1784	1.5708
1785	1.5708
1786	1.5708
1787	1.5708
1788	1.5708
1789	1.5708
1790	1.5708
1791	1.5708
1792	1.5708
1793	1.5708
1794	1.5708
1795	1.5708
1796	1.5708
1797	1.5708
1798	1.5708
1799	1.5708
1800	1.5708
1801	1.5708
1802	1.5708
1803	1.5708
1804	1.5708
1805	1.5708
1806	1.5708
1807	1.5708
1808	1.5708
1809	1.5708
1810	1.5708
1811	1.5708
1812	1.5708
1813	1.5708
1814	1.5708
1815	1.5708
1816	1.5708
1817	1.5708
1818	1.5708
1819	1.5708
1820	1.5708
1821	1.5708
1822	1.5708
1823	1.5708
1824	1.5708
1825	1.5708
1826	1.5708
1827	1.5708
1828	1.5708
1829	1.5708
1830	1.5708
1831	1.5708
1832	1.5708
1833	1.5708
1834	1.5708
1835	1.5708
1836	1.5708
1837	1.5708
1838	1.5708
1839	1.5708
1840	1.5708
1841	1.5708
1842	1.5708
1843	1.5708
1844	1.5708
1845	1.5708
1846	1.5708
1847	1.5708
1848	1.5708
1849	1.5708
1850	1.5708
1851	1.5708
1852	1.5708
1853	1.5708
1854	1.5708
1855	1.5708
1856	1.5708
1857	1.5708
1858	1.5708
1859	1.5708
1860	1.5708
1861	1.5708
1862	1.5708
1863	1.5708
1864	1.5708
1865	1.5708
1866	1.5708
1867	1.5708
1868	1.5708
1869	1.5708
1870	1.5708
1871	1.5708
1872	1.5708
1873	1.5708
1874	1.5708
1875	1.5708
1876	1.5708
1877	1.5708
1878	1.5708
1879	1.5708
1880	1.5708
1881	1.5708
1882	1.5708
1883	1.5708
1884	1.5708
1885	1.5708
1886	1.5708
1887	1.5708
1888	1.5708
1889	1.5708
1890	1.5708
1891	1.5708
1892	1.5708
1893	1.5708
1894	1.5708
1895	1.5708
1896	1.5708
1897	1.5708
1898	1.5708
1899	1.5708
1900	1.5708
1901	1.5708
1902	1.5708
1903	1.5708
1904	1.5708
1905	1.5708
1906	1.5708
1907	1.5708
1908	1.5708
1909	1.5708
1910	1.5708
1911	1.5708
1912	1.5708
1913	1.5708
1914	1.5708
1915	1.5708
1916	1.5708
1917	1.5708
1918	1.5708
1919	1.5708
1920	1.5708
1921	1.5708
1922	1.5708
1923	1.5708
1924	1.5708
1925	1.5708
1926	1.5708
1927	1.5708
1928	1.5708
1929	1.5708
1930	1.5708
1931	1.5708
1932	1.5708
1933	1.5708
1934	1.5708
1935	1.5708
1936	1.5708
1937	1.5708
1938	1.5708
1939	1.5708
1940	1.5708
1941	1.5708
1942	1.5708
1943	1.5708
1944	1.5708
1945	1.5708
1946	1.5708
1947	1.5708
1948	1.5708
1949	1.5708
1950	1.5708
1951	1.5708
1952	1.5708
1953	1.5708
1954	1.5708
1955	1.5708
1956	1.5708
1957	1.5708
1958	1.5708
1959	1.5708
1960	1.5708
1961	1.5708
1962	1.5708
1963	1.5708
1964	1.5708
1965	1.5708
1966	1.5708
1967	1.5708
1968	1.5708
1969	1.5708
1970	1.5708
1971	1.5708
1972	1.5708
1973	1.5708
1974	1.5708
1975	1.5708
1976	1.5708
1977	1.5708
1978	1.5708
1979	1.5708
1980	1.5708
1981	1.5708
1982	1.5708
1983	1.5708
1984	1.5708
1985	1.5708
1986	1.5708
1987	1.5708
1988	1.5708
1989	1.5708
1990	1.5708
1991	1.5708
1992	1.5708
1993	1.5708
1994	1.5708
1995	1.5708
1996	1.5708
1997	1.5708
1998	1.5708
1999	1.5708
2000	1.5708
2001	1.5708
2002	1.5708
2003	1.5708
2004	1.5708
2005	1.5708
2006	1.5708
2007	1.5708
2008	1.5708
2009	1.5708
2010	1.5708
2011	1.5708
2012	1.5708
2013	1.5708
2014	1.5708
2015	1.5708
2016	1.5708
2017	1.5708
2018	1.5708
2019	1.5708
2020	1.5708
2021	1.5708
2022	1.5708
2023	1.5708
2024	1.5708
2025	1.5708
2026	1.5708
2027	1.5708
2028	1.5708
2029	1.5708
2030	1.5708
2031	1.5708
2032	1.5708
2033	1.5708
2034	1.5708
2035	1.5708
2036	1.5708
2037	1.5708
2038	1.5708
2039	1.5708
2040	1.5708
2041	1.5708
2042	1.5708
2043	1.5708
2044	1.5708
2045	1.5708
2046	1.5708
2047	1.5708
2048	1.5708
2049	1.5708
2050	1.5708
2051	1.5708
2052	1.5708
2053	1.5708
2054	1.5708
2055	1.5708
2056	1.5708
2057	1.5708
2058	1.5708
2059	1.5708
2060	1.5708
2061	1.5708
2062	1.5708
2063	1.5708
2064	1.5708
2065	1.5708
2066	1.5708
2067	1.5708
2068	1.5708
2069	1.5708
2070	1.5708
2071	1.5708
2072	1.5708
2073	1.5708
2074	1.5708
2075	1.5708
2076	1.5708
2077	1.5708
2078	1.5708
2079	1.5708
2080	1.5708
2081	1.5708
2082	1.5708
2083	1.5708
2084	1.5708
2085	1.5708
2086	1.5708
2087	1.5708
2088	1.5708
2089	1.5708
2090	1.5708
2091	1.5708
2092	1.5708
2093	1.5708
2094	1.5708
2095	1.5708
2096	1.5708
2097	1.5708
2098	1.5708
2099	1.5708
2100	1.5708
2101	1.5708
2102	1.5708
2103	1.5708
2104	1.5708
2105	1.5708
2106	1.5708
2107	1.5708
2108	1.5708
2109	1.5708
2110	1.5708
2111	1.5708
2112	1.5708
2113	1.5708
2114	1.5708
2115	1.5708
2116	1.5708
2117	1.5708
2118	1.5708
2119	1.5708
2120	1.5708
2121	1.5708
2122	1.5708
2123	1.5708
2124	1.5708
2125	1.5708
2126	1.5708
2127	1.5708
2128	1.5708
2129	1.5708
2130	1.5708
2131	1.5708
2132	1.5708
2133	1.5708
2134	1.5708
2135	1.5708
2136	1.5708
2137	1.5708
2138	1.5708
2139	1.5708
2140	1.5708
2141	1.5708
2142	1.5708
2143	1.5708
2144	1.5708
2145	1.5708
2146	1.5708
2147	1.5708
2148	1.5708
2149	1.5708
2150	1.5708
2151	1.5708
2152	1.5708
2153	1.5708
2154	1.5708
2155	1.5708
2156	1.5708
2157	1.5708
2158	1.5708
2159	1.5708
2160	1.5708
2161	1.5708
2162	1.5708
2163	1.5708
2164	1.5708
2165	1.5708
2166	1.5708
2167	1.5708
2168	1.5708
2169	1.5708
2170	1.5708
2171	1.5708
2172	1.5708
2173	1.5708
2174	1.5708
2175	1.5708
2176	1.5708
2177	1.5708
2178	1.5708
2179	1.5708
2180	1.5708
2181	1.5708
2182	1.5708
2183	1.5708
2184	1.5708
2185	1.5708
2186	1.5708
2187	1.5708
2188	1.5708
2189	1.5708
2190	1.5708
2191	1.5708
2192	1.5708
2193	1.5708
2194	1.5708
2195	1.5708
2196	1.5708
2197	1.5708
2198	1.5708
2199	1.5708
2200	1.5708
2201	1.5708
2202	1.5708
2203	1.5708
2204	1.5708
2205	1.5708
2206	1.5708
2207	1.5708
2208	1.5708
2209	1.5708
2210	1.5708
2211	1.5708
2212	1.5708
2213	1.5708
2214	1.5708
2215	1.5708
2216	1.5708
2217	1.5708
2218	1.5708
2219	1.5708
2220	1.5708
2221	1.5708
2222	1.5708
2223	1.5708
2224	1.5708
2225	1.5708
2226	1.5708
2227	1.5708
2228	1.5708
2229	1.5708
2230	1.5708
2231	1.5708
2232	1.5708
2233	1.5708
2234	1.5708
2235	1.5708
2236	1.5708
2237	1.5708
2238	1.5708
2239	1.5708
2240	1.5708
2241	1.5708
2242	1.5708
2243	1.5708
2244	1.5708
2245	1.5708
2246	1.5708
2247	1.5708
2248	1.5708
2249	1.5708
2250	1.5708
2251	1.5708
2252	1.5708
2253	1.5708
2254	1.5708
2255	1.5708
2256	1.5708
2257	1.5708
2258	1.5708
2259	1.5708
2260	1.5708
2261	1.5708
2262	1.5708
2263	1.5708
2264	1.5708
2265	1.5708
2266	1.5708
2267	1.5708
2268	1.5708
2269	1.5708
2270	1.5708
2271	1.5708
2272	1.5708
2273	1.5708
2274	1.5708
2275	1.5708
2276	1.5708
2277	1.5708
2278	1.5708
2279	1.5708
2280	1.5708
2281	1.5708
2282	1.5708
2283	1.5708
2284	1.5708
2285	1.5708
2286	1.5708
2287	1.5708
2288	1.5708
2289	1.5708
2290	1.5708
2291	1.5708
2292	1.5708
2293	1.5708
2294	1.5708
2295	1.5708
2296	1.5708
2297	1.5708
2298	1.5708
2299	1.5708
2300	1.5708
2301	1.5708
2302	1.5708
2303	1.5708
2304	1.5708
2305	1.5708
2306	1.5708
2307	1.5708
2308	1.5708
2309	1.5708
2310	1.5708
2311	1.5708
2312	1.5708
2313	1.5708
2314	1.5708
2315	1.5708
2316	1.5708
2317	1.5708
2318	1.5708
2319	1.5708
2320	1.5708
2321	1.5708
2322	1.5708
2323	1.5708
2324	1.5708
2325	1.5708
2326	1.5708
2327	1.5708
2328	1.5708
2329	1.5708
2330	1.5708
2331	1.5708
2332	1.5708
2333	1.5708
2334	1.5708
2335	1.5708
2336	1.5708
2337	1.5708
2338	1.5708
2339	1.5708
2340	1.5708
2341	1.5708
2342	1.5708
2343	1.5708
2344	1.5708
2345	1.5708
2346	1.5708
2347	1.5708
2348	1.5708
2349	1.5708
2350	1.5708
2351	1.5708
2352	1.5708
2353	1.5708
2354	1.5708
2355	1.5708
2356	1.5708
2357	1.5708
2358	1.5708
2359	1.5708
2360	1.5708
2361	1.5708
2362	1.5708
2363	1.5708
2364	1.5708
2365	1.5708
2366	1.5708
2367	1.5708
2368	1.5708
2369	1.5708
2370	1.5708
2371	1.5708
2372	1.5708
2373	1.5708
2374	1.5708
2375	1.5708
2376	1.5708
2377	1.5708
2378	1.5708
2379	1.5708
2380	1.5708
2381	1.5708
2382	1.5708
2383	1.5708
2384	1.5708
2385	1.5708
2386	1.5708
2387	1.5708
2388	1.5708
2389	1.5708
2390	1.5708
2391	1.5708
2392	1.5708
2393	1.5708
2394	1.5708
2395	1.5708
2396	1.5708
2397	1.5708
2398	1.5708
2399	1.5708
