20	0.0300319
40	0.0212365
60	0.0173398
80	0.0150168
100	0.0134315
120	0.0122613
140	0.0113518
160	0.0106186
180	0.0100114
200	0.00949765
220	0.00905568
240	0.00867017
260	0.00833004
280	0.00802705
300	0.00775488
320	0.00750864
340	0.00728446
360	0.00707924
380	0.00689044
400	0.00671598
420	0.00655413
440	0.00640346
460	0.00626271
480	0.00613086
500	0.006007
520	0.00589036
540	0.00578026
560	0.00567611
580	0.0055774
600	0.00548366
620	0.0053945
640	0.00530955
660	0.00522849
680	0.00515104
700	0.00507692
720	0.00500592
740	0.00493782
760	0.00487242
780	0.00480956
800	0.00474906
820	0.0046908
840	0.00463463
860	0.00458043
880	0.00452808
900	0.0044775
920	0.00442857
940	0.00438121
960	0.00433534
980	0.00429088
1000	0.00424776
1020	0.00420591
1040	0.00416528
1060	0.00412581
1080	0.00408743
1100	0.00405011
1120	0.00401379
1140	0.00397843
1160	0.00394399
1180	0.00391043
1200	0.00387771
1220	0.0038458
1240	0.00381467
1260	0.00378428
1280	0.0037546
1300	0.00372561
1320	0.00369729
1340	0.0036696
1360	0.00364252
1380	0.00361604
1400	0.00359012
1420	0.00356475
1440	0.00353992
1460	0.00351559
1480	0.00349176
1500	0.00346841
1520	0.00344552
1540	0.00342308
1560	0.00340107
1580	0.00337948
1600	0.0033583
1620	0.00333751
1640	0.0033171
1660	0.00329706
1680	0.00327738
1700	0.00325805
1720	0.00323906
1740	0.0032204
1760	0.00320205
1780	0.00318402
1800	0.00316628
1820	0.00314884
1840	0.00313169
1860	0.00311481
1880	0.0030982
1900	0.00308186
1920	0.00306577
1940	0.00304993
1960	0.00303433
1980	0.00301897
