5	0.111896
10	0.0791609
15	0.0646452
20	0.055989
25	0.0500806
30	0.0457186
35	0.0423282
40	0.0395951
45	0.0373312
50	0.0354159
55	0.033768
60	0.0323307
65	0.0310625
70	0.0299327
75	0.0289179
80	0.0279998
85	0.0271639
90	0.0263986
95	0.0256946
100	0.0250441
105	0.0244406
110	0.0238787
115	0.0233539
120	0.0228622
125	0.0224003
130	0.0219654
135	0.0215548
140	0.0211664
145	0.0207983
150	0.0204488
155	0.0201163
160	0.0197995
165	0.0194972
170	0.0192083
175	0.018932
180	0.0186672
185	0.0184132
190	0.0181693
195	0.0179349
200	0.0177093
205	0.017492
210	0.0172825
215	0.0170804
220	0.0168852
225	0.0166966
230	0.0165141
235	0.0163375
240	0.0161664
245	0.0160006
250	0.0158398
255	0.0156837
260	0.0155322
265	0.015385
270	0.0152419
275	0.0151027
280	0.0149672
285	0.0148354
290	0.0147069
295	0.0145818
300	0.0144597
305	0.0143407
310	0.0142246
315	0.0141113
320	0.0140006
325	0.0138925
330	0.0137869
335	0.0136836
340	0.0135826
345	0.0134838
350	0.0133872
355	0.0132926
360	0.0131999
365	0.0131092
370	0.0130203
375	0.0129332
380	0.0128479
385	0.0127642
390	0.0126821
395	0.0126016
400	0.0125226
405	0.012445
410	0.0123689
415	0.0122942
420	0.0122208
425	0.0121487
430	0.0120779
435	0.0120083
440	0.0119398
445	0.0118726
450	0.0118064
455	0.0117414
460	0.0116774
465	0.0116145
470	0.0115525
475	0.0114916
480	0.0114315
485	0.0113725
490	0.0113143
495	0.011257
500	0.0112006
505	0.011145
510	0.0110902
515	0.0110363
520	0.0109831
525	0.0109307
530	0.010879
535	0.010828
540	0.0107778
545	0.0107282
550	0.0106794
555	0.0106312
560	0.0105836
565	0.0105367
570	0.0104903
575	0.0104446
580	0.0103995
585	0.010355
590	0.010311
595	0.0102676
600	0.0102247
605	0.0101824
610	0.0101406
615	0.0100993
620	0.0100585
625	0.0100182
630	0.00997833
635	0.00993897
640	0.00990007
645	0.00986162
650	0.00982362
655	0.00978606
660	0.00974892
665	0.0097122
670	0.0096759
675	0.00963999
680	0.00960449
685	0.00956937
690	0.00953464
695	0.00950028
700	0.00946629
705	0.00943267
710	0.0093994
715	0.00936648
720	0.0093339
725	0.00930166
730	0.00926975
735	0.00923817
740	0.00920691
745	0.00917596
750	0.00914532
755	0.00911499
760	0.00908496
765	0.00905522
770	0.00902578
775	0.00899662
780	0.00896774
785	0.00893913
790	0.0089108
795	0.00888273
800	0.00885493
805	0.00882739
810	0.00880011
815	0.00877307
820	0.00874629
825	0.00871974
830	0.00869344
835	0.00866737
840	0.00864154
845	0.00861594
850	0.00859056
855	0.00856541
860	0.00854047
865	0.00851575
870	0.00849125
875	0.00846695
880	0.00844287
885	0.00841899
890	0.0083953
895	0.00837182
900	0.00834854
905	0.00832544
910	0.00830254
915	0.00827983
920	0.0082573
925	0.00823495
930	0.00821278
935	0.0081908
940	0.00816899
945	0.00814735
950	0.00812588
955	0.00810458
960	0.00808345
965	0.00806248
970	0.00804168
975	0.00802103
980	0.00800054
985	0.00798021
990	0.00796004
995	0.00794001
1000	0.00792014
1005	0.00790041
1010	0.00788083
1015	0.0078614
1020	0.00784211
1025	0.00782296
1030	0.00780395
1035	0.00778508
1040	0.00776634
1045	0.00774774
1050	0.00772927
1055	0.00771094
1060	0.00769273
1065	0.00767465
1070	0.0076567
1075	0.00763887
1080	0.00762117
1085	0.00760359
1090	0.00758613
1095	0.0075688
1100	0.00755157
1105	0.00753447
1110	0.00751748
1115	0.00750061
1120	0.00748385
1125	0.0074672
1130	0.00745066
1135	0.00743424
1140	0.00741792
1145	0.0074017
1150	0.0073856
1155	0.00736959
1160	0.00735369
1165	0.0073379
1170	0.0073222
1175	0.00730661
1180	0.00729111
1185	0.00727571
1190	0.00726041
1195	0.00724521
1200	0.0072301
1205	0.00721509
1210	0.00720016
1215	0.00718533
1220	0.0071706
1225	0.00715595
1230	0.00714139
1235	0.00712692
1240	0.00711254
1245	0.00709824
1250	0.00708403
1255	0.00706991
1260	0.00705587
1265	0.00704191
1270	0.00702803
1275	0.00701424
1280	0.00700053
1285	0.0069869
1290	0.00697334
1295	0.00695987
1300	0.00694647
1305	0.00693315
1310	0.00691991
1315	0.00690674
1320	0.00689365
1325	0.00688063
1330	0.00686769
1335	0.00685482
1340	0.00684202
1345	0.00682929
1350	0.00681663
1355	0.00680404
1360	0.00679152
1365	0.00677907
1370	0.00676669
1375	0.00675438
1380	0.00674213
1385	0.00672995
1390	0.00671784
1395	0.00670579
1400	0.00669381
1405	0.00668189
1410	0.00667003
1415	0.00665823
1420	0.0066465
1425	0.00663483
1430	0.00662322
1435	0.00661168
1440	0.00660019
1445	0.00658876
1450	0.00657739
1455	0.00656608
1460	0.00655483
1465	0.00654363
1470	0.0065325
1475	0.00652142
1480	0.00651039
1485	0.00649942
1490	0.00648851
1495	0.00647765
1500	0.00646685
1505	0.0064561
1510	0.0064454
1515	0.00643475
1520	0.00642416
1525	0.00641362
1530	0.00640314
1535	0.0063927
1540	0.00638231
1545	0.00637198
1550	0.00636169
1555	0.00635146
1560	0.00634127
1565	0.00633114
1570	0.00632105
1575	0.00631101
1580	0.00630101
1585	0.00629107
1590	0.00628117
1595	0.00627132
1600	0.00626151
1605	0.00625175
1610	0.00624204
1615	0.00623237
1620	0.00622274
1625	0.00621316
1630	0.00620363
1635	0.00619413
1640	0.00618469
1645	0.00617528
1650	0.00616592
1655	0.0061566
1660	0.00614732
1665	0.00613808
1670	0.00612889
1675	0.00611973
1680	0.00611062
1685	0.00610155
1690	0.00609252
1695	0.00608352
1700	0.00607457
1705	0.00606566
1710	0.00605679
1715	0.00604795
1720	0.00603915
1725	0.0060304
1730	0.00602168
1735	0.00601299
1740	0.00600435
1745	0.00599574
1750	0.00598717
1755	0.00597864
1760	0.00597014
1765	0.00596168
1770	0.00595325
1775	0.00594486
1780	0.00593651
1785	0.00592819
1790	0.0059199
1795	0.00591165
1800	0.00590344
1805	0.00589526
1810	0.00588711
1815	0.00587899
1820	0.00587091
1825	0.00586287
1830	0.00585485
1835	0.00584687
1840	0.00583892
1845	0.00583101
1850	0.00582312
1855	0.00581527
1860	0.00580745
1865	0.00579966
1870	0.0057919
1875	0.00578417
1880	0.00577648
1885	0.00576881
1890	0.00576118
1895	0.00575357
1900	0.005746
1905	0.00573845
1910	0.00573094
1915	0.00572345
1920	0.00571599
1925	0.00570857
1930	0.00570117
1935	0.0056938
1940	0.00568646
1945	0.00567914
1950	0.00567186
1955	0.0056646
1960	0.00565737
1965	0.00565017
1970	0.005643
1975	0.00563585
1980	0.00562873
1985	0.00562164
1990	0.00561457
1995	0.00560753
