10	0.0586289
20	0.0414625
30	0.0338555
40	0.0293204
50	0.0262253
60	0.0239406
70	0.0221648
80	0.0207334
90	0.0195477
100	0.0185446
110	0.0176817
120	0.016929
130	0.0162648
140	0.0156732
150	0.0151418
160	0.014661
170	0.0142233
180	0.0138226
190	0.0134539
200	0.0131133
210	0.0127973
220	0.012503
230	0.0122282
240	0.0119708
250	0.0117289
260	0.0115012
270	0.0112862
280	0.0110828
290	0.0108901
300	0.010707
310	0.0105329
320	0.0103671
330	0.0102088
340	0.0100575
350	0.00991281
360	0.00977417
370	0.00964119
380	0.00951349
390	0.00939074
400	0.00927262
410	0.00915884
420	0.00904916
430	0.00894332
440	0.00884111
450	0.00874233
460	0.00864679
470	0.00855431
480	0.00846474
490	0.00837792
500	0.00829372
510	0.00821201
520	0.00813267
530	0.00805559
540	0.00798066
550	0.00790778
560	0.00783686
570	0.00776781
580	0.00770056
590	0.00763503
600	0.00757114
610	0.00750882
620	0.00744803
630	0.00738868
640	0.00733073
650	0.00727413
660	0.00721882
670	0.00716474
680	0.00711187
690	0.00706015
700	0.00700954
710	0.00696001
720	0.00691151
730	0.00686401
740	0.00681748
750	0.00677188
760	0.00672718
770	0.00668336
780	0.00664038
790	0.00659822
800	0.00655686
810	0.00651626
820	0.00647641
830	0.00643728
840	0.00639885
850	0.0063611
860	0.00632401
870	0.00628756
880	0.00625174
890	0.00621652
900	0.00618189
910	0.00614783
920	0.00611433
930	0.00608137
940	0.00604894
950	0.00601702
960	0.0059856
970	0.00595467
980	0.00592422
990	0.00589422
1000	0.00586468
1010	0.00583558
1020	0.0058069
1030	0.00577865
1040	0.0057508
1050	0.00572335
1060	0.00569629
1070	0.00566962
1080	0.00564331
1090	0.00561737
1100	0.00559178
1110	0.00556653
1120	0.00554163
1130	0.00551706
1140	0.00549281
1150	0.00546888
1160	0.00544525
1170	0.00542194
1180	0.00539892
1190	0.00537619
1200	0.00535374
1210	0.00533157
1220	0.00530968
1230	0.00528805
1240	0.00526669
1250	0.00524558
1260	0.00522473
1270	0.00520412
1280	0.00518375
1290	0.00516362
1300	0.00514373
1310	0.00512406
1320	0.00510462
1330	0.00508539
1340	0.00506638
1350	0.00504759
1360	0.005029
1370	0.00501061
1380	0.00499242
1390	0.00497444
1400	0.00495664
1410	0.00493903
1420	0.00492161
1430	0.00490438
1440	0.00488732
1450	0.00487044
1460	0.00485374
1470	0.0048372
1480	0.00482083
1490	0.00480463
1500	0.00478859
1510	0.00477271
1520	0.00475698
1530	0.00474142
1540	0.004726
1550	0.00471073
1560	0.00469561
1570	0.00468063
1580	0.0046658
1590	0.00465111
1600	0.00463655
1610	0.00462213
1620	0.00460784
1630	0.00459369
1640	0.00457967
1650	0.00456577
1660	0.004552
1670	0.00453835
1680	0.00452482
1690	0.00451142
1700	0.00449813
1710	0.00448496
1720	0.00447191
1730	0.00445897
1740	0.00444614
1750	0.00443342
1760	0.00442081
1770	0.0044083
1780	0.0043959
1790	0.00438361
1800	0.00437142
1810	0.00435933
1820	0.00434734
1830	0.00433544
1840	0.00432365
1850	0.00431195
1860	0.00430034
1870	0.00428883
1880	0.00427741
1890	0.00426608
1900	0.00425484
1910	0.00424369
1920	0.00423263
1930	0.00422165
1940	0.00421076
1950	0.00419995
1960	0.00418922
1970	0.00417858
1980	0.00416801
1990	0.00415753
