5	0.190304
6	0.173875
7	0.161077
8	0.150743
9	0.142173
10	0.134916
11	0.128667
12	0.123213
13	0.118399
14	0.114108
15	0.110252
16	0.106763
17	0.103585
18	0.100675
19	0.0979969
20	0.0955219
21	0.0932255
22	0.0910871
23	0.0890894
24	0.0872177
25	0.0854591
26	0.0838029
27	0.0822393
28	0.0807601
29	0.0793579
30	0.0780264
31	0.0767597
32	0.0755527
33	0.0744009
34	0.0733003
35	0.0722471
36	0.071238
37	0.0702701
38	0.0693406
39	0.068447
40	0.0675871
41	0.0667588
42	0.0659602
43	0.0651897
44	0.0644455
45	0.0637262
46	0.0630305
47	0.0623571
48	0.0617048
49	0.0610726
50	0.0604594
51	0.0598643
52	0.0592865
53	0.058725
54	0.0581792
55	0.0576484
56	0.0571318
57	0.0566289
58	0.056139
59	0.0556617
60	0.0551963
61	0.0547423
62	0.0542994
63	0.0538671
64	0.053445
65	0.0530326
66	0.0526296
67	0.0522357
68	0.0518504
69	0.0514736
70	0.0511049
71	0.050744
72	0.0503906
73	0.0500445
74	0.0497055
75	0.0493732
76	0.0490475
77	0.0487282
78	0.048415
79	0.0481078
80	0.0478064
81	0.0475106
82	0.0472202
83	0.046935
84	0.046655
85	0.0463799
86	0.0461096
87	0.045844
88	0.0455829
89	0.0453263
90	0.0450739
91	0.0448257
92	0.0445815
93	0.0443413
94	0.044105
95	0.0438724
96	0.0436434
97	0.0434179
98	0.043196
99	0.0429774
100	0.0427621
101	0.0425499
102	0.042341
103	0.042135
104	0.0419321
105	0.041732
106	0.0415348
107	0.0413403
108	0.0411486
109	0.0409595
110	0.040773
111	0.040589
112	0.0404074
113	0.0402283
114	0.0400516
115	0.0398771
116	0.039705
117	0.039535
118	0.0393672
119	0.0392015
120	0.0390379
121	0.0388763
122	0.0387167
123	0.0385591
124	0.0384033
125	0.0382495
126	0.0380975
127	0.0379472
128	0.0377988
129	0.037652
130	0.037507
131	0.0373636
132	0.0372219
133	0.0370817
134	0.0369432
135	0.0368061
136	0.0366706
137	0.0365366
138	0.036404
139	0.0362729
140	0.0361431
141	0.0360148
142	0.0358878
143	0.0357621
144	0.0356378
145	0.0355147
146	0.035393
147	0.0352724
148	0.0351531
149	0.035035
150	0.034918
151	0.0348022
152	0.0346876
153	0.0345741
154	0.0344617
155	0.0343504
156	0.0342402
157	0.034131
158	0.0340228
159	0.0339157
160	0.0338096
161	0.0337045
162	0.0336003
163	0.0334971
164	0.0333949
165	0.0332935
166	0.0331931
167	0.0330936
168	0.032995
169	0.0328973
170	0.0328004
171	0.0327044
172	0.0326092
173	0.0325149
174	0.0324213
175	0.0323286
176	0.0322366
177	0.0321455
178	0.0320551
179	0.0319654
180	0.0318765
181	0.0317884
182	0.031701
183	0.0316143
184	0.0315283
185	0.0314429
186	0.0313583
187	0.0312744
188	0.0311911
189	0.0311085
190	0.0310266
191	0.0309453
192	0.0308646
193	0.0307846
194	0.0307051
195	0.0306263
196	0.0305481
197	0.0304705
198	0.0303935
199	0.030317
200	0.0302412
201	0.0301659
202	0.0300911
203	0.0300169
204	0.0299433
205	0.0298702
206	0.0297976
207	0.0297256
208	0.0296541
209	0.029583
210	0.0295125
211	0.0294425
212	0.029373
213	0.029304
214	0.0292355
215	0.0291674
216	0.0290999
217	0.0290327
218	0.0289661
219	0.0288999
220	0.0288342
221	0.0287689
222	0.028704
223	0.0286396
224	0.0285756
225	0.0285121
226	0.0284489
227	0.0283862
228	0.0283239
229	0.028262
230	0.0282005
231	0.0281394
232	0.0280787
233	0.0280184
234	0.0279585
235	0.027899
236	0.0278398
237	0.027781
238	0.0277226
239	0.0276646
240	0.0276069
241	0.0275496
242	0.0274926
243	0.027436
244	0.0273797
245	0.0273238
246	0.0272682
247	0.027213
248	0.027158
249	0.0271035
250	0.0270492
251	0.0269953
252	0.0269417
253	0.0268884
254	0.0268354
255	0.0267828
256	0.0267304
257	0.0266784
258	0.0266266
259	0.0265752
260	0.026524
261	0.0264732
262	0.0264226
263	0.0263724
264	0.0263224
265	0.0262727
266	0.0262233
267	0.0261741
268	0.0261252
269	0.0260766
270	0.0260283
271	0.0259803
272	0.0259325
273	0.0258849
274	0.0258377
275	0.0257907
276	0.0257439
277	0.0256974
278	0.0256511
279	0.0256051
280	0.0255594
281	0.0255139
282	0.0254686
283	0.0254236
284	0.0253788
285	0.0253342
286	0.0252899
287	0.0252458
288	0.025202
289	0.0251583
290	0.0251149
291	0.0250717
292	0.0250288
293	0.024986
294	0.0249435
295	0.0249012
296	0.0248591
297	0.0248172
298	0.0247756
299	0.0247341
300	0.0246929
301	0.0246518
302	0.024611
303	0.0245703
304	0.0245299
305	0.0244897
306	0.0244496
307	0.0244098
308	0.0243701
309	0.0243307
310	0.0242914
311	0.0242523
312	0.0242134
313	0.0241747
314	0.0241362
315	0.0240979
316	0.0240597
317	0.0240217
318	0.023984
319	0.0239463
320	0.0239089
321	0.0238716
322	0.0238345
323	0.0237976
324	0.0237609
325	0.0237243
326	0.0236879
327	0.0236516
328	0.0236156
329	0.0235797
330	0.0235439
331	0.0235083
332	0.0234729
333	0.0234376
334	0.0234025
335	0.0233676
336	0.0233328
337	0.0232981
338	0.0232637
339	0.0232293
340	0.0231951
341	0.0231611
342	0.0231272
343	0.0230935
344	0.0230599
345	0.0230265
346	0.0229932
347	0.02296
348	0.022927
349	0.0228942
350	0.0228614
351	0.0228289
352	0.0227964
353	0.0227641
354	0.0227319
355	0.0226999
356	0.022668
357	0.0226362
358	0.0226046
359	0.0225731
360	0.0225417
361	0.0225105
362	0.0224794
363	0.0224484
364	0.0224175
365	0.0223868
366	0.0223562
367	0.0223257
368	0.0222954
369	0.0222652
370	0.0222351
371	0.0222051
372	0.0221752
373	0.0221455
374	0.0221159
375	0.0220864
376	0.022057
377	0.0220277
378	0.0219986
379	0.0219695
380	0.0219406
381	0.0219118
382	0.0218831
383	0.0218545
384	0.021826
385	0.0217977
386	0.0217694
387	0.0217413
388	0.0217133
389	0.0216853
390	0.0216575
391	0.0216298
392	0.0216022
393	0.0215747
394	0.0215473
395	0.02152
396	0.0214928
397	0.0214658
398	0.0214388
399	0.0214119
400	0.0213851
401	0.0213584
402	0.0213319
403	0.0213054
404	0.021279
405	0.0212527
406	0.0212265
407	0.0212004
408	0.0211744
409	0.0211486
410	0.0211227
411	0.021097
412	0.0210714
413	0.0210459
414	0.0210205
415	0.0209951
416	0.0209699
417	0.0209447
418	0.0209197
419	0.0208947
420	0.0208698
421	0.020845
422	0.0208203
423	0.0207957
424	0.0207711
425	0.0207467
426	0.0207223
427	0.0206981
428	0.0206739
429	0.0206498
430	0.0206257
431	0.0206018
432	0.0205779
433	0.0205542
434	0.0205305
435	0.0205069
436	0.0204833
437	0.0204599
438	0.0204365
439	0.0204132
440	0.02039
441	0.0203669
442	0.0203439
443	0.0203209
444	0.020298
445	0.0202752
446	0.0202524
447	0.0202298
448	0.0202072
449	0.0201847
450	0.0201622
451	0.0201399
452	0.0201176
453	0.0200954
454	0.0200732
455	0.0200512
456	0.0200292
457	0.0200072
458	0.0199854
459	0.0199636
460	0.0199419
461	0.0199203
462	0.0198987
463	0.0198772
464	0.0198558
465	0.0198344
466	0.0198131
467	0.0197919
468	0.0197707
469	0.0197497
470	0.0197286
471	0.0197077
472	0.0196868
473	0.019666
474	0.0196452
475	0.0196245
476	0.0196039
477	0.0195834
478	0.0195629
479	0.0195424
480	0.0195221
481	0.0195018
482	0.0194815
483	0.0194614
484	0.0194412
485	0.0194212
486	0.0194012
487	0.0193813
488	0.0193614
489	0.0193416
490	0.0193219
491	0.0193022
492	0.0192826
493	0.019263
494	0.0192435
495	0.019224
496	0.0192047
497	0.0191853
498	0.0191661
499	0.0191468
500	0.0191277
501	0.0191086
502	0.0190896
503	0.0190706
504	0.0190516
505	0.0190328
506	0.019014
507	0.0189952
508	0.0189765
509	0.0189578
510	0.0189393
511	0.0189207
512	0.0189022
513	0.0188838
514	0.0188654
515	0.0188471
516	0.0188288
517	0.0188106
518	0.0187925
519	0.0187743
520	0.0187563
521	0.0187383
522	0.0187203
523	0.0187024
524	0.0186846
525	0.0186668
526	0.018649
527	0.0186313
528	0.0186137
529	0.0185961
530	0.0185785
531	0.018561
532	0.0185436
533	0.0185262
534	0.0185088
535	0.0184915
536	0.0184742
537	0.018457
538	0.0184399
539	0.0184228
540	0.0184057
541	0.0183887
542	0.0183717
543	0.0183548
544	0.0183379
545	0.0183211
546	0.0183043
547	0.0182876
548	0.0182709
549	0.0182542
550	0.0182376
551	0.0182211
552	0.0182046
553	0.0181881
554	0.0181717
555	0.0181553
556	0.018139
557	0.0181227
558	0.0181064
559	0.0180902
560	0.0180741
561	0.018058
562	0.0180419
563	0.0180259
564	0.0180099
565	0.0179939
566	0.017978
567	0.0179622
568	0.0179464
569	0.0179306
570	0.0179148
571	0.0178991
572	0.0178835
573	0.0178679
574	0.0178523
575	0.0178368
576	0.0178213
577	0.0178059
578	0.0177904
579	0.0177751
580	0.0177597
581	0.0177445
582	0.0177292
583	0.017714
584	0.0176988
585	0.0176837
586	0.0176686
587	0.0176535
588	0.0176385
589	0.0176236
590	0.0176086
591	0.0175937
592	0.0175788
593	0.017564
594	0.0175492
595	0.0175345
596	0.0175198
597	0.0175051
598	0.0174904
599	0.0174758
600	0.0174613
601	0.0174467
602	0.0174322
603	0.0174178
604	0.0174034
605	0.017389
606	0.0173746
607	0.0173603
608	0.017346
609	0.0173318
610	0.0173176
611	0.0173034
612	0.0172892
613	0.0172751
614	0.0172611
615	0.017247
616	0.017233
617	0.0172191
618	0.0172051
619	0.0171912
620	0.0171774
621	0.0171635
622	0.0171497
623	0.0171359
624	0.0171222
625	0.0171085
626	0.0170948
627	0.0170812
628	0.0170676
629	0.017054
630	0.0170405
631	0.017027
632	0.0170135
633	0.0170001
634	0.0169867
635	0.0169733
636	0.0169599
637	0.0169466
638	0.0169333
639	0.0169201
640	0.0169069
641	0.0168937
642	0.0168805
643	0.0168674
644	0.0168543
645	0.0168412
646	0.0168282
647	0.0168152
648	0.0168022
649	0.0167892
650	0.0167763
651	0.0167634
652	0.0167506
653	0.0167377
654	0.0167249
655	0.0167122
656	0.0166994
657	0.0166867
658	0.016674
659	0.0166614
660	0.0166487
661	0.0166361
662	0.0166236
663	0.016611
664	0.0165985
665	0.016586
666	0.0165736
667	0.0165612
668	0.0165488
669	0.0165364
670	0.016524
671	0.0165117
672	0.0164994
673	0.0164872
674	0.0164749
675	0.0164627
676	0.0164505
677	0.0164384
678	0.0164263
679	0.0164142
680	0.0164021
681	0.0163901
682	0.016378
683	0.016366
684	0.0163541
685	0.0163421
686	0.0163302
687	0.0163183
688	0.0163065
689	0.0162946
690	0.0162828
691	0.016271
692	0.0162593
693	0.0162475
694	0.0162358
695	0.0162241
696	0.0162125
697	0.0162009
698	0.0161892
699	0.0161777
700	0.0161661
701	0.0161546
702	0.0161431
703	0.0161316
704	0.0161201
705	0.0161087
706	0.0160973
707	0.0160859
708	0.0160745
709	0.0160632
710	0.0160519
711	0.0160406
712	0.0160293
713	0.0160181
714	0.0160068
715	0.0159956
716	0.0159845
717	0.0159733
718	0.0159622
719	0.0159511
720	0.01594
721	0.015929
722	0.0159179
723	0.0159069
724	0.0158959
725	0.015885
726	0.015874
727	0.0158631
728	0.0158522
729	0.0158413
730	0.0158305
731	0.0158196
732	0.0158088
733	0.015798
734	0.0157873
735	0.0157765
736	0.0157658
737	0.0157551
738	0.0157444
739	0.0157338
740	0.0157231
741	0.0157125
742	0.0157019
743	0.0156914
744	0.0156808
745	0.0156703
746	0.0156598
747	0.0156493
748	0.0156388
749	0.0156284
750	0.015618
751	0.0156076
752	0.0155972
753	0.0155868
754	0.0155765
755	0.0155662
756	0.0155559
757	0.0155456
758	0.0155354
759	0.0155251
760	0.0155149
761	0.0155047
762	0.0154945
763	0.0154844
764	0.0154742
765	0.0154641
766	0.015454
767	0.0154439
768	0.0154339
769	0.0154239
770	0.0154138
771	0.0154038
772	0.0153939
773	0.0153839
774	0.015374
775	0.015364
776	0.0153541
777	0.0153443
778	0.0153344
779	0.0153245
780	0.0153147
781	0.0153049
782	0.0152951
783	0.0152854
784	0.0152756
785	0.0152659
786	0.0152562
787	0.0152465
788	0.0152368
789	0.0152271
790	0.0152175
791	0.0152079
792	0.0151983
793	0.0151887
794	0.0151791
795	0.0151696
796	0.01516
797	0.0151505
798	0.015141
799	0.0151315
800	0.0151221
801	0.0151126
802	0.0151032
803	0.0150938
804	0.0150844
805	0.0150751
806	0.0150657
807	0.0150564
808	0.015047
809	0.0150377
810	0.0150285
811	0.0150192
812	0.0150099
813	0.0150007
814	0.0149915
815	0.0149823
816	0.0149731
817	0.0149639
818	0.0149548
819	0.0149457
820	0.0149365
821	0.0149274
822	0.0149184
823	0.0149093
824	0.0149003
825	0.0148912
826	0.0148822
827	0.0148732
828	0.0148642
829	0.0148553
830	0.0148463
831	0.0148374
832	0.0148284
833	0.0148195
834	0.0148107
835	0.0148018
836	0.0147929
837	0.0147841
838	0.0147753
839	0.0147665
840	0.0147577
841	0.0147489
842	0.0147401
843	0.0147314
844	0.0147227
845	0.0147139
846	0.0147052
847	0.0146966
848	0.0146879
849	0.0146792
850	0.0146706
851	0.014662
852	0.0146534
853	0.0146448
854	0.0146362
855	0.0146277
856	0.0146191
857	0.0146106
858	0.0146021
859	0.0145936
860	0.0145851
861	0.0145766
862	0.0145681
863	0.0145597
864	0.0145513
865	0.0145429
866	0.0145345
867	0.0145261
868	0.0145177
869	0.0145094
870	0.014501
871	0.0144927
872	0.0144844
873	0.0144761
874	0.0144678
875	0.0144595
876	0.0144513
877	0.014443
878	0.0144348
879	0.0144266
880	0.0144184
881	0.0144102
882	0.014402
883	0.0143939
884	0.0143857
885	0.0143776
886	0.0143695
887	0.0143614
888	0.0143533
889	0.0143452
890	0.0143372
891	0.0143291
892	0.0143211
893	0.0143131
894	0.0143051
895	0.0142971
896	0.0142891
897	0.0142811
898	0.0142732
899	0.0142652
900	0.0142573
901	0.0142494
902	0.0142415
903	0.0142336
904	0.0142257
905	0.0142179
906	0.01421
907	0.0142022
908	0.0141944
909	0.0141865
910	0.0141788
911	0.014171
912	0.0141632
913	0.0141554
914	0.0141477
915	0.01414
916	0.0141322
917	0.0141245
918	0.0141168
919	0.0141092
920	0.0141015
921	0.0140938
922	0.0140862
923	0.0140786
924	0.0140709
925	0.0140633
926	0.0140557
927	0.0140481
928	0.0140406
929	0.014033
930	0.0140255
931	0.0140179
932	0.0140104
933	0.0140029
934	0.0139954
935	0.0139879
936	0.0139805
937	0.013973
938	0.0139655
939	0.0139581
940	0.0139507
941	0.0139433
942	0.0139359
943	0.0139285
944	0.0139211
945	0.0139137
946	0.0139064
947	0.013899
948	0.0138917
949	0.0138844
950	0.0138771
951	0.0138698
952	0.0138625
953	0.0138552
954	0.0138479
955	0.0138407
956	0.0138335
957	0.0138262
958	0.013819
959	0.0138118
960	0.0138046
961	0.0137974
962	0.0137902
963	0.0137831
964	0.0137759
965	0.0137688
966	0.0137617
967	0.0137546
968	0.0137474
969	0.0137403
970	0.0137333
971	0.0137262
972	0.0137191
973	0.0137121
974	0.013705
975	0.013698
976	0.013691
977	0.013684
978	0.013677
979	0.01367
980	0.013663
981	0.0136561
982	0.0136491
983	0.0136422
984	0.0136352
985	0.0136283
986	0.0136214
987	0.0136145
988	0.0136076
989	0.0136007
990	0.0135938
991	0.013587
992	0.0135801
993	0.0135733
994	0.0135665
995	0.0135597
996	0.0135528
997	0.013546
998	0.0135393
999	0.0135325
1000	0.0135257
1001	0.013519
1002	0.0135122
1003	0.0135055
1004	0.0134987
1005	0.013492
1006	0.0134853
1007	0.0134786
1008	0.0134719
1009	0.0134653
1010	0.0134586
1011	0.0134519
1012	0.0134453
1013	0.0134386
1014	0.013432
1015	0.0134254
1016	0.0134188
1017	0.0134122
1018	0.0134056
1019	0.013399
1020	0.0133925
1021	0.0133859
1022	0.0133793
1023	0.0133728
1024	0.0133663
1025	0.0133598
1026	0.0133532
1027	0.0133467
1028	0.0133402
1029	0.0133338
1030	0.0133273
1031	0.0133208
1032	0.0133144
1033	0.0133079
1034	0.0133015
1035	0.0132951
1036	0.0132886
1037	0.0132822
1038	0.0132758
1039	0.0132694
1040	0.0132631
1041	0.0132567
1042	0.0132503
1043	0.013244
1044	0.0132376
1045	0.0132313
1046	0.013225
1047	0.0132187
1048	0.0132124
1049	0.0132061
1050	0.0131998
1051	0.0131935
1052	0.0131872
1053	0.0131809
1054	0.0131747
1055	0.0131684
1056	0.0131622
1057	0.013156
1058	0.0131498
1059	0.0131436
1060	0.0131374
1061	0.0131312
1062	0.013125
1063	0.0131188
1064	0.0131126
1065	0.0131065
1066	0.0131003
1067	0.0130942
1068	0.0130881
1069	0.0130819
1070	0.0130758
1071	0.0130697
1072	0.0130636
1073	0.0130575
1074	0.0130515
1075	0.0130454
1076	0.0130393
1077	0.0130333
1078	0.0130272
1079	0.0130212
1080	0.0130152
1081	0.0130091
1082	0.0130031
1083	0.0129971
1084	0.0129911
1085	0.0129851
1086	0.0129792
1087	0.0129732
1088	0.0129672
1089	0.0129613
1090	0.0129553
1091	0.0129494
1092	0.0129434
1093	0.0129375
1094	0.0129316
1095	0.0129257
1096	0.0129198
1097	0.0129139
1098	0.012908
1099	0.0129022
1100	0.0128963
1101	0.0128904
1102	0.0128846
1103	0.0128788
1104	0.0128729
1105	0.0128671
1106	0.0128613
1107	0.0128555
1108	0.0128497
1109	0.0128439
1110	0.0128381
1111	0.0128323
1112	0.0128265
1113	0.0128208
1114	0.012815
1115	0.0128093
1116	0.0128035
1117	0.0127978
1118	0.0127921
1119	0.0127864
1120	0.0127806
1121	0.0127749
1122	0.0127692
1123	0.0127636
1124	0.0127579
1125	0.0127522
1126	0.0127465
1127	0.0127409
1128	0.0127352
1129	0.0127296
1130	0.012724
1131	0.0127183
1132	0.0127127
1133	0.0127071
1134	0.0127015
1135	0.0126959
1136	0.0126903
1137	0.0126847
1138	0.0126792
1139	0.0126736
1140	0.012668
1141	0.0126625
1142	0.0126569
1143	0.0126514
1144	0.0126459
1145	0.0126404
1146	0.0126348
1147	0.0126293
1148	0.0126238
1149	0.0126183
1150	0.0126128
1151	0.0126074
1152	0.0126019
1153	0.0125964
1154	0.012591
1155	0.0125855
1156	0.0125801
1157	0.0125746
1158	0.0125692
1159	0.0125638
1160	0.0125584
1161	0.012553
1162	0.0125476
1163	0.0125422
1164	0.0125368
1165	0.0125314
1166	0.012526
1167	0.0125206
1168	0.0125153
1169	0.0125099
1170	0.0125046
1171	0.0124992
1172	0.0124939
1173	0.0124886
1174	0.0124833
1175	0.012478
1176	0.0124726
1177	0.0124673
1178	0.0124621
1179	0.0124568
1180	0.0124515
1181	0.0124462
1182	0.012441
1183	0.0124357
1184	0.0124304
1185	0.0124252
1186	0.01242
1187	0.0124147
1188	0.0124095
1189	0.0124043
1190	0.0123991
1191	0.0123939
1192	0.0123887
1193	0.0123835
1194	0.0123783
1195	0.0123731
1196	0.0123679
1197	0.0123628
1198	0.0123576
1199	0.0123524
1200	0.0123473
1201	0.0123422
1202	0.012337
1203	0.0123319
1204	0.0123268
1205	0.0123217
1206	0.0123165
1207	0.0123114
1208	0.0123063
1209	0.0123013
1210	0.0122962
1211	0.0122911
1212	0.012286
1213	0.012281
1214	0.0122759
1215	0.0122708
1216	0.0122658
1217	0.0122608
1218	0.0122557
1219	0.0122507
1220	0.0122457
1221	0.0122407
1222	0.0122357
1223	0.0122307
1224	0.0122257
1225	0.0122207
1226	0.0122157
1227	0.0122107
1228	0.0122057
1229	0.0122008
1230	0.0121958
1231	0.0121908
1232	0.0121859
1233	0.012181
1234	0.012176
1235	0.0121711
1236	0.0121662
1237	0.0121612
1238	0.0121563
1239	0.0121514
1240	0.0121465
1241	0.0121416
1242	0.0121367
1243	0.0121319
1244	0.012127
1245	0.0121221
1246	0.0121173
1247	0.0121124
1248	0.0121075
1249	0.0121027
1250	0.0120978
1251	0.012093
1252	0.0120882
1253	0.0120834
1254	0.0120785
1255	0.0120737
1256	0.0120689
1257	0.0120641
1258	0.0120593
1259	0.0120545
1260	0.0120497
1261	0.012045
1262	0.0120402
1263	0.0120354
1264	0.0120307
1265	0.0120259
1266	0.0120212
1267	0.0120164
1268	0.0120117
1269	0.0120069
1270	0.0120022
1271	0.0119975
1272	0.0119928
1273	0.0119881
1274	0.0119834
1275	0.0119787
1276	0.011974
1277	0.0119693
1278	0.0119646
1279	0.0119599
1280	0.0119552
1281	0.0119506
1282	0.0119459
1283	0.0119413
1284	0.0119366
1285	0.011932
1286	0.0119273
1287	0.0119227
1288	0.0119181
1289	0.0119134
1290	0.0119088
1291	0.0119042
1292	0.0118996
1293	0.011895
1294	0.0118904
1295	0.0118858
1296	0.0118812
1297	0.0118766
1298	0.0118721
1299	0.0118675
1300	0.0118629
1301	0.0118584
1302	0.0118538
1303	0.0118493
1304	0.0118447
1305	0.0118402
1306	0.0118357
1307	0.0118311
1308	0.0118266
1309	0.0118221
1310	0.0118176
1311	0.0118131
1312	0.0118086
1313	0.0118041
1314	0.0117996
1315	0.0117951
1316	0.0117906
1317	0.0117861
1318	0.0117817
1319	0.0117772
1320	0.0117727
1321	0.0117683
1322	0.0117638
1323	0.0117594
1324	0.0117549
1325	0.0117505
1326	0.0117461
1327	0.0117416
1328	0.0117372
1329	0.0117328
1330	0.0117284
1331	0.011724
1332	0.0117196
1333	0.0117152
1334	0.0117108
1335	0.0117064
1336	0.011702
1337	0.0116976
1338	0.0116933
1339	0.0116889
1340	0.0116845
1341	0.0116802
1342	0.0116758
1343	0.0116715
1344	0.0116671
1345	0.0116628
1346	0.0116585
1347	0.0116541
1348	0.0116498
1349	0.0116455
1350	0.0116412
1351	0.0116369
1352	0.0116326
1353	0.0116283
1354	0.011624
1355	0.0116197
1356	0.0116154
1357	0.0116111
1358	0.0116068
1359	0.0116026
1360	0.0115983
1361	0.0115941
1362	0.0115898
1363	0.0115855
1364	0.0115813
1365	0.0115771
1366	0.0115728
1367	0.0115686
1368	0.0115644
1369	0.0115601
1370	0.0115559
1371	0.0115517
1372	0.0115475
1373	0.0115433
1374	0.0115391
1375	0.0115349
1376	0.0115307
1377	0.0115265
1378	0.0115223
1379	0.0115181
1380	0.011514
1381	0.0115098
1382	0.0115056
1383	0.0115015
1384	0.0114973
1385	0.0114932
1386	0.011489
1387	0.0114849
1388	0.0114807
1389	0.0114766
1390	0.0114725
1391	0.0114684
1392	0.0114642
1393	0.0114601
1394	0.011456
1395	0.0114519
1396	0.0114478
1397	0.0114437
1398	0.0114396
1399	0.0114355
1400	0.0114314
1401	0.0114274
1402	0.0114233
1403	0.0114192
1404	0.0114151
1405	0.0114111
1406	0.011407
1407	0.011403
1408	0.0113989
1409	0.0113949
1410	0.0113908
1411	0.0113868
1412	0.0113828
1413	0.0113787
1414	0.0113747
1415	0.0113707
1416	0.0113667
1417	0.0113627
1418	0.0113586
1419	0.0113546
1420	0.0113506
1421	0.0113467
1422	0.0113427
1423	0.0113387
1424	0.0113347
1425	0.0113307
1426	0.0113267
1427	0.0113228
1428	0.0113188
1429	0.0113148
1430	0.0113109
1431	0.0113069
1432	0.011303
1433	0.011299
1434	0.0112951
1435	0.0112912
1436	0.0112872
1437	0.0112833
1438	0.0112794
1439	0.0112755
1440	0.0112716
1441	0.0112676
1442	0.0112637
1443	0.0112598
1444	0.0112559
1445	0.011252
1446	0.0112481
1447	0.0112443
1448	0.0112404
1449	0.0112365
1450	0.0112326
1451	0.0112287
1452	0.0112249
1453	0.011221
1454	0.0112172
1455	0.0112133
1456	0.0112095
1457	0.0112056
1458	0.0112018
1459	0.0111979
1460	0.0111941
1461	0.0111903
1462	0.0111864
1463	0.0111826
1464	0.0111788
1465	0.011175
1466	0.0111712
1467	0.0111674
1468	0.0111635
1469	0.0111597
1470	0.0111559
1471	0.0111522
1472	0.0111484
1473	0.0111446
1474	0.0111408
1475	0.011137
1476	0.0111333
1477	0.0111295
1478	0.0111257
1479	0.011122
1480	0.0111182
1481	0.0111144
1482	0.0111107
1483	0.0111069
1484	0.0111032
1485	0.0110995
1486	0.0110957
1487	0.011092
1488	0.0110883
1489	0.0110845
1490	0.0110808
1491	0.0110771
1492	0.0110734
1493	0.0110697
1494	0.011066
1495	0.0110623
1496	0.0110586
1497	0.0110549
1498	0.0110512
1499	0.0110475
1500	0.0110438
1501	0.0110402
1502	0.0110365
1503	0.0110328
1504	0.0110291
1505	0.0110255
1506	0.0110218
1507	0.0110182
1508	0.0110145
1509	0.0110109
1510	0.0110072
1511	0.0110036
1512	0.0109999
1513	0.0109963
1514	0.0109927
1515	0.010989
1516	0.0109854
1517	0.0109818
1518	0.0109782
1519	0.0109746
1520	0.0109709
1521	0.0109673
1522	0.0109637
1523	0.0109601
1524	0.0109565
1525	0.0109529
1526	0.0109494
1527	0.0109458
1528	0.0109422
1529	0.0109386
1530	0.010935
1531	0.0109315
1532	0.0109279
1533	0.0109243
1534	0.0109208
1535	0.0109172
1536	0.0109137
1537	0.0109101
1538	0.0109066
1539	0.010903
1540	0.0108995
1541	0.0108959
1542	0.0108924
1543	0.0108889
1544	0.0108853
1545	0.0108818
1546	0.0108783
1547	0.0108748
1548	0.0108713
1549	0.0108678
1550	0.0108643
1551	0.0108608
1552	0.0108573
1553	0.0108538
1554	0.0108503
1555	0.0108468
1556	0.0108433
1557	0.0108398
1558	0.0108363
1559	0.0108329
1560	0.0108294
1561	0.0108259
1562	0.0108224
1563	0.010819
1564	0.0108155
1565	0.0108121
1566	0.0108086
1567	0.0108052
1568	0.0108017
1569	0.0107983
1570	0.0107948
1571	0.0107914
1572	0.010788
1573	0.0107845
1574	0.0107811
1575	0.0107777
1576	0.0107743
1577	0.0107709
1578	0.0107674
1579	0.010764
1580	0.0107606
1581	0.0107572
1582	0.0107538
1583	0.0107504
1584	0.010747
1585	0.0107436
1586	0.0107403
1587	0.0107369
1588	0.0107335
1589	0.0107301
1590	0.0107267
1591	0.0107234
1592	0.01072
1593	0.0107166
1594	0.0107133
1595	0.0107099
1596	0.0107066
1597	0.0107032
1598	0.0106999
1599	0.0106965
1600	0.0106932
1601	0.0106898
1602	0.0106865
1603	0.0106832
1604	0.0106798
1605	0.0106765
1606	0.0106732
1607	0.0106699
1608	0.0106665
1609	0.0106632
1610	0.0106599
1611	0.0106566
1612	0.0106533
1613	0.01065
1614	0.0106467
1615	0.0106434
1616	0.0106401
1617	0.0106368
1618	0.0106335
1619	0.0106302
1620	0.010627
1621	0.0106237
1622	0.0106204
1623	0.0106171
1624	0.0106139
1625	0.0106106
1626	0.0106073
1627	0.0106041
1628	0.0106008
1629	0.0105976
1630	0.0105943
1631	0.0105911
1632	0.0105878
1633	0.0105846
1634	0.0105813
1635	0.0105781
1636	0.0105749
1637	0.0105716
1638	0.0105684
1639	0.0105652
1640	0.010562
1641	0.0105587
1642	0.0105555
1643	0.0105523
1644	0.0105491
1645	0.0105459
1646	0.0105427
1647	0.0105395
1648	0.0105363
1649	0.0105331
1650	0.0105299
1651	0.0105267
1652	0.0105235
1653	0.0105204
1654	0.0105172
1655	0.010514
1656	0.0105108
1657	0.0105076
1658	0.0105045
1659	0.0105013
1660	0.0104981
1661	0.010495
1662	0.0104918
1663	0.0104887
1664	0.0104855
1665	0.0104824
1666	0.0104792
1667	0.0104761
1668	0.0104729
1669	0.0104698
1670	0.0104667
1671	0.0104635
1672	0.0104604
1673	0.0104573
1674	0.0104542
1675	0.010451
1676	0.0104479
1677	0.0104448
1678	0.0104417
1679	0.0104386
1680	0.0104355
1681	0.0104324
1682	0.0104293
1683	0.0104262
1684	0.0104231
1685	0.01042
1686	0.0104169
1687	0.0104138
1688	0.0104107
1689	0.0104076
1690	0.0104046
1691	0.0104015
1692	0.0103984
1693	0.0103953
1694	0.0103923
1695	0.0103892
1696	0.0103861
1697	0.0103831
1698	0.01038
1699	0.010377
1700	0.0103739
1701	0.0103709
1702	0.0103678
1703	0.0103648
1704	0.0103617
1705	0.0103587
1706	0.0103557
1707	0.0103526
1708	0.0103496
1709	0.0103466
1710	0.0103435
1711	0.0103405
1712	0.0103375
1713	0.0103345
1714	0.0103315
1715	0.0103284
1716	0.0103254
1717	0.0103224
1718	0.0103194
1719	0.0103164
1720	0.0103134
1721	0.0103104
1722	0.0103074
1723	0.0103044
1724	0.0103015
1725	0.0102985
1726	0.0102955
1727	0.0102925
1728	0.0102895
1729	0.0102865
1730	0.0102836
1731	0.0102806
1732	0.0102776
1733	0.0102747
1734	0.0102717
1735	0.0102687
1736	0.0102658
1737	0.0102628
1738	0.0102599
1739	0.0102569
1740	0.010254
1741	0.010251
1742	0.0102481
1743	0.0102452
1744	0.0102422
1745	0.0102393
1746	0.0102364
1747	0.0102334
1748	0.0102305
1749	0.0102276
1750	0.0102246
1751	0.0102217
1752	0.0102188
1753	0.0102159
1754	0.010213
1755	0.0102101
1756	0.0102072
1757	0.0102043
1758	0.0102014
1759	0.0101985
1760	0.0101956
1761	0.0101927
1762	0.0101898
1763	0.0101869
1764	0.010184
1765	0.0101811
1766	0.0101782
1767	0.0101753
1768	0.0101725
1769	0.0101696
1770	0.0101667
1771	0.0101638
1772	0.010161
1773	0.0101581
1774	0.0101553
1775	0.0101524
1776	0.0101495
1777	0.0101467
1778	0.0101438
1779	0.010141
1780	0.0101381
1781	0.0101353
1782	0.0101324
1783	0.0101296
1784	0.0101268
1785	0.0101239
1786	0.0101211
1787	0.0101182
1788	0.0101154
1789	0.0101126
1790	0.0101098
1791	0.0101069
1792	0.0101041
1793	0.0101013
1794	0.0100985
1795	0.0100957
1796	0.0100929
1797	0.0100901
1798	0.0100873
1799	0.0100844
1800	0.0100816
1801	0.0100788
1802	0.0100761
1803	0.0100733
1804	0.0100705
1805	0.0100677
1806	0.0100649
1807	0.0100621
1808	0.0100593
1809	0.0100565
1810	0.0100538
1811	0.010051
1812	0.0100482
1813	0.0100454
1814	0.0100427
1815	0.0100399
1816	0.0100371
1817	0.0100344
1818	0.0100316
1819	0.0100289
1820	0.0100261
1821	0.0100233
1822	0.0100206
1823	0.0100179
1824	0.0100151
1825	0.0100124
1826	0.0100096
1827	0.0100069
1828	0.0100041
1829	0.0100014
1830	0.00999867
1831	0.00999594
1832	0.00999321
1833	0.00999049
1834	0.00998776
1835	0.00998504
1836	0.00998232
1837	0.00997961
1838	0.00997689
1839	0.00997418
1840	0.00997147
1841	0.00996876
1842	0.00996605
1843	0.00996335
1844	0.00996065
1845	0.00995795
1846	0.00995525
1847	0.00995255
1848	0.00994986
1849	0.00994717
1850	0.00994448
1851	0.0099418
1852	0.00993911
1853	0.00993643
1854	0.00993375
1855	0.00993107
1856	0.0099284
1857	0.00992572
1858	0.00992305
1859	0.00992038
1860	0.00991772
1861	0.00991505
1862	0.00991239
1863	0.00990973
1864	0.00990707
1865	0.00990441
1866	0.00990176
1867	0.00989911
1868	0.00989646
1869	0.00989381
1870	0.00989116
1871	0.00988852
1872	0.00988588
1873	0.00988324
1874	0.0098806
1875	0.00987797
1876	0.00987533
1877	0.0098727
1878	0.00987007
1879	0.00986745
1880	0.00986482
1881	0.0098622
1882	0.00985958
1883	0.00985696
1884	0.00985435
1885	0.00985173
1886	0.00984912
1887	0.00984651
1888	0.0098439
1889	0.0098413
1890	0.00983869
1891	0.00983609
1892	0.00983349
1893	0.00983089
1894	0.0098283
1895	0.00982571
1896	0.00982311
1897	0.00982052
1898	0.00981794
1899	0.00981535
1900	0.00981277
1901	0.00981019
1902	0.00980761
1903	0.00980503
1904	0.00980246
1905	0.00979988
1906	0.00979731
1907	0.00979474
1908	0.00979218
1909	0.00978961
1910	0.00978705
1911	0.00978449
1912	0.00978193
1913	0.00977937
1914	0.00977682
1915	0.00977426
1916	0.00977171
1917	0.00976916
1918	0.00976662
1919	0.00976407
1920	0.00976153
1921	0.00975899
1922	0.00975645
1923	0.00975391
1924	0.00975138
1925	0.00974885
1926	0.00974631
1927	0.00974378
1928	0.00974126
1929	0.00973873
1930	0.00973621
1931	0.00973369
1932	0.00973117
1933	0.00972865
1934	0.00972614
1935	0.00972362
1936	0.00972111
1937	0.0097186
1938	0.00971609
1939	0.00971359
1940	0.00971109
1941	0.00970858
1942	0.00970608
1943	0.00970359
1944	0.00970109
1945	0.0096986
1946	0.0096961
1947	0.00969361
1948	0.00969113
1949	0.00968864
1950	0.00968615
1951	0.00968367
1952	0.00968119
1953	0.00967871
1954	0.00967624
1955	0.00967376
1956	0.00967129
1957	0.00966882
1958	0.00966635
1959	0.00966388
1960	0.00966141
1961	0.00965895
1962	0.00965649
1963	0.00965403
1964	0.00965157
1965	0.00964912
1966	0.00964666
1967	0.00964421
1968	0.00964176
1969	0.00963931
1970	0.00963686
1971	0.00963442
1972	0.00963198
1973	0.00962953
1974	0.0096271
1975	0.00962466
1976	0.00962222
1977	0.00961979
1978	0.00961736
1979	0.00961493
1980	0.0096125
1981	0.00961007
1982	0.00960765
1983	0.00960523
1984	0.0096028
1985	0.00960039
1986	0.00959797
1987	0.00959555
1988	0.00959314
1989	0.00959073
1990	0.00958832
1991	0.00958591
1992	0.0095835
1993	0.0095811
1994	0.0095787
1995	0.0095763
1996	0.0095739
1997	0.0095715
1998	0.0095691
1999	0.00956671
