5	3161.71
6	2634.72
7	2258.31
8	1975.99
9	1756.42
10	1580.76
11	1437.04
12	1317.28
13	1215.93
14	1129.07
15	1053.79
16	987.922
17	929.801
18	878.139
19	831.915
20	790.313
21	752.674
22	718.456
23	687.214
24	658.576
25	632.229
26	607.908
27	585.389
28	564.479
29	545.011
30	526.841
31	509.843
32	493.908
33	478.938
34	464.849
35	451.565
36	439.019
37	427.151
38	415.908
39	405.242
40	395.109
41	385.47
42	376.29
43	367.537
44	359.183
45	351.199
46	343.563
47	336.251
48	329.244
49	322.524
50	316.072
51	309.873
52	303.912
53	298.177
54	292.654
55	287.331
56	282.199
57	277.247
58	272.466
59	267.847
60	263.381
61	259.063
62	254.883
63	250.836
64	246.916
65	243.116
66	239.432
67	235.857
68	232.388
69	229.019
70	225.746
71	222.566
72	219.474
73	216.467
74	213.541
75	210.693
76	207.919
77	205.218
78	202.587
79	200.022
80	197.521
81	195.081
82	192.702
83	190.379
84	188.112
85	185.898
86	183.736
87	181.624
88	179.559
89	177.541
90	175.568
91	173.638
92	171.75
93	169.902
94	168.094
95	166.324
96	164.591
97	162.894
98	161.231
99	159.602
100	158.006
101	156.441
102	154.906
103	153.402
104	151.926
105	150.479
106	149.059
107	147.665
108	146.298
109	144.955
110	143.637
111	142.342
112	141.071
113	139.822
114	138.595
115	137.39
116	136.205
117	135.04
118	133.895
119	132.77
120	131.663
121	130.575
122	129.504
123	128.451
124	127.414
125	126.395
126	125.391
127	124.404
128	123.431
129	122.474
130	121.532
131	120.604
132	119.69
133	118.789
134	117.902
135	117.029
136	116.168
137	115.32
138	114.484
139	113.66
140	112.848
141	112.047
142	111.258
143	110.479
144	109.712
145	108.955
146	108.208
147	107.472
148	106.745
149	106.029
150	105.322
151	104.624
152	103.935
153	103.256
154	102.585
155	101.923
156	101.269
157	100.624
158	99.9867
159	99.3576
160	98.7364
161	98.1229
162	97.5169
163	96.9184
164	96.3272
165	95.7432
166	95.1662
167	94.5961
168	94.0327
169	93.4761
170	92.926
171	92.3824
172	91.845
173	91.3139
174	90.7889
175	90.2699
176	89.7567
177	89.2494
178	88.7478
179	88.2518
180	87.7613
181	87.2762
182	86.7965
183	86.3219
184	85.8526
185	85.3883
186	84.929
187	84.4747
188	84.0251
189	83.5804
190	83.1403
191	82.7048
192	82.2738
193	81.8474
194	81.4253
195	81.0075
196	80.594
197	80.1847
198	79.7796
199	79.3785
200	78.9814
201	78.5883
202	78.1991
203	77.8137
204	77.432
205	77.0542
206	76.6799
207	76.3093
208	75.9423
209	75.5787
210	75.2187
211	74.862
212	74.5087
213	74.1588
214	73.8121
215	73.4686
216	73.1283
217	72.7911
218	72.4571
219	72.126
220	71.798
221	71.473
222	71.1509
223	70.8317
224	70.5153
225	70.2018
226	69.891
227	69.5829
228	69.2776
229	68.9749
230	68.6749
231	68.3775
232	68.0826
233	67.7902
234	67.5004
235	67.213
236	66.9281
237	66.6455
238	66.3654
239	66.0875
240	65.812
241	65.5388
242	65.2679
243	64.9991
244	64.7326
245	64.4683
246	64.2061
247	63.946
248	63.688
249	63.4321
250	63.1782
251	62.9264
252	62.6766
253	62.4287
254	62.1828
255	61.9388
256	61.6967
257	61.4565
258	61.2182
259	60.9817
260	60.7471
261	60.5142
262	60.2831
263	60.0538
264	59.8262
265	59.6003
266	59.3761
267	59.1536
268	58.9328
269	58.7136
270	58.496
271	58.28
272	58.0656
273	57.8528
274	57.6416
275	57.4319
276	57.2237
277	57.017
278	56.8118
279	56.608
280	56.4057
281	56.2049
282	56.0055
283	55.8075
284	55.6109
285	55.4156
286	55.2218
287	55.0292
288	54.8381
289	54.6482
290	54.4597
291	54.2724
292	54.0864
293	53.9017
294	53.7183
295	53.5361
296	53.3551
297	53.1754
298	52.9968
299	52.8195
300	52.6433
301	52.4683
302	52.2945
303	52.1218
304	51.9503
305	51.7798
306	51.6105
307	51.4423
308	51.2752
309	51.1092
310	50.9442
311	50.7803
312	50.6175
313	50.4556
314	50.2949
315	50.1351
316	49.9764
317	49.8186
318	49.6619
319	49.5061
320	49.3513
321	49.1975
322	49.0446
323	48.8927
324	48.7417
325	48.5916
326	48.4425
327	48.2942
328	48.1469
329	48.0005
330	47.8549
331	47.7103
332	47.5665
333	47.4236
334	47.2815
335	47.1403
336	46.9999
337	46.8603
338	46.7216
339	46.5837
340	46.4466
341	46.3103
342	46.1748
343	46.0401
344	45.9062
345	45.7731
346	45.6407
347	45.5091
348	45.3782
349	45.2481
350	45.1188
351	44.9901
352	44.8623
353	44.7351
354	44.6086
355	44.4829
356	44.3579
357	44.2335
358	44.1099
359	43.987
360	43.8647
361	43.7431
362	43.6222
363	43.502
364	43.3824
365	43.2634
366	43.1452
367	43.0275
368	42.9105
369	42.7942
370	42.6784
371	42.5633
372	42.4488
373	42.335
374	42.2217
375	42.109
376	41.997
377	41.8855
378	41.7746
379	41.6643
380	41.5546
381	41.4455
382	41.3369
383	41.2289
384	41.1215
385	41.0146
386	40.9083
387	40.8025
388	40.6973
389	40.5926
390	40.4884
391	40.3848
392	40.2817
393	40.1792
394	40.0771
395	39.9756
396	39.8746
397	39.7741
398	39.6741
399	39.5746
400	39.4756
401	39.3771
402	39.2791
403	39.1815
404	39.0845
405	38.9879
406	38.8918
407	38.7962
408	38.7011
409	38.6064
410	38.5121
411	38.4184
412	38.3251
413	38.2322
414	38.1398
415	38.0478
416	37.9563
417	37.8652
418	37.7746
419	37.6844
420	37.5946
421	37.5052
422	37.4163
423	37.3278
424	37.2397
425	37.152
426	37.0647
427	36.9779
428	36.8914
429	36.8054
430	36.7197
431	36.6345
432	36.5496
433	36.4651
434	36.381
435	36.2974
436	36.214
437	36.1311
438	36.0486
439	35.9664
440	35.8846
441	35.8032
442	35.7221
443	35.6414
444	35.5611
445	35.4811
446	35.4015
447	35.3223
448	35.2434
449	35.1648
450	35.0866
451	35.0088
452	34.9313
453	34.8541
454	34.7773
455	34.7008
456	34.6246
457	34.5488
458	34.4733
459	34.3982
460	34.3233
461	34.2488
462	34.1747
463	34.1008
464	34.0272
465	33.954
466	33.8811
467	33.8085
468	33.7362
469	33.6642
470	33.5926
471	33.5212
472	33.4501
473	33.3793
474	33.3089
475	33.2387
476	33.1688
477	33.0992
478	33.0299
479	32.9609
480	32.8922
481	32.8238
482	32.7556
483	32.6878
484	32.6202
485	32.5529
486	32.4858
487	32.4191
488	32.3526
489	32.2864
490	32.2205
491	32.1548
492	32.0894
493	32.0243
494	31.9594
495	31.8948
496	31.8304
497	31.7663
498	31.7025
499	31.6389
500	31.5756
501	31.5125
502	31.4497
503	31.3871
504	31.3248
505	31.2627
506	31.2009
507	31.1393
508	31.078
509	31.0169
510	30.956
511	30.8954
512	30.835
513	30.7749
514	30.7149
515	30.6552
516	30.5958
517	30.5366
518	30.4776
519	30.4188
520	30.3603
521	30.302
522	30.2439
523	30.186
524	30.1283
525	30.0709
526	30.0137
527	29.9567
528	29.8999
529	29.8434
530	29.787
531	29.7309
532	29.6749
533	29.6192
534	29.5637
535	29.5084
536	29.4533
537	29.3984
538	29.3437
539	29.2893
540	29.235
541	29.1809
542	29.127
543	29.0733
544	29.0199
545	28.9666
546	28.9135
547	28.8606
548	28.8079
549	28.7554
550	28.703
551	28.6509
552	28.599
553	28.5472
554	28.4956
555	28.4443
556	28.3931
557	28.342
558	28.2912
559	28.2406
560	28.1901
561	28.1398
562	28.0897
563	28.0398
564	27.99
565	27.9404
566	27.891
567	27.8418
568	27.7927
569	27.7439
570	27.6951
571	27.6466
572	27.5982
573	27.55
574	27.502
575	27.4541
576	27.4064
577	27.3589
578	27.3115
579	27.2643
580	27.2173
581	27.1704
582	27.1237
583	27.0771
584	27.0307
585	26.9845
586	26.9384
587	26.8924
588	26.8467
589	26.8011
590	26.7556
591	26.7103
592	26.6651
593	26.6201
594	26.5753
595	26.5306
596	26.486
597	26.4416
598	26.3974
599	26.3533
600	26.3093
601	26.2655
602	26.2218
603	26.1783
604	26.1349
605	26.0917
606	26.0486
607	26.0057
608	25.9629
609	25.9202
610	25.8777
611	25.8353
612	25.793
613	25.7509
614	25.709
615	25.6671
616	25.6254
617	25.5839
618	25.5424
619	25.5011
620	25.46
621	25.4189
622	25.378
623	25.3373
624	25.2966
625	25.2561
626	25.2157
627	25.1755
628	25.1354
629	25.0954
630	25.0555
631	25.0158
632	24.9762
633	24.9367
634	24.8973
635	24.8581
636	24.8189
637	24.7799
638	24.7411
639	24.7023
640	24.6637
641	24.6252
642	24.5868
643	24.5485
644	24.5104
645	24.4723
646	24.4344
647	24.3966
648	24.359
649	24.3214
650	24.2839
651	24.2466
652	24.2094
653	24.1723
654	24.1353
655	24.0984
656	24.0616
657	24.025
658	23.9884
659	23.952
660	23.9157
661	23.8795
662	23.8434
663	23.8074
664	23.7715
665	23.7357
666	23.7001
667	23.6645
668	23.629
669	23.5937
670	23.5584
671	23.5233
672	23.4883
673	23.4533
674	23.4185
675	23.3838
676	23.3492
677	23.3147
678	23.2802
679	23.2459
680	23.2117
681	23.1776
682	23.1436
683	23.1097
684	23.0758
685	23.0421
686	23.0085
687	22.975
688	22.9416
689	22.9082
690	22.875
691	22.8419
692	22.8088
693	22.7759
694	22.7431
695	22.7103
696	22.6776
697	22.6451
698	22.6126
699	22.5802
700	22.548
701	22.5158
702	22.4837
703	22.4516
704	22.4197
705	22.3879
706	22.3562
707	22.3245
708	22.293
709	22.2615
710	22.2301
711	22.1988
712	22.1676
713	22.1365
714	22.1055
715	22.0745
716	22.0437
717	22.0129
718	21.9822
719	21.9516
720	21.9211
721	21.8907
722	21.8603
723	21.83
724	21.7999
725	21.7698
726	21.7398
727	21.7098
728	21.68
729	21.6502
730	21.6205
731	21.5909
732	21.5614
733	21.532
734	21.5026
735	21.4733
736	21.4441
737	21.415
738	21.386
739	21.357
740	21.3281
741	21.2993
742	21.2706
743	21.2419
744	21.2133
745	21.1848
746	21.1564
747	21.1281
748	21.0998
749	21.0716
750	21.0435
751	21.0154
752	20.9875
753	20.9596
754	20.9317
755	20.904
756	20.8763
757	20.8487
758	20.8212
759	20.7937
760	20.7663
761	20.739
762	20.7118
763	20.6846
764	20.6575
765	20.6305
766	20.6035
767	20.5766
768	20.5498
769	20.5231
770	20.4964
771	20.4698
772	20.4433
773	20.4168
774	20.3904
775	20.3641
776	20.3378
777	20.3116
778	20.2855
779	20.2594
780	20.2334
781	20.2075
782	20.1816
783	20.1558
784	20.1301
785	20.1044
786	20.0788
787	20.0533
788	20.0278
789	20.0024
790	19.977
791	19.9518
792	19.9265
793	19.9014
794	19.8763
795	19.8513
796	19.8263
797	19.8014
798	19.7766
799	19.7518
800	19.7271
801	19.7024
802	19.6779
803	19.6533
804	19.6289
805	19.6045
806	19.5801
807	19.5558
808	19.5316
809	19.5074
810	19.4833
811	19.4593
812	19.4353
813	19.4114
814	19.3875
815	19.3637
816	19.3399
817	19.3162
818	19.2926
819	19.269
820	19.2455
821	19.222
822	19.1986
823	19.1753
824	19.152
825	19.1288
826	19.1056
827	19.0825
828	19.0594
829	19.0364
830	19.0134
831	18.9905
832	18.9677
833	18.9449
834	18.9221
835	18.8995
836	18.8768
837	18.8543
838	18.8317
839	18.8093
840	18.7869
841	18.7645
842	18.7422
843	18.7199
844	18.6977
845	18.6756
846	18.6535
847	18.6314
848	18.6095
849	18.5875
850	18.5656
851	18.5438
852	18.522
853	18.5003
854	18.4786
855	18.457
856	18.4354
857	18.4138
858	18.3924
859	18.3709
860	18.3495
861	18.3282
862	18.3069
863	18.2857
864	18.2645
865	18.2434
866	18.2223
867	18.2012
868	18.1803
869	18.1593
870	18.1384
871	18.1176
872	18.0968
873	18.076
874	18.0553
875	18.0347
876	18.0141
877	17.9935
878	17.973
879	17.9525
880	17.9321
881	17.9117
882	17.8914
883	17.8711
884	17.8509
885	17.8307
886	17.8106
887	17.7905
888	17.7704
889	17.7504
890	17.7304
891	17.7105
892	17.6906
893	17.6708
894	17.651
895	17.6313
896	17.6116
897	17.5919
898	17.5723
899	17.5528
900	17.5332
901	17.5138
902	17.4943
903	17.4749
904	17.4556
905	17.4363
906	17.417
907	17.3978
908	17.3786
909	17.3595
910	17.3404
911	17.3213
912	17.3023
913	17.2833
914	17.2644
915	17.2455
916	17.2267
917	17.2079
918	17.1891
919	17.1704
920	17.1517
921	17.1331
922	17.1145
923	17.0959
924	17.0774
925	17.0589
926	17.0405
927	17.0221
928	17.0037
929	16.9854
930	16.9671
931	16.9488
932	16.9306
933	16.9125
934	16.8944
935	16.8763
936	16.8582
937	16.8402
938	16.8222
939	16.8043
940	16.7864
941	16.7686
942	16.7507
943	16.733
944	16.7152
945	16.6975
946	16.6798
947	16.6622
948	16.6446
949	16.6271
950	16.6095
951	16.5921
952	16.5746
953	16.5572
954	16.5398
955	16.5225
956	16.5052
957	16.4879
958	16.4707
959	16.4535
960	16.4363
961	16.4192
962	16.4021
963	16.3851
964	16.3681
965	16.3511
966	16.3342
967	16.3172
968	16.3004
969	16.2835
970	16.2667
971	16.25
972	16.2332
973	16.2165
974	16.1999
975	16.1832
976	16.1666
977	16.1501
978	16.1335
979	16.117
980	16.1006
981	16.0841
982	16.0677
983	16.0514
984	16.0351
985	16.0188
986	16.0025
987	15.9863
988	15.9701
989	15.9539
990	15.9378
991	15.9217
992	15.9056
993	15.8896
994	15.8736
995	15.8576
996	15.8417
997	15.8258
998	15.8099
999	15.794
1000	15.7782
1001	15.7625
1002	15.7467
1003	15.731
1004	15.7153
1005	15.6997
1006	15.684
1007	15.6684
1008	15.6529
1009	15.6373
1010	15.6219
1011	15.6064
1012	15.5909
1013	15.5755
1014	15.5602
1015	15.5448
1016	15.5295
1017	15.5142
1018	15.499
1019	15.4837
1020	15.4685
1021	15.4534
1022	15.4382
1023	15.4231
1024	15.408
1025	15.393
1026	15.378
1027	15.363
1028	15.348
1029	15.3331
1030	15.3182
1031	15.3033
1032	15.2885
1033	15.2737
1034	15.2589
1035	15.2441
1036	15.2294
1037	15.2147
1038	15.2
1039	15.1854
1040	15.1708
1041	15.1562
1042	15.1416
1043	15.1271
1044	15.1126
1045	15.0981
1046	15.0836
1047	15.0692
1048	15.0548
1049	15.0405
1050	15.0261
1051	15.0118
1052	14.9975
1053	14.9833
1054	14.969
1055	14.9548
1056	14.9407
1057	14.9265
1058	14.9124
1059	14.8983
1060	14.8842
1061	14.8702
1062	14.8562
1063	14.8422
1064	14.8282
1065	14.8143
1066	14.8003
1067	14.7865
1068	14.7726
1069	14.7588
1070	14.745
1071	14.7312
1072	14.7174
1073	14.7037
1074	14.69
1075	14.6763
1076	14.6627
1077	14.649
1078	14.6354
1079	14.6218
1080	14.6083
1081	14.5948
1082	14.5813
1083	14.5678
1084	14.5543
1085	14.5409
1086	14.5275
1087	14.5141
1088	14.5008
1089	14.4874
1090	14.4741
1091	14.4608
1092	14.4476
1093	14.4344
1094	14.4211
1095	14.408
1096	14.3948
1097	14.3817
1098	14.3686
1099	14.3555
1100	14.3424
1101	14.3294
1102	14.3163
1103	14.3033
1104	14.2904
1105	14.2774
1106	14.2645
1107	14.2516
1108	14.2387
1109	14.2259
1110	14.213
1111	14.2002
1112	14.1875
1113	14.1747
1114	14.162
1115	14.1492
1116	14.1366
1117	14.1239
1118	14.1112
1119	14.0986
1120	14.086
1121	14.0734
1122	14.0609
1123	14.0483
1124	14.0358
1125	14.0233
1126	14.0109
1127	13.9984
1128	13.986
1129	13.9736
1130	13.9612
1131	13.9489
1132	13.9365
1133	13.9242
1134	13.9119
1135	13.8996
1136	13.8874
1137	13.8752
1138	13.863
1139	13.8508
1140	13.8386
1141	13.8265
1142	13.8144
1143	13.8023
1144	13.7902
1145	13.7781
1146	13.7661
1147	13.7541
1148	13.7421
1149	13.7301
1150	13.7181
1151	13.7062
1152	13.6943
1153	13.6824
1154	13.6705
1155	13.6587
1156	13.6469
1157	13.6351
1158	13.6233
1159	13.6115
1160	13.5998
1161	13.588
1162	13.5763
1163	13.5646
1164	13.553
1165	13.5413
1166	13.5297
1167	13.5181
1168	13.5065
1169	13.4949
1170	13.4834
1171	13.4719
1172	13.4604
1173	13.4489
1174	13.4374
1175	13.4259
1176	13.4145
1177	13.4031
1178	13.3917
1179	13.3803
1180	13.369
1181	13.3577
1182	13.3463
1183	13.3351
1184	13.3238
1185	13.3125
1186	13.3013
1187	13.2901
1188	13.2789
1189	13.2677
1190	13.2565
1191	13.2454
1192	13.2343
1193	13.2232
1194	13.2121
1195	13.201
1196	13.1899
1197	13.1789
1198	13.1679
1199	13.1569
1200	13.1459
1201	13.135
1202	13.124
1203	13.1131
1204	13.1022
1205	13.0913
1206	13.0805
1207	13.0696
1208	13.0588
1209	13.048
1210	13.0372
1211	13.0264
1212	13.0156
1213	13.0049
1214	12.9942
1215	12.9835
1216	12.9728
1217	12.9621
1218	12.9514
1219	12.9408
1220	12.9302
1221	12.9196
1222	12.909
1223	12.8984
1224	12.8879
1225	12.8773
1226	12.8668
1227	12.8563
1228	12.8458
1229	12.8354
1230	12.8249
1231	12.8145
1232	12.8041
1233	12.7937
1234	12.7833
1235	12.773
1236	12.7626
1237	12.7523
1238	12.742
1239	12.7317
1240	12.7214
1241	12.7111
1242	12.7009
1243	12.6907
1244	12.6804
1245	12.6702
1246	12.6601
1247	12.6499
1248	12.6397
1249	12.6296
1250	12.6195
1251	12.6094
1252	12.5993
1253	12.5893
1254	12.5792
1255	12.5692
1256	12.5591
1257	12.5491
1258	12.5392
1259	12.5292
1260	12.5192
1261	12.5093
1262	12.4994
1263	12.4895
1264	12.4796
1265	12.4697
1266	12.4598
1267	12.45
1268	12.4402
1269	12.4303
1270	12.4205
1271	12.4108
1272	12.401
1273	12.3912
1274	12.3815
1275	12.3718
1276	12.3621
1277	12.3524
1278	12.3427
1279	12.333
1280	12.3234
1281	12.3138
1282	12.3041
1283	12.2945
1284	12.285
1285	12.2754
1286	12.2658
1287	12.2563
1288	12.2468
1289	12.2372
1290	12.2278
1291	12.2183
1292	12.2088
1293	12.1993
1294	12.1899
1295	12.1805
1296	12.1711
1297	12.1617
1298	12.1523
1299	12.1429
1300	12.1336
1301	12.1242
1302	12.1149
1303	12.1056
1304	12.0963
1305	12.087
1306	12.0778
1307	12.0685
1308	12.0593
1309	12.0501
1310	12.0408
1311	12.0317
1312	12.0225
1313	12.0133
1314	12.0042
1315	11.995
1316	11.9859
1317	11.9768
1318	11.9677
1319	11.9586
1320	11.9495
1321	11.9405
1322	11.9314
1323	11.9224
1324	11.9134
1325	11.9044
1326	11.8954
1327	11.8864
1328	11.8775
1329	11.8685
1330	11.8596
1331	11.8506
1332	11.8417
1333	11.8328
1334	11.824
1335	11.8151
1336	11.8062
1337	11.7974
1338	11.7886
1339	11.7798
1340	11.771
1341	11.7622
1342	11.7534
1343	11.7446
1344	11.7359
1345	11.7271
1346	11.7184
1347	11.7097
1348	11.701
1349	11.6923
1350	11.6837
1351	11.675
1352	11.6664
1353	11.6577
1354	11.6491
1355	11.6405
1356	11.6319
1357	11.6233
1358	11.6148
1359	11.6062
1360	11.5977
1361	11.5891
1362	11.5806
1363	11.5721
1364	11.5636
1365	11.5551
1366	11.5466
1367	11.5382
1368	11.5297
1369	11.5213
1370	11.5129
1371	11.5045
1372	11.4961
1373	11.4877
1374	11.4793
1375	11.471
1376	11.4626
1377	11.4543
1378	11.446
1379	11.4377
1380	11.4294
1381	11.4211
1382	11.4128
1383	11.4045
1384	11.3963
1385	11.3881
1386	11.3798
1387	11.3716
1388	11.3634
1389	11.3552
1390	11.347
1391	11.3389
1392	11.3307
1393	11.3226
1394	11.3144
1395	11.3063
1396	11.2982
1397	11.2901
1398	11.282
1399	11.274
1400	11.2659
1401	11.2578
1402	11.2498
1403	11.2418
1404	11.2338
1405	11.2258
1406	11.2178
1407	11.2098
1408	11.2018
1409	11.1938
1410	11.1859
1411	11.178
1412	11.17
1413	11.1621
1414	11.1542
1415	11.1463
1416	11.1384
1417	11.1306
1418	11.1227
1419	11.1149
1420	11.107
1421	11.0992
1422	11.0914
1423	11.0836
1424	11.0758
1425	11.068
1426	11.0602
1427	11.0525
1428	11.0447
1429	11.037
1430	11.0293
1431	11.0215
1432	11.0138
1433	11.0061
1434	10.9985
1435	10.9908
1436	10.9831
1437	10.9755
1438	10.9678
1439	10.9602
1440	10.9526
1441	10.945
1442	10.9374
1443	10.9298
1444	10.9222
1445	10.9146
1446	10.9071
1447	10.8995
1448	10.892
1449	10.8845
1450	10.8769
1451	10.8694
1452	10.8619
1453	10.8545
1454	10.847
1455	10.8395
1456	10.8321
1457	10.8246
1458	10.8172
1459	10.8098
1460	10.8023
1461	10.7949
1462	10.7876
1463	10.7802
1464	10.7728
1465	10.7654
1466	10.7581
1467	10.7507
1468	10.7434
1469	10.7361
1470	10.7288
1471	10.7215
1472	10.7142
1473	10.7069
1474	10.6996
1475	10.6924
1476	10.6851
1477	10.6779
1478	10.6706
1479	10.6634
1480	10.6562
1481	10.649
1482	10.6418
1483	10.6346
1484	10.6274
1485	10.6203
1486	10.6131
1487	10.606
1488	10.5988
1489	10.5917
1490	10.5846
1491	10.5775
1492	10.5704
1493	10.5633
1494	10.5562
1495	10.5491
1496	10.5421
1497	10.535
1498	10.528
1499	10.521
1500	10.5139
1501	10.5069
1502	10.4999
1503	10.4929
1504	10.4859
1505	10.479
1506	10.472
1507	10.465
1508	10.4581
1509	10.4511
1510	10.4442
1511	10.4373
1512	10.4304
1513	10.4235
1514	10.4166
1515	10.4097
1516	10.4028
1517	10.396
1518	10.3891
1519	10.3823
1520	10.3754
1521	10.3686
1522	10.3618
1523	10.3549
1524	10.3481
1525	10.3414
1526	10.3346
1527	10.3278
1528	10.321
1529	10.3143
1530	10.3075
1531	10.3008
1532	10.294
1533	10.2873
1534	10.2806
1535	10.2739
1536	10.2672
1537	10.2605
1538	10.2538
1539	10.2472
1540	10.2405
1541	10.2338
1542	10.2272
1543	10.2206
1544	10.2139
1545	10.2073
1546	10.2007
1547	10.1941
1548	10.1875
1549	10.1809
1550	10.1743
1551	10.1678
1552	10.1612
1553	10.1547
1554	10.1481
1555	10.1416
1556	10.1351
1557	10.1285
1558	10.122
1559	10.1155
1560	10.109
1561	10.1026
1562	10.0961
1563	10.0896
1564	10.0832
1565	10.0767
1566	10.0703
1567	10.0638
1568	10.0574
1569	10.051
1570	10.0446
1571	10.0382
1572	10.0318
1573	10.0254
1574	10.019
1575	10.0126
1576	10.0063
1577	9.99992
1578	9.99358
1579	9.98724
1580	9.98091
1581	9.97459
1582	9.96828
1583	9.96197
1584	9.95568
1585	9.94939
1586	9.9431
1587	9.93683
1588	9.93057
1589	9.92431
1590	9.91806
1591	9.91182
1592	9.90558
1593	9.89936
1594	9.89314
1595	9.88693
1596	9.88072
1597	9.87453
1598	9.86834
1599	9.86216
1600	9.85599
1601	9.84982
1602	9.84367
1603	9.83752
1604	9.83138
1605	9.82524
1606	9.81912
1607	9.813
1608	9.80689
1609	9.80079
1610	9.79469
1611	9.7886
1612	9.78252
1613	9.77645
1614	9.77039
1615	9.76433
1616	9.75828
1617	9.75223
1618	9.7462
1619	9.74017
1620	9.73415
1621	9.72814
1622	9.72213
1623	9.71613
1624	9.71014
1625	9.70416
1626	9.69818
1627	9.69222
1628	9.68625
1629	9.6803
1630	9.67435
1631	9.66841
1632	9.66248
1633	9.65656
1634	9.65064
1635	9.64473
1636	9.63883
1637	9.63293
1638	9.62704
1639	9.62116
1640	9.61529
1641	9.60942
1642	9.60356
1643	9.59771
1644	9.59186
1645	9.58602
1646	9.58019
1647	9.57437
1648	9.56855
1649	9.56274
1650	9.55693
1651	9.55114
1652	9.54535
1653	9.53957
1654	9.53379
1655	9.52802
1656	9.52226
1657	9.51651
1658	9.51076
1659	9.50502
1660	9.49929
1661	9.49356
1662	9.48784
1663	9.48213
1664	9.47642
1665	9.47072
1666	9.46503
1667	9.45934
1668	9.45367
1669	9.44799
1670	9.44233
1671	9.43667
1672	9.43102
1673	9.42537
1674	9.41974
1675	9.4141
1676	9.40848
1677	9.40286
1678	9.39725
1679	9.39165
1680	9.38605
1681	9.38046
1682	9.37487
1683	9.3693
1684	9.36372
1685	9.35816
1686	9.3526
1687	9.34705
1688	9.34151
1689	9.33597
1690	9.33044
1691	9.32491
1692	9.31939
1693	9.31388
1694	9.30837
1695	9.30288
1696	9.29738
1697	9.2919
1698	9.28642
1699	9.28094
1700	9.27548
1701	9.27002
1702	9.26456
1703	9.25912
1704	9.25367
1705	9.24824
1706	9.24281
1707	9.23739
1708	9.23197
1709	9.22656
1710	9.22116
1711	9.21576
1712	9.21037
1713	9.20499
1714	9.19961
1715	9.19424
1716	9.18888
1717	9.18352
1718	9.17816
1719	9.17282
1720	9.16748
1721	9.16214
1722	9.15682
1723	9.15149
1724	9.14618
1725	9.14087
1726	9.13557
1727	9.13027
1728	9.12498
1729	9.11969
1730	9.11441
1731	9.10914
1732	9.10388
1733	9.09861
1734	9.09336
1735	9.08811
1736	9.08287
1737	9.07763
1738	9.0724
1739	9.06718
1740	9.06196
1741	9.05675
1742	9.05154
1743	9.04634
1744	9.04115
1745	9.03596
1746	9.03078
1747	9.0256
1748	9.02043
1749	9.01527
1750	9.01011
1751	9.00496
1752	8.99981
1753	8.99467
1754	8.98953
1755	8.9844
1756	8.97928
1757	8.97416
1758	8.96905
1759	8.96394
1760	8.95884
1761	8.95375
1762	8.94866
1763	8.94358
1764	8.9385
1765	8.93343
1766	8.92836
1767	8.92331
1768	8.91825
1769	8.9132
1770	8.90816
1771	8.90312
1772	8.89809
1773	8.89307
1774	8.88805
1775	8.88303
1776	8.87802
1777	8.87302
1778	8.86802
1779	8.86303
1780	8.85805
1781	8.85306
1782	8.84809
1783	8.84312
1784	8.83816
1785	8.8332
1786	8.82825
1787	8.8233
1788	8.81836
1789	8.81342
1790	8.80849
1791	8.80357
1792	8.79865
1793	8.79373
1794	8.78882
1795	8.78392
1796	8.77902
1797	8.77413
1798	8.76924
1799	8.76436
1800	8.75949
1801	8.75462
1802	8.74975
1803	8.74489
1804	8.74004
1805	8.73519
1806	8.73035
1807	8.72551
1808	8.72067
1809	8.71585
1810	8.71102
1811	8.70621
1812	8.7014
1813	8.69659
1814	8.69179
1815	8.68699
1816	8.6822
1817	8.67742
1818	8.67264
1819	8.66786
1820	8.6631
1821	8.65833
1822	8.65357
1823	8.64882
1824	8.64407
1825	8.63933
1826	8.63459
1827	8.62986
1828	8.62513
1829	8.62041
1830	8.61569
1831	8.61098
1832	8.60627
1833	8.60157
1834	8.59687
1835	8.59218
1836	8.58749
1837	8.58281
1838	8.57814
1839	8.57347
1840	8.5688
1841	8.56414
1842	8.55948
1843	8.55483
1844	8.55019
1845	8.54555
1846	8.54091
1847	8.53628
1848	8.53165
1849	8.52703
1850	8.52242
1851	8.51781
1852	8.5132
1853	8.5086
1854	8.504
1855	8.49941
1856	8.49483
1857	8.49025
1858	8.48567
1859	8.4811
1860	8.47653
1861	8.47197
1862	8.46742
1863	8.46286
1864	8.45832
1865	8.45378
1866	8.44924
1867	8.44471
1868	8.44018
1869	8.43566
1870	8.43114
1871	8.42663
1872	8.42212
1873	8.41762
1874	8.41312
1875	8.40863
1876	8.40414
1877	8.39965
1878	8.39517
1879	8.3907
1880	8.38623
1881	8.38177
1882	8.37731
1883	8.37285
1884	8.3684
1885	8.36395
1886	8.35951
1887	8.35508
1888	8.35065
1889	8.34622
1890	8.3418
1891	8.33738
1892	8.33297
1893	8.32856
1894	8.32415
1895	8.31975
1896	8.31536
1897	8.31097
1898	8.30659
1899	8.30221
1900	8.29783
1901	8.29346
1902	8.28909
1903	8.28473
1904	8.28037
1905	8.27602
1906	8.27167
1907	8.26733
1908	8.26299
1909	8.25865
1910	8.25432
1911	8.25
1912	8.24568
1913	8.24136
1914	8.23705
1915	8.23274
1916	8.22844
1917	8.22414
1918	8.21985
1919	8.21556
1920	8.21127
1921	8.20699
1922	8.20271
1923	8.19844
1924	8.19418
1925	8.18991
1926	8.18565
1927	8.1814
1928	8.17715
1929	8.17291
1930	8.16866
1931	8.16443
1932	8.1602
1933	8.15597
1934	8.15175
1935	8.14753
1936	8.14331
1937	8.1391
1938	8.1349
1939	8.13069
1940	8.1265
1941	8.1223
1942	8.11812
1943	8.11393
1944	8.10975
1945	8.10558
1946	8.10141
1947	8.09724
1948	8.09308
1949	8.08892
1950	8.08476
1951	8.08061
1952	8.07647
1953	8.07233
1954	8.06819
1955	8.06406
1956	8.05993
1957	8.0558
1958	8.05168
1959	8.04757
1960	8.04345
1961	8.03935
1962	8.03524
1963	8.03114
1964	8.02705
1965	8.02296
1966	8.01887
1967	8.01479
1968	8.01071
1969	8.00664
1970	8.00257
1971	7.9985
1972	7.99444
1973	7.99038
1974	7.98633
1975	7.98228
1976	7.97823
1977	7.97419
1978	7.97015
1979	7.96612
1980	7.96209
1981	7.95806
1982	7.95404
1983	7.95003
1984	7.94601
1985	7.94201
1986	7.938
1987	7.934
1988	7.93
1989	7.92601
1990	7.92202
1991	7.91804
1992	7.91406
1993	7.91008
1994	7.90611
1995	7.90214
1996	7.89817
1997	7.89421
1998	7.89026
1999	7.8863
