5	0.365121
6	0.340754
7	0.320865
8	0.304222
9	0.290021
10	0.277713
11	0.266906
12	0.257314
13	0.248724
14	0.240971
15	0.233924
16	0.227482
17	0.221563
18	0.216097
19	0.21103
20	0.206314
21	0.201911
22	0.197786
23	0.193912
24	0.190264
25	0.18682
26	0.183562
27	0.180473
28	0.177539
29	0.174748
30	0.172088
31	0.169549
32	0.167123
33	0.1648
34	0.162574
35	0.160438
36	0.158386
37	0.156413
38	0.154513
39	0.152683
40	0.150918
41	0.149214
42	0.147568
43	0.145977
44	0.144437
45	0.142946
46	0.141501
47	0.1401
48	0.138741
49	0.137421
50	0.13614
51	0.134894
52	0.133682
53	0.132504
54	0.131356
55	0.130239
56	0.12915
57	0.128088
58	0.127053
59	0.126043
60	0.125057
61	0.124095
62	0.123155
63	0.122236
64	0.121338
65	0.120459
66	0.1196
67	0.11876
68	0.117937
69	0.117131
70	0.116342
71	0.115569
72	0.114812
73	0.114069
74	0.113341
75	0.112627
76	0.111927
77	0.11124
78	0.110565
79	0.109903
80	0.109253
81	0.108614
82	0.107987
83	0.10737
84	0.106764
85	0.106169
86	0.105583
87	0.105007
88	0.104441
89	0.103884
90	0.103336
91	0.102797
92	0.102266
93	0.101743
94	0.101229
95	0.100722
96	0.100223
97	0.0997312
98	0.0992469
99	0.0987697
100	0.0982994
101	0.0978359
102	0.097379
103	0.0969285
104	0.0964844
105	0.0960463
106	0.0956143
107	0.0951881
108	0.0947677
109	0.0943529
110	0.0939435
111	0.0935395
112	0.0931408
113	0.0927472
114	0.0923586
115	0.0919749
116	0.0915961
117	0.0912219
118	0.0908524
119	0.0904874
120	0.0901268
121	0.0897706
122	0.0894186
123	0.0890707
124	0.088727
125	0.0883873
126	0.0880514
127	0.0877195
128	0.0873913
129	0.0870668
130	0.086746
131	0.0864287
132	0.086115
133	0.0858047
134	0.0854977
135	0.0851941
136	0.0848937
137	0.0845966
138	0.0843025
139	0.0840116
140	0.0837237
141	0.0834387
142	0.0831567
143	0.0828776
144	0.0826013
145	0.0823278
146	0.082057
147	0.0817889
148	0.0815234
149	0.0812606
150	0.0810003
151	0.0807425
152	0.0804872
153	0.0802344
154	0.0799839
155	0.0797358
156	0.0794901
157	0.0792466
158	0.0790053
159	0.0787663
160	0.0785295
161	0.0782948
162	0.0780622
163	0.0778318
164	0.0776033
165	0.0773769
166	0.0771525
167	0.0769301
168	0.0767096
169	0.076491
170	0.0762743
171	0.0760594
172	0.0758464
173	0.0756352
174	0.0754257
175	0.075218
176	0.075012
177	0.0748077
178	0.0746051
179	0.0744042
180	0.0742049
181	0.0740072
182	0.0738111
183	0.0736166
184	0.0734236
185	0.0732321
186	0.0730422
187	0.0728537
188	0.0726667
189	0.0724812
190	0.0722971
191	0.0721144
192	0.0719331
193	0.0717531
194	0.0715746
195	0.0713973
196	0.0712214
197	0.0710468
198	0.0708735
199	0.0707015
200	0.0705307
201	0.0703612
202	0.0701929
203	0.0700259
204	0.06986
205	0.0696953
206	0.0695318
207	0.0693694
208	0.0692082
209	0.0690481
210	0.0688892
211	0.0687313
212	0.0685745
213	0.0684188
214	0.0682642
215	0.0681107
216	0.0679581
217	0.0678066
218	0.0676562
219	0.0675067
220	0.0673582
221	0.0672108
222	0.0670642
223	0.0669187
224	0.0667741
225	0.0666305
226	0.0664878
227	0.066346
228	0.0662051
229	0.0660651
230	0.065926
231	0.0657878
232	0.0656505
233	0.0655141
234	0.0653785
235	0.0652437
236	0.0651098
237	0.0649767
238	0.0648444
239	0.064713
240	0.0645823
241	0.0644525
242	0.0643234
243	0.0641951
244	0.0640676
245	0.0639409
246	0.0638149
247	0.0636897
248	0.0635652
249	0.0634414
250	0.0633184
251	0.0631961
252	0.0630745
253	0.0629536
254	0.0628334
255	0.0627139
256	0.062595
257	0.0624769
258	0.0623594
259	0.0622426
260	0.0621265
261	0.062011
262	0.0618962
263	0.061782
264	0.0616684
265	0.0615555
266	0.0614432
267	0.0613315
268	0.0612204
269	0.06111
270	0.0610001
271	0.0608908
272	0.0607822
273	0.0606741
274	0.0605666
275	0.0604596
276	0.0603533
277	0.0602475
278	0.0601422
279	0.0600375
280	0.0599334
281	0.0598298
282	0.0597268
283	0.0596242
284	0.0595223
285	0.0594208
286	0.0593199
287	0.0592195
288	0.0591195
289	0.0590201
290	0.0589213
291	0.0588229
292	0.058725
293	0.0586276
294	0.0585306
295	0.0584342
296	0.0583383
297	0.0582428
298	0.0581478
299	0.0580532
300	0.0579592
301	0.0578655
302	0.0577724
303	0.0576797
304	0.0575874
305	0.0574956
306	0.0574042
307	0.0573133
308	0.0572228
309	0.0571327
310	0.0570431
311	0.0569539
312	0.0568651
313	0.0567767
314	0.0566888
315	0.0566012
316	0.0565141
317	0.0564273
318	0.056341
319	0.0562551
320	0.0561695
321	0.0560844
322	0.0559996
323	0.0559153
324	0.0558313
325	0.0557477
326	0.0556644
327	0.0555816
328	0.0554991
329	0.055417
330	0.0553352
331	0.0552539
332	0.0551728
333	0.0550922
334	0.0550119
335	0.0549319
336	0.0548523
337	0.054773
338	0.0546941
339	0.0546156
340	0.0545373
341	0.0544595
342	0.0543819
343	0.0543047
344	0.0542278
345	0.0541512
346	0.054075
347	0.0539991
348	0.0539235
349	0.0538482
350	0.0537733
351	0.0536987
352	0.0536243
353	0.0535503
354	0.0534766
355	0.0534032
356	0.0533301
357	0.0532573
358	0.0531848
359	0.0531126
360	0.0530407
361	0.0529691
362	0.0528978
363	0.0528268
364	0.052756
365	0.0526856
366	0.0526154
367	0.0525455
368	0.0524759
369	0.0524066
370	0.0523375
371	0.0522688
372	0.0522003
373	0.052132
374	0.0520641
375	0.0519964
376	0.0519289
377	0.0518618
378	0.0517949
379	0.0517282
380	0.0516618
381	0.0515957
382	0.0515298
383	0.0514642
384	0.0513988
385	0.0513337
386	0.0512689
387	0.0512042
388	0.0511399
389	0.0510757
390	0.0510118
391	0.0509482
392	0.0508848
393	0.0508216
394	0.0507587
395	0.050696
396	0.0506335
397	0.0505713
398	0.0505093
399	0.0504475
400	0.050386
401	0.0503246
402	0.0502635
403	0.0502027
404	0.050142
405	0.0500816
406	0.0500214
407	0.0499614
408	0.0499016
409	0.0498421
410	0.0497827
411	0.0497236
412	0.0496647
413	0.049606
414	0.0495475
415	0.0494892
416	0.0494311
417	0.0493733
418	0.0493156
419	0.0492581
420	0.0492008
421	0.0491438
422	0.0490869
423	0.0490303
424	0.0489738
425	0.0489175
426	0.0488614
427	0.0488055
428	0.0487499
429	0.0486944
430	0.048639
431	0.0485839
432	0.048529
433	0.0484742
434	0.0484197
435	0.0483653
436	0.0483111
437	0.0482571
438	0.0482033
439	0.0481497
440	0.0480962
441	0.0480429
442	0.0479898
443	0.0479369
444	0.0478841
445	0.0478316
446	0.0477792
447	0.0477269
448	0.0476749
449	0.047623
450	0.0475713
451	0.0475197
452	0.0474683
453	0.0474171
454	0.0473661
455	0.0473152
456	0.0472645
457	0.0472139
458	0.0471636
459	0.0471133
460	0.0470633
461	0.0470134
462	0.0469636
463	0.046914
464	0.0468646
465	0.0468153
466	0.0467662
467	0.0467173
468	0.0466685
469	0.0466198
470	0.0465713
471	0.046523
472	0.0464748
473	0.0464268
474	0.0463789
475	0.0463311
476	0.0462835
477	0.0462361
478	0.0461888
479	0.0461416
480	0.0460946
481	0.0460477
482	0.046001
483	0.0459544
484	0.045908
485	0.0458617
486	0.0458156
487	0.0457695
488	0.0457237
489	0.0456779
490	0.0456323
491	0.0455869
492	0.0455415
493	0.0454964
494	0.0454513
495	0.0454064
496	0.0453616
497	0.045317
498	0.0452724
499	0.045228
500	0.0451838
501	0.0451397
502	0.0450957
503	0.0450518
504	0.0450081
505	0.0449645
506	0.044921
507	0.0448776
508	0.0448344
509	0.0447913
510	0.0447483
511	0.0447055
512	0.0446627
513	0.0446201
514	0.0445776
515	0.0445353
516	0.044493
517	0.0444509
518	0.0444089
519	0.044367
520	0.0443253
521	0.0442836
522	0.0442421
523	0.0442007
524	0.0441594
525	0.0441182
526	0.0440772
527	0.0440362
528	0.0439954
529	0.0439547
530	0.0439141
531	0.0438736
532	0.0438332
533	0.043793
534	0.0437528
535	0.0437128
536	0.0436728
537	0.043633
538	0.0435933
539	0.0435537
540	0.0435142
541	0.0434748
542	0.0434356
543	0.0433964
544	0.0433573
545	0.0433184
546	0.0432795
547	0.0432408
548	0.0432021
549	0.0431636
550	0.0431251
551	0.0430868
552	0.0430486
553	0.0430105
554	0.0429724
555	0.0429345
556	0.0428967
557	0.042859
558	0.0428213
559	0.0427838
560	0.0427464
561	0.0427091
562	0.0426718
563	0.0426347
564	0.0425977
565	0.0425608
566	0.0425239
567	0.0424872
568	0.0424505
569	0.042414
570	0.0423775
571	0.0423412
572	0.0423049
573	0.0422687
574	0.0422326
575	0.0421966
576	0.0421608
577	0.042125
578	0.0420892
579	0.0420536
580	0.0420181
581	0.0419827
582	0.0419473
583	0.041912
584	0.0418769
585	0.0418418
586	0.0418068
587	0.0417719
588	0.0417371
589	0.0417024
590	0.0416677
591	0.0416332
592	0.0415987
593	0.0415643
594	0.04153
595	0.0414958
596	0.0414617
597	0.0414276
598	0.0413937
599	0.0413598
600	0.041326
601	0.0412923
602	0.0412587
603	0.0412251
604	0.0411917
605	0.0411583
606	0.041125
607	0.0410918
608	0.0410587
609	0.0410256
610	0.0409926
611	0.0409597
612	0.0409269
613	0.0408942
614	0.0408615
615	0.040829
616	0.0407965
617	0.0407641
618	0.0407317
619	0.0406994
620	0.0406673
621	0.0406351
622	0.0406031
623	0.0405712
624	0.0405393
625	0.0405075
626	0.0404757
627	0.0404441
628	0.0404125
629	0.040381
630	0.0403495
631	0.0403182
632	0.0402869
633	0.0402557
634	0.0402245
635	0.0401935
636	0.0401625
637	0.0401316
638	0.0401007
639	0.0400699
640	0.0400392
641	0.0400086
642	0.039978
643	0.0399475
644	0.0399171
645	0.0398867
646	0.0398564
647	0.0398262
648	0.0397961
649	0.039766
650	0.039736
651	0.039706
652	0.0396762
653	0.0396464
654	0.0396166
655	0.0395869
656	0.0395573
657	0.0395278
658	0.0394983
659	0.0394689
660	0.0394396
661	0.0394103
662	0.0393811
663	0.0393519
664	0.0393229
665	0.0392939
666	0.0392649
667	0.039236
668	0.0392072
669	0.0391784
670	0.0391497
671	0.0391211
672	0.0390925
673	0.039064
674	0.0390356
675	0.0390072
676	0.0389789
677	0.0389506
678	0.0389225
679	0.0388943
680	0.0388662
681	0.0388382
682	0.0388103
683	0.0387824
684	0.0387546
685	0.0387268
686	0.0386991
687	0.0386714
688	0.0386439
689	0.0386163
690	0.0385889
691	0.0385614
692	0.0385341
693	0.0385068
694	0.0384796
695	0.0384524
696	0.0384253
697	0.0383982
698	0.0383712
699	0.0383443
700	0.0383174
701	0.0382905
702	0.0382638
703	0.038237
704	0.0382104
705	0.0381838
706	0.0381572
707	0.0381307
708	0.0381043
709	0.0380779
710	0.0380516
711	0.0380253
712	0.0379991
713	0.0379729
714	0.0379468
715	0.0379207
716	0.0378947
717	0.0378688
718	0.0378429
719	0.037817
720	0.0377912
721	0.0377655
722	0.0377398
723	0.0377142
724	0.0376886
725	0.0376631
726	0.0376376
727	0.0376122
728	0.0375868
729	0.0375615
730	0.0375362
731	0.037511
732	0.0374858
733	0.0374607
734	0.0374356
735	0.0374106
736	0.0373857
737	0.0373607
738	0.0373359
739	0.0373111
740	0.0372863
741	0.0372616
742	0.0372369
743	0.0372123
744	0.0371877
745	0.0371632
746	0.0371388
747	0.0371143
748	0.03709
749	0.0370656
750	0.0370414
751	0.0370171
752	0.036993
753	0.0369688
754	0.0369447
755	0.0369207
756	0.0368967
757	0.0368728
758	0.0368489
759	0.036825
760	0.0368012
761	0.0367775
762	0.0367537
763	0.0367301
764	0.0367065
765	0.0366829
766	0.0366594
767	0.0366359
768	0.0366124
769	0.036589
770	0.0365657
771	0.0365424
772	0.0365191
773	0.0364959
774	0.0364728
775	0.0364496
776	0.0364266
777	0.0364035
778	0.0363805
779	0.0363576
780	0.0363347
781	0.0363118
782	0.036289
783	0.0362662
784	0.0362435
785	0.0362208
786	0.0361982
787	0.0361756
788	0.036153
789	0.0361305
790	0.036108
791	0.0360856
792	0.0360632
793	0.0360408
794	0.0360185
795	0.0359963
796	0.035974
797	0.0359518
798	0.0359297
799	0.0359076
800	0.0358855
801	0.0358635
802	0.0358415
803	0.0358196
804	0.0357977
805	0.0357758
806	0.035754
807	0.0357323
808	0.0357105
809	0.0356888
810	0.0356672
811	0.0356455
812	0.035624
813	0.0356024
814	0.0355809
815	0.0355595
816	0.035538
817	0.0355167
818	0.0354953
819	0.035474
820	0.0354527
821	0.0354315
822	0.0354103
823	0.0353892
824	0.0353681
825	0.035347
826	0.0353259
827	0.0353049
828	0.035284
829	0.0352631
830	0.0352422
831	0.0352213
832	0.0352005
833	0.0351797
834	0.035159
835	0.0351383
836	0.0351176
837	0.035097
838	0.0350764
839	0.0350558
840	0.0350353
841	0.0350148
842	0.0349944
843	0.034974
844	0.0349536
845	0.0349333
846	0.034913
847	0.0348927
848	0.0348725
849	0.0348523
850	0.0348321
851	0.034812
852	0.0347919
853	0.0347718
854	0.0347518
855	0.0347318
856	0.0347119
857	0.0346919
858	0.0346721
859	0.0346522
860	0.0346324
861	0.0346126
862	0.0345929
863	0.0345731
864	0.0345535
865	0.0345338
866	0.0345142
867	0.0344946
868	0.0344751
869	0.0344556
870	0.0344361
871	0.0344166
872	0.0343972
873	0.0343779
874	0.0343585
875	0.0343392
876	0.0343199
877	0.0343007
878	0.0342815
879	0.0342623
880	0.0342431
881	0.034224
882	0.0342049
883	0.0341859
884	0.0341668
885	0.0341478
886	0.0341289
887	0.03411
888	0.0340911
889	0.0340722
890	0.0340534
891	0.0340346
892	0.0340158
893	0.0339971
894	0.0339783
895	0.0339597
896	0.033941
897	0.0339224
898	0.0339038
899	0.0338853
900	0.0338667
901	0.0338483
902	0.0338298
903	0.0338114
904	0.033793
905	0.0337746
906	0.0337562
907	0.0337379
908	0.0337197
909	0.0337014
910	0.0336832
911	0.033665
912	0.0336468
913	0.0336287
914	0.0336106
915	0.0335925
916	0.0335745
917	0.0335565
918	0.0335385
919	0.0335205
920	0.0335026
921	0.0334847
922	0.0334668
923	0.033449
924	0.0334312
925	0.0334134
926	0.0333956
927	0.0333779
928	0.0333602
929	0.0333425
930	0.0333249
931	0.0333073
932	0.0332897
933	0.0332721
934	0.0332546
935	0.0332371
936	0.0332196
937	0.0332022
938	0.0331847
939	0.0331673
940	0.03315
941	0.0331326
942	0.0331153
943	0.0330981
944	0.0330808
945	0.0330636
946	0.0330464
947	0.0330292
948	0.033012
949	0.0329949
950	0.0329778
951	0.0329608
952	0.0329437
953	0.0329267
954	0.0329097
955	0.0328928
956	0.0328758
957	0.0328589
958	0.032842
959	0.0328252
960	0.0328083
961	0.0327915
962	0.0327748
963	0.032758
964	0.0327413
965	0.0327246
966	0.0327079
967	0.0326912
968	0.0326746
969	0.032658
970	0.0326415
971	0.0326249
972	0.0326084
973	0.0325919
974	0.0325754
975	0.032559
976	0.0325425
977	0.0325261
978	0.0325098
979	0.0324934
980	0.0324771
981	0.0324608
982	0.0324445
983	0.0324283
984	0.0324121
985	0.0323959
986	0.0323797
987	0.0323635
988	0.0323474
989	0.0323313
990	0.0323152
991	0.0322992
992	0.0322831
993	0.0322671
994	0.0322511
995	0.0322352
996	0.0322192
997	0.0322033
998	0.0321874
999	0.0321716
1000	0.0321557
1001	0.0321399
1002	0.0321241
1003	0.0321084
1004	0.0320926
1005	0.0320769
1006	0.0320612
1007	0.0320455
1008	0.0320299
1009	0.0320142
1010	0.0319986
1011	0.031983
1012	0.0319675
1013	0.0319519
1014	0.0319364
1015	0.0319209
1016	0.0319054
1017	0.03189
1018	0.0318746
1019	0.0318592
1020	0.0318438
1021	0.0318284
1022	0.0318131
1023	0.0317978
1024	0.0317825
1025	0.0317672
1026	0.031752
1027	0.0317367
1028	0.0317215
1029	0.0317063
1030	0.0316912
1031	0.031676
1032	0.0316609
1033	0.0316458
1034	0.0316308
1035	0.0316157
1036	0.0316007
1037	0.0315857
1038	0.0315707
1039	0.0315557
1040	0.0315408
1041	0.0315259
1042	0.031511
1043	0.0314961
1044	0.0314812
1045	0.0314664
1046	0.0314516
1047	0.0314368
1048	0.031422
1049	0.0314072
1050	0.0313925
1051	0.0313778
1052	0.0313631
1053	0.0313484
1054	0.0313338
1055	0.0313191
1056	0.0313045
1057	0.0312899
1058	0.0312754
1059	0.0312608
1060	0.0312463
1061	0.0312318
1062	0.0312173
1063	0.0312028
1064	0.0311884
1065	0.031174
1066	0.0311596
1067	0.0311452
1068	0.0311308
1069	0.0311165
1070	0.0311021
1071	0.0310878
1072	0.0310735
1073	0.0310593
1074	0.031045
1075	0.0310308
1076	0.0310166
1077	0.0310024
1078	0.0309882
1079	0.0309741
1080	0.03096
1081	0.0309458
1082	0.0309318
1083	0.0309177
1084	0.0309036
1085	0.0308896
1086	0.0308756
1087	0.0308616
1088	0.0308476
1089	0.0308337
1090	0.0308197
1091	0.0308058
1092	0.0307919
1093	0.030778
1094	0.0307642
1095	0.0307503
1096	0.0307365
1097	0.0307227
1098	0.0307089
1099	0.0306951
1100	0.0306814
1101	0.0306677
1102	0.0306539
1103	0.0306402
1104	0.0306266
1105	0.0306129
1106	0.0305993
1107	0.0305857
1108	0.0305721
1109	0.0305585
1110	0.0305449
1111	0.0305314
1112	0.0305178
1113	0.0305043
1114	0.0304908
1115	0.0304773
1116	0.0304639
1117	0.0304504
1118	0.030437
1119	0.0304236
1120	0.0304102
1121	0.0303969
1122	0.0303835
1123	0.0303702
1124	0.0303569
1125	0.0303436
1126	0.0303303
1127	0.030317
1128	0.0303038
1129	0.0302906
1130	0.0302773
1131	0.0302641
1132	0.030251
1133	0.0302378
1134	0.0302247
1135	0.0302115
1136	0.0301984
1137	0.0301853
1138	0.0301723
1139	0.0301592
1140	0.0301462
1141	0.0301332
1142	0.0301202
1143	0.0301072
1144	0.0300942
1145	0.0300812
1146	0.0300683
1147	0.0300554
1148	0.0300425
1149	0.0300296
1150	0.0300167
1151	0.0300039
1152	0.029991
1153	0.0299782
1154	0.0299654
1155	0.0299526
1156	0.0299398
1157	0.0299271
1158	0.0299143
1159	0.0299016
1160	0.0298889
1161	0.0298762
1162	0.0298636
1163	0.0298509
1164	0.0298383
1165	0.0298256
1166	0.029813
1167	0.0298004
1168	0.0297879
1169	0.0297753
1170	0.0297627
1171	0.0297502
1172	0.0297377
1173	0.0297252
1174	0.0297127
1175	0.0297003
1176	0.0296878
1177	0.0296754
1178	0.029663
1179	0.0296506
1180	0.0296382
1181	0.0296258
1182	0.0296134
1183	0.0296011
1184	0.0295888
1185	0.0295765
1186	0.0295642
1187	0.0295519
1188	0.0295396
1189	0.0295274
1190	0.0295151
1191	0.0295029
1192	0.0294907
1193	0.0294785
1194	0.0294664
1195	0.0294542
1196	0.0294421
1197	0.0294299
1198	0.0294178
1199	0.0294057
1200	0.0293936
1201	0.0293816
1202	0.0293695
1203	0.0293575
1204	0.0293455
1205	0.0293335
1206	0.0293215
1207	0.0293095
1208	0.0292975
1209	0.0292856
1210	0.0292736
1211	0.0292617
1212	0.0292498
1213	0.0292379
1214	0.0292261
1215	0.0292142
1216	0.0292023
1217	0.0291905
1218	0.0291787
1219	0.0291669
1220	0.0291551
1221	0.0291433
1222	0.0291316
1223	0.0291198
1224	0.0291081
1225	0.0290964
1226	0.0290847
1227	0.029073
1228	0.0290613
1229	0.0290496
1230	0.029038
1231	0.0290264
1232	0.0290148
1233	0.0290031
1234	0.0289916
1235	0.02898
1236	0.0289684
1237	0.0289569
1238	0.0289453
1239	0.0289338
1240	0.0289223
1241	0.0289108
1242	0.0288993
1243	0.0288879
1244	0.0288764
1245	0.028865
1246	0.0288536
1247	0.0288421
1248	0.0288307
1249	0.0288194
1250	0.028808
1251	0.0287966
1252	0.0287853
1253	0.028774
1254	0.0287626
1255	0.0287513
1256	0.02874
1257	0.0287288
1258	0.0287175
1259	0.0287063
1260	0.028695
1261	0.0286838
1262	0.0286726
1263	0.0286614
1264	0.0286502
1265	0.028639
1266	0.0286279
1267	0.0286167
1268	0.0286056
1269	0.0285945
1270	0.0285834
1271	0.0285723
1272	0.0285612
1273	0.0285501
1274	0.0285391
1275	0.028528
1276	0.028517
1277	0.028506
1278	0.028495
1279	0.028484
1280	0.028473
1281	0.0284621
1282	0.0284511
1283	0.0284402
1284	0.0284293
1285	0.0284183
1286	0.0284074
1287	0.0283966
1288	0.0283857
1289	0.0283748
1290	0.028364
1291	0.0283531
1292	0.0283423
1293	0.0283315
1294	0.0283207
1295	0.0283099
1296	0.0282991
1297	0.0282884
1298	0.0282776
1299	0.0282669
1300	0.0282561
1301	0.0282454
1302	0.0282347
1303	0.028224
1304	0.0282134
1305	0.0282027
1306	0.028192
1307	0.0281814
1308	0.0281708
1309	0.0281602
1310	0.0281495
1311	0.028139
1312	0.0281284
1313	0.0281178
1314	0.0281072
1315	0.0280967
1316	0.0280862
1317	0.0280756
1318	0.0280651
1319	0.0280546
1320	0.0280442
1321	0.0280337
1322	0.0280232
1323	0.0280128
1324	0.0280023
1325	0.0279919
1326	0.0279815
1327	0.0279711
1328	0.0279607
1329	0.0279503
1330	0.0279399
1331	0.0279296
1332	0.0279192
1333	0.0279089
1334	0.0278986
1335	0.0278883
1336	0.027878
1337	0.0278677
1338	0.0278574
1339	0.0278471
1340	0.0278369
1341	0.0278266
1342	0.0278164
1343	0.0278062
1344	0.027796
1345	0.0277858
1346	0.0277756
1347	0.0277654
1348	0.0277553
1349	0.0277451
1350	0.027735
1351	0.0277248
1352	0.0277147
1353	0.0277046
1354	0.0276945
1355	0.0276844
1356	0.0276744
1357	0.0276643
1358	0.0276542
1359	0.0276442
1360	0.0276342
1361	0.0276242
1362	0.0276141
1363	0.0276041
1364	0.0275942
1365	0.0275842
1366	0.0275742
1367	0.0275643
1368	0.0275543
1369	0.0275444
1370	0.0275345
1371	0.0275246
1372	0.0275147
1373	0.0275048
1374	0.0274949
1375	0.027485
1376	0.0274752
1377	0.0274653
1378	0.0274555
1379	0.0274457
1380	0.0274358
1381	0.027426
1382	0.0274162
1383	0.0274065
1384	0.0273967
1385	0.0273869
1386	0.0273772
1387	0.0273674
1388	0.0273577
1389	0.027348
1390	0.0273383
1391	0.0273286
1392	0.0273189
1393	0.0273092
1394	0.0272995
1395	0.0272899
1396	0.0272802
1397	0.0272706
1398	0.027261
1399	0.0272513
1400	0.0272417
1401	0.0272321
1402	0.0272226
1403	0.027213
1404	0.0272034
1405	0.0271939
1406	0.0271843
1407	0.0271748
1408	0.0271652
1409	0.0271557
1410	0.0271462
1411	0.0271367
1412	0.0271272
1413	0.0271178
1414	0.0271083
1415	0.0270988
1416	0.0270894
1417	0.02708
1418	0.0270705
1419	0.0270611
1420	0.0270517
1421	0.0270423
1422	0.0270329
1423	0.0270235
1424	0.0270142
1425	0.0270048
1426	0.0269955
1427	0.0269861
1428	0.0269768
1429	0.0269675
1430	0.0269582
1431	0.0269489
1432	0.0269396
1433	0.0269303
1434	0.026921
1435	0.0269118
1436	0.0269025
1437	0.0268933
1438	0.0268841
1439	0.0268748
1440	0.0268656
1441	0.0268564
1442	0.0268472
1443	0.026838
1444	0.0268289
1445	0.0268197
1446	0.0268105
1447	0.0268014
1448	0.0267923
1449	0.0267831
1450	0.026774
1451	0.0267649
1452	0.0267558
1453	0.0267467
1454	0.0267376
1455	0.0267286
1456	0.0267195
1457	0.0267104
1458	0.0267014
1459	0.0266924
1460	0.0266833
1461	0.0266743
1462	0.0266653
1463	0.0266563
1464	0.0266473
1465	0.0266383
1466	0.0266294
1467	0.0266204
1468	0.0266115
1469	0.0266025
1470	0.0265936
1471	0.0265847
1472	0.0265757
1473	0.0265668
1474	0.0265579
1475	0.026549
1476	0.0265402
1477	0.0265313
1478	0.0265224
1479	0.0265136
1480	0.0265047
1481	0.0264959
1482	0.0264871
1483	0.0264782
1484	0.0264694
1485	0.0264606
1486	0.0264518
1487	0.0264431
1488	0.0264343
1489	0.0264255
1490	0.0264168
1491	0.026408
1492	0.0263993
1493	0.0263905
1494	0.0263818
1495	0.0263731
1496	0.0263644
1497	0.0263557
1498	0.026347
1499	0.0263383
1500	0.0263297
1501	0.026321
1502	0.0263124
1503	0.0263037
1504	0.0262951
1505	0.0262865
1506	0.0262778
1507	0.0262692
1508	0.0262606
1509	0.026252
1510	0.0262434
1511	0.0262349
1512	0.0262263
1513	0.0262177
1514	0.0262092
1515	0.0262006
1516	0.0261921
1517	0.0261836
1518	0.0261751
1519	0.0261666
1520	0.0261581
1521	0.0261496
1522	0.0261411
1523	0.0261326
1524	0.0261241
1525	0.0261157
1526	0.0261072
1527	0.0260988
1528	0.0260903
1529	0.0260819
1530	0.0260735
1531	0.0260651
1532	0.0260567
1533	0.0260483
1534	0.0260399
1535	0.0260315
1536	0.0260232
1537	0.0260148
1538	0.0260064
1539	0.0259981
1540	0.0259898
1541	0.0259814
1542	0.0259731
1543	0.0259648
1544	0.0259565
1545	0.0259482
1546	0.0259399
1547	0.0259316
1548	0.0259234
1549	0.0259151
1550	0.0259068
1551	0.0258986
1552	0.0258903
1553	0.0258821
1554	0.0258739
1555	0.0258657
1556	0.0258575
1557	0.0258493
1558	0.0258411
1559	0.0258329
1560	0.0258247
1561	0.0258165
1562	0.0258084
1563	0.0258002
1564	0.0257921
1565	0.0257839
1566	0.0257758
1567	0.0257677
1568	0.0257595
1569	0.0257514
1570	0.0257433
1571	0.0257352
1572	0.0257272
1573	0.0257191
1574	0.025711
1575	0.0257029
1576	0.0256949
1577	0.0256868
1578	0.0256788
1579	0.0256708
1580	0.0256627
1581	0.0256547
1582	0.0256467
1583	0.0256387
1584	0.0256307
1585	0.0256227
1586	0.0256148
1587	0.0256068
1588	0.0255988
1589	0.0255909
1590	0.0255829
1591	0.025575
1592	0.025567
1593	0.0255591
1594	0.0255512
1595	0.0255433
1596	0.0255354
1597	0.0255275
1598	0.0255196
1599	0.0255117
1600	0.0255038
1601	0.0254959
1602	0.0254881
1603	0.0254802
1604	0.0254724
1605	0.0254645
1606	0.0254567
1607	0.0254489
1608	0.0254411
1609	0.0254333
1610	0.0254255
1611	0.0254177
1612	0.0254099
1613	0.0254021
1614	0.0253943
1615	0.0253865
1616	0.0253788
1617	0.025371
1618	0.0253633
1619	0.0253555
1620	0.0253478
1621	0.0253401
1622	0.0253324
1623	0.0253247
1624	0.025317
1625	0.0253093
1626	0.0253016
1627	0.0252939
1628	0.0252862
1629	0.0252785
1630	0.0252709
1631	0.0252632
1632	0.0252556
1633	0.0252479
1634	0.0252403
1635	0.0252327
1636	0.0252251
1637	0.0252174
1638	0.0252098
1639	0.0252022
1640	0.0251946
1641	0.0251871
1642	0.0251795
1643	0.0251719
1644	0.0251643
1645	0.0251568
1646	0.0251492
1647	0.0251417
1648	0.0251342
1649	0.0251266
1650	0.0251191
1651	0.0251116
1652	0.0251041
1653	0.0250966
1654	0.0250891
1655	0.0250816
1656	0.0250741
1657	0.0250666
1658	0.0250592
1659	0.0250517
1660	0.0250442
1661	0.0250368
1662	0.0250293
1663	0.0250219
1664	0.0250145
1665	0.0250071
1666	0.0249996
1667	0.0249922
1668	0.0249848
1669	0.0249774
1670	0.02497
1671	0.0249627
1672	0.0249553
1673	0.0249479
1674	0.0249405
1675	0.0249332
1676	0.0249258
1677	0.0249185
1678	0.0249112
1679	0.0249038
1680	0.0248965
1681	0.0248892
1682	0.0248819
1683	0.0248746
1684	0.0248673
1685	0.02486
1686	0.0248527
1687	0.0248454
1688	0.0248381
1689	0.0248309
1690	0.0248236
1691	0.0248164
1692	0.0248091
1693	0.0248019
1694	0.0247946
1695	0.0247874
1696	0.0247802
1697	0.024773
1698	0.0247658
1699	0.0247586
1700	0.0247514
1701	0.0247442
1702	0.024737
1703	0.0247298
1704	0.0247226
1705	0.0247155
1706	0.0247083
1707	0.0247012
1708	0.024694
1709	0.0246869
1710	0.0246797
1711	0.0246726
1712	0.0246655
1713	0.0246584
1714	0.0246513
1715	0.0246442
1716	0.0246371
1717	0.02463
1718	0.0246229
1719	0.0246158
1720	0.0246087
1721	0.0246017
1722	0.0245946
1723	0.0245876
1724	0.0245805
1725	0.0245735
1726	0.0245664
1727	0.0245594
1728	0.0245524
1729	0.0245454
1730	0.0245383
1731	0.0245313
1732	0.0245243
1733	0.0245173
1734	0.0245104
1735	0.0245034
1736	0.0244964
1737	0.0244894
1738	0.0244825
1739	0.0244755
1740	0.0244686
1741	0.0244616
1742	0.0244547
1743	0.0244477
1744	0.0244408
1745	0.0244339
1746	0.024427
1747	0.0244201
1748	0.0244132
1749	0.0244063
1750	0.0243994
1751	0.0243925
1752	0.0243856
1753	0.0243787
1754	0.0243718
1755	0.024365
1756	0.0243581
1757	0.0243513
1758	0.0243444
1759	0.0243376
1760	0.0243308
1761	0.0243239
1762	0.0243171
1763	0.0243103
1764	0.0243035
1765	0.0242967
1766	0.0242899
1767	0.0242831
1768	0.0242763
1769	0.0242695
1770	0.0242627
1771	0.024256
1772	0.0242492
1773	0.0242424
1774	0.0242357
1775	0.0242289
1776	0.0242222
1777	0.0242154
1778	0.0242087
1779	0.024202
1780	0.0241953
1781	0.0241886
1782	0.0241818
1783	0.0241751
1784	0.0241684
1785	0.0241617
1786	0.0241551
1787	0.0241484
1788	0.0241417
1789	0.024135
1790	0.0241284
1791	0.0241217
1792	0.0241151
1793	0.0241084
1794	0.0241018
1795	0.0240951
1796	0.0240885
1797	0.0240819
1798	0.0240752
1799	0.0240686
1800	0.024062
1801	0.0240554
1802	0.0240488
1803	0.0240422
1804	0.0240356
1805	0.0240291
1806	0.0240225
1807	0.0240159
1808	0.0240093
1809	0.0240028
1810	0.0239962
1811	0.0239897
1812	0.0239831
1813	0.0239766
1814	0.0239701
1815	0.0239635
1816	0.023957
1817	0.0239505
1818	0.023944
1819	0.0239375
1820	0.023931
1821	0.0239245
1822	0.023918
1823	0.0239115
1824	0.023905
1825	0.0238985
1826	0.0238921
1827	0.0238856
1828	0.0238791
1829	0.0238727
1830	0.0238662
1831	0.0238598
1832	0.0238534
1833	0.0238469
1834	0.0238405
1835	0.0238341
1836	0.0238277
1837	0.0238212
1838	0.0238148
1839	0.0238084
1840	0.023802
1841	0.0237956
1842	0.0237893
1843	0.0237829
1844	0.0237765
1845	0.0237701
1846	0.0237638
1847	0.0237574
1848	0.023751
1849	0.0237447
1850	0.0237384
1851	0.023732
1852	0.0237257
1853	0.0237193
1854	0.023713
1855	0.0237067
1856	0.0237004
1857	0.0236941
1858	0.0236878
1859	0.0236815
1860	0.0236752
1861	0.0236689
1862	0.0236626
1863	0.0236563
1864	0.02365
1865	0.0236438
1866	0.0236375
1867	0.0236313
1868	0.023625
1869	0.0236187
1870	0.0236125
1871	0.0236063
1872	0.0236
1873	0.0235938
1874	0.0235876
1875	0.0235814
1876	0.0235751
1877	0.0235689
1878	0.0235627
1879	0.0235565
1880	0.0235503
1881	0.0235441
1882	0.023538
1883	0.0235318
1884	0.0235256
1885	0.0235194
1886	0.0235133
1887	0.0235071
1888	0.0235009
1889	0.0234948
1890	0.0234886
1891	0.0234825
1892	0.0234764
1893	0.0234702
1894	0.0234641
1895	0.023458
1896	0.0234519
1897	0.0234458
1898	0.0234396
1899	0.0234335
1900	0.0234274
1901	0.0234214
1902	0.0234153
1903	0.0234092
1904	0.0234031
1905	0.023397
1906	0.023391
1907	0.0233849
1908	0.0233788
1909	0.0233728
1910	0.0233667
1911	0.0233607
1912	0.0233546
1913	0.0233486
1914	0.0233426
1915	0.0233365
1916	0.0233305
1917	0.0233245
1918	0.0233185
1919	0.0233125
1920	0.0233065
1921	0.0233005
1922	0.0232945
1923	0.0232885
1924	0.0232825
1925	0.0232765
1926	0.0232705
1927	0.0232646
1928	0.0232586
1929	0.0232526
1930	0.0232467
1931	0.0232407
1932	0.0232348
1933	0.0232288
1934	0.0232229
1935	0.023217
1936	0.023211
1937	0.0232051
1938	0.0231992
1939	0.0231933
1940	0.0231874
1941	0.0231815
1942	0.0231755
1943	0.0231696
1944	0.0231638
1945	0.0231579
1946	0.023152
1947	0.0231461
1948	0.0231402
1949	0.0231344
1950	0.0231285
1951	0.0231226
1952	0.0231168
1953	0.0231109
1954	0.0231051
1955	0.0230992
1956	0.0230934
1957	0.0230875
1958	0.0230817
1959	0.0230759
1960	0.0230701
1961	0.0230642
1962	0.0230584
1963	0.0230526
1964	0.0230468
1965	0.023041
1966	0.0230352
1967	0.0230294
1968	0.0230236
1969	0.0230179
1970	0.0230121
1971	0.0230063
1972	0.0230005
1973	0.0229948
1974	0.022989
1975	0.0229832
1976	0.0229775
1977	0.0229717
1978	0.022966
1979	0.0229603
1980	0.0229545
1981	0.0229488
1982	0.0229431
1983	0.0229374
1984	0.0229316
1985	0.0229259
1986	0.0229202
1987	0.0229145
1988	0.0229088
1989	0.0229031
1990	0.0228974
1991	0.0228917
1992	0.022886
1993	0.0228804
1994	0.0228747
1995	0.022869
1996	0.0228634
1997	0.0228577
1998	0.022852
1999	0.0228464
