5	1317.17
7	878.046
9	658.493
11	526.764
13	438.948
15	376.223
17	329.181
19	292.594
21	263.324
23	239.377
25	219.421
27	202.535
29	188.063
31	175.52
33	164.545
35	154.861
37	146.253
39	138.552
41	131.621
43	125.35
45	119.649
47	114.444
49	109.673
51	105.283
53	101.232
55	97.48
57	93.9964
59	90.7531
61	87.7261
63	84.8944
65	82.2397
67	79.7459
69	77.3988
71	75.1859
73	73.096
75	71.119
77	69.2461
79	67.4692
81	65.7813
83	64.1756
85	62.6465
87	61.1885
89	59.7967
91	58.4669
93	57.1948
95	55.9769
97	54.8098
99	53.6903
101	52.6156
103	51.5831
105	50.5902
107	49.6349
109	48.7149
111	47.8284
113	46.9736
115	46.1488
117	45.3524
119	44.583
121	43.8393
123	43.1199
125	42.4238
127	41.7498
129	41.0968
131	40.4639
133	39.8503
135	39.2549
137	38.6771
139	38.116
141	37.5709
143	37.0412
145	36.5263
147	36.0254
149	35.5381
151	35.0637
153	34.6019
155	34.1521
157	33.7137
159	33.2865
161	32.87
163	32.4638
165	32.0675
167	31.6807
169	31.3031
171	30.9345
173	30.5744
175	30.2225
177	29.8787
179	29.5426
181	29.214
183	28.8926
185	28.5782
187	28.2706
189	27.9695
191	27.6747
193	27.3861
195	27.1034
197	26.8265
199	26.5552
201	26.2894
203	26.0288
205	25.7733
207	25.5228
209	25.277
211	25.036
213	24.7995
215	24.5675
217	24.3397
219	24.1161
221	23.8966
223	23.6811
225	23.4694
227	23.2614
229	23.0571
231	22.8564
233	22.6591
235	22.4652
237	22.2745
239	22.0871
241	21.9028
243	21.7216
245	21.5433
247	21.3679
249	21.1953
251	21.0256
253	20.8585
255	20.694
257	20.5321
259	20.3727
261	20.2158
263	20.0613
265	19.9091
267	19.7592
269	19.6115
271	19.4661
273	19.3227
275	19.1815
277	19.0423
279	18.9051
281	18.7699
283	18.6366
285	18.5051
287	18.3756
289	18.2478
291	18.1217
293	17.9974
295	17.8748
297	17.7539
299	17.6346
301	17.5168
303	17.4006
305	17.286
307	17.1729
309	17.0612
311	16.9509
313	16.8421
315	16.7347
317	16.6286
319	16.5239
321	16.4204
323	16.3183
325	16.2174
327	16.1178
329	16.0193
331	15.9221
333	15.826
335	15.7311
337	15.6373
339	15.5447
341	15.4531
343	15.3626
345	15.2731
347	15.1847
349	15.0973
351	15.0109
353	14.9255
355	14.841
357	14.7575
359	14.6749
361	14.5933
363	14.5125
365	14.4326
367	14.3536
369	14.2755
371	14.1982
373	14.1218
375	14.0461
377	13.9713
379	13.8972
381	13.824
383	13.7515
385	13.6797
387	13.6087
389	13.5385
391	13.4689
393	13.4001
395	13.332
397	13.2645
399	13.1978
401	13.1317
403	13.0662
405	13.0014
407	12.9373
409	12.8737
411	12.8108
413	12.7485
415	12.6868
417	12.6257
419	12.5652
421	12.5053
423	12.4459
425	12.3871
427	12.3289
429	12.2711
431	12.214
433	12.1573
435	12.1012
437	12.0456
439	11.9905
441	11.9359
443	11.8818
445	11.8282
447	11.775
449	11.7224
451	11.6702
453	11.6184
455	11.5672
457	11.5164
459	11.466
461	11.416
463	11.3665
465	11.3174
467	11.2688
469	11.2205
471	11.1727
473	11.1253
475	11.0782
477	11.0316
479	10.9854
481	10.9395
483	10.894
485	10.8489
487	10.8042
489	10.7598
491	10.7158
493	10.6722
495	10.6289
497	10.586
499	10.5434
501	10.5011
503	10.4592
505	10.4176
507	10.3764
509	10.3354
511	10.2948
513	10.2545
515	10.2146
517	10.1749
519	10.1355
521	10.0965
523	10.0577
525	10.0193
527	9.98108
529	9.9432
531	9.90561
533	9.8683
535	9.83126
537	9.79451
539	9.75803
541	9.72181
543	9.68587
545	9.65019
547	9.61477
549	9.57961
551	9.54471
553	9.51006
555	9.47565
557	9.4415
559	9.40759
561	9.37393
563	9.3405
565	9.30731
567	9.27436
569	9.24164
571	9.20914
573	9.17688
575	9.14484
577	9.11302
579	9.08143
581	9.05005
583	9.01888
585	8.98793
587	8.9572
589	8.92667
591	8.89634
593	8.86623
595	8.83631
597	8.8066
599	8.77708
601	8.74777
603	8.71864
605	8.68971
607	8.66098
609	8.63243
611	8.60407
613	8.57589
615	8.5479
617	8.52008
619	8.49245
621	8.465
623	8.43772
625	8.41062
627	8.3837
629	8.35694
631	8.33035
633	8.30393
635	8.27768
637	8.2516
639	8.22567
641	8.19991
643	8.17432
645	8.14887
647	8.12359
649	8.09846
651	8.07349
653	8.04867
655	8.02401
657	7.99949
659	7.97512
661	7.9509
663	7.92683
665	7.9029
667	7.87912
669	7.85548
671	7.83198
673	7.80862
675	7.78539
677	7.76231
679	7.73936
681	7.71655
683	7.69387
685	7.67132
687	7.64891
689	7.62662
691	7.60447
693	7.58244
695	7.56054
697	7.53877
699	7.51712
701	7.49559
703	7.47419
705	7.45291
707	7.43175
709	7.41071
711	7.38978
713	7.36898
715	7.34829
717	7.32772
719	7.30726
721	7.28692
723	7.26668
725	7.24657
727	7.22656
729	7.20666
731	7.18687
733	7.16719
735	7.14761
737	7.12815
739	7.10878
741	7.08953
743	7.07037
745	7.05132
747	7.03238
749	7.01353
751	6.99478
753	6.97614
755	6.95759
757	6.93914
759	6.92079
761	6.90253
763	6.88437
765	6.86631
767	6.84834
769	6.83046
771	6.81268
773	6.79499
775	6.77739
777	6.75988
779	6.74246
781	6.72513
783	6.70789
785	6.69074
787	6.67368
789	6.6567
791	6.6398
793	6.623
795	6.60628
797	6.58964
799	6.57308
801	6.55661
803	6.54022
805	6.52391
807	6.50768
809	6.49154
811	6.47547
813	6.45948
815	6.44357
817	6.42774
819	6.41199
821	6.39631
823	6.38071
825	6.36519
827	6.34974
829	6.33436
831	6.31906
833	6.30383
835	6.28868
837	6.2736
839	6.25859
841	6.24365
843	6.22878
845	6.21399
847	6.19926
849	6.1846
851	6.17002
853	6.1555
855	6.14104
857	6.12666
859	6.11234
861	6.09809
863	6.08391
865	6.06979
867	6.05574
869	6.04175
871	6.02783
873	6.01397
875	6.00017
877	5.98644
879	5.97277
881	5.95916
883	5.94561
885	5.93213
887	5.9187
889	5.90534
891	5.89203
893	5.87879
895	5.8656
897	5.85248
899	5.83941
901	5.8264
903	5.81345
905	5.80055
907	5.78772
909	5.77494
911	5.76221
913	5.74954
915	5.73693
917	5.72437
919	5.71187
921	5.69942
923	5.68702
925	5.67468
927	5.6624
929	5.65016
931	5.63798
933	5.62585
935	5.61377
937	5.60174
939	5.58977
941	5.57784
943	5.56597
945	5.55415
947	5.54238
949	5.53065
951	5.51898
953	5.50735
955	5.49578
957	5.48425
959	5.47277
961	5.46134
963	5.44995
965	5.43862
967	5.42733
969	5.41609
971	5.40489
973	5.39374
975	5.38263
977	5.37157
979	5.36056
981	5.34959
983	5.33867
985	5.32779
987	5.31695
989	5.30616
991	5.29541
993	5.28471
995	5.27405
997	5.26343
999	5.25285
1001	5.24232
1003	5.23182
1005	5.22137
1007	5.21097
1009	5.2006
1011	5.19027
1013	5.17999
1015	5.16974
1017	5.15954
1019	5.14938
1021	5.13925
1023	5.12917
1025	5.11912
1027	5.10912
1029	5.09915
1031	5.08922
1033	5.07933
1035	5.06948
1037	5.05967
1039	5.04989
1041	5.04015
1043	5.03045
1045	5.02079
1047	5.01116
1049	5.00157
1051	4.99202
1053	4.9825
1055	4.97302
1057	4.96358
1059	4.95417
1061	4.9448
1063	4.93546
1065	4.92616
1067	4.91689
1069	4.90765
1071	4.89846
1073	4.88929
1075	4.88016
1077	4.87107
1079	4.862
1081	4.85297
1083	4.84398
1085	4.83502
1087	4.82609
1089	4.81719
1091	4.80833
1093	4.7995
1095	4.7907
1097	4.78193
1099	4.7732
1101	4.76449
1103	4.75582
1105	4.74718
1107	4.73857
1109	4.73
1111	4.72145
1113	4.71293
1115	4.70445
1117	4.69599
1119	4.68757
1121	4.67917
1123	4.67081
1125	4.66248
1127	4.65417
1129	4.64589
1131	4.63765
1133	4.62943
1135	4.62124
1137	4.61308
1139	4.60495
1141	4.59685
1143	4.58878
1145	4.58073
1147	4.57272
1149	4.56473
1151	4.55676
1153	4.54883
1155	4.54092
1157	4.53305
1159	4.52519
1161	4.51737
1163	4.50957
1165	4.5018
1167	4.49406
1169	4.48634
1171	4.47865
1173	4.47098
1175	4.46334
1177	4.45573
1179	4.44814
1181	4.44058
1183	4.43305
1185	4.42554
1187	4.41805
1189	4.41059
1191	4.40316
1193	4.39575
1195	4.38836
1197	4.381
1199	4.37367
1201	4.36636
1203	4.35907
1205	4.35181
1207	4.34457
1209	4.33736
1211	4.33017
1213	4.323
1215	4.31586
1217	4.30874
1219	4.30164
1221	4.29457
1223	4.28752
1225	4.28049
1227	4.27349
1229	4.26651
1231	4.25955
1233	4.25261
1235	4.2457
1237	4.23881
1239	4.23194
1241	4.2251
1243	4.21827
1245	4.21147
1247	4.20469
1249	4.19793
1251	4.1912
1253	4.18448
1255	4.17779
1257	4.17111
1259	4.16446
1261	4.15783
1263	4.15122
1265	4.14463
1267	4.13807
1269	4.13152
1271	4.12499
1273	4.11849
1275	4.112
1277	4.10554
1279	4.0991
1281	4.09267
1283	4.08627
1285	4.07988
1287	4.07352
1289	4.06717
1291	4.06085
1293	4.05454
1295	4.04826
1297	4.04199
1299	4.03574
1301	4.02952
1303	4.02331
1305	4.01712
1307	4.01095
1309	4.0048
1311	3.99866
1313	3.99255
1315	3.98645
1317	3.98038
1319	3.97432
1321	3.96828
1323	3.96225
1325	3.95625
1327	3.95027
1329	3.9443
1331	3.93835
1333	3.93242
1335	3.9265
1337	3.92061
1339	3.91473
1341	3.90887
1343	3.90302
1345	3.8972
1347	3.89139
1349	3.8856
1351	3.87982
1353	3.87406
1355	3.86832
1357	3.8626
1359	3.85689
1361	3.85121
1363	3.84553
1365	3.83988
1367	3.83424
1369	3.82861
1371	3.82301
1373	3.81742
1375	3.81184
1377	3.80628
1379	3.80074
1381	3.79522
1383	3.78971
1385	3.78421
1387	3.77873
1389	3.77327
1391	3.76783
1393	3.7624
1395	3.75698
1397	3.75158
1399	3.7462
