5	1975.9
6	1580.67
7	1317.19
8	1128.99
9	987.845
10	878.065
11	790.242
12	718.387
13	658.509
14	607.843
15	564.416
16	526.779
17	493.847
18	464.79
19	438.961
20	415.852
21	395.053
22	376.236
23	359.129
24	343.51
25	329.193
26	316.021
27	303.862
28	292.604
29	282.151
30	272.418
31	263.334
32	254.837
33	246.87
34	239.387
35	232.343
36	225.702
37	219.43
38	213.497
39	207.877
40	202.545
41	197.479
42	192.66
43	188.071
44	183.696
45	179.519
46	175.528
47	171.711
48	168.056
49	164.553
50	161.193
51	157.968
52	154.869
53	151.889
54	149.022
55	146.261
56	143.601
57	141.035
58	138.56
59	136.169
60	133.86
61	131.628
62	129.469
63	127.38
64	125.357
65	123.397
66	121.498
67	119.656
68	117.869
69	116.135
70	114.451
71	112.815
72	111.225
73	109.68
74	108.176
75	106.714
76	105.29
77	103.904
78	102.554
79	101.238
80	99.9558
81	98.7057
82	97.4864
83	96.2968
84	95.1359
85	94.0027
86	92.8961
87	91.8153
88	90.7593
89	89.7273
90	88.7185
91	87.7322
92	86.7675
93	85.8238
94	84.9003
95	83.9966
96	83.1118
97	82.2455
98	81.3971
99	80.566
100	79.7517
101	78.9536
102	78.1714
103	77.4045
104	76.6525
105	75.915
106	75.1915
107	74.4817
108	73.7851
109	73.1015
110	72.4304
111	71.7715
112	71.1244
113	70.4889
114	69.8647
115	69.2514
116	68.6488
117	68.0566
118	67.4745
119	66.9023
120	66.3397
121	65.7865
122	65.2424
123	64.7073
124	64.1808
125	63.6628
126	63.1532
127	62.6516
128	62.1579
129	61.6719
130	61.1935
131	60.7224
132	60.2586
133	59.8017
134	59.3517
135	58.9085
136	58.4718
137	58.0415
138	57.6176
139	57.1997
140	56.7879
141	56.3819
142	55.9818
143	55.5872
144	55.1982
145	54.8146
146	54.4363
147	54.0631
148	53.695
149	53.332
150	52.9737
151	52.6203
152	52.2715
153	51.9274
154	51.5877
155	51.2524
156	50.9215
157	50.5948
158	50.2723
159	49.9539
160	49.6394
161	49.3289
162	49.0223
163	48.7194
164	48.4203
165	48.1248
166	47.8329
167	47.5445
168	47.2596
169	46.978
170	46.6998
171	46.4249
172	46.1531
173	45.8846
174	45.6191
175	45.3567
176	45.0973
177	44.8409
178	44.5873
179	44.3366
180	44.0887
181	43.8435
182	43.6011
183	43.3613
184	43.1242
185	42.8896
186	42.6575
187	42.428
188	42.2009
189	41.9762
190	41.7539
191	41.534
192	41.3163
193	41.101
194	40.8878
195	40.6768
196	40.4681
197	40.2614
198	40.0568
199	39.8543
200	39.6539
201	39.4554
202	39.259
203	39.0644
204	38.8718
205	38.6811
206	38.4922
207	38.3052
208	38.12
209	37.9365
210	37.7548
211	37.5749
212	37.3966
213	37.2201
214	37.0452
215	36.8719
216	36.7002
217	36.5302
218	36.3617
219	36.1947
220	36.0293
221	35.8653
222	35.7029
223	35.5419
224	35.3824
225	35.2243
226	35.0676
227	34.9122
228	34.7583
229	34.6057
230	34.4544
231	34.3045
232	34.1558
233	34.0085
234	33.8624
235	33.7175
236	33.5739
237	33.4315
238	33.2903
239	33.1503
240	33.0114
241	32.8737
242	32.7372
243	32.6018
244	32.4675
245	32.3343
246	32.2022
247	32.0711
248	31.9411
249	31.8122
250	31.6843
251	31.5575
252	31.4316
253	31.3067
254	31.1829
255	31.06
256	30.938
257	30.8171
258	30.697
259	30.5779
260	30.4597
261	30.3425
262	30.2261
263	30.1106
264	29.996
265	29.8822
266	29.7694
267	29.6573
268	29.5461
269	29.4358
270	29.3262
271	29.2175
272	29.1096
273	29.0024
274	28.8961
275	28.7905
276	28.6857
277	28.5817
278	28.4784
279	28.3758
280	28.274
281	28.1729
282	28.0725
283	27.9729
284	27.8739
285	27.7757
286	27.6781
287	27.5812
288	27.485
289	27.3895
290	27.2946
291	27.2004
292	27.1068
293	27.0139
294	26.9216
295	26.8299
296	26.7388
297	26.6484
298	26.5586
299	26.4693
300	26.3807
301	26.2927
302	26.2052
303	26.1184
304	26.0321
305	25.9463
306	25.8612
307	25.7766
308	25.6925
309	25.609
310	25.526
311	25.4436
312	25.3617
313	25.2803
314	25.1994
315	25.1191
316	25.0393
317	24.9599
318	24.8811
319	24.8028
320	24.7249
321	24.6476
322	24.5707
323	24.4943
324	24.4184
325	24.3429
326	24.2679
327	24.1934
328	24.1193
329	24.0457
330	23.9725
331	23.8998
332	23.8275
333	23.7557
334	23.6842
335	23.6132
336	23.5427
337	23.4725
338	23.4028
339	23.3335
340	23.2645
341	23.196
342	23.1279
343	23.0602
344	22.9929
345	22.926
346	22.8595
347	22.7933
348	22.7275
349	22.6622
350	22.5971
351	22.5325
352	22.4682
353	22.4043
354	22.3408
355	22.2776
356	22.2147
357	22.1523
358	22.0901
359	22.0284
360	21.9669
361	21.9058
362	21.8451
363	21.7847
364	21.7246
365	21.6648
366	21.6054
367	21.5463
368	21.4875
369	21.429
370	21.3709
371	21.3131
372	21.2555
373	21.1983
374	21.1414
375	21.0848
376	21.0285
377	20.9725
378	20.9168
379	20.8614
380	20.8063
381	20.7515
382	20.6969
383	20.6427
384	20.5887
385	20.535
386	20.4816
387	20.4285
388	20.3757
389	20.3231
390	20.2708
391	20.2187
392	20.1669
393	20.1154
394	20.0642
395	20.0132
396	19.9625
397	19.912
398	19.8618
399	19.8118
400	19.7621
401	19.7126
402	19.6634
403	19.6144
404	19.5657
405	19.5172
406	19.4689
407	19.4209
408	19.3731
409	19.3256
410	19.2783
411	19.2312
412	19.1843
413	19.1377
414	19.0913
415	19.0451
416	18.9992
417	18.9534
418	18.9079
419	18.8626
420	18.8176
421	18.7727
422	18.728
423	18.6836
424	18.6394
425	18.5954
426	18.5515
427	18.5079
428	18.4645
429	18.4213
430	18.3783
431	18.3355
432	18.2929
433	18.2505
434	18.2083
435	18.1663
436	18.1245
437	18.0829
438	18.0414
439	18.0002
440	17.9591
441	17.9183
442	17.8776
443	17.8371
444	17.7967
445	17.7566
446	17.7166
447	17.6769
448	17.6373
449	17.5978
450	17.5586
451	17.5195
452	17.4806
453	17.4419
454	17.4033
455	17.365
456	17.3267
457	17.2887
458	17.2508
459	17.2131
460	17.1755
461	17.1381
462	17.1009
463	17.0638
464	17.0269
465	16.9902
466	16.9536
467	16.9172
468	16.8809
469	16.8448
470	16.8088
471	16.773
472	16.7373
473	16.7018
474	16.6665
475	16.6312
476	16.5962
477	16.5613
478	16.5265
479	16.4919
480	16.4574
481	16.4231
482	16.3889
483	16.3548
484	16.3209
485	16.2871
486	16.2535
487	16.22
488	16.1867
489	16.1534
490	16.1204
491	16.0874
492	16.0546
493	16.0219
494	15.9894
495	15.957
496	15.9247
497	15.8925
498	15.8605
499	15.8286
500	15.7968
501	15.7652
502	15.7337
503	15.7023
504	15.671
505	15.6399
506	15.6089
507	15.578
508	15.5472
509	15.5166
510	15.486
511	15.4556
512	15.4253
513	15.3952
514	15.3651
515	15.3352
516	15.3054
517	15.2757
518	15.2461
519	15.2166
520	15.1872
521	15.158
522	15.1288
523	15.0998
524	15.0709
525	15.0421
526	15.0134
527	14.9848
528	14.9563
529	14.928
530	14.8997
531	14.8715
532	14.8435
533	14.8156
534	14.7877
535	14.76
536	14.7324
537	14.7048
538	14.6774
539	14.6501
540	14.6229
541	14.5957
542	14.5687
543	14.5418
544	14.515
545	14.4882
546	14.4616
547	14.4351
548	14.4087
549	14.3823
550	14.3561
551	14.33
552	14.3039
553	14.278
554	14.2521
555	14.2263
556	14.2007
557	14.1751
558	14.1496
559	14.1242
560	14.0989
561	14.0737
562	14.0485
563	14.0235
564	13.9986
565	13.9737
566	13.9489
567	13.9243
568	13.8997
569	13.8751
570	13.8507
571	13.8264
572	13.8021
573	13.778
574	13.7539
575	13.7299
576	13.706
577	13.6821
578	13.6584
579	13.6347
580	13.6111
581	13.5876
582	13.5642
583	13.5409
584	13.5176
585	13.4944
586	13.4713
587	13.4483
588	13.4253
589	13.4025
590	13.3797
591	13.357
592	13.3343
593	13.3118
594	13.2893
595	13.2669
596	13.2445
597	13.2223
598	13.2001
599	13.178
600	13.156
601	13.134
602	13.1121
603	13.0903
604	13.0685
605	13.0469
606	13.0253
607	13.0037
608	12.9823
609	12.9609
610	12.9396
611	12.9183
612	12.8972
613	12.8761
614	12.855
615	12.834
616	12.8131
617	12.7923
618	12.7715
619	12.7508
620	12.7302
621	12.7096
622	12.6891
623	12.6687
624	12.6483
625	12.628
626	12.6078
627	12.5876
628	12.5675
629	12.5475
630	12.5275
631	12.5076
632	12.4877
633	12.4679
634	12.4482
635	12.4285
636	12.4089
637	12.3894
638	12.3699
639	12.3505
640	12.3311
641	12.3118
642	12.2926
643	12.2734
644	12.2543
645	12.2352
646	12.2162
647	12.1973
648	12.1784
649	12.1596
650	12.1408
651	12.1221
652	12.1034
653	12.0849
654	12.0663
655	12.0478
656	12.0294
657	12.011
658	11.9927
659	11.9745
660	11.9563
661	11.9381
662	11.92
663	11.902
664	11.884
665	11.8661
666	11.8482
667	11.8304
668	11.8126
669	11.7949
670	11.7773
671	11.7596
672	11.7421
673	11.7246
674	11.7071
675	11.6897
676	11.6724
677	11.6551
678	11.6379
679	11.6207
680	11.6035
681	11.5864
682	11.5694
683	11.5524
684	11.5354
685	11.5185
686	11.5017
687	11.4849
688	11.4682
689	11.4515
690	11.4348
691	11.4182
692	11.4017
693	11.3852
694	11.3687
695	11.3523
696	11.3359
697	11.3196
698	11.3033
699	11.2871
700	11.2709
701	11.2548
702	11.2387
703	11.2227
704	11.2067
705	11.1908
706	11.1749
707	11.159
708	11.1432
709	11.1274
710	11.1117
711	11.096
712	11.0804
713	11.0648
714	11.0493
715	11.0338
716	11.0183
717	11.0029
718	10.9875
719	10.9722
720	10.9569
721	10.9416
722	10.9264
723	10.9113
724	10.8962
725	10.8811
726	10.8661
727	10.8511
728	10.8361
729	10.8212
730	10.8063
731	10.7915
732	10.7767
733	10.762
734	10.7473
735	10.7326
736	10.718
737	10.7034
738	10.6888
739	10.6743
740	10.6598
741	10.6454
742	10.631
743	10.6167
744	10.6023
745	10.5881
746	10.5738
747	10.5596
748	10.5455
749	10.5314
750	10.5173
751	10.5032
752	10.4892
753	10.4752
754	10.4613
755	10.4474
756	10.4335
757	10.4197
758	10.4059
759	10.3922
760	10.3785
761	10.3648
762	10.3511
763	10.3375
764	10.3239
765	10.3104
766	10.2969
767	10.2834
768	10.27
769	10.2566
770	10.2432
771	10.2299
772	10.2166
773	10.2034
774	10.1901
775	10.177
776	10.1638
777	10.1507
778	10.1376
779	10.1245
780	10.1115
781	10.0985
782	10.0856
783	10.0727
784	10.0598
785	10.0469
786	10.0341
787	10.0213
788	10.0085
789	9.99582
790	9.98313
791	9.97047
792	9.95784
793	9.94524
794	9.93268
795	9.92015
796	9.90764
797	9.89517
798	9.88274
799	9.87033
800	9.85795
801	9.84561
802	9.83329
803	9.82101
804	9.80876
805	9.79653
806	9.78434
807	9.77218
808	9.76005
809	9.74795
810	9.73587
811	9.72383
812	9.71182
813	9.69984
814	9.68788
815	9.67596
816	9.66407
817	9.6522
818	9.64036
819	9.62856
820	9.61678
821	9.60503
822	9.59331
823	9.58161
824	9.56995
825	9.55831
826	9.54671
827	9.53513
828	9.52358
829	9.51205
830	9.50056
831	9.48909
832	9.47765
833	9.46623
834	9.45485
835	9.44349
836	9.43216
837	9.42086
838	9.40958
839	9.39833
840	9.38711
841	9.37591
842	9.36474
843	9.3536
844	9.34248
845	9.33139
846	9.32033
847	9.30929
848	9.29828
849	9.28729
850	9.27633
851	9.2654
852	9.25449
853	9.24361
854	9.23275
855	9.22192
856	9.21111
857	9.20033
858	9.18957
859	9.17884
860	9.16813
861	9.15745
862	9.1468
863	9.13617
864	9.12556
865	9.11498
866	9.10442
867	9.09389
868	9.08338
869	9.07289
870	9.06243
871	9.05199
872	9.04158
873	9.03119
874	9.02083
875	9.01049
876	9.00017
877	8.98987
878	8.9796
879	8.96936
880	8.95913
881	8.94893
882	8.93875
883	8.9286
884	8.91847
885	8.90836
886	8.89827
887	8.88821
888	8.87817
889	8.86815
890	8.85816
891	8.84819
892	8.83824
893	8.82831
894	8.8184
895	8.80852
896	8.79866
897	8.78882
898	8.779
899	8.76921
900	8.75943
901	8.74968
902	8.73995
903	8.73024
904	8.72056
905	8.71089
906	8.70125
907	8.69162
908	8.68202
909	8.67244
910	8.66288
911	8.65334
912	8.64383
913	8.63433
914	8.62485
915	8.6154
916	8.60596
917	8.59655
918	8.58716
919	8.57778
920	8.56843
921	8.5591
922	8.54979
923	8.5405
924	8.53123
925	8.52197
926	8.51274
927	8.50353
928	8.49434
929	8.48517
930	8.47602
931	8.46688
932	8.45777
933	8.44868
934	8.4396
935	8.43055
936	8.42152
937	8.4125
938	8.4035
939	8.39453
940	8.38557
941	8.37663
942	8.36771
943	8.35881
944	8.34993
945	8.34107
946	8.33222
947	8.3234
948	8.31459
949	8.3058
950	8.29703
951	8.28828
952	8.27955
953	8.27083
954	8.26214
955	8.25346
956	8.2448
957	8.23616
958	8.22753
959	8.21893
960	8.21034
961	8.20177
962	8.19322
963	8.18468
964	8.17617
965	8.16767
966	8.15919
967	8.15072
968	8.14228
969	8.13385
970	8.12544
971	8.11704
972	8.10867
973	8.10031
974	8.09197
975	8.08364
976	8.07533
977	8.06704
978	8.05877
979	8.05051
980	8.04227
981	8.03405
982	8.02584
983	8.01765
984	8.00948
985	8.00132
986	7.99318
987	7.98506
988	7.97695
989	7.96886
990	7.96079
991	7.95273
992	7.94469
993	7.93666
994	7.92865
995	7.92066
996	7.91268
997	7.90472
998	7.89678
999	7.88885
1000	7.88094
