10	8.35553
20	2.01589
30	0.572098
40	0.164652
50	0.00430031
60	0.033073
70	0.00644261
80	0.00674778
90	0.00128134
100	0.00183049
110	6.94162e-05
120	0.000465378
130	0.000184295
140	5.41015e-05
150	7.73728e-05
160	2.34203e-05
170	9.89291e-06
180	1.2635e-05
190	4.75864e-06
200	7.44109e-07
210	1.92105e-06
220	1.09308e-06
230	1.93688e-07
240	1.88458e-07
250	1.98011e-07
260	9.35118e-08
270	1.30167e-08
280	1.7603e-08
290	1.7876e-08
300	9.2534e-09
310	2.33508e-09
320	7.59578e-10
330	1.31043e-09
340	8.90467e-10
350	3.87785e-10
360	8.29628e-11
370	3.70961e-11
380	5.7102e-11
390	4.22335e-11
400	2.37549e-11
410	1.07956e-11
420	3.27454e-12
430	7.98387e-13
440	2.84642e-12
450	3.58696e-12
460	3.2514e-12
470	2.33731e-12
480	1.07609e-12
490	5.78541e-14
500	8.90953e-13
510	1.24965e-12
520	1.16865e-12
530	8.4467e-13
540	4.2812e-13
550	3.47125e-14
560	2.66129e-13
570	4.1655e-13
580	3.81837e-13
590	3.12412e-13
600	1.50421e-13
610	4.62833e-14
620	1.15708e-14
630	8.09958e-14
640	1.50421e-13
650	8.09958e-14
660	6.94249e-14
670	4.62833e-14
680	3.47125e-14
690	0
700	2.31416e-14
710	2.31416e-14
720	2.31416e-14
730	1.15708e-14
740	0
750	1.15708e-14
760	2.31416e-14
770	3.47125e-14
780	2.31416e-14
790	1.15708e-14
800	2.31416e-14
810	0
820	1.15708e-14
830	1.15708e-14
840	2.31416e-14
850	0
860	2.31416e-14
870	2.31416e-14
880	1.15708e-14
890	1.15708e-14
900	1.15708e-14
910	2.31416e-14
920	1.15708e-14
930	2.31416e-14
940	2.31416e-14
950	2.31416e-14
960	1.15708e-14
970	2.31416e-14
980	3.47125e-14
990	2.31416e-14
1000	1.15708e-14
1010	2.31416e-14
1020	4.62833e-14
1030	4.62833e-14
1040	1.15708e-14
1050	2.31416e-14
1060	2.31416e-14
1070	5.78541e-14
1080	0
1090	3.47125e-14
1100	4.62833e-14
1110	2.31416e-14
1120	1.15708e-14
1130	0
1140	3.47125e-14
1150	0
1160	1.15708e-14
1170	4.62833e-14
1180	0
1190	2.31416e-14
1200	4.62833e-14
1210	1.15708e-14
1220	0
1230	2.31416e-14
1240	3.47125e-14
1250	2.31416e-14
1260	2.31416e-14
1270	2.31416e-14
1280	2.31416e-14
1290	2.31416e-14
1300	2.31416e-14
1310	2.31416e-14
1320	1.15708e-14
1330	2.31416e-14
1340	5.78541e-14
1350	0
1360	5.78541e-14
1370	4.62833e-14
1380	1.15708e-14
1390	2.31416e-14
1400	2.31416e-14
1410	1.15708e-14
1420	2.31416e-14
1430	2.31416e-14
1440	4.62833e-14
1450	4.62833e-14
1460	2.31416e-14
1470	4.62833e-14
1480	3.47125e-14
1490	3.47125e-14
1500	1.15708e-14
1510	3.47125e-14
1520	0
1530	3.47125e-14
1540	1.15708e-14
1550	4.62833e-14
1560	4.62833e-14
1570	2.31416e-14
1580	2.31416e-14
1590	1.15708e-14
1600	1.15708e-14
1610	0
1620	3.47125e-14
1630	3.47125e-14
1640	8.09958e-14
1650	2.31416e-14
1660	4.62833e-14
1670	2.31416e-14
1680	2.31416e-14
1690	1.15708e-14
1700	3.47125e-14
1710	0
1720	2.31416e-14
1730	4.62833e-14
1740	1.15708e-14
1750	0
1760	5.78541e-14
1770	0
1780	3.47125e-14
1790	3.47125e-14
1800	3.47125e-14
1810	2.31416e-14
1820	3.47125e-14
1830	0
1840	1.15708e-14
1850	5.78541e-14
1860	1.15708e-14
1870	1.15708e-14
1880	1.15708e-14
1890	2.31416e-14
1900	3.47125e-14
1910	0
1920	5.78541e-14
1930	3.47125e-14
1940	9.25666e-14
1950	3.47125e-14
1960	2.31416e-14
1970	2.31416e-14
1980	1.15708e-14
1990	2.31416e-14
2000	2.31416e-14
2010	3.47125e-14
2020	1.15708e-14
2030	3.47125e-14
2040	5.78541e-14
2050	0
2060	1.15708e-14
2070	0
2080	2.31416e-14
2090	4.62833e-14
2100	1.15708e-14
2110	2.31416e-14
2120	0
2130	1.15708e-14
2140	0
2150	0
2160	5.78541e-14
2170	2.31416e-14
2180	3.47125e-14
2190	2.31416e-14
2200	3.47125e-14
2210	2.31416e-14
2220	3.47125e-14
2230	5.78541e-14
2240	3.47125e-14
2250	2.31416e-14
2260	2.31416e-14
2270	2.31416e-14
2280	1.15708e-14
2290	2.31416e-14
2300	8.09958e-14
2310	3.47125e-14
2320	2.31416e-14
2330	4.62833e-14
2340	2.31416e-14
2350	1.15708e-14
2360	1.15708e-14
2370	1.15708e-14
2380	1.15708e-14
2390	3.47125e-14
2400	9.25666e-14
2410	3.47125e-14
2420	3.47125e-14
2430	1.15708e-14
2440	3.47125e-14
2450	5.78541e-14
2460	0
2470	2.31416e-14
2480	2.31416e-14
2490	1.15708e-14
2500	2.31416e-14
2510	6.94249e-14
2520	3.47125e-14
2530	3.47125e-14
2540	1.15708e-14
2550	2.31416e-14
2560	6.94249e-14
2570	6.94249e-14
2580	2.31416e-14
2590	5.78541e-14
2600	3.47125e-14
2610	2.31416e-14
2620	8.09958e-14
2630	1.15708e-14
2640	2.31416e-14
2650	5.78541e-14
2660	1.15708e-14
2670	4.62833e-14
2680	5.78541e-14
2690	5.78541e-14
2700	1.04137e-13
2710	2.31416e-14
2720	8.09958e-14
2730	0
2740	6.94249e-14
2750	2.31416e-14
2760	5.78541e-14
2770	2.31416e-14
2780	1.15708e-14
2790	0
2800	5.78541e-14
2810	2.31416e-14
2820	3.47125e-14
2830	3.47125e-14
2840	4.62833e-14
2850	5.78541e-14
2860	3.47125e-14
2870	1.15708e-14
2880	3.47125e-14
2890	1.15708e-14
2900	1.15708e-14
2910	1.15708e-14
2920	3.47125e-14
2930	2.31416e-14
2940	0
2950	4.62833e-14
2960	2.31416e-14
2970	4.62833e-14
2980	2.31416e-14
2990	1.15708e-14
3000	4.62833e-14
3010	0
3020	4.62833e-14
3030	2.31416e-14
3040	3.47125e-14
3050	2.31416e-14
3060	6.94249e-14
3070	9.25666e-14
3080	4.62833e-14
3090	1.04137e-13
3100	2.31416e-14
3110	2.31416e-14
3120	1.15708e-14
3130	0
3140	0
3150	3.47125e-14
3160	4.62833e-14
3170	2.31416e-14
3180	1.15708e-14
3190	6.94249e-14
3200	5.78541e-14
3210	3.47125e-14
3220	2.31416e-14
3230	1.04137e-13
3240	2.31416e-14
3250	6.94249e-14
3260	9.25666e-14
3270	2.31416e-14
3280	4.62833e-14
3290	3.47125e-14
3300	5.78541e-14
3310	4.62833e-14
3320	8.09958e-14
3330	3.47125e-14
3340	4.62833e-14
3350	3.47125e-14
3360	3.47125e-14
3370	1.04137e-13
3380	3.47125e-14
3390	4.62833e-14
3400	0
3410	2.31416e-14
3420	8.09958e-14
3430	2.31416e-14
3440	6.94249e-14
3450	9.25666e-14
3460	1.15708e-14
3470	2.31416e-14
3480	1.15708e-14
3490	0
3500	0
3510	2.31416e-14
3520	0
3530	4.62833e-14
3540	4.62833e-14
3550	2.31416e-14
3560	2.31416e-14
3570	1.15708e-14
3580	4.62833e-14
3590	1.15708e-14
3600	0
3610	2.31416e-14
3620	6.94249e-14
3630	2.31416e-14
3640	0
3650	2.31416e-14
3660	1.15708e-14
3670	0
3680	8.09958e-14
3690	3.47125e-14
3700	1.15708e-14
3710	5.78541e-14
3720	1.15708e-14
3730	3.47125e-14
3740	0
3750	1.15708e-14
3760	3.47125e-14
3770	8.09958e-14
3780	1.15708e-14
3790	4.62833e-14
3800	4.62833e-14
3810	5.78541e-14
3820	1.15708e-14
3830	3.47125e-14
3840	2.31416e-14
3850	3.47125e-14
3860	1.15708e-14
3870	1.27279e-13
3880	3.47125e-14
3890	2.31416e-14
3900	1.15708e-14
3910	1.15708e-14
3920	0
3930	1.15708e-14
3940	4.62833e-14
3950	3.47125e-14
3960	1.27279e-13
3970	0
3980	2.31416e-14
3990	3.47125e-14
4000	2.31416e-14
4010	5.78541e-14
4020	3.47125e-14
4030	5.78541e-14
4040	1.15708e-14
4050	6.94249e-14
4060	1.15708e-13
4070	2.31416e-14
4080	2.31416e-14
4090	4.62833e-14
4100	5.78541e-14
4110	2.31416e-14
4120	9.25666e-14
4130	2.31416e-14
4140	2.31416e-14
4150	3.47125e-14
4160	4.62833e-14
4170	1.15708e-14
4180	6.94249e-14
4190	0
4200	4.62833e-14
4210	3.47125e-14
4220	3.47125e-14
4230	1.15708e-14
4240	8.09958e-14
4250	3.47125e-14
4260	1.15708e-14
4270	1.15708e-14
4280	1.15708e-14
4290	1.15708e-14
4300	3.47125e-14
4310	1.15708e-14
4320	3.47125e-14
4330	1.15708e-14
4340	4.62833e-14
4350	1.04137e-13
4360	6.94249e-14
4370	4.62833e-14
4380	0
4390	2.31416e-14
4400	2.31416e-14
4410	5.78541e-14
4420	4.62833e-14
4430	3.47125e-14
4440	8.09958e-14
4450	5.78541e-14
4460	3.47125e-14
4470	2.31416e-14
4480	0
4490	0
4500	4.62833e-14
4510	0
4520	1.15708e-14
4530	3.47125e-14
4540	2.31416e-14
4550	3.47125e-14
4560	2.31416e-14
4570	0
4580	3.47125e-14
4590	1.15708e-14
4600	8.09958e-14
4610	0
4620	1.15708e-14
4630	2.31416e-14
4640	2.31416e-14
4650	4.62833e-14
4660	9.25666e-14
4670	1.15708e-14
4680	3.47125e-14
4690	5.78541e-14
4700	2.31416e-14
4710	5.78541e-14
4720	6.94249e-14
4730	1.15708e-14
4740	1.15708e-14
4750	2.31416e-14
4760	4.62833e-14
4770	6.94249e-14
4780	6.94249e-14
4790	1.15708e-13
4800	2.31416e-14
4810	5.78541e-14
4820	6.94249e-14
4830	5.78541e-14
4840	1.15708e-14
4850	4.62833e-14
4860	0
4870	3.47125e-14
4880	5.78541e-14
4890	5.78541e-14
4900	4.62833e-14
4910	2.31416e-14
4920	0
4930	3.47125e-14
4940	5.78541e-14
4950	3.47125e-14
4960	1.15708e-14
4970	1.15708e-14
4980	2.31416e-14
4990	2.31416e-14
5000	1.15708e-14
5010	8.09958e-14
5020	0
5030	3.47125e-14
5040	3.47125e-14
5050	4.62833e-14
5060	2.31416e-14
5070	1.15708e-14
5080	1.15708e-14
5090	3.47125e-14
5100	5.78541e-14
5110	2.31416e-14
5120	4.62833e-14
5130	9.25666e-14
5140	2.31416e-14
5150	1.15708e-14
5160	6.94249e-14
5170	1.15708e-14
5180	8.09958e-14
5190	8.09958e-14
5200	8.09958e-14
5210	5.78541e-14
5220	0
5230	1.15708e-14
5240	3.47125e-14
5250	9.25666e-14
5260	3.47125e-14
5270	3.47125e-14
5280	1.15708e-14
5290	1.15708e-14
5300	3.47125e-14
5310	0
5320	2.31416e-14
5330	2.31416e-14
5340	9.25666e-14
5350	3.47125e-14
5360	3.47125e-14
5370	1.15708e-14
5380	2.31416e-14
5390	2.31416e-14
5400	0
5410	1.15708e-14
5420	3.47125e-14
5430	1.15708e-14
5440	3.47125e-14
5450	4.62833e-14
5460	3.47125e-14
5470	4.62833e-14
5480	3.47125e-14
5490	5.78541e-14
5500	9.25666e-14
5510	1.15708e-14
5520	0
5530	4.62833e-14
5540	5.78541e-14
5550	5.78541e-14
5560	3.47125e-14
5570	3.47125e-14
5580	6.94249e-14
5590	4.62833e-14
5600	2.31416e-14
5610	1.15708e-14
5620	4.62833e-14
5630	4.62833e-14
5640	4.62833e-14
5650	4.62833e-14
5660	5.78541e-14
5670	0
5680	8.09958e-14
5690	1.73562e-13
5700	3.47125e-14
5710	3.47125e-14
5720	5.78541e-14
5730	6.94249e-14
5740	1.15708e-14
5750	2.31416e-14
5760	6.94249e-14
5770	2.31416e-14
5780	8.09958e-14
5790	2.31416e-14
5800	6.94249e-14
5810	1.15708e-14
5820	9.25666e-14
5830	5.78541e-14
5840	6.94249e-14
5850	3.47125e-14
5860	1.15708e-14
5870	1.15708e-14
5880	1.04137e-13
5890	1.15708e-14
5900	0
5910	1.15708e-14
5920	8.09958e-14
5930	4.62833e-14
5940	0
5950	4.62833e-14
5960	8.09958e-14
5970	1.15708e-14
5980	1.15708e-14
5990	4.62833e-14
6000	8.09958e-14
6010	3.47125e-14
6020	3.47125e-14
6030	6.94249e-14
6040	3.47125e-14
6050	1.50421e-13
6060	1.15708e-14
6070	2.31416e-14
6080	1.15708e-14
6090	6.94249e-14
6100	1.15708e-13
6110	5.78541e-14
6120	8.09958e-14
6130	4.62833e-14
6140	6.94249e-14
6150	1.15708e-14
6160	4.62833e-14
6170	6.94249e-14
6180	5.78541e-14
6190	8.09958e-14
6200	0
6210	2.31416e-14
6220	1.15708e-14
6230	1.3885e-13
6240	6.94249e-14
6250	6.94249e-14
6260	3.47125e-14
6270	1.04137e-13
6280	2.31416e-14
6290	1.50421e-13
6300	1.15708e-14
6310	2.31416e-14
6320	1.04137e-13
6330	1.15708e-13
6340	1.04137e-13
6350	3.47125e-14
6360	4.62833e-14
6370	4.62833e-14
6380	4.62833e-14
6390	2.31416e-14
6400	3.47125e-14
6410	5.78541e-14
6420	4.62833e-14
6430	0
6440	6.94249e-14
6450	1.15708e-13
6460	3.47125e-14
6470	1.04137e-13
6480	1.15708e-14
6490	3.47125e-14
6500	1.3885e-13
6510	0
6520	1.15708e-14
6530	1.15708e-14
6540	1.3885e-13
6550	1.15708e-13
6560	2.31416e-14
6570	9.25666e-14
6580	2.31416e-14
6590	4.62833e-14
6600	4.62833e-14
6610	0
6620	6.94249e-14
6630	6.94249e-14
6640	3.47125e-14
6650	2.31416e-14
6660	6.94249e-14
6670	5.78541e-14
6680	5.78541e-14
6690	5.78541e-14
6700	2.31416e-14
6710	1.3885e-13
6720	6.94249e-14
6730	5.78541e-14
6740	1.15708e-13
6750	5.78541e-14
6760	2.31416e-14
6770	2.31416e-14
6780	5.78541e-14
6790	2.31416e-14
6800	3.47125e-14
6810	1.04137e-13
6820	2.31416e-14
6830	9.25666e-14
6840	3.47125e-14
6850	8.09958e-14
6860	4.62833e-14
6870	4.62833e-14
6880	6.94249e-14
6890	6.94249e-14
6900	2.31416e-14
6910	2.31416e-14
6920	2.31416e-14
6930	6.94249e-14
6940	6.94249e-14
6950	2.31416e-14
6960	1.27279e-13
6970	5.78541e-14
6980	4.62833e-14
6990	3.47125e-14
7000	1.15708e-14
7010	5.78541e-14
7020	6.94249e-14
7030	1.15708e-14
7040	5.78541e-14
7050	5.78541e-14
7060	0
7070	4.62833e-14
7080	1.15708e-13
7090	5.78541e-14
7100	2.31416e-14
7110	1.15708e-14
7120	3.47125e-14
7130	5.78541e-14
7140	6.94249e-14
7150	2.31416e-14
7160	1.15708e-14
7170	1.15708e-14
7180	1.15708e-14
7190	4.62833e-14
7200	9.25666e-14
7210	0
7220	1.15708e-14
7230	9.25666e-14
7240	2.31416e-14
7250	6.94249e-14
7260	6.94249e-14
7270	1.15708e-14
7280	9.25666e-14
7290	6.94249e-14
7300	8.09958e-14
7310	8.09958e-14
7320	5.78541e-14
7330	1.04137e-13
7340	5.78541e-14
7350	2.31416e-14
7360	5.78541e-14
7370	2.31416e-14
7380	3.47125e-14
7390	0
7400	5.78541e-14
7410	1.27279e-13
7420	0
7430	1.15708e-14
7440	2.31416e-14
7450	3.47125e-14
7460	4.62833e-14
7470	5.78541e-14
7480	1.15708e-14
7490	6.94249e-14
7500	5.78541e-14
7510	4.62833e-14
7520	9.25666e-14
7530	5.78541e-14
7540	6.94249e-14
7550	8.09958e-14
7560	4.62833e-14
7570	1.15708e-14
7580	4.62833e-14
7590	3.47125e-14
7600	6.94249e-14
7610	1.15708e-13
7620	3.47125e-14
7630	3.47125e-14
7640	1.27279e-13
7650	5.78541e-14
7660	1.15708e-14
7670	6.94249e-14
7680	3.47125e-14
7690	0
7700	9.25666e-14
7710	1.15708e-14
7720	0
7730	6.94249e-14
7740	1.15708e-14
7750	1.3885e-13
7760	6.94249e-14
7770	5.78541e-14
7780	2.31416e-14
7790	1.04137e-13
7800	2.31416e-14
7810	1.61992e-13
7820	2.31416e-14
7830	2.31416e-14
7840	1.15708e-14
7850	4.62833e-14
7860	6.94249e-14
7870	1.15708e-14
7880	5.78541e-14
7890	2.31416e-14
7900	3.47125e-14
7910	1.15708e-14
7920	4.62833e-14
7930	4.62833e-14
7940	4.62833e-14
7950	4.62833e-14
7960	8.09958e-14
7970	4.62833e-14
7980	6.94249e-14
7990	2.31416e-14
8000	5.78541e-14
8010	8.09958e-14
8020	0
8030	6.94249e-14
8040	2.31416e-14
8050	2.31416e-14
8060	5.78541e-14
8070	5.78541e-14
8080	2.31416e-14
8090	9.25666e-14
8100	1.15708e-14
8110	5.78541e-14
8120	5.78541e-14
8130	5.78541e-14
8140	8.09958e-14
8150	5.78541e-14
8160	1.15708e-14
8170	0
8180	8.09958e-14
8190	1.15708e-13
8200	1.15708e-14
8210	5.78541e-14
8220	1.04137e-13
8230	9.25666e-14
8240	5.78541e-14
8250	3.47125e-14
8260	1.15708e-14
8270	1.15708e-14
8280	1.27279e-13
8290	1.15708e-14
8300	0
8310	0
8320	1.50421e-13
8330	3.47125e-14
8340	9.25666e-14
8350	3.47125e-14
8360	9.25666e-14
8370	9.25666e-14
8380	5.78541e-14
8390	6.94249e-14
8400	1.15708e-14
8410	6.94249e-14
8420	2.31416e-14
8430	9.25666e-14
8440	5.78541e-14
8450	3.47125e-14
8460	1.61992e-13
8470	1.04137e-13
8480	5.78541e-14
8490	3.47125e-14
8500	6.94249e-14
8510	6.94249e-14
8520	1.04137e-13
8530	6.94249e-14
8540	6.94249e-14
8550	1.27279e-13
8560	6.94249e-14
8570	8.09958e-14
8580	5.78541e-14
8590	2.31416e-14
8600	2.31416e-14
8610	1.50421e-13
8620	1.27279e-13
8630	1.15708e-14
8640	2.31416e-14
8650	5.78541e-14
8660	1.15708e-14
8670	4.62833e-14
8680	8.09958e-14
8690	9.25666e-14
8700	1.15708e-14
8710	0
8720	3.47125e-14
8730	1.04137e-13
8740	2.31416e-14
8750	1.04137e-13
8760	1.15708e-14
8770	6.94249e-14
8780	1.04137e-13
8790	5.78541e-14
8800	5.78541e-14
8810	4.62833e-14
8820	1.15708e-13
8830	2.31416e-14
8840	1.15708e-14
8850	1.15708e-14
8860	0
8870	1.15708e-13
8880	3.47125e-14
8890	3.47125e-14
8900	1.27279e-13
8910	4.62833e-14
8920	1.61992e-13
8930	1.15708e-14
8940	1.15708e-14
8950	4.62833e-14
8960	1.15708e-14
8970	1.15708e-13
8980	6.94249e-14
8990	0
9000	2.31416e-14
9010	1.73562e-13
9020	1.27279e-13
9030	2.31416e-14
9040	1.3885e-13
9050	8.09958e-14
9060	5.78541e-14
9070	1.15708e-14
9080	2.31416e-14
9090	5.78541e-14
9100	1.27279e-13
9110	2.31416e-14
9120	3.47125e-14
9130	0
9140	1.15708e-14
9150	2.31416e-14
9160	1.15708e-14
9170	2.31416e-14
9180	8.09958e-14
9190	2.42987e-13
9200	6.94249e-14
9210	1.85133e-13
9220	9.25666e-14
9230	6.94249e-14
9240	5.78541e-14
9250	5.78541e-14
9260	2.31416e-14
9270	9.25666e-14
9280	0
9290	4.62833e-14
9300	4.62833e-14
9310	6.94249e-14
9320	1.61992e-13
9330	6.94249e-14
9340	4.62833e-14
9350	2.31416e-14
9360	1.3885e-13
9370	2.31416e-14
9380	0
9390	2.31416e-14
9400	3.47125e-14
9410	1.50421e-13
9420	4.62833e-14
9430	4.62833e-14
9440	1.15708e-14
9450	2.31416e-14
9460	5.78541e-14
9470	1.15708e-14
9480	1.27279e-13
9490	8.09958e-14
9500	2.31416e-14
9510	1.15708e-14
9520	1.27279e-13
9530	1.15708e-14
9540	3.47125e-14
9550	2.31416e-14
9560	0
9570	8.09958e-14
9580	1.15708e-14
9590	2.31416e-14
9600	5.78541e-14
9610	5.78541e-14
9620	2.31416e-14
9630	6.94249e-14
9640	4.62833e-14
9650	1.15708e-14
9660	3.47125e-14
9670	1.15708e-14
9680	1.15708e-14
9690	3.47125e-14
9700	1.15708e-13
9710	1.15708e-13
9720	0
9730	0
9740	6.94249e-14
9750	3.47125e-14
9760	1.15708e-13
9770	4.62833e-14
9780	8.09958e-14
9790	1.15708e-14
9800	0
9810	1.15708e-14
9820	4.62833e-14
9830	1.15708e-14
9840	6.94249e-14
9850	1.50421e-13
9860	5.78541e-14
9870	2.31416e-14
9880	1.15708e-14
9890	4.62833e-14
9900	2.31416e-14
9910	1.15708e-14
9920	4.62833e-14
9930	1.15708e-14
9940	0
9950	8.09958e-14
9960	6.94249e-14
9970	4.62833e-14
9980	8.09958e-14
9990	4.62833e-14
