5	83.5278
10	26.2837
15	3.01438
20	6.34826
25	1.56276
30	1.20854
35	1.05652
40	0.258174
45	0.176554
50	0.228903
55	0.125975
60	0.0245238
65	0.0258718
70	0.0341477
75	0.0232712
80	0.00985818
85	0.000872751
90	0.00300491
95	0.00352841
100	0.00259348
105	0.00141767
110	0.000529721
115	2.6293e-05
120	0.000182039
125	0.000220189
130	0.000184522
135	0.000130612
140	8.26749e-05
145	4.70635e-05
150	2.25604e-05
155	6.1418e-06
160	4.6804e-06
165	1.14173e-05
170	1.49071e-05
175	1.57241e-05
180	1.4439e-05
185	1.17002e-05
190	8.19409e-06
195	4.55695e-06
200	1.29431e-06
205	1.26567e-06
210	2.9783e-06
215	3.8559e-06
220	4.02249e-06
225	3.66329e-06
230	2.97943e-06
235	2.15415e-06
240	1.33228e-06
245	6.12273e-07
250	4.7611e-08
255	3.4555e-07
260	5.77998e-07
265	6.76798e-07
270	6.76073e-07
275	6.10069e-07
280	5.08695e-07
285	3.95276e-07
290	2.8602e-07
295	1.90634e-07
300	1.13568e-07
305	5.54754e-08
310	1.46083e-08
315	1.202e-08
320	2.77706e-08
325	3.58099e-08
330	3.87965e-08
335	3.87622e-08
340	3.71252e-08
345	3.47787e-08
350	3.22138e-08
355	2.96445e-08
360	2.7118e-08
365	2.45999e-08
370	2.20341e-08
375	1.93794e-08
380	1.66254e-08
385	1.37963e-08
390	1.09454e-08
395	8.14467e-09
400	5.47346e-09
405	3.0085e-09
410	8.1528e-10
415	1.05706e-09
420	2.57884e-09
425	3.73986e-09
430	4.54835e-09
435	5.02786e-09
440	5.21359e-09
445	5.14912e-09
450	4.8822e-09
455	4.46154e-09
460	3.9343e-09
465	3.3436e-09
470	2.72731e-09
475	2.11704e-09
480	1.53785e-09
485	1.00839e-09
490	5.41202e-10
495	1.43571e-10
500	1.82078e-10
505	4.36671e-10
510	6.24269e-10
515	7.50854e-10
520	8.23843e-10
525	8.51115e-10
530	8.4106e-10
535	8.01627e-10
540	7.40382e-10
545	6.63945e-10
550	5.78414e-10
555	4.8874e-10
560	3.99055e-10
565	3.12632e-10
570	2.31868e-10
575	1.58543e-10
580	9.37352e-11
585	3.80796e-11
590	8.48141e-12
595	4.5994e-11
600	7.50484e-11
605	9.61767e-11
610	1.10305e-10
615	1.183e-10
620	1.21089e-10
625	1.19469e-10
630	1.14343e-10
635	1.06614e-10
640	9.68825e-11
645	8.59365e-11
650	7.42963e-11
655	6.23783e-11
660	5.06918e-11
665	3.95028e-11
670	2.917e-11
675	1.96473e-11
680	1.1189e-11
685	4.01508e-12
690	2.18689e-12
695	7.17391e-12
700	1.1108e-11
705	1.40933e-11
710	1.61066e-11
715	1.73215e-11
720	1.77496e-11
725	1.76339e-11
730	1.71017e-11
735	1.60603e-11
740	1.48107e-11
745	1.33759e-11
750	1.17444e-11
755	1.01013e-11
760	8.37728e-12
765	6.72265e-12
770	5.21844e-12
775	3.73738e-12
780	2.4183e-12
785	1.27279e-12
790	3.35554e-13
795	5.20687e-13
800	1.16865e-12
805	1.75877e-12
810	2.18689e-12
815	2.46459e-12
820	2.66129e-12
825	2.70757e-12
830	2.70757e-12
835	2.55715e-12
840	2.47616e-12
845	2.26788e-12
850	2.02489e-12
855	1.83976e-12
860	1.63149e-12
865	1.3075e-12
870	1.12237e-12
875	8.79383e-13
880	6.13254e-13
885	4.85975e-13
890	3.23983e-13
895	1.04137e-13
900	2.31416e-14
905	1.27279e-13
910	1.73562e-13
915	2.66129e-13
920	3.23983e-13
925	3.12412e-13
930	3.70266e-13
935	4.2812e-13
940	3.93408e-13
945	4.1655e-13
950	3.93408e-13
955	3.47125e-13
960	2.777e-13
965	3.12412e-13
970	1.73562e-13
975	2.31416e-13
980	1.96704e-13
985	1.73562e-13
990	1.15708e-13
995	6.94249e-14
1000	8.09958e-14
1005	6.94249e-14
1010	3.47125e-14
1015	3.47125e-14
1020	2.31416e-14
1025	4.62833e-14
1030	4.62833e-14
1035	4.62833e-14
1040	8.09958e-14
1045	1.15708e-13
1050	8.09958e-14
1055	8.09958e-14
1060	6.94249e-14
1065	5.78541e-14
1070	8.09958e-14
1075	4.62833e-14
1080	1.04137e-13
1085	8.09958e-14
1090	1.15708e-14
1095	1.15708e-14
1100	1.15708e-14
1105	3.47125e-14
1110	3.47125e-14
1115	6.94249e-14
1120	4.62833e-14
1125	2.31416e-14
1130	1.15708e-14
1135	1.15708e-14
1140	1.15708e-14
1145	2.31416e-14
1150	5.78541e-14
1155	4.62833e-14
1160	1.15708e-14
1165	4.62833e-14
1170	2.31416e-14
1175	2.31416e-14
1180	3.47125e-14
1185	1.15708e-14
1190	1.15708e-14
1195	2.31416e-14
1200	9.25666e-14
1205	2.31416e-14
1210	2.31416e-14
1215	1.15708e-14
1220	3.47125e-14
1225	3.47125e-14
1230	1.15708e-14
1235	1.15708e-14
1240	0
1245	0
1250	0
1255	5.78541e-14
1260	3.47125e-14
1265	4.62833e-14
1270	3.47125e-14
1275	2.31416e-14
1280	6.94249e-14
1285	6.94249e-14
1290	2.31416e-14
1295	5.78541e-14
1300	3.47125e-14
1305	2.31416e-14
1310	8.09958e-14
1315	0
1320	2.31416e-14
1325	6.94249e-14
1330	0
1335	4.62833e-14
1340	4.62833e-14
1345	4.62833e-14
1350	9.25666e-14
1355	2.31416e-14
1360	6.94249e-14
1365	0
1370	6.94249e-14
1375	1.15708e-14
1380	5.78541e-14
1385	2.31416e-14
1390	2.31416e-14
1395	0
1400	4.62833e-14
1405	1.15708e-14
1410	3.47125e-14
1415	4.62833e-14
1420	2.31416e-14
1425	5.78541e-14
1430	3.47125e-14
1435	0
1440	4.62833e-14
1445	2.31416e-14
1450	0
1455	3.47125e-14
1460	2.31416e-14
1465	4.62833e-14
1470	0
1475	4.62833e-14
1480	2.31416e-14
1485	4.62833e-14
1490	3.47125e-14
1495	1.15708e-14
1500	4.62833e-14
1505	0
1510	3.47125e-14
1515	4.62833e-14
1520	1.15708e-14
1525	0
1530	6.94249e-14
1535	9.25666e-14
1540	4.62833e-14
1545	9.25666e-14
1550	2.31416e-14
1555	2.31416e-14
1560	1.15708e-14
1565	1.15708e-14
1570	0
1575	2.31416e-14
1580	5.78541e-14
1585	2.31416e-14
1590	1.15708e-14
1595	6.94249e-14
1600	6.94249e-14
1605	2.31416e-14
1610	3.47125e-14
1615	5.78541e-14
1620	2.31416e-14
1625	5.78541e-14
1630	1.04137e-13
1635	1.15708e-14
1640	4.62833e-14
1645	3.47125e-14
1650	3.47125e-14
1655	4.62833e-14
1660	6.94249e-14
1665	3.47125e-14
1670	4.62833e-14
1675	4.62833e-14
1680	4.62833e-14
1685	1.04137e-13
1690	3.47125e-14
1695	3.47125e-14
1700	0
1705	1.15708e-14
1710	5.78541e-14
1715	2.31416e-14
1720	6.94249e-14
1725	9.25666e-14
1730	1.15708e-14
1735	2.31416e-14
1740	2.31416e-14
1745	0
1750	0
1755	2.31416e-14
1760	1.15708e-14
1765	5.78541e-14
1770	2.31416e-14
1775	1.15708e-14
1780	2.31416e-14
1785	0
1790	3.47125e-14
1795	1.15708e-14
1800	0
1805	1.15708e-14
1810	6.94249e-14
1815	1.15708e-14
1820	1.15708e-14
1825	2.31416e-14
1830	0
1835	0
1840	8.09958e-14
1845	3.47125e-14
1850	1.15708e-14
1855	5.78541e-14
1860	0
1865	3.47125e-14
1870	1.15708e-14
1875	0
1880	5.78541e-14
1885	6.94249e-14
1890	1.15708e-14
1895	3.47125e-14
1900	4.62833e-14
1905	4.62833e-14
1910	1.15708e-14
1915	3.47125e-14
1920	1.15708e-14
1925	4.62833e-14
1930	1.15708e-14
1935	1.27279e-13
1940	3.47125e-14
1945	1.15708e-14
1950	2.31416e-14
1955	1.15708e-14
1960	0
1965	3.47125e-14
1970	2.31416e-14
1975	3.47125e-14
1980	1.27279e-13
1985	2.31416e-14
1990	2.31416e-14
1995	3.47125e-14
2000	2.31416e-14
2005	4.62833e-14
2010	3.47125e-14
2015	5.78541e-14
2020	3.47125e-14
2025	6.94249e-14
2030	1.04137e-13
2035	2.31416e-14
2040	2.31416e-14
2045	3.47125e-14
2050	3.47125e-14
2055	2.31416e-14
2060	8.09958e-14
2065	3.47125e-14
2070	2.31416e-14
2075	3.47125e-14
2080	4.62833e-14
2085	2.31416e-14
2090	4.62833e-14
2095	1.15708e-14
2100	3.47125e-14
2105	3.47125e-14
2110	2.31416e-14
2115	1.15708e-14
2120	6.94249e-14
2125	3.47125e-14
2130	1.15708e-14
2135	1.15708e-14
2140	1.15708e-14
2145	1.15708e-14
2150	3.47125e-14
2155	1.15708e-14
2160	3.47125e-14
2165	3.47125e-14
2170	4.62833e-14
2175	1.04137e-13
2180	5.78541e-14
2185	4.62833e-14
2190	0
2195	2.31416e-14
2200	3.47125e-14
2205	5.78541e-14
2210	4.62833e-14
2215	3.47125e-14
2220	9.25666e-14
2225	4.62833e-14
2230	2.31416e-14
2235	3.47125e-14
2240	2.31416e-14
2245	1.15708e-14
2250	2.31416e-14
2255	0
2260	1.15708e-14
2265	2.31416e-14
2270	1.15708e-14
2275	4.62833e-14
2280	1.15708e-14
2285	0
2290	3.47125e-14
2295	2.31416e-14
2300	6.94249e-14
2305	0
2310	2.31416e-14
2315	3.47125e-14
2320	2.31416e-14
2325	4.62833e-14
2330	6.94249e-14
2335	2.31416e-14
2340	2.31416e-14
2345	5.78541e-14
2350	2.31416e-14
2355	6.94249e-14
2360	8.09958e-14
2365	1.15708e-14
2370	1.15708e-14
2375	2.31416e-14
2380	4.62833e-14
2385	8.09958e-14
2390	6.94249e-14
2395	1.15708e-13
2400	1.15708e-14
2405	4.62833e-14
2410	6.94249e-14
2415	5.78541e-14
2420	1.15708e-14
2425	4.62833e-14
2430	1.15708e-14
2435	3.47125e-14
2440	5.78541e-14
2445	4.62833e-14
2450	3.47125e-14
2455	1.15708e-14
2460	0
2465	3.47125e-14
2470	3.47125e-14
2475	3.47125e-14
2480	1.15708e-14
2485	1.15708e-14
2490	2.31416e-14
2495	2.31416e-14
2500	1.15708e-14
2505	1.04137e-13
2510	0
2515	3.47125e-14
2520	3.47125e-14
2525	4.62833e-14
2530	0
2535	1.15708e-14
2540	1.15708e-14
2545	3.47125e-14
2550	5.78541e-14
2555	1.15708e-14
2560	3.47125e-14
2565	9.25666e-14
2570	2.31416e-14
2575	1.15708e-14
2580	5.78541e-14
2585	1.15708e-14
2590	8.09958e-14
2595	8.09958e-14
2600	5.78541e-14
2605	4.62833e-14
2610	0
2615	1.15708e-14
2620	3.47125e-14
2625	1.04137e-13
2630	3.47125e-14
2635	3.47125e-14
2640	1.15708e-14
2645	3.47125e-14
2650	3.47125e-14
2655	0
2660	3.47125e-14
2665	2.31416e-14
2670	8.09958e-14
2675	4.62833e-14
2680	3.47125e-14
2685	3.47125e-14
2690	2.31416e-14
2695	2.31416e-14
2700	0
2705	1.15708e-14
2710	3.47125e-14
2715	1.15708e-14
2720	4.62833e-14
2725	4.62833e-14
2730	4.62833e-14
2735	4.62833e-14
2740	2.31416e-14
2745	5.78541e-14
2750	9.25666e-14
2755	1.15708e-14
2760	0
2765	5.78541e-14
2770	3.47125e-14
2775	6.94249e-14
2780	3.47125e-14
2785	2.31416e-14
2790	6.94249e-14
2795	4.62833e-14
2800	0
2805	2.31416e-14
2810	4.62833e-14
2815	6.94249e-14
2820	4.62833e-14
2825	5.78541e-14
2830	5.78541e-14
2835	0
2840	8.09958e-14
2845	1.61992e-13
2850	2.31416e-14
2855	2.31416e-14
2860	6.94249e-14
2865	6.94249e-14
2870	1.15708e-14
2875	4.62833e-14
2880	6.94249e-14
2885	2.31416e-14
2890	8.09958e-14
2895	2.31416e-14
2900	8.09958e-14
2905	2.31416e-14
2910	9.25666e-14
2915	5.78541e-14
2920	6.94249e-14
2925	3.47125e-14
2930	2.31416e-14
2935	2.31416e-14
2940	1.04137e-13
2945	1.15708e-14
2950	2.31416e-14
2955	3.47125e-14
2960	8.09958e-14
2965	4.62833e-14
2970	0
2975	0
2980	5.78541e-14
2985	2.31416e-14
2990	1.15708e-14
2995	4.62833e-14
3000	8.09958e-14
3005	3.47125e-14
3010	3.47125e-14
3015	6.94249e-14
3020	3.47125e-14
3025	1.3885e-13
3030	0
3035	3.47125e-14
3040	1.15708e-14
3045	6.94249e-14
3050	6.94249e-14
3055	4.62833e-14
3060	9.25666e-14
3065	4.62833e-14
3070	6.94249e-14
3075	0
3080	4.62833e-14
3085	4.62833e-14
3090	5.78541e-14
3095	8.09958e-14
3100	0
3105	1.15708e-14
3110	1.15708e-14
3115	1.3885e-13
3120	5.78541e-14
3125	9.25666e-14
3130	3.47125e-14
3135	1.04137e-13
3140	3.47125e-14
3145	1.61992e-13
3150	1.15708e-14
3155	1.15708e-14
3160	9.25666e-14
3165	1.15708e-13
3170	1.27279e-13
3175	3.47125e-14
3180	6.94249e-14
3185	4.62833e-14
3190	3.47125e-14
3195	2.31416e-14
3200	3.47125e-14
3205	5.78541e-14
3210	5.78541e-14
3215	1.15708e-14
3220	5.78541e-14
3225	9.25666e-14
3230	2.31416e-14
3235	9.25666e-14
3240	1.15708e-14
3245	2.31416e-14
3250	1.3885e-13
3255	0
3260	1.15708e-14
3265	1.15708e-14
3270	1.15708e-13
3275	1.15708e-13
3280	2.31416e-14
3285	9.25666e-14
3290	2.31416e-14
3295	4.62833e-14
3300	4.62833e-14
3305	2.31416e-14
3310	5.78541e-14
3315	6.94249e-14
3320	2.31416e-14
3325	2.31416e-14
3330	6.94249e-14
3335	3.47125e-14
3340	5.78541e-14
3345	3.47125e-14
3350	3.47125e-14
3355	1.3885e-13
3360	6.94249e-14
3365	5.78541e-14
3370	1.15708e-13
3375	4.62833e-14
3380	1.15708e-14
3385	0
3390	5.78541e-14
3395	2.31416e-14
3400	3.47125e-14
3405	1.15708e-13
3410	2.31416e-14
3415	9.25666e-14
3420	3.47125e-14
3425	6.94249e-14
3430	4.62833e-14
3435	4.62833e-14
3440	6.94249e-14
3445	6.94249e-14
3450	2.31416e-14
3455	1.15708e-14
3460	2.31416e-14
3465	4.62833e-14
3470	6.94249e-14
3475	2.31416e-14
3480	1.3885e-13
3485	5.78541e-14
3490	5.78541e-14
3495	2.31416e-14
3500	1.15708e-14
3505	6.94249e-14
3510	6.94249e-14
3515	1.15708e-14
3520	3.47125e-14
3525	5.78541e-14
3530	1.15708e-14
3535	6.94249e-14
3540	1.15708e-13
3545	5.78541e-14
3550	3.47125e-14
3555	1.15708e-14
3560	3.47125e-14
3565	4.62833e-14
3570	5.78541e-14
3575	4.62833e-14
3580	2.31416e-14
3585	1.15708e-14
3590	1.15708e-14
3595	4.62833e-14
3600	9.25666e-14
3605	1.15708e-14
3610	0
3615	1.04137e-13
3620	2.31416e-14
3625	8.09958e-14
3630	6.94249e-14
3635	1.15708e-14
3640	1.04137e-13
3645	6.94249e-14
3650	9.25666e-14
3655	6.94249e-14
3660	5.78541e-14
3665	1.04137e-13
3670	4.62833e-14
3675	2.31416e-14
3680	5.78541e-14
3685	1.15708e-14
3690	3.47125e-14
3695	1.15708e-14
3700	4.62833e-14
3705	1.3885e-13
3710	0
3715	1.15708e-14
3720	5.78541e-14
3725	3.47125e-14
3730	5.78541e-14
3735	5.78541e-14
3740	1.15708e-14
3745	6.94249e-14
3750	5.78541e-14
3755	4.62833e-14
3760	9.25666e-14
3765	8.09958e-14
3770	8.09958e-14
3775	8.09958e-14
3780	4.62833e-14
3785	1.15708e-14
3790	4.62833e-14
3795	3.47125e-14
3800	6.94249e-14
3805	1.15708e-13
3810	4.62833e-14
3815	3.47125e-14
3820	1.27279e-13
3825	5.78541e-14
3830	1.15708e-14
3835	5.78541e-14
3840	3.47125e-14
3845	0
3850	5.78541e-14
3855	1.15708e-14
3860	2.31416e-14
3865	5.78541e-14
3870	2.31416e-14
3875	1.27279e-13
3880	6.94249e-14
3885	4.62833e-14
3890	2.31416e-14
3895	9.25666e-14
3900	2.31416e-14
3905	1.50421e-13
3910	2.31416e-14
3915	2.31416e-14
3920	1.15708e-14
3925	5.78541e-14
3930	6.94249e-14
3935	0
3940	4.62833e-14
3945	2.31416e-14
3950	1.15708e-14
3955	1.15708e-14
3960	6.94249e-14
3965	4.62833e-14
3970	4.62833e-14
3975	3.47125e-14
3980	5.78541e-14
3985	4.62833e-14
3990	5.78541e-14
3995	2.31416e-14
4000	8.09958e-14
4005	5.78541e-14
4010	0
4015	8.09958e-14
4020	3.47125e-14
4025	4.62833e-14
4030	5.78541e-14
4035	4.62833e-14
4040	3.47125e-14
4045	9.25666e-14
4050	1.15708e-14
4055	5.78541e-14
4060	5.78541e-14
4065	3.47125e-14
4070	8.09958e-14
4075	4.62833e-14
4080	1.15708e-14
4085	0
4090	5.78541e-14
4095	1.15708e-13
4100	2.31416e-14
4105	5.78541e-14
4110	8.09958e-14
4115	8.09958e-14
4120	2.31416e-14
4125	2.31416e-14
4130	0
4135	1.15708e-14
4140	1.04137e-13
4145	1.15708e-14
4150	0
4155	0
4160	1.50421e-13
4165	2.31416e-14
4170	1.04137e-13
4175	4.62833e-14
4180	9.25666e-14
4185	6.94249e-14
4190	6.94249e-14
4195	6.94249e-14
4200	1.15708e-14
4205	5.78541e-14
4210	4.62833e-14
4215	9.25666e-14
4220	5.78541e-14
4225	2.31416e-14
4230	1.61992e-13
4235	1.04137e-13
4240	5.78541e-14
4245	3.47125e-14
4250	6.94249e-14
4255	6.94249e-14
4260	8.09958e-14
4265	6.94249e-14
4270	6.94249e-14
4275	1.27279e-13
4280	6.94249e-14
4285	8.09958e-14
4290	5.78541e-14
4295	1.15708e-14
4300	2.31416e-14
4305	1.50421e-13
4310	1.04137e-13
4315	2.31416e-14
4320	0
4325	5.78541e-14
4330	1.15708e-14
4335	5.78541e-14
4340	8.09958e-14
4345	8.09958e-14
4350	1.15708e-14
4355	0
4360	2.31416e-14
4365	1.27279e-13
4370	3.47125e-14
4375	1.04137e-13
4380	1.15708e-14
4385	6.94249e-14
4390	1.04137e-13
4395	3.47125e-14
4400	4.62833e-14
4405	4.62833e-14
4410	1.15708e-13
4415	2.31416e-14
4420	1.15708e-14
4425	2.31416e-14
4430	1.15708e-14
4435	9.25666e-14
4440	3.47125e-14
4445	3.47125e-14
4450	1.04137e-13
4455	3.47125e-14
4460	1.50421e-13
4465	1.15708e-14
4470	1.15708e-14
4475	4.62833e-14
4480	1.15708e-14
4485	1.15708e-13
4490	6.94249e-14
4495	0
4500	2.31416e-14
4505	1.73562e-13
4510	1.27279e-13
4515	1.15708e-14
4520	1.61992e-13
4525	8.09958e-14
4530	4.62833e-14
4535	1.15708e-14
4540	2.31416e-14
4545	3.47125e-14
4550	1.27279e-13
4555	2.31416e-14
4560	3.47125e-14
4565	0
4570	1.15708e-14
4575	2.31416e-14
4580	1.15708e-14
4585	0
4590	8.09958e-14
4595	2.19846e-13
4600	5.78541e-14
4605	1.96704e-13
4610	6.94249e-14
4615	5.78541e-14
4620	4.62833e-14
4625	6.94249e-14
4630	2.31416e-14
4635	9.25666e-14
4640	3.47125e-14
4645	2.31416e-14
4650	4.62833e-14
4655	6.94249e-14
4660	1.50421e-13
4665	6.94249e-14
4670	4.62833e-14
4675	2.31416e-14
4680	1.3885e-13
4685	1.15708e-14
4690	0
4695	2.31416e-14
4700	5.78541e-14
4705	1.50421e-13
4710	4.62833e-14
4715	3.47125e-14
4720	1.15708e-14
4725	1.15708e-14
4730	5.78541e-14
4735	0
4740	1.27279e-13
4745	6.94249e-14
4750	1.15708e-14
4755	2.31416e-14
4760	1.27279e-13
4765	1.15708e-14
4770	2.31416e-14
4775	0
4780	1.15708e-14
4785	8.09958e-14
4790	1.15708e-14
4795	2.31416e-14
4800	5.78541e-14
4805	5.78541e-14
4810	2.31416e-14
4815	6.94249e-14
4820	4.62833e-14
4825	1.15708e-14
4830	3.47125e-14
4835	1.15708e-14
4840	1.15708e-14
4845	3.47125e-14
4850	1.15708e-13
4855	1.27279e-13
4860	0
4865	0
4870	8.09958e-14
4875	3.47125e-14
4880	1.04137e-13
4885	4.62833e-14
4890	6.94249e-14
4895	1.15708e-14
4900	1.15708e-14
4905	1.15708e-14
4910	4.62833e-14
4915	1.15708e-14
4920	5.78541e-14
4925	1.3885e-13
4930	4.62833e-14
4935	1.15708e-14
4940	1.15708e-14
4945	4.62833e-14
4950	2.31416e-14
4955	1.15708e-14
4960	4.62833e-14
4965	1.15708e-14
4970	1.15708e-14
4975	8.09958e-14
4980	4.62833e-14
4985	2.31416e-14
4990	9.25666e-14
4995	3.47125e-14
5000	9.25666e-14
5005	3.47125e-14
5010	8.09958e-14
5015	6.94249e-14
5020	1.15708e-14
5025	8.09958e-14
5030	9.25666e-14
5035	4.62833e-14
5040	8.09958e-14
5045	5.78541e-14
5050	6.94249e-14
5055	1.27279e-13
5060	9.25666e-14
5065	1.50421e-13
5070	1.15708e-14
5075	3.47125e-14
5080	5.78541e-14
5085	0
5090	9.25666e-14
5095	8.09958e-14
5100	5.78541e-14
5105	1.3885e-13
5110	9.25666e-14
5115	6.94249e-14
5120	9.25666e-14
5125	1.73562e-13
5130	5.78541e-14
5135	1.04137e-13
5140	4.62833e-14
5145	5.78541e-14
5150	1.04137e-13
5155	1.15708e-13
5160	2.31416e-14
5165	1.15708e-14
5170	5.78541e-14
5175	1.04137e-13
5180	4.62833e-14
5185	4.62833e-14
5190	6.94249e-14
5195	4.62833e-14
5200	1.3885e-13
5205	1.15708e-14
5210	1.15708e-14
5215	1.27279e-13
5220	1.3885e-13
5225	2.31416e-14
5230	6.94249e-14
5235	2.31416e-14
5240	1.15708e-14
5245	9.25666e-14
5250	8.09958e-14
5255	2.31416e-14
5260	6.94249e-14
5265	0
5270	1.15708e-14
5275	9.25666e-14
5280	2.31416e-14
5285	6.94249e-14
5290	1.15708e-13
5295	1.15708e-14
5300	8.09958e-14
5305	1.85133e-13
5310	5.78541e-14
5315	2.31416e-13
5320	4.62833e-14
5325	1.27279e-13
5330	2.31416e-14
5335	2.31416e-14
5340	1.15708e-13
5345	9.25666e-14
5350	1.27279e-13
5355	2.31416e-14
5360	1.15708e-13
5365	3.47125e-14
5370	2.31416e-14
5375	2.31416e-14
5380	1.04137e-13
5385	9.25666e-14
5390	2.31416e-14
5395	1.04137e-13
5400	0
5405	5.78541e-14
5410	3.47125e-14
5415	2.31416e-14
5420	1.85133e-13
5425	2.31416e-14
5430	3.47125e-14
5435	4.62833e-14
5440	1.15708e-14
5445	1.96704e-13
5450	1.15708e-14
5455	4.62833e-14
5460	1.04137e-13
5465	5.78541e-14
5470	1.15708e-14
5475	4.62833e-14
5480	1.15708e-14
5485	5.78541e-14
5490	0
5495	1.04137e-13
5500	1.15708e-14
5505	4.62833e-14
5510	1.27279e-13
5515	2.42987e-13
5520	1.04137e-13
5525	4.62833e-14
5530	0
5535	4.62833e-14
5540	1.50421e-13
5545	8.09958e-14
5550	8.09958e-14
5555	1.04137e-13
5560	2.31416e-14
5565	1.04137e-13
5570	9.25666e-14
5575	1.3885e-13
5580	9.25666e-14
5585	6.94249e-14
5590	4.62833e-14
5595	8.09958e-14
5600	1.15708e-14
5605	2.31416e-14
5610	2.31416e-14
5615	1.61992e-13
5620	5.78541e-14
5625	4.62833e-14
5630	5.78541e-14
5635	8.09958e-14
5640	1.3885e-13
5645	1.04137e-13
5650	1.15708e-14
5655	0
5660	1.15708e-14
5665	9.25666e-14
5670	1.15708e-14
5675	1.15708e-14
5680	2.08275e-13
5685	1.04137e-13
5690	4.62833e-14
5695	0
5700	1.15708e-14
5705	9.25666e-14
5710	8.09958e-14
5715	6.94249e-14
5720	1.15708e-14
5725	1.15708e-13
5730	3.47125e-14
5735	1.27279e-13
5740	4.62833e-14
5745	6.94249e-14
5750	2.31416e-14
5755	8.09958e-14
5760	6.94249e-14
5765	4.62833e-14
5770	2.31416e-14
5775	6.94249e-14
5780	9.25666e-14
5785	2.31416e-14
5790	2.31416e-14
5795	1.15708e-14
5800	1.04137e-13
5805	1.15708e-13
5810	1.3885e-13
5815	3.47125e-14
5820	3.47125e-14
5825	5.78541e-14
5830	1.61992e-13
5835	1.15708e-14
5840	5.78541e-14
5845	4.62833e-14
5850	1.73562e-13
5855	3.47125e-14
5860	8.09958e-14
5865	0
5870	8.09958e-14
5875	1.85133e-13
5880	1.15708e-13
5885	1.3885e-13
5890	5.78541e-14
5895	8.09958e-14
5900	6.94249e-14
5905	5.78541e-14
5910	5.78541e-14
5915	1.27279e-13
5920	2.31416e-14
5925	2.31416e-14
5930	1.27279e-13
5935	1.04137e-13
5940	2.31416e-14
5945	1.15708e-14
5950	8.09958e-14
5955	1.15708e-14
5960	1.27279e-13
5965	8.09958e-14
5970	0
5975	1.04137e-13
5980	5.78541e-14
5985	1.50421e-13
5990	3.12412e-13
5995	1.15708e-14
6000	4.62833e-14
6005	1.27279e-13
6010	2.31416e-14
6015	1.96704e-13
6020	1.04137e-13
6025	1.50421e-13
6030	1.15708e-14
6035	0
6040	2.31416e-14
6045	6.94249e-14
6050	8.09958e-14
6055	2.31416e-14
6060	4.62833e-14
6065	1.15708e-13
6070	1.15708e-14
6075	1.85133e-13
6080	9.25666e-14
6085	1.15708e-14
6090	5.78541e-14
6095	6.94249e-14
6100	4.62833e-14
6105	5.78541e-14
6110	1.04137e-13
6115	5.78541e-14
6120	3.47125e-14
6125	1.04137e-13
6130	0
6135	1.61992e-13
6140	1.15708e-13
6145	1.15708e-13
6150	1.15708e-14
6155	1.04137e-13
6160	8.09958e-14
6165	3.47125e-14
6170	5.78541e-14
6175	3.47125e-14
6180	1.85133e-13
6185	5.78541e-14
6190	6.94249e-14
6195	6.94249e-14
6200	5.78541e-14
6205	1.04137e-13
6210	1.04137e-13
6215	9.25666e-14
6220	1.50421e-13
6225	5.78541e-14
6230	0
6235	4.62833e-14
6240	1.61992e-13
6245	9.25666e-14
6250	6.94249e-14
6255	4.62833e-14
6260	5.78541e-14
6265	4.62833e-14
6270	1.3885e-13
6275	3.47125e-14
6280	5.78541e-14
6285	4.62833e-14
6290	1.50421e-13
6295	8.09958e-14
6300	9.25666e-14
6305	6.94249e-14
6310	2.31416e-14
6315	8.09958e-14
6320	1.27279e-13
6325	2.89271e-13
6330	1.15708e-13
6335	9.25666e-14
6340	1.15708e-14
6345	1.15708e-14
6350	1.15708e-14
6355	1.96704e-13
6360	4.62833e-14
6365	4.62833e-14
6370	2.777e-13
6375	1.15708e-13
6380	3.47125e-14
6385	3.47125e-14
6390	6.94249e-14
6395	4.62833e-14
6400	6.94249e-14
6405	5.78541e-14
6410	2.31416e-14
6415	4.62833e-14
6420	1.85133e-13
6425	1.96704e-13
6430	1.73562e-13
6435	1.96704e-13
6440	9.25666e-14
6445	3.47125e-14
6450	1.15708e-13
6455	3.47125e-14
6460	1.15708e-13
6465	0
6470	3.47125e-14
6475	1.96704e-13
6480	1.04137e-13
6485	1.27279e-13
6490	1.04137e-13
6495	3.47125e-14
6500	1.50421e-13
6505	2.19846e-13
6510	9.25666e-14
6515	0
6520	2.31416e-14
6525	0
6530	1.61992e-13
6535	1.50421e-13
6540	2.31416e-14
6545	5.78541e-14
6550	3.47125e-14
6555	3.47125e-14
6560	8.09958e-14
6565	1.61992e-13
6570	1.15708e-13
6575	3.47125e-14
6580	9.25666e-14
6585	2.31416e-14
6590	9.25666e-14
6595	6.94249e-14
6600	3.47125e-14
6605	1.96704e-13
6610	3.47125e-14
6615	1.15708e-13
6620	5.78541e-14
6625	0
6630	0
6635	8.09958e-14
6640	2.31416e-14
6645	5.78541e-14
6650	9.25666e-14
6655	1.73562e-13
6660	9.25666e-14
6665	5.78541e-14
6670	1.04137e-13
6675	3.47125e-14
6680	3.47125e-14
6685	0
6690	1.50421e-13
6695	1.3885e-13
6700	0
6705	5.78541e-14
6710	4.62833e-14
6715	1.3885e-13
6720	8.09958e-14
6725	5.78541e-14
6730	3.47125e-14
6735	5.78541e-14
6740	0
6745	1.3885e-13
6750	1.15708e-14
6755	1.15708e-14
6760	2.31416e-14
6765	8.09958e-14
6770	2.54558e-13
6775	2.31416e-14
6780	1.3885e-13
6785	1.50421e-13
6790	1.85133e-13
6795	5.78541e-14
6800	9.25666e-14
6805	1.15708e-13
6810	0
6815	5.78541e-14
6820	1.3885e-13
6825	8.09958e-14
6830	1.15708e-14
6835	1.15708e-14
6840	9.25666e-14
6845	1.15708e-14
6850	1.50421e-13
6855	3.47125e-14
6860	1.15708e-14
6865	1.27279e-13
6870	1.04137e-13
6875	1.04137e-13
6880	2.31416e-14
6885	1.04137e-13
6890	6.94249e-14
6895	1.15708e-13
6900	4.62833e-14
6905	4.62833e-14
6910	1.04137e-13
6915	2.19846e-13
6920	2.31416e-14
6925	1.3885e-13
6930	3.47125e-14
6935	6.94249e-14
6940	4.62833e-14
6945	1.15708e-13
6950	3.47125e-14
6955	9.25666e-14
6960	2.31416e-14
6965	1.15708e-14
6970	8.09958e-14
6975	1.15708e-14
6980	9.25666e-14
6985	8.09958e-14
6990	1.27279e-13
6995	0
7000	5.78541e-14
7005	1.27279e-13
7010	1.27279e-13
7015	2.31416e-14
7020	5.78541e-14
7025	1.27279e-13
7030	1.15708e-14
7035	8.09958e-14
7040	1.27279e-13
7045	4.62833e-14
7050	1.96704e-13
7055	5.78541e-14
7060	1.61992e-13
7065	6.94249e-14
7070	2.31416e-14
7075	1.15708e-14
7080	6.94249e-14
7085	5.78541e-14
7090	1.27279e-13
7095	2.42987e-13
7100	3.47125e-14
7105	6.94249e-14
7110	5.78541e-14
7115	5.78541e-14
7120	1.15708e-13
7125	1.61992e-13
7130	1.27279e-13
7135	1.3885e-13
7140	0
7145	1.73562e-13
7150	5.78541e-14
7155	1.04137e-13
7160	9.25666e-14
7165	1.04137e-13
7170	1.15708e-14
7175	1.04137e-13
7180	5.78541e-14
7185	3.47125e-14
7190	1.96704e-13
7195	9.25666e-14
7200	2.31416e-14
7205	2.31416e-14
7210	6.94249e-14
7215	4.62833e-14
7220	1.50421e-13
7225	2.31416e-14
7230	6.94249e-14
7235	2.42987e-13
7240	1.15708e-13
7245	1.50421e-13
7250	6.94249e-14
7255	0
7260	1.04137e-13
7265	1.73562e-13
7270	5.78541e-14
7275	1.15708e-13
7280	1.15708e-13
7285	1.27279e-13
7290	1.04137e-13
7295	9.25666e-14
7300	6.94249e-14
7305	6.94249e-14
7310	5.78541e-14
7315	0
7320	1.15708e-14
7325	4.62833e-14
7330	9.25666e-14
7335	5.78541e-14
7340	5.78541e-14
7345	3.47125e-14
7350	1.27279e-13
7355	3.47125e-14
7360	1.27279e-13
7365	5.78541e-14
7370	1.04137e-13
7375	9.25666e-14
7380	2.54558e-13
7385	1.15708e-14
7390	2.31416e-14
7395	1.50421e-13
7400	0
7405	4.62833e-14
7410	1.15708e-14
7415	6.94249e-14
7420	2.31416e-14
7425	3.23983e-13
7430	8.09958e-14
7435	0
7440	9.25666e-14
7445	6.94249e-14
7450	1.15708e-14
7455	2.31416e-14
7460	4.62833e-14
7465	1.85133e-13
7470	5.78541e-14
7475	1.15708e-14
7480	1.61992e-13
7485	1.15708e-14
7490	1.15708e-14
7495	1.15708e-14
7500	1.15708e-13
7505	1.15708e-14
7510	1.50421e-13
7515	8.09958e-14
7520	1.27279e-13
7525	5.78541e-14
7530	1.27279e-13
7535	1.61992e-13
7540	3.47125e-14
7545	1.15708e-14
7550	9.25666e-14
7555	2.31416e-14
7560	2.31416e-14
7565	6.94249e-14
7570	3.47125e-14
7575	1.15708e-14
7580	9.25666e-14
7585	5.78541e-14
7590	8.09958e-14
7595	1.27279e-13
7600	6.94249e-14
7605	3.47125e-14
7610	5.78541e-14
7615	9.25666e-14
7620	8.09958e-14
7625	1.3885e-13
7630	2.08275e-13
7635	1.50421e-13
7640	1.15708e-14
7645	3.47125e-14
7650	1.15708e-14
7655	1.73562e-13
7660	1.96704e-13
7665	6.94249e-14
7670	2.08275e-13
7675	9.25666e-14
7680	1.15708e-13
7685	3.47125e-14
7690	1.61992e-13
7695	1.27279e-13
7700	2.31416e-14
7705	1.15708e-14
7710	8.09958e-14
7715	8.09958e-14
7720	1.04137e-13
7725	3.70266e-13
7730	1.15708e-14
7735	1.04137e-13
7740	1.15708e-13
7745	3.47125e-14
7750	3.47125e-14
7755	1.15708e-13
7760	3.47125e-14
7765	1.15708e-14
7770	8.09958e-14
7775	0
7780	2.31416e-13
7785	0
7790	5.78541e-14
7795	8.09958e-14
7800	2.31416e-14
7805	4.62833e-14
7810	8.09958e-14
7815	3.47125e-14
7820	1.85133e-13
7825	1.15708e-14
7830	3.47125e-14
7835	9.25666e-14
7840	6.94249e-14
7845	2.31416e-14
7850	2.31416e-14
7855	1.50421e-13
7860	8.09958e-14
7865	4.62833e-14
7870	1.50421e-13
7875	2.31416e-14
7880	1.15708e-14
7885	3.47125e-14
7890	1.04137e-13
7895	1.27279e-13
7900	8.09958e-14
7905	2.31416e-14
7910	3.47125e-14
7915	8.09958e-14
7920	5.78541e-14
7925	4.62833e-14
7930	9.25666e-14
7935	4.62833e-14
7940	9.25666e-14
7945	3.47125e-14
7950	1.15708e-13
7955	2.31416e-14
7960	4.62833e-14
7965	2.19846e-13
7970	1.04137e-13
7975	2.31416e-14
7980	1.15708e-13
7985	1.15708e-14
7990	1.85133e-13
7995	9.25666e-14
8000	8.09958e-14
8005	3.47125e-14
8010	4.62833e-14
8015	9.25666e-14
8020	9.25666e-14
8025	8.09958e-14
8030	3.47125e-14
8035	1.15708e-14
8040	1.73562e-13
8045	2.31416e-14
8050	1.3885e-13
8055	1.04137e-13
8060	8.09958e-14
8065	3.47125e-14
8070	5.78541e-14
8075	9.25666e-14
8080	0
8085	1.04137e-13
8090	0
8095	5.78541e-14
8100	9.25666e-14
8105	1.73562e-13
8110	1.15708e-14
8115	1.61992e-13
8120	5.78541e-14
8125	3.47125e-14
8130	1.73562e-13
8135	2.31416e-14
8140	4.62833e-14
8145	2.19846e-13
8150	1.73562e-13
8155	2.19846e-13
8160	1.15708e-13
8165	1.3885e-13
8170	5.78541e-14
8175	2.31416e-14
8180	1.04137e-13
8185	1.3885e-13
8190	4.62833e-14
8195	2.31416e-14
8200	1.15708e-14
8205	1.85133e-13
8210	1.50421e-13
8215	2.31416e-14
8220	2.42987e-13
8225	5.78541e-14
8230	3.47125e-14
8235	6.94249e-14
8240	6.94249e-14
8245	5.78541e-14
8250	1.73562e-13
8255	8.09958e-14
8260	0
8265	1.15708e-13
8270	2.19846e-13
8275	4.62833e-14
8280	1.96704e-13
8285	4.62833e-14
8290	1.15708e-14
8295	3.47125e-14
8300	1.15708e-13
8305	1.3885e-13
8310	5.78541e-14
8315	1.15708e-13
8320	1.27279e-13
8325	1.3885e-13
8330	1.04137e-13
8335	0
8340	1.15708e-14
8345	1.3885e-13
8350	1.3885e-13
8355	1.04137e-13
8360	3.47125e-14
8365	1.04137e-13
8370	5.78541e-14
8375	1.3885e-13
8380	1.04137e-13
8385	1.15708e-13
8390	1.15708e-14
8395	1.27279e-13
8400	8.09958e-14
8405	4.62833e-14
8410	1.15708e-14
8415	0
8420	9.25666e-14
8425	1.15708e-13
8430	1.15708e-14
8435	1.3885e-13
8440	1.3885e-13
8445	3.12412e-13
8450	8.09958e-14
8455	5.78541e-14
8460	4.62833e-14
8465	1.3885e-13
8470	6.94249e-14
8475	9.25666e-14
8480	6.94249e-14
8485	4.62833e-14
8490	1.27279e-13
8495	1.15708e-13
8500	4.62833e-14
8505	0
8510	1.50421e-13
8515	1.50421e-13
8520	3.47125e-14
8525	1.15708e-13
8530	2.31416e-14
8535	6.94249e-14
8540	9.25666e-14
8545	5.78541e-14
8550	4.62833e-14
8555	1.15708e-14
8560	4.62833e-14
8565	6.94249e-14
8570	1.15708e-14
8575	2.31416e-14
8580	3.47125e-14
8585	0
8590	2.31416e-14
8595	1.04137e-13
8600	8.09958e-14
8605	1.04137e-13
8610	6.94249e-14
8615	5.78541e-14
8620	5.78541e-14
8625	1.15708e-14
8630	1.3885e-13
8635	5.78541e-14
8640	2.66129e-13
8645	5.78541e-14
8650	5.78541e-14
8655	1.73562e-13
8660	6.94249e-14
8665	6.94249e-14
8670	3.47125e-14
8675	1.27279e-13
8680	1.15708e-14
8685	1.73562e-13
8690	1.73562e-13
8695	4.62833e-14
8700	1.3885e-13
8705	4.62833e-14
8710	1.3885e-13
8715	0
8720	3.47125e-14
8725	2.31416e-14
8730	2.42987e-13
8735	1.3885e-13
8740	8.09958e-14
8745	5.78541e-14
8750	1.15708e-14
8755	4.62833e-14
8760	1.61992e-13
8765	1.27279e-13
8770	5.78541e-14
8775	2.31416e-14
8780	6.94249e-14
8785	2.19846e-13
8790	1.85133e-13
8795	6.94249e-14
8800	9.25666e-14
8805	6.94249e-14
8810	1.27279e-13
8815	8.09958e-14
8820	2.31416e-14
8825	6.94249e-14
8830	5.78541e-14
8835	4.62833e-14
8840	2.31416e-14
8845	0
8850	8.09958e-14
8855	1.50421e-13
8860	6.94249e-14
8865	2.31416e-14
8870	9.25666e-14
8875	0
8880	5.78541e-14
8885	1.04137e-13
8890	1.15708e-14
8895	1.04137e-13
8900	1.3885e-13
8905	6.94249e-14
8910	1.27279e-13
8915	1.73562e-13
8920	4.62833e-14
8925	4.62833e-14
8930	1.73562e-13
8935	1.50421e-13
8940	0
8945	9.25666e-14
8950	3.47125e-14
8955	5.78541e-14
8960	6.94249e-14
8965	1.15708e-13
8970	1.27279e-13
8975	4.62833e-14
8980	3.47125e-14
8985	2.31416e-14
8990	1.73562e-13
8995	8.09958e-14
9000	1.61992e-13
9005	9.25666e-14
9010	5.78541e-14
9015	6.94249e-14
9020	3.47125e-14
9025	0
9030	1.15708e-14
9035	9.25666e-14
9040	1.3885e-13
9045	1.15708e-14
9050	2.31416e-14
9055	9.25666e-14
9060	8.09958e-14
9065	2.19846e-13
9070	6.94249e-14
9075	8.09958e-14
9080	1.3885e-13
9085	1.27279e-13
9090	1.3885e-13
9095	1.85133e-13
9100	0
9105	5.78541e-14
9110	1.15708e-13
9115	1.27279e-13
9120	1.15708e-14
9125	1.73562e-13
9130	2.19846e-13
9135	1.85133e-13
9140	5.78541e-14
9145	1.73562e-13
9150	1.27279e-13
9155	3.47125e-14
9160	4.62833e-14
9165	1.50421e-13
9170	9.25666e-14
9175	1.15708e-14
9180	1.27279e-13
9185	6.94249e-14
9190	3.47125e-14
9195	3.47125e-14
9200	2.31416e-14
9205	3.47125e-14
9210	1.85133e-13
9215	4.62833e-14
9220	5.78541e-14
9225	6.94249e-14
9230	8.09958e-14
9235	1.15708e-14
9240	2.19846e-13
9245	1.15708e-14
9250	4.62833e-14
9255	1.50421e-13
9260	2.66129e-13
9265	1.15708e-13
9270	2.31416e-14
9275	9.25666e-14
9280	2.777e-13
9285	2.08275e-13
9290	1.27279e-13
9295	1.04137e-13
9300	3.47125e-14
9305	8.09958e-14
9310	4.62833e-14
9315	4.62833e-14
9320	1.04137e-13
9325	3.47125e-14
9330	8.09958e-14
9335	2.31416e-14
9340	0
9345	2.777e-13
9350	2.31416e-14
9355	1.15708e-14
9360	1.3885e-13
9365	5.78541e-14
9370	8.09958e-14
9375	4.62833e-14
9380	1.15708e-14
9385	1.73562e-13
9390	1.15708e-13
9395	9.25666e-14
9400	3.47125e-14
9405	1.04137e-13
9410	1.27279e-13
9415	1.3885e-13
9420	0
9425	1.50421e-13
9430	3.47125e-14
9435	2.19846e-13
9440	0
9445	6.94249e-14
9450	1.15708e-14
9455	1.15708e-14
9460	1.50421e-13
9465	2.31416e-14
9470	1.61992e-13
9475	1.73562e-13
9480	0
9485	1.3885e-13
9490	0
9495	4.62833e-14
9500	1.15708e-14
9505	2.31416e-14
9510	5.78541e-14
9515	4.62833e-14
9520	1.15708e-14
9525	1.73562e-13
9530	5.78541e-14
9535	2.777e-13
9540	2.777e-13
9545	4.62833e-14
9550	2.31416e-14
9555	1.04137e-13
9560	1.27279e-13
9565	1.15708e-14
9570	1.15708e-13
9575	4.62833e-14
9580	1.15708e-14
9585	6.94249e-14
9590	2.31416e-14
9595	1.73562e-13
9600	1.50421e-13
9605	6.94249e-14
9610	3.47125e-14
9615	9.25666e-14
9620	2.66129e-13
9625	1.04137e-13
9630	8.09958e-14
9635	1.04137e-13
9640	4.62833e-14
9645	2.08275e-13
9650	8.09958e-14
9655	8.09958e-14
9660	1.15708e-13
9665	1.15708e-13
9670	8.09958e-14
9675	9.25666e-14
9680	1.85133e-13
9685	3.47125e-14
9690	1.15708e-14
9695	4.62833e-14
9700	5.78541e-14
9705	2.31416e-14
9710	5.78541e-14
9715	3.47125e-14
9720	1.15708e-13
9725	1.15708e-13
9730	6.94249e-14
9735	1.04137e-13
9740	1.15708e-13
9745	5.78541e-14
9750	1.04137e-13
9755	1.15708e-14
9760	2.31416e-13
9765	3.00841e-13
9770	2.31416e-14
9775	4.62833e-14
9780	1.15708e-13
9785	4.62833e-14
9790	2.42987e-13
9795	5.78541e-14
9800	1.61992e-13
9805	1.04137e-13
9810	1.85133e-13
9815	3.47125e-14
9820	2.31416e-14
9825	0
9830	2.777e-13
9835	4.62833e-14
9840	2.31416e-14
9845	1.15708e-14
9850	2.31416e-14
9855	2.31416e-14
9860	2.31416e-14
9865	6.94249e-14
9870	3.47125e-14
9875	6.94249e-14
9880	5.78541e-14
9885	1.15708e-13
9890	8.09958e-14
9895	1.50421e-13
9900	6.94249e-14
9905	1.3885e-13
9910	1.50421e-13
9915	9.25666e-14
9920	0
9925	6.94249e-14
9930	2.31416e-14
9935	1.15708e-14
9940	5.78541e-14
9945	1.27279e-13
9950	2.777e-13
9955	2.08275e-13
9960	4.62833e-14
9965	1.3885e-13
9970	1.27279e-13
9975	9.25666e-14
9980	4.62833e-14
9985	2.31416e-14
9990	9.25666e-14
9995	2.31416e-14
