20	0.119252
40	0.0214229
60	0.000861621
80	0.000501573
100	0.000162443
120	4.5394e-05
140	1.22701e-05
160	2.45931e-06
180	1.5013e-07
200	4.49021e-07
220	2.08974e-07
240	2.4092e-08
260	2.4076e-08
280	1.16974e-08
300	9.76855e-10
320	2.23548e-09
340	1.86776e-10
360	3.83341e-10
380	6.13832e-11
400	6.98183e-11
420	1.10039e-11
440	1.3885e-11
460	1.04137e-12
480	2.80014e-12
500	1.73562e-13
520	5.20687e-13
540	1.50421e-13
560	8.09958e-14
580	3.47125e-14
600	1.15708e-14
620	2.31416e-14
640	1.15708e-14
660	1.15708e-14
680	0
700	2.31416e-14
720	0
740	3.47125e-14
760	1.15708e-14
780	1.15708e-14
800	2.31416e-14
820	1.15708e-14
840	0
860	2.31416e-14
880	1.15708e-14
900	1.15708e-14
920	3.47125e-14
940	1.15708e-14
960	3.47125e-14
980	1.15708e-14
1000	1.15708e-14
1020	2.31416e-14
1040	1.15708e-14
1060	2.31416e-14
1080	2.31416e-14
1100	2.31416e-14
1120	1.15708e-14
1140	2.31416e-14
1160	0
1180	0
1200	3.47125e-14
1220	2.31416e-14
1240	1.15708e-14
1260	2.31416e-14
1280	5.78541e-14
1300	0
1320	1.15708e-14
1340	0
1360	4.62833e-14
1380	1.15708e-14
1400	1.15708e-14
1420	0
1440	1.15708e-14
1460	2.31416e-14
1480	2.31416e-14
1500	2.31416e-14
1520	1.15708e-14
1540	4.62833e-14
1560	2.31416e-14
1580	2.31416e-14
1600	4.62833e-14
1620	1.15708e-14
1640	2.31416e-14
1660	1.15708e-14
1680	4.62833e-14
1700	1.15708e-14
1720	0
1740	2.31416e-14
1760	1.15708e-14
1780	0
1800	0
1820	2.31416e-14
1840	1.15708e-14
1860	2.31416e-14
1880	3.47125e-14
1900	2.31416e-14
1920	0
1940	1.15708e-14
1960	2.31416e-14
1980	3.47125e-14
2000	0
2020	4.62833e-14
2040	1.15708e-14
2060	5.78541e-14
2080	1.15708e-14
2100	3.47125e-14
2120	2.31416e-14
2140	6.94249e-14
2160	0
2180	3.47125e-14
2200	4.62833e-14
2220	2.31416e-14
2240	2.31416e-14
2260	1.15708e-14
2280	1.15708e-14
2300	1.15708e-14
2320	1.15708e-14
2340	3.47125e-14
2360	1.15708e-14
2380	0
2400	4.62833e-14
2420	0
2440	0
2460	0
2480	3.47125e-14
2500	3.47125e-14
2520	0
2540	3.47125e-14
2560	0
2580	1.15708e-14
2600	2.31416e-14
2620	2.31416e-14
2640	1.15708e-14
2660	0
2680	5.78541e-14
2700	1.15708e-14
2720	6.94249e-14
2740	4.62833e-14
2760	2.31416e-14
2780	2.31416e-14
2800	2.31416e-14
2820	2.31416e-14
2840	0
2860	1.15708e-14
2880	3.47125e-14
2900	4.62833e-14
2920	0
2940	5.78541e-14
2960	3.47125e-14
2980	2.31416e-14
3000	0
3020	3.47125e-14
3040	0
3060	3.47125e-14
3080	1.15708e-14
3100	4.62833e-14
3120	5.78541e-14
3140	4.62833e-14
3160	1.15708e-14
3180	0
3200	1.15708e-14
3220	1.15708e-14
3240	3.47125e-14
3260	5.78541e-14
3280	8.09958e-14
3300	3.47125e-14
3320	5.78541e-14
3340	1.15708e-14
3360	3.47125e-14
3380	1.15708e-14
3400	3.47125e-14
3420	0
3440	3.47125e-14
3460	3.47125e-14
3480	4.62833e-14
3500	1.15708e-14
3520	4.62833e-14
3540	2.31416e-14
3560	3.47125e-14
3580	3.47125e-14
3600	2.31416e-14
3620	3.47125e-14
3640	3.47125e-14
3660	2.31416e-14
3680	1.15708e-14
3700	8.09958e-14
3720	2.31416e-14
3740	2.31416e-14
3760	2.31416e-14
3780	3.47125e-14
3800	2.31416e-14
3820	0
3840	6.94249e-14
3860	1.15708e-14
3880	9.25666e-14
3900	2.31416e-14
3920	2.31416e-14
3940	2.31416e-14
3960	0
3980	3.47125e-14
4000	2.31416e-14
4020	2.31416e-14
4040	1.15708e-14
4060	4.62833e-14
4080	3.47125e-14
4100	3.47125e-14
4120	0
4140	0
4160	3.47125e-14
4180	4.62833e-14
4200	3.47125e-14
4220	2.31416e-14
4240	1.15708e-14
4260	0
4280	0
4300	0
4320	8.09958e-14
4340	2.31416e-14
4360	2.31416e-14
4380	0
4400	3.47125e-14
4420	2.31416e-14
4440	3.47125e-14
4460	8.09958e-14
4480	3.47125e-14
4500	0
4520	5.78541e-14
4540	2.31416e-14
4560	1.15708e-14
4580	2.31416e-14
4600	1.04137e-13
4620	2.31416e-14
4640	2.31416e-14
4660	3.47125e-14
4680	2.31416e-14
4700	1.15708e-14
4720	1.15708e-14
4740	1.15708e-14
4760	4.62833e-14
4780	3.47125e-14
4800	9.25666e-14
4820	4.62833e-14
4840	3.47125e-14
4860	1.15708e-14
4880	3.47125e-14
4900	5.78541e-14
4920	1.15708e-14
4940	3.47125e-14
4960	2.31416e-14
4980	2.31416e-14
5000	1.15708e-14
5020	6.94249e-14
5040	3.47125e-14
5060	3.47125e-14
5080	1.15708e-14
5100	3.47125e-14
5120	1.04137e-13
5140	3.47125e-14
5160	0
5180	6.94249e-14
5200	3.47125e-14
5220	3.47125e-14
5240	8.09958e-14
5260	0
5280	1.15708e-14
5300	5.78541e-14
5320	2.31416e-14
5340	4.62833e-14
5360	4.62833e-14
5380	5.78541e-14
5400	9.25666e-14
5420	0
5440	4.62833e-14
5460	0
5480	8.09958e-14
5500	4.62833e-14
5520	4.62833e-14
5540	3.47125e-14
5560	3.47125e-14
5580	1.15708e-14
5600	4.62833e-14
5620	4.62833e-14
5640	3.47125e-14
5660	4.62833e-14
5680	2.31416e-14
5700	5.78541e-14
5720	2.31416e-14
5740	1.15708e-14
5760	5.78541e-14
5780	0
5800	1.15708e-14
5820	5.78541e-14
5840	3.47125e-14
5860	5.78541e-14
5880	0
5900	3.47125e-14
5920	2.31416e-14
5940	4.62833e-14
5960	3.47125e-14
5980	2.31416e-14
6000	5.78541e-14
6020	0
6040	4.62833e-14
6060	2.31416e-14
6080	1.15708e-14
6100	1.15708e-14
6120	6.94249e-14
6140	8.09958e-14
6160	5.78541e-14
6180	1.04137e-13
6200	2.31416e-14
6220	1.15708e-14
6240	2.31416e-14
6260	0
6280	0
6300	4.62833e-14
6320	8.09958e-14
6340	2.31416e-14
6360	0
6380	6.94249e-14
6400	6.94249e-14
6420	2.31416e-14
6440	5.78541e-14
6460	9.25666e-14
6480	2.31416e-14
6500	6.94249e-14
6520	1.04137e-13
6540	0
6560	6.94249e-14
6580	3.47125e-14
6600	5.78541e-14
6620	4.62833e-14
6640	8.09958e-14
6660	2.31416e-14
6680	6.94249e-14
6700	2.31416e-14
6720	4.62833e-14
6740	1.04137e-13
6760	3.47125e-14
6780	1.15708e-14
6800	0
6820	2.31416e-14
6840	8.09958e-14
6860	0
6880	9.25666e-14
6900	9.25666e-14
6920	2.31416e-14
6940	2.31416e-14
6960	1.15708e-14
6980	1.15708e-14
7000	0
7020	3.47125e-14
7040	2.31416e-14
7060	3.47125e-14
7080	4.62833e-14
7100	3.47125e-14
7120	3.47125e-14
7140	2.31416e-14
7160	4.62833e-14
7180	0
7200	0
7220	2.31416e-14
7240	9.25666e-14
7260	1.15708e-14
7280	0
7300	2.31416e-14
7320	1.15708e-14
7340	1.15708e-14
7360	8.09958e-14
7380	3.47125e-14
7400	1.15708e-14
7420	8.09958e-14
7440	1.15708e-14
7460	5.78541e-14
7480	0
7500	0
7520	5.78541e-14
7540	6.94249e-14
7560	1.15708e-14
7580	3.47125e-14
7600	3.47125e-14
7620	4.62833e-14
7640	1.15708e-14
7660	4.62833e-14
7680	0
7700	5.78541e-14
7720	2.31416e-14
7740	1.3885e-13
7760	3.47125e-14
7780	2.31416e-14
7800	2.31416e-14
7820	0
7840	1.15708e-14
7860	1.15708e-14
7880	6.94249e-14
7900	3.47125e-14
7920	1.15708e-13
7940	0
7960	0
7980	4.62833e-14
8000	3.47125e-14
8020	4.62833e-14
8040	5.78541e-14
8060	6.94249e-14
8080	1.15708e-14
8100	9.25666e-14
8120	1.27279e-13
8140	2.31416e-14
8160	2.31416e-14
8180	3.47125e-14
8200	5.78541e-14
8220	4.62833e-14
8240	1.15708e-13
8260	1.15708e-14
8280	1.15708e-14
8300	4.62833e-14
8320	4.62833e-14
8340	1.15708e-14
8360	6.94249e-14
8380	1.15708e-14
8400	3.47125e-14
8420	3.47125e-14
8440	3.47125e-14
8460	1.15708e-14
8480	8.09958e-14
8500	3.47125e-14
8520	0
8540	3.47125e-14
8560	1.15708e-14
8580	2.31416e-14
8600	8.09958e-14
8620	1.15708e-14
8640	5.78541e-14
8660	1.15708e-14
8680	4.62833e-14
8700	1.15708e-13
8720	6.94249e-14
8740	5.78541e-14
8760	3.47125e-14
8780	4.62833e-14
8800	3.47125e-14
8820	8.09958e-14
8840	5.78541e-14
8860	3.47125e-14
8880	9.25666e-14
8900	6.94249e-14
8920	1.15708e-14
8940	3.47125e-14
8960	2.31416e-14
8980	0
9000	5.78541e-14
9020	0
9040	3.47125e-14
9060	3.47125e-14
9080	2.31416e-14
9100	2.31416e-14
9120	4.62833e-14
9140	2.31416e-14
9160	5.78541e-14
9180	2.31416e-14
9200	8.09958e-14
9220	0
9240	2.31416e-14
9260	4.62833e-14
9280	2.31416e-14
9300	4.62833e-14
9320	9.25666e-14
9340	4.62833e-14
9360	3.47125e-14
9380	5.78541e-14
9400	3.47125e-14
9420	4.62833e-14
9440	9.25666e-14
9460	1.15708e-14
9480	1.15708e-14
9500	2.31416e-14
9520	6.94249e-14
9540	6.94249e-14
9560	6.94249e-14
9580	1.27279e-13
9600	2.31416e-14
9620	5.78541e-14
9640	8.09958e-14
9660	6.94249e-14
9680	3.47125e-14
9700	4.62833e-14
9720	0
9740	4.62833e-14
9760	4.62833e-14
9780	3.47125e-14
9800	5.78541e-14
9820	1.15708e-14
9840	2.31416e-14
9860	2.31416e-14
9880	1.15708e-14
9900	4.62833e-14
9920	2.31416e-14
9940	1.15708e-14
9960	1.15708e-14
9980	2.31416e-14
