5	95.4281
7	19.614
9	54.7327
11	58.5021
13	31.2271
15	5.32789
17	9.1097
19	13.4206
21	11.9829
23	8.44168
25	4.86698
27	2.0935
29	0.261933
31	0.780333
33	1.25827
35	1.37416
37	1.28034
39	1.08095
41	0.842658
43	0.605653
45	0.392423
47	0.21395
49	0.0738958
51	0.0286374
53	0.0972695
55	0.137095
57	0.153818
59	0.153146
61	0.140376
63	0.120128
65	0.0962086
67	0.0715666
69	0.0483245
71	0.027864
73	0.0109424
75	0.00217842
77	0.0116025
79	0.0176816
81	0.0209136
83	0.0218607
85	0.021088
87	0.0191211
89	0.0164188
91	0.0133606
93	0.0102427
95	0.00728215
97	0.00462491
99	0.00235683
101	0.000515262
103	0.000899431
105	0.00191334
107	0.00256987
109	0.00292217
111	0.00302718
113	0.00294118
115	0.00271662
117	0.00240014
119	0.00203148
121	0.00164307
123	0.00126019
125	0.000901457
127	0.000579566
129	0.000302152
131	7.26852e-05
133	0.000108652
135	0.000244139
137	0.000337786
139	0.000394703
141	0.000420575
143	0.000421239
145	0.000402368
147	0.000369234
149	0.000326556
151	0.000278407
153	0.000228177
155	0.00017858
157	0.000131683
159	8.89671e-05
161	5.13925e-05
163	1.9479e-05
165	6.61763e-06
167	2.70289e-05
169	4.21025e-05
171	5.23385e-05
173	5.83327e-05
175	6.07306e-05
177	6.0188e-05
179	5.73414e-05
181	5.27857e-05
183	4.70584e-05
185	4.063e-05
187	3.38996e-05
189	2.7194e-05
191	2.07701e-05
193	1.48202e-05
195	9.47734e-06
197	4.82367e-06
199	8.97472e-07
201	2.29875e-06
203	4.79086e-06
205	6.62607e-06
207	7.8667e-06
209	8.58459e-06
211	8.85643e-06
213	8.75988e-06
215	8.37047e-06
217	7.75925e-06
219	6.99109e-06
221	6.12359e-06
223	5.20647e-06
225	4.28137e-06
227	3.38199e-06
229	2.53454e-06
231	1.75824e-06
233	1.06613e-06
235	4.6579e-07
237	3.98212e-08
239	4.51535e-07
241	7.7321e-07
243	1.011e-06
245	1.17268e-06
247	1.26709e-06
249	1.30363e-06
251	1.29178e-06
253	1.24087e-06
255	1.1597e-06
257	1.05641e-06
259	9.38342e-07
261	8.11925e-07
263	6.82659e-07
265	5.55114e-07
267	4.32958e-07
269	3.19012e-07
271	2.15319e-07
273	1.23228e-07
275	4.34814e-08
277	2.36953e-08
279	7.85029e-08
281	1.21484e-07
283	1.53442e-07
285	1.75369e-07
287	1.88379e-07
289	1.93654e-07
291	1.92394e-07
293	1.85778e-07
295	1.74934e-07
297	1.60911e-07
299	1.44668e-07
301	1.27057e-07
303	1.08819e-07
305	9.05829e-08
307	7.28666e-08
309	5.60823e-08
311	4.05437e-08
313	2.64741e-08
315	1.40164e-08
317	3.24334e-09
319	5.83237e-09
321	1.32474e-08
323	1.90786e-08
325	2.3433e-08
327	2.64402e-08
329	2.82446e-08
331	2.89988e-08
333	2.88579e-08
335	2.79748e-08
337	2.64966e-08
339	2.45614e-08
341	2.22963e-08
343	1.98154e-08
345	1.72197e-08
347	1.45961e-08
349	1.20177e-08
351	9.54405e-09
353	7.22208e-09
355	5.08715e-09
357	3.16349e-09
359	1.46605e-09
361	1.45792e-12
363	1.23087e-09
365	2.23711e-09
367	3.02843e-09
369	3.61957e-09
371	4.02777e-09
373	4.27245e-09
375	4.37341e-09
377	4.35132e-09
379	4.22625e-09
381	4.01775e-09
383	3.74425e-09
385	3.42258e-09
387	3.0684e-09
389	2.69527e-09
391	2.3154e-09
393	1.93892e-09
395	1.57433e-09
397	1.22845e-09
399	9.06794e-10
401	6.13103e-10
403	3.49948e-10
405	1.18809e-10
407	7.9804e-11
409	2.4632e-10
411	3.81652e-10
413	4.87756e-10
415	5.66461e-10
417	6.20254e-10
419	6.51831e-10
421	6.63645e-10
423	6.58565e-10
425	6.39357e-10
427	6.08602e-10
429	5.68787e-10
431	5.22076e-10
433	4.70747e-10
435	4.16411e-10
437	3.60906e-10
439	3.05794e-10
441	2.51989e-10
443	2.00684e-10
445	1.52446e-10
447	1.08095e-10
449	6.78513e-11
451	3.21206e-11
453	1.0298e-12
455	2.56872e-11
457	4.78106e-11
459	6.5757e-11
461	7.95726e-11
463	8.96855e-11
465	9.64544e-11
467	1.00099e-10
469	1.01187e-10
471	9.98678e-11
473	9.67089e-11
475	9.18839e-11
477	8.58324e-11
479	7.90172e-11
481	7.13226e-11
483	6.33734e-11
485	5.52275e-11
487	4.7047e-11
489	3.90747e-11
491	3.15305e-11
493	2.43682e-11
495	1.77381e-11
497	1.15824e-11
499	6.23667e-12
501	1.3885e-12
503	2.696e-12
505	6.25982e-12
507	9.05995e-12
509	1.13625e-11
511	1.30635e-11
513	1.43015e-11
515	1.50305e-11
517	1.54239e-11
519	1.54586e-11
521	1.51231e-11
523	1.45677e-11
525	1.37809e-11
527	1.28783e-11
529	1.17675e-11
531	1.06914e-11
533	9.49965e-12
535	8.25e-12
537	7.0582e-12
539	5.93583e-12
541	4.76718e-12
543	3.66795e-12
545	2.70757e-12
547	1.90919e-12
549	1.05294e-12
551	2.777e-13
553	3.23983e-13
555	8.33099e-13
557	1.33064e-12
559	1.67777e-12
561	1.93233e-12
563	2.08275e-12
565	2.25631e-12
567	2.38359e-12
569	2.39516e-12
571	2.33731e-12
573	2.19846e-12
575	2.24474e-12
577	2.01332e-12
579	1.89762e-12
581	1.77034e-12
583	1.56206e-12
585	1.3885e-12
587	1.22651e-12
589	1.0298e-12
591	8.79383e-13
593	6.71108e-13
595	5.32258e-13
597	3.00841e-13
599	2.777e-13
601	8.09958e-14
603	6.94249e-14
605	9.25666e-14
607	2.08275e-13
609	1.85133e-13
611	2.777e-13
613	3.12412e-13
615	3.58696e-13
617	4.04979e-13
619	4.04979e-13
621	3.47125e-13
623	3.58696e-13
625	2.89271e-13
627	3.81837e-13
629	3.47125e-13
631	3.00841e-13
633	2.89271e-13
635	2.66129e-13
637	2.08275e-13
639	1.85133e-13
641	3.00841e-13
643	1.27279e-13
645	2.19846e-13
647	5.78541e-14
649	4.62833e-14
651	4.62833e-14
653	6.94249e-14
655	3.47125e-14
657	3.47125e-14
659	1.15708e-14
661	1.15708e-14
663	6.94249e-14
665	9.25666e-14
667	6.94249e-14
669	2.31416e-14
671	1.15708e-13
673	2.31416e-14
675	1.27279e-13
677	2.31416e-14
679	1.04137e-13
681	3.47125e-14
683	6.94249e-14
685	5.78541e-14
687	1.15708e-14
689	8.09958e-14
691	0
693	2.31416e-14
695	8.09958e-14
697	5.78541e-14
699	3.47125e-14
701	5.78541e-14
703	3.47125e-14
705	6.94249e-14
707	2.31416e-14
709	1.15708e-14
711	2.31416e-14
713	1.15708e-14
715	4.62833e-14
717	2.31416e-14
719	3.47125e-14
721	1.15708e-14
723	0
725	1.15708e-14
727	2.31416e-14
729	4.62833e-14
731	3.47125e-14
733	5.78541e-14
735	1.15708e-14
737	1.15708e-14
739	1.15708e-14
741	4.62833e-14
743	5.78541e-14
745	2.31416e-14
747	8.09958e-14
749	1.15708e-14
751	5.78541e-14
753	1.15708e-14
755	2.31416e-14
757	2.31416e-14
759	5.78541e-14
761	2.31416e-14
763	3.47125e-14
765	1.15708e-14
767	0
769	5.78541e-14
771	4.62833e-14
773	4.62833e-14
775	9.25666e-14
777	6.94249e-14
779	1.15708e-14
781	5.78541e-14
783	2.31416e-14
785	2.31416e-14
787	8.09958e-14
789	0
791	2.31416e-14
793	0
795	6.94249e-14
797	2.31416e-14
799	3.47125e-14
801	6.94249e-14
803	1.15708e-14
805	1.15708e-14
807	3.47125e-14
809	2.31416e-14
811	2.31416e-14
813	8.09958e-14
815	1.15708e-14
817	1.15708e-14
819	6.94249e-14
821	0
823	4.62833e-14
825	4.62833e-14
827	4.62833e-14
829	4.62833e-14
831	3.47125e-14
833	5.78541e-14
835	2.31416e-14
837	9.25666e-14
839	4.62833e-14
841	0
843	5.78541e-14
845	1.15708e-14
847	1.15708e-14
849	1.15708e-14
851	1.15708e-14
853	2.31416e-14
855	4.62833e-14
857	2.31416e-14
859	8.09958e-14
861	0
863	4.62833e-14
865	4.62833e-14
867	2.31416e-14
869	4.62833e-14
871	2.31416e-14
873	1.27279e-13
875	2.31416e-14
877	1.15708e-14
879	8.09958e-14
881	2.31416e-14
883	6.94249e-14
885	2.31416e-14
887	4.62833e-14
889	4.62833e-14
891	1.15708e-14
893	5.78541e-14
895	1.15708e-14
897	2.31416e-14
899	2.31416e-14
901	1.50421e-13
903	1.15708e-14
905	5.78541e-14
907	2.31416e-14
909	1.15708e-14
911	2.31416e-14
913	5.78541e-14
915	1.15708e-14
917	8.09958e-14
919	4.62833e-14
921	4.62833e-14
923	8.09958e-14
925	2.31416e-14
927	1.15708e-14
929	1.15708e-14
931	1.15708e-14
933	6.94249e-14
935	1.04137e-13
937	0
939	8.09958e-14
941	1.15708e-14
943	0
945	8.09958e-14
947	3.47125e-14
949	2.31416e-14
951	0
953	2.31416e-14
955	1.15708e-13
957	5.78541e-14
959	2.31416e-14
961	1.15708e-14
963	3.47125e-14
965	2.31416e-14
967	8.09958e-14
969	0
971	0
973	0
975	0
977	1.15708e-14
979	2.31416e-14
981	2.31416e-14
983	6.94249e-14
985	3.47125e-14
987	4.62833e-14
989	8.09958e-14
991	2.31416e-14
993	4.62833e-14
995	0
997	4.62833e-14
999	3.47125e-14
1001	9.25666e-14
1003	2.31416e-14
1005	4.62833e-14
1007	4.62833e-14
1009	3.47125e-14
1011	2.31416e-14
1013	1.15708e-14
1015	1.3885e-13
1017	3.47125e-14
1019	1.15708e-14
1021	5.78541e-14
1023	5.78541e-14
1025	1.15708e-14
1027	3.47125e-14
1029	1.15708e-14
1031	2.31416e-14
1033	3.47125e-14
1035	9.25666e-14
1037	5.78541e-14
1039	2.31416e-14
1041	4.62833e-14
1043	6.94249e-14
1045	4.62833e-14
1047	8.09958e-14
1049	4.62833e-14
1051	0
1053	3.47125e-14
1055	2.31416e-14
1057	0
1059	1.15708e-14
1061	4.62833e-14
1063	5.78541e-14
1065	4.62833e-14
1067	4.62833e-14
1069	6.94249e-14
1071	1.04137e-13
1073	2.31416e-14
1075	1.15708e-14
1077	4.62833e-14
1079	1.15708e-14
1081	2.31416e-14
1083	3.47125e-14
1085	6.94249e-14
1087	2.31416e-14
1089	5.78541e-14
1091	3.47125e-14
1093	1.15708e-14
1095	1.15708e-14
1097	2.31416e-14
1099	1.15708e-14
1101	2.31416e-14
1103	6.94249e-14
1105	0
1107	2.31416e-14
1109	3.47125e-14
1111	2.31416e-14
1113	3.47125e-14
1115	2.31416e-14
1117	1.04137e-13
1119	6.94249e-14
1121	1.15708e-14
1123	1.15708e-14
1125	0
1127	0
1129	1.15708e-14
1131	0
1133	1.15708e-14
1135	1.15708e-14
1137	4.62833e-14
1139	6.94249e-14
1141	6.94249e-14
1143	0
1145	0
1147	4.62833e-14
1149	1.15708e-14
1151	8.09958e-14
1153	2.31416e-14
1155	9.25666e-14
1157	1.15708e-14
1159	2.31416e-14
1161	3.47125e-14
1163	9.25666e-14
1165	2.31416e-14
1167	5.78541e-14
1169	5.78541e-14
1171	9.25666e-14
1173	1.15708e-14
1175	2.31416e-14
1177	9.25666e-14
1179	0
1181	2.31416e-14
1183	1.04137e-13
1185	1.15708e-14
1187	3.47125e-14
1189	0
1191	8.09958e-14
1193	6.94249e-14
1195	4.62833e-14
1197	4.62833e-14
1199	1.27279e-13
1201	4.62833e-14
1203	1.15708e-14
1205	6.94249e-14
1207	4.62833e-14
1209	8.09958e-14
1211	0
1213	5.78541e-14
1215	2.31416e-14
1217	0
1219	1.15708e-14
1221	2.31416e-14
1223	4.62833e-14
1225	1.15708e-13
1227	9.25666e-14
1229	6.94249e-14
1231	5.78541e-14
1233	2.31416e-14
1235	5.78541e-14
1237	9.25666e-14
1239	0
1241	9.25666e-14
1243	1.15708e-14
1245	0
1247	0
1249	5.78541e-14
1251	1.3885e-13
1253	4.62833e-14
1255	2.31416e-14
1257	4.62833e-14
1259	1.04137e-13
1261	2.31416e-14
1263	5.78541e-14
1265	1.04137e-13
1267	5.78541e-14
1269	9.25666e-14
1271	2.31416e-14
1273	3.47125e-14
1275	8.09958e-14
1277	2.31416e-14
1279	6.94249e-14
1281	1.15708e-14
1283	1.04137e-13
1285	4.62833e-14
1287	6.94249e-14
1289	8.09958e-14
1291	1.15708e-14
1293	1.15708e-14
1295	3.47125e-14
1297	1.27279e-13
1299	6.94249e-14
1301	1.04137e-13
1303	3.47125e-14
1305	8.09958e-14
1307	4.62833e-14
1309	4.62833e-14
1311	2.31416e-14
1313	1.15708e-14
1315	1.04137e-13
1317	6.94249e-14
1319	1.61992e-13
1321	1.15708e-13
1323	0
1325	0
1327	2.31416e-14
1329	4.62833e-14
1331	2.31416e-14
1333	8.09958e-14
1335	4.62833e-14
1337	5.78541e-14
1339	5.78541e-14
1341	4.62833e-14
1343	6.94249e-14
1345	3.47125e-14
1347	1.15708e-14
1349	2.31416e-14
1351	9.25666e-14
1353	3.47125e-14
1355	8.09958e-14
1357	0
1359	2.31416e-14
1361	4.62833e-14
1363	0
1365	1.15708e-14
1367	0
1369	1.15708e-14
1371	2.31416e-14
1373	8.09958e-14
1375	4.62833e-14
1377	9.25666e-14
1379	4.62833e-14
1381	1.3885e-13
1383	8.09958e-14
1385	1.15708e-14
1387	4.62833e-14
1389	0
1391	6.94249e-14
1393	1.15708e-14
1395	1.15708e-14
1397	1.15708e-14
1399	5.78541e-14
1401	3.47125e-14
1403	1.15708e-13
1405	6.94249e-14
1407	1.15708e-14
1409	0
1411	3.47125e-14
1413	3.47125e-14
1415	2.31416e-14
1417	5.78541e-14
1419	0
1421	4.62833e-14
1423	6.94249e-14
1425	0
1427	5.78541e-14
1429	8.09958e-14
1431	1.15708e-14
1433	5.78541e-14
1435	0
1437	0
1439	6.94249e-14
1441	1.50421e-13
1443	2.31416e-14
1445	1.15708e-14
1447	9.25666e-14
1449	9.25666e-14
1451	0
1453	5.78541e-14
1455	1.15708e-13
1457	4.62833e-14
1459	1.50421e-13
1461	1.04137e-13
1463	1.04137e-13
1465	6.94249e-14
1467	4.62833e-14
1469	5.78541e-14
1471	2.31416e-14
1473	3.47125e-14
1475	0
1477	0
1479	8.09958e-14
1481	4.62833e-14
1483	1.15708e-14
1485	4.62833e-14
1487	1.15708e-14
1489	1.15708e-13
1491	2.31416e-14
1493	1.15708e-14
1495	8.09958e-14
1497	2.31416e-14
1499	2.31416e-14
1501	1.3885e-13
1503	1.04137e-13
1505	4.62833e-14
1507	3.47125e-14
1509	2.31416e-14
1511	5.78541e-14
1513	5.78541e-14
1515	4.62833e-14
1517	9.25666e-14
1519	9.25666e-14
1521	5.78541e-14
1523	1.15708e-14
1525	3.47125e-14
1527	6.94249e-14
1529	2.31416e-14
1531	3.47125e-14
1533	1.50421e-13
1535	2.31416e-14
1537	2.31416e-14
1539	2.31416e-14
1541	2.31416e-14
1543	0
1545	1.61992e-13
1547	1.50421e-13
1549	9.25666e-14
1551	1.73562e-13
1553	4.62833e-14
1555	1.15708e-14
1557	1.15708e-14
1559	2.31416e-14
1561	2.31416e-14
1563	3.47125e-14
1565	5.78541e-14
1567	1.15708e-14
1569	5.78541e-14
1571	1.27279e-13
1573	2.31416e-14
1575	8.09958e-14
1577	5.78541e-14
1579	1.15708e-14
1581	4.62833e-14
1583	6.94249e-14
1585	4.62833e-14
1587	5.78541e-14
1589	4.62833e-14
1591	4.62833e-14
1593	1.27279e-13
1595	1.73562e-13
1597	4.62833e-14
1599	5.78541e-14
1601	0
1603	2.31416e-14
1605	1.15708e-14
1607	0
1609	6.94249e-14
1611	1.15708e-13
1613	1.04137e-13
1615	6.94249e-14
1617	6.94249e-14
1619	1.04137e-13
1621	2.31416e-14
1623	1.85133e-13
1625	8.09958e-14
1627	8.09958e-14
1629	3.47125e-14
1631	4.62833e-14
1633	1.3885e-13
1635	9.25666e-14
1637	3.47125e-14
1639	4.62833e-14
1641	1.15708e-14
1643	3.47125e-14
1645	8.09958e-14
1647	0
1649	5.78541e-14
1651	3.47125e-14
1653	4.62833e-14
1655	2.31416e-14
1657	0
1659	1.15708e-14
1661	6.94249e-14
1663	2.31416e-14
1665	6.94249e-14
1667	1.15708e-14
1669	2.31416e-14
1671	5.78541e-14
1673	1.15708e-14
1675	4.62833e-14
1677	5.78541e-14
1679	1.15708e-14
1681	2.31416e-14
1683	2.31416e-14
1685	2.31416e-14
1687	4.62833e-14
1689	4.62833e-14
1691	2.31416e-14
1693	8.09958e-14
1695	0
1697	5.78541e-14
1699	4.62833e-14
1701	8.09958e-14
1703	1.15708e-14
1705	1.27279e-13
1707	0
1709	4.62833e-14
1711	3.47125e-14
1713	9.25666e-14
1715	1.15708e-14
1717	1.15708e-14
1719	4.62833e-14
1721	5.78541e-14
1723	1.15708e-14
1725	1.15708e-14
1727	5.78541e-14
1729	9.25666e-14
1731	3.47125e-14
1733	8.09958e-14
1735	9.25666e-14
1737	4.62833e-14
1739	5.78541e-14
1741	0
1743	2.31416e-14
1745	0
1747	1.15708e-14
1749	6.94249e-14
1751	6.94249e-14
1753	6.94249e-14
1755	8.09958e-14
1757	1.3885e-13
1759	2.31416e-14
1761	6.94249e-14
1763	4.62833e-14
1765	9.25666e-14
1767	3.47125e-14
1769	8.09958e-14
1771	2.31416e-14
1773	8.09958e-14
1775	5.78541e-14
1777	2.31416e-14
1779	1.15708e-14
1781	1.15708e-14
1783	4.62833e-14
1785	2.31416e-14
1787	6.94249e-14
1789	1.04137e-13
1791	9.25666e-14
1793	2.31416e-14
1795	3.47125e-14
1797	6.94249e-14
1799	8.09958e-14
1801	1.3885e-13
1803	6.94249e-14
1805	2.31416e-14
1807	8.09958e-14
1809	8.09958e-14
1811	1.04137e-13
1813	5.78541e-14
1815	2.31416e-14
1817	2.31416e-14
1819	5.78541e-14
1821	3.47125e-14
1823	2.31416e-14
1825	9.25666e-14
1827	0
1829	5.78541e-14
1831	1.15708e-14
1833	3.47125e-14
1835	4.62833e-14
1837	1.27279e-13
1839	1.50421e-13
1841	5.78541e-14
1843	1.3885e-13
1845	4.62833e-14
1847	1.3885e-13
1849	4.62833e-14
1851	0
1853	5.78541e-14
1855	1.04137e-13
1857	1.15708e-13
1859	6.94249e-14
1861	4.62833e-14
1863	1.50421e-13
1865	4.62833e-14
1867	1.15708e-14
1869	2.31416e-14
1871	5.78541e-14
1873	1.50421e-13
1875	9.25666e-14
1877	1.61992e-13
1879	2.31416e-14
1881	6.94249e-14
1883	5.78541e-14
1885	6.94249e-14
1887	5.78541e-14
1889	4.62833e-14
1891	6.94249e-14
1893	9.25666e-14
1895	9.25666e-14
1897	2.31416e-14
1899	4.62833e-14
1901	0
1903	2.31416e-14
1905	5.78541e-14
1907	4.62833e-14
1909	4.62833e-14
1911	1.85133e-13
1913	8.09958e-14
1915	1.04137e-13
1917	5.78541e-14
1919	1.15708e-14
1921	8.09958e-14
1923	1.15708e-14
1925	3.47125e-14
1927	1.15708e-14
1929	4.62833e-14
1931	4.62833e-14
1933	8.09958e-14
1935	6.94249e-14
1937	0
1939	0
1941	2.31416e-14
1943	5.78541e-14
1945	1.15708e-14
1947	0
1949	4.62833e-14
1951	0
1953	2.31416e-14
1955	4.62833e-14
1957	5.78541e-14
1959	2.31416e-14
1961	1.27279e-13
1963	1.15708e-14
1965	1.15708e-13
1967	2.31416e-14
1969	1.15708e-14
1971	0
1973	3.47125e-14
1975	1.15708e-14
1977	2.31416e-14
1979	3.47125e-14
1981	3.47125e-14
1983	0
1985	0
1987	5.78541e-14
1989	2.31416e-14
1991	1.50421e-13
1993	0
1995	9.25666e-14
1997	8.09958e-14
1999	3.47125e-14
2001	1.50421e-13
2003	3.47125e-14
2005	1.15708e-14
2007	1.15708e-14
2009	1.15708e-13
2011	5.78541e-14
2013	3.47125e-14
2015	1.27279e-13
2017	6.94249e-14
2019	1.15708e-14
2021	3.47125e-14
2023	1.3885e-13
2025	8.09958e-14
2027	1.15708e-14
2029	3.47125e-14
2031	5.78541e-14
2033	1.27279e-13
2035	1.04137e-13
2037	9.25666e-14
2039	1.15708e-14
2041	0
2043	2.31416e-14
2045	3.47125e-14
2047	1.15708e-13
2049	1.96704e-13
2051	1.15708e-13
2053	6.94249e-14
2055	5.78541e-14
2057	0
2059	2.31416e-14
2061	9.25666e-14
2063	2.31416e-14
2065	3.47125e-14
2067	1.15708e-14
2069	8.09958e-14
2071	1.15708e-14
2073	9.25666e-14
2075	3.47125e-14
2077	1.15708e-13
2079	2.31416e-14
2081	4.62833e-14
2083	2.31416e-14
2085	1.15708e-14
2087	1.04137e-13
2089	1.04137e-13
2091	1.96704e-13
2093	5.78541e-14
2095	1.15708e-14
2097	1.3885e-13
2099	4.62833e-14
2101	2.31416e-14
2103	1.15708e-14
2105	1.15708e-14
2107	2.31416e-14
2109	0
2111	9.25666e-14
2113	3.47125e-14
2115	5.78541e-14
2117	8.09958e-14
2119	0
2121	5.78541e-14
2123	8.09958e-14
2125	6.94249e-14
2127	1.27279e-13
2129	3.47125e-14
2131	5.78541e-14
2133	1.73562e-13
2135	9.25666e-14
2137	1.27279e-13
2139	8.09958e-14
2141	3.47125e-14
2143	4.62833e-14
2145	4.62833e-14
2147	4.62833e-14
2149	1.15708e-13
2151	1.15708e-13
2153	4.62833e-14
2155	6.94249e-14
2157	5.78541e-14
2159	5.78541e-14
2161	5.78541e-14
2163	8.09958e-14
2165	2.31416e-14
2167	1.04137e-13
2169	1.15708e-14
2171	2.31416e-14
2173	3.47125e-14
2175	1.61992e-13
2177	3.47125e-14
2179	3.47125e-14
2181	1.61992e-13
2183	1.15708e-14
2185	8.09958e-14
2187	8.09958e-14
2189	1.15708e-14
2191	9.25666e-14
2193	3.47125e-14
2195	4.62833e-14
2197	4.62833e-14
2199	1.15708e-13
2201	6.94249e-14
2203	9.25666e-14
2205	9.25666e-14
2207	5.78541e-14
2209	6.94249e-14
2211	8.09958e-14
2213	1.15708e-13
2215	3.47125e-14
2217	1.15708e-14
2219	4.62833e-14
2221	0
2223	0
2225	2.31416e-14
2227	2.31416e-14
2229	9.25666e-14
2231	3.47125e-14
2233	4.62833e-14
2235	1.15708e-14
2237	3.47125e-14
2239	0
2241	0
2243	3.47125e-14
2245	5.78541e-14
2247	6.94249e-14
2249	5.78541e-14
2251	5.78541e-14
2253	1.15708e-14
2255	8.09958e-14
2257	5.78541e-14
2259	9.25666e-14
2261	1.15708e-14
2263	1.3885e-13
2265	1.04137e-13
2267	3.47125e-14
2269	8.09958e-14
2271	2.31416e-14
2273	1.15708e-14
2275	0
2277	2.31416e-14
2279	1.96704e-13
2281	6.94249e-14
2283	1.15708e-13
2285	5.78541e-14
2287	3.47125e-14
2289	2.54558e-13
2291	5.78541e-14
2293	2.31416e-14
2295	0
2297	3.47125e-14
2299	6.94249e-14
2301	1.04137e-13
2303	6.94249e-14
2305	3.47125e-14
2307	4.62833e-14
2309	1.15708e-14
2311	1.50421e-13
2313	3.47125e-14
2315	8.09958e-14
2317	1.04137e-13
2319	2.31416e-14
2321	8.09958e-14
2323	1.04137e-13
2325	1.50421e-13
2327	1.15708e-14
2329	5.78541e-14
2331	9.25666e-14
2333	1.15708e-13
2335	1.15708e-14
2337	5.78541e-14
2339	0
2341	9.25666e-14
2343	3.47125e-14
2345	1.3885e-13
2347	1.3885e-13
2349	8.09958e-14
2351	1.15708e-13
2353	5.78541e-14
2355	1.15708e-13
2357	1.15708e-14
2359	1.15708e-14
2361	1.15708e-14
2363	0
2365	6.94249e-14
2367	8.09958e-14
2369	1.3885e-13
2371	2.31416e-14
2373	1.3885e-13
2375	9.25666e-14
2377	1.15708e-14
2379	4.62833e-14
2381	2.31416e-14
2383	6.94249e-14
2385	3.47125e-14
2387	3.47125e-14
2389	5.78541e-14
2391	3.47125e-14
2393	5.78541e-14
2395	9.25666e-14
2397	1.3885e-13
2399	9.25666e-14
2401	9.25666e-14
2403	2.31416e-14
2405	2.31416e-14
2407	1.27279e-13
2409	2.31416e-14
2411	6.94249e-14
2413	1.04137e-13
2415	0
2417	5.78541e-14
2419	6.94249e-14
2421	1.3885e-13
2423	0
2425	2.31416e-14
2427	2.08275e-13
2429	1.96704e-13
2431	2.31416e-14
2433	3.47125e-14
2435	1.15708e-14
2437	9.25666e-14
2439	9.25666e-14
2441	2.08275e-13
2443	1.50421e-13
2445	1.15708e-13
2447	1.15708e-14
2449	8.09958e-14
2451	1.3885e-13
2453	9.25666e-14
2455	2.31416e-14
2457	6.94249e-14
2459	1.04137e-13
2461	1.04137e-13
2463	1.96704e-13
2465	4.62833e-14
2467	1.15708e-14
2469	3.47125e-14
2471	3.47125e-14
2473	1.3885e-13
2475	8.09958e-14
2477	5.78541e-14
2479	1.61992e-13
2481	4.62833e-14
2483	1.04137e-13
2485	8.09958e-14
2487	3.47125e-14
2489	9.25666e-14
2491	2.31416e-14
2493	1.15708e-14
2495	0
2497	2.31416e-14
2499	6.94249e-14
2501	0
2503	1.04137e-13
2505	4.62833e-14
2507	0
2509	1.3885e-13
2511	2.31416e-14
2513	4.62833e-14
2515	4.62833e-14
2517	1.04137e-13
2519	1.27279e-13
2521	1.15708e-14
2523	1.15708e-13
2525	5.78541e-14
2527	3.47125e-14
2529	2.31416e-14
2531	4.62833e-14
2533	2.31416e-14
2535	1.61992e-13
2537	1.50421e-13
2539	9.25666e-14
2541	1.15708e-14
2543	1.50421e-13
2545	1.3885e-13
2547	1.85133e-13
2549	3.47125e-14
2551	1.73562e-13
2553	5.78541e-14
2555	1.15708e-13
2557	1.15708e-13
2559	0
2561	1.73562e-13
2563	3.47125e-14
2565	6.94249e-14
2567	1.04137e-13
2569	3.47125e-14
2571	1.04137e-13
2573	1.15708e-14
2575	1.96704e-13
2577	5.78541e-14
2579	3.47125e-14
2581	1.50421e-13
2583	1.15708e-13
2585	1.50421e-13
2587	0
2589	4.62833e-14
2591	5.78541e-14
2593	6.94249e-14
2595	9.25666e-14
2597	5.78541e-14
2599	5.78541e-14
2601	3.47125e-14
2603	5.78541e-14
2605	1.15708e-14
2607	9.25666e-14
2609	1.04137e-13
2611	3.47125e-14
2613	1.15708e-14
2615	1.85133e-13
2617	1.27279e-13
2619	4.62833e-14
2621	6.94249e-14
2623	5.78541e-14
2625	1.27279e-13
2627	1.3885e-13
2629	1.3885e-13
2631	2.31416e-14
2633	1.04137e-13
2635	4.62833e-14
2637	9.25666e-14
2639	1.27279e-13
2641	1.15708e-13
2643	1.15708e-14
2645	4.62833e-14
2647	4.62833e-14
2649	2.31416e-14
2651	5.78541e-14
2653	1.50421e-13
2655	1.15708e-14
2657	4.62833e-14
2659	5.78541e-14
2661	1.27279e-13
2663	5.78541e-14
2665	8.09958e-14
2667	1.15708e-14
2669	4.62833e-14
2671	9.25666e-14
2673	1.96704e-13
2675	4.62833e-14
2677	1.15708e-13
2679	5.78541e-14
2681	8.09958e-14
2683	1.15708e-13
2685	1.27279e-13
2687	1.04137e-13
2689	2.31416e-14
2691	1.04137e-13
2693	1.73562e-13
2695	9.25666e-14
2697	8.09958e-14
2699	1.3885e-13
2701	8.09958e-14
2703	3.47125e-14
2705	1.04137e-13
2707	0
2709	1.15708e-13
2711	1.27279e-13
2713	3.47125e-14
2715	1.15708e-14
2717	1.96704e-13
2719	2.31416e-14
2721	2.31416e-14
2723	1.04137e-13
2725	1.61992e-13
2727	2.31416e-14
2729	5.78541e-14
2731	5.78541e-14
2733	9.25666e-14
2735	1.50421e-13
2737	3.47125e-14
2739	0
2741	1.15708e-14
2743	4.62833e-14
2745	1.96704e-13
2747	5.78541e-14
2749	1.15708e-13
2751	1.04137e-13
2753	8.09958e-14
2755	1.15708e-14
2757	0
2759	1.15708e-14
2761	9.25666e-14
2763	4.62833e-14
2765	3.47125e-14
2767	2.31416e-13
2769	8.09958e-14
2771	1.15708e-14
2773	9.25666e-14
2775	1.15708e-14
2777	1.04137e-13
2779	2.08275e-13
2781	8.09958e-14
2783	1.15708e-13
2785	6.94249e-14
2787	1.15708e-14
2789	2.31416e-13
2791	4.62833e-14
2793	1.27279e-13
2795	9.25666e-14
2797	2.31416e-14
2799	1.15708e-14
2801	0
2803	8.09958e-14
2805	2.31416e-14
2807	1.27279e-13
2809	1.15708e-14
2811	0
2813	6.94249e-14
2815	8.09958e-14
2817	5.78541e-14
2819	2.31416e-13
2821	1.73562e-13
2823	1.15708e-13
2825	1.04137e-13
2827	0
2829	3.47125e-14
2831	3.47125e-14
2833	3.47125e-14
2835	3.47125e-14
2837	4.62833e-14
2839	3.47125e-14
2841	2.31416e-14
2843	8.09958e-14
2845	4.62833e-14
2847	3.47125e-14
2849	4.62833e-14
2851	1.85133e-13
2853	2.31416e-14
2855	2.31416e-14
2857	2.31416e-14
2859	1.61992e-13
2861	6.94249e-14
2863	1.15708e-14
2865	4.62833e-14
2867	3.47125e-14
2869	2.31416e-14
2871	4.62833e-14
2873	1.85133e-13
2875	1.04137e-13
2877	1.15708e-13
2879	3.47125e-14
2881	3.47125e-14
2883	3.47125e-14
2885	3.47125e-14
2887	6.94249e-14
2889	1.04137e-13
2891	4.62833e-14
2893	0
2895	1.04137e-13
2897	2.31416e-14
2899	1.04137e-13
2901	1.04137e-13
2903	4.62833e-14
2905	4.62833e-14
2907	1.15708e-13
2909	8.09958e-14
2911	1.3885e-13
2913	3.47125e-14
2915	5.78541e-14
2917	9.25666e-14
2919	2.31416e-14
2921	0
2923	2.31416e-14
2925	4.62833e-14
2927	0
2929	8.09958e-14
2931	5.78541e-14
2933	8.09958e-14
2935	1.04137e-13
2937	2.31416e-14
2939	1.04137e-13
2941	1.15708e-14
2943	3.47125e-14
2945	8.09958e-14
2947	3.47125e-14
2949	3.47125e-14
2951	4.62833e-14
2953	5.78541e-14
2955	9.25666e-14
2957	1.15708e-13
2959	1.61992e-13
2961	6.94249e-14
2963	4.62833e-14
2965	5.78541e-14
2967	4.62833e-14
2969	1.27279e-13
2971	5.78541e-14
2973	5.78541e-14
2975	8.09958e-14
2977	6.94249e-14
2979	4.62833e-14
2981	1.50421e-13
2983	4.62833e-14
2985	1.27279e-13
2987	9.25666e-14
2989	3.47125e-14
2991	5.78541e-14
2993	1.73562e-13
2995	5.78541e-14
2997	1.15708e-14
2999	5.78541e-14
3001	1.61992e-13
3003	1.27279e-13
3005	1.61992e-13
3007	1.73562e-13
3009	1.15708e-14
3011	1.61992e-13
3013	2.54558e-13
3015	1.61992e-13
3017	2.31416e-14
3019	0
3021	0
3023	8.09958e-14
3025	8.09958e-14
3027	3.47125e-14
3029	5.78541e-14
3031	0
3033	1.15708e-14
3035	1.27279e-13
3037	8.09958e-14
3039	2.31416e-14
3041	2.31416e-14
3043	0
3045	8.09958e-14
3047	3.47125e-14
3049	1.96704e-13
3051	4.62833e-14
3053	1.50421e-13
3055	1.27279e-13
3057	3.47125e-14
3059	2.31416e-14
3061	0
3063	1.3885e-13
3065	2.42987e-13
3067	0
3069	9.25666e-14
3071	1.61992e-13
3073	0
3075	1.04137e-13
3077	1.04137e-13
3079	1.15708e-14
3081	1.15708e-13
3083	3.47125e-14
3085	1.85133e-13
3087	8.09958e-14
3089	1.27279e-13
3091	1.3885e-13
3093	2.31416e-14
3095	1.15708e-14
3097	3.47125e-14
3099	2.31416e-14
3101	0
3103	0
3105	4.62833e-14
3107	4.62833e-14
3109	6.94249e-14
3111	1.15708e-14
3113	1.27279e-13
3115	4.62833e-14
3117	1.15708e-14
3119	2.08275e-13
3121	6.94249e-14
3123	4.62833e-14
3125	1.96704e-13
3127	6.94249e-14
3129	2.31416e-14
3131	1.04137e-13
3133	8.09958e-14
3135	2.31416e-14
3137	2.31416e-14
3139	1.04137e-13
3141	1.96704e-13
3143	6.94249e-14
3145	9.25666e-14
3147	1.15708e-13
3149	1.15708e-13
3151	1.61992e-13
3153	6.94249e-14
3155	3.47125e-14
3157	1.15708e-14
3159	1.50421e-13
3161	8.09958e-14
3163	3.47125e-14
3165	2.31416e-14
3167	2.08275e-13
3169	1.3885e-13
3171	1.27279e-13
3173	3.47125e-14
3175	1.15708e-13
3177	8.09958e-14
3179	3.47125e-14
3181	3.47125e-14
3183	3.47125e-14
3185	4.62833e-14
3187	1.85133e-13
3189	1.04137e-13
3191	4.62833e-14
3193	2.31416e-14
3195	3.47125e-14
3197	2.31416e-14
3199	1.15708e-14
3201	5.78541e-14
3203	1.04137e-13
3205	6.94249e-14
3207	1.50421e-13
3209	2.31416e-14
3211	5.78541e-14
3213	2.31416e-14
3215	2.31416e-14
3217	1.15708e-14
3219	2.31416e-14
3221	6.94249e-14
3223	3.47125e-14
3225	8.09958e-14
3227	1.15708e-14
3229	6.94249e-14
3231	4.62833e-14
3233	6.94249e-14
3235	1.04137e-13
3237	5.78541e-14
3239	1.04137e-13
3241	5.78541e-14
3243	4.62833e-14
3245	2.31416e-14
3247	2.31416e-13
3249	1.15708e-13
3251	1.73562e-13
3253	0
3255	6.94249e-14
3257	1.73562e-13
3259	2.66129e-13
3261	8.09958e-14
3263	1.61992e-13
3265	3.47125e-14
3267	9.25666e-14
3269	1.50421e-13
3271	1.15708e-13
3273	1.50421e-13
3275	1.96704e-13
3277	1.61992e-13
3279	3.47125e-14
3281	1.3885e-13
3283	2.31416e-14
3285	1.85133e-13
3287	1.15708e-13
3289	1.96704e-13
3291	8.09958e-14
3293	8.09958e-14
3295	3.47125e-14
3297	2.66129e-13
3299	1.04137e-13
3301	5.78541e-14
3303	1.85133e-13
3305	1.27279e-13
3307	0
3309	1.96704e-13
3311	1.27279e-13
3313	1.04137e-13
3315	4.62833e-14
3317	1.15708e-14
3319	2.31416e-14
3321	9.25666e-14
3323	1.15708e-14
3325	1.3885e-13
3327	1.50421e-13
3329	1.04137e-13
3331	1.04137e-13
3333	8.09958e-14
3335	1.61992e-13
3337	3.47125e-14
3339	1.27279e-13
3341	1.50421e-13
3343	5.78541e-14
3345	2.31416e-14
3347	1.3885e-13
3349	8.09958e-14
3351	6.94249e-14
3353	5.78541e-14
3355	3.47125e-14
3357	6.94249e-14
3359	9.25666e-14
3361	5.78541e-14
3363	2.08275e-13
3365	4.62833e-14
3367	1.3885e-13
3369	3.47125e-14
3371	6.94249e-14
3373	1.15708e-14
3375	1.3885e-13
3377	1.85133e-13
3379	1.27279e-13
3381	3.47125e-14
3383	1.15708e-14
3385	4.62833e-14
3387	3.47125e-14
3389	6.94249e-14
3391	6.94249e-14
3393	1.15708e-13
3395	8.09958e-14
3397	1.50421e-13
3399	5.78541e-14
3401	8.09958e-14
3403	8.09958e-14
3405	1.04137e-13
3407	1.15708e-13
3409	5.78541e-14
3411	5.78541e-14
3413	2.31416e-14
3415	1.3885e-13
3417	1.15708e-14
3419	2.42987e-13
3421	8.09958e-14
3423	9.25666e-14
3425	1.15708e-13
3427	6.94249e-14
3429	1.27279e-13
3431	6.94249e-14
3433	2.31416e-14
3435	8.09958e-14
3437	9.25666e-14
3439	2.31416e-14
3441	4.62833e-14
3443	3.47125e-14
3445	1.15708e-13
3447	1.15708e-14
3449	5.78541e-14
3451	2.31416e-14
3453	1.15708e-14
3455	0
3457	1.73562e-13
3459	3.47125e-14
3461	4.62833e-14
3463	1.04137e-13
3465	2.08275e-13
3467	2.31416e-14
3469	1.04137e-13
3471	5.78541e-14
3473	1.73562e-13
3475	6.94249e-14
3477	2.08275e-13
3479	3.47125e-14
3481	1.3885e-13
3483	9.25666e-14
3485	5.78541e-14
3487	5.78541e-14
3489	2.31416e-14
3491	0
3493	9.25666e-14
3495	8.09958e-14
3497	6.94249e-14
3499	8.09958e-14
3501	8.09958e-14
3503	1.27279e-13
3505	5.78541e-14
3507	6.94249e-14
3509	1.15708e-13
3511	1.15708e-14
3513	1.15708e-14
3515	1.50421e-13
3517	8.09958e-14
3519	3.47125e-14
3521	1.3885e-13
3523	1.04137e-13
3525	2.31416e-14
3527	2.31416e-14
3529	1.04137e-13
3531	2.19846e-13
3533	5.78541e-14
3535	1.96704e-13
3537	1.15708e-14
3539	2.19846e-13
3541	1.15708e-14
3543	8.09958e-14
3545	4.62833e-14
3547	1.04137e-13
3549	4.62833e-14
3551	9.25666e-14
3553	6.94249e-14
3555	4.62833e-14
3557	3.47125e-14
3559	1.15708e-14
3561	1.61992e-13
3563	1.73562e-13
3565	2.31416e-14
3567	1.61992e-13
3569	8.09958e-14
3571	5.78541e-14
3573	9.25666e-14
3575	1.04137e-13
3577	4.62833e-14
3579	2.31416e-14
3581	2.31416e-14
3583	3.47125e-14
3585	1.3885e-13
3587	0
3589	9.25666e-14
3591	5.78541e-14
3593	8.09958e-14
3595	3.47125e-14
3597	1.61992e-13
3599	5.78541e-14
3601	2.42987e-13
3603	6.94249e-14
3605	1.15708e-14
3607	8.09958e-14
3609	8.09958e-14
3611	5.78541e-14
3613	1.15708e-14
3615	4.62833e-14
3617	2.31416e-13
3619	6.94249e-14
3621	1.27279e-13
3623	0
3625	2.31416e-14
3627	1.15708e-14
3629	4.62833e-14
3631	2.31416e-14
3633	1.15708e-13
3635	2.19846e-13
3637	9.25666e-14
3639	1.15708e-14
3641	6.94249e-14
3643	1.3885e-13
3645	1.27279e-13
3647	1.50421e-13
3649	1.15708e-14
3651	2.89271e-13
3653	1.73562e-13
3655	2.31416e-14
3657	9.25666e-14
3659	8.09958e-14
3661	2.19846e-13
3663	1.15708e-14
3665	6.94249e-14
3667	0
3669	4.62833e-14
3671	1.15708e-14
3673	1.15708e-14
3675	1.15708e-14
3677	0
3679	1.27279e-13
3681	0
3683	1.96704e-13
3685	1.15708e-13
3687	9.25666e-14
3689	3.47125e-14
3691	2.66129e-13
3693	6.94249e-14
3695	6.94249e-14
3697	1.85133e-13
3699	2.31416e-14
3701	2.31416e-14
3703	1.73562e-13
3705	2.19846e-13
3707	0
3709	4.62833e-14
3711	6.94249e-14
3713	1.96704e-13
3715	2.31416e-14
3717	3.47125e-13
3719	1.3885e-13
3721	3.47125e-14
3723	0
3725	4.62833e-14
3727	2.777e-13
3729	1.3885e-13
3731	1.04137e-13
3733	3.47125e-14
3735	2.19846e-13
3737	1.15708e-13
3739	1.15708e-13
3741	5.78541e-14
3743	1.15708e-14
3745	1.61992e-13
3747	4.62833e-14
3749	3.47125e-14
3751	9.25666e-14
3753	1.04137e-13
3755	1.61992e-13
3757	4.62833e-14
3759	2.19846e-13
3761	6.94249e-14
3763	3.47125e-14
3765	1.15708e-13
3767	8.09958e-14
3769	1.15708e-14
3771	5.78541e-14
3773	1.04137e-13
3775	1.96704e-13
3777	1.15708e-14
3779	3.47125e-14
3781	6.94249e-14
3783	1.15708e-13
3785	2.31416e-14
3787	2.31416e-14
3789	5.78541e-14
3791	1.73562e-13
3793	3.47125e-14
3795	2.31416e-13
3797	8.09958e-14
3799	2.31416e-14
3801	5.78541e-14
3803	1.04137e-13
3805	1.73562e-13
3807	4.62833e-14
3809	4.62833e-14
3811	2.42987e-13
3813	3.47125e-14
3815	1.61992e-13
3817	1.27279e-13
3819	4.62833e-14
3821	4.62833e-14
3823	4.62833e-14
3825	4.62833e-14
3827	2.31416e-14
3829	3.47125e-14
3831	0
3833	2.31416e-14
3835	2.54558e-13
3837	5.78541e-14
3839	1.3885e-13
3841	2.31416e-13
3843	1.85133e-13
3845	2.31416e-14
3847	1.15708e-14
3849	1.15708e-13
3851	1.15708e-14
3853	8.09958e-14
3855	1.04137e-13
3857	2.89271e-13
3859	1.85133e-13
3861	1.04137e-13
3863	1.15708e-14
3865	4.62833e-14
3867	6.94249e-14
3869	5.78541e-14
3871	1.85133e-13
3873	1.04137e-13
3875	9.25666e-14
3877	1.15708e-14
3879	2.31416e-14
3881	2.66129e-13
3883	1.61992e-13
3885	1.15708e-14
3887	3.47125e-14
3889	1.04137e-13
3891	1.15708e-13
3893	4.62833e-14
3895	1.73562e-13
3897	1.73562e-13
3899	1.73562e-13
3901	1.27279e-13
3903	1.04137e-13
3905	1.96704e-13
3907	1.85133e-13
3909	2.31416e-14
3911	1.27279e-13
3913	1.15708e-14
3915	1.04137e-13
3917	1.3885e-13
3919	1.15708e-14
3921	1.3885e-13
3923	4.62833e-14
3925	2.54558e-13
3927	1.73562e-13
3929	2.31416e-13
3931	1.15708e-14
3933	2.19846e-13
3935	1.04137e-13
3937	1.15708e-14
3939	8.09958e-14
3941	1.15708e-14
3943	4.62833e-14
3945	1.85133e-13
3947	1.04137e-13
3949	9.25666e-14
3951	1.15708e-13
3953	2.31416e-14
3955	1.50421e-13
3957	4.62833e-14
3959	1.50421e-13
3961	2.19846e-13
3963	3.12412e-13
3965	6.94249e-14
3967	4.62833e-14
3969	1.27279e-13
3971	9.25666e-14
3973	4.62833e-14
3975	1.3885e-13
3977	1.27279e-13
3979	1.04137e-13
3981	8.09958e-14
3983	5.78541e-14
3985	3.47125e-14
3987	0
3989	1.61992e-13
3991	1.50421e-13
3993	9.25666e-14
3995	1.04137e-13
3997	2.31416e-13
3999	4.62833e-14
4001	8.09958e-14
4003	8.09958e-14
4005	6.94249e-14
4007	1.73562e-13
4009	1.3885e-13
4011	3.47125e-14
4013	1.73562e-13
4015	5.78541e-14
4017	9.25666e-14
4019	1.15708e-14
4021	1.15708e-14
4023	1.27279e-13
4025	9.25666e-14
4027	2.31416e-14
4029	1.50421e-13
4031	1.15708e-14
4033	1.27279e-13
4035	2.66129e-13
4037	1.3885e-13
4039	1.15708e-14
4041	6.94249e-14
4043	1.50421e-13
4045	8.09958e-14
4047	4.62833e-14
4049	1.3885e-13
4051	6.94249e-14
4053	1.73562e-13
4055	2.31416e-14
4057	2.777e-13
4059	6.94249e-14
4061	1.15708e-13
4063	5.78541e-14
4065	0
4067	2.31416e-14
4069	2.31416e-14
4071	2.31416e-14
4073	1.73562e-13
4075	1.96704e-13
4077	1.15708e-14
4079	8.09958e-14
4081	1.3885e-13
4083	6.94249e-14
4085	3.12412e-13
4087	2.31416e-14
4089	1.15708e-14
4091	1.61992e-13
4093	6.94249e-14
4095	8.09958e-14
4097	1.61992e-13
4099	1.15708e-13
4101	4.62833e-14
4103	1.04137e-13
4105	2.31416e-13
4107	1.04137e-13
4109	9.25666e-14
4111	1.15708e-13
4113	6.94249e-14
4115	1.85133e-13
4117	1.15708e-13
4119	3.47125e-14
4121	1.85133e-13
4123	4.62833e-14
4125	1.61992e-13
4127	3.12412e-13
4129	2.31416e-14
4131	1.04137e-13
4133	4.62833e-14
4135	1.04137e-13
4137	3.47125e-14
4139	2.31416e-13
4141	2.31416e-14
4143	1.3885e-13
4145	1.61992e-13
4147	5.78541e-14
4149	1.04137e-13
4151	1.73562e-13
4153	2.66129e-13
4155	2.54558e-13
4157	3.58696e-13
4159	1.04137e-13
4161	6.94249e-14
4163	2.66129e-13
4165	2.31416e-13
4167	2.89271e-13
4169	5.78541e-14
4171	9.25666e-14
4173	2.42987e-13
4175	1.3885e-13
4177	1.15708e-13
4179	4.62833e-14
4181	9.25666e-14
4183	4.62833e-14
4185	3.47125e-14
4187	2.31416e-14
4189	1.85133e-13
4191	9.25666e-14
4193	2.54558e-13
4195	2.42987e-13
4197	2.42987e-13
4199	6.94249e-14
4201	4.62833e-14
4203	1.27279e-13
4205	1.73562e-13
4207	2.31416e-14
4209	1.15708e-14
4211	6.94249e-14
4213	5.78541e-14
4215	8.09958e-14
4217	5.78541e-14
4219	1.15708e-13
4221	4.62833e-14
4223	5.78541e-14
4225	9.25666e-14
4227	5.78541e-14
4229	1.96704e-13
4231	2.89271e-13
4233	1.15708e-14
4235	8.09958e-14
4237	1.61992e-13
4239	3.47125e-14
4241	2.31416e-14
4243	1.3885e-13
4245	1.73562e-13
4247	3.47125e-14
4249	1.04137e-13
4251	1.85133e-13
4253	2.31416e-14
4255	1.15708e-13
4257	2.08275e-13
4259	1.15708e-13
4261	3.47125e-14
4263	3.47125e-14
4265	1.61992e-13
4267	6.94249e-14
4269	1.61992e-13
4271	2.31416e-14
4273	1.04137e-13
4275	1.61992e-13
4277	3.47125e-14
4279	1.50421e-13
4281	2.31416e-14
4283	1.96704e-13
4285	1.27279e-13
4287	5.78541e-14
4289	1.73562e-13
4291	2.08275e-13
4293	8.09958e-14
4295	5.78541e-14
4297	2.08275e-13
4299	3.47125e-14
4301	2.89271e-13
4303	2.66129e-13
4305	2.31416e-14
4307	2.08275e-13
4309	6.94249e-14
4311	3.47125e-14
4313	2.31416e-14
4315	3.47125e-14
4317	2.19846e-13
4319	1.15708e-14
4321	4.62833e-14
4323	3.47125e-14
4325	9.25666e-14
4327	1.15708e-13
4329	2.31416e-13
4331	5.78541e-14
4333	3.47125e-14
4335	4.62833e-14
4337	1.15708e-14
4339	2.19846e-13
4341	2.19846e-13
4343	1.15708e-13
4345	4.62833e-14
4347	0
4349	4.1655e-13
4351	9.25666e-14
4353	1.15708e-14
4355	1.50421e-13
4357	9.25666e-14
4359	9.25666e-14
4361	1.3885e-13
4363	1.15708e-14
4365	1.73562e-13
4367	1.15708e-14
4369	8.09958e-14
4371	4.62833e-14
4373	1.27279e-13
4375	2.42987e-13
4377	8.09958e-14
4379	5.78541e-14
4381	1.50421e-13
4383	2.08275e-13
4385	8.09958e-14
4387	1.73562e-13
4389	2.08275e-13
4391	2.08275e-13
4393	9.25666e-14
4395	1.15708e-13
4397	6.94249e-14
4399	1.27279e-13
4401	1.15708e-13
4403	9.25666e-14
4405	6.94249e-14
4407	1.04137e-13
4409	1.50421e-13
4411	4.62833e-14
4413	1.04137e-13
4415	9.25666e-14
4417	1.15708e-13
4419	4.62833e-14
4421	4.62833e-14
4423	1.3885e-13
4425	8.09958e-14
4427	1.15708e-14
4429	1.96704e-13
4431	3.47125e-14
4433	1.15708e-13
4435	2.31416e-14
4437	1.15708e-14
4439	1.04137e-13
4441	2.31416e-13
4443	1.61992e-13
4445	2.31416e-14
4447	0
4449	6.94249e-14
4451	2.31416e-14
4453	1.73562e-13
4455	5.78541e-14
4457	2.31416e-14
4459	4.62833e-14
4461	0
4463	1.73562e-13
4465	1.15708e-14
4467	1.15708e-14
4469	1.04137e-13
4471	3.47125e-14
4473	1.15708e-14
4475	1.50421e-13
4477	1.96704e-13
4479	1.27279e-13
4481	1.73562e-13
4483	1.15708e-14
4485	9.25666e-14
4487	1.15708e-13
4489	1.50421e-13
4491	1.85133e-13
4493	8.09958e-14
4495	1.15708e-13
4497	6.94249e-14
4499	2.31416e-14
4501	1.15708e-14
4503	1.96704e-13
4505	3.47125e-14
4507	2.31416e-14
4509	1.04137e-13
4511	8.09958e-14
4513	2.54558e-13
4515	1.50421e-13
4517	6.94249e-14
4519	4.62833e-14
4521	2.31416e-13
4523	6.94249e-14
4525	5.78541e-14
4527	1.15708e-14
4529	1.15708e-14
4531	2.42987e-13
4533	2.54558e-13
4535	1.04137e-13
4537	0
4539	1.85133e-13
4541	9.25666e-14
4543	1.3885e-13
4545	2.19846e-13
4547	1.85133e-13
4549	2.31416e-14
4551	1.85133e-13
4553	1.15708e-14
4555	3.47125e-14
4557	1.04137e-13
4559	2.31416e-13
4561	2.31416e-14
4563	1.15708e-14
4565	1.04137e-13
4567	3.12412e-13
4569	4.62833e-14
4571	4.62833e-14
4573	5.78541e-14
4575	2.19846e-13
4577	1.61992e-13
4579	1.3885e-13
4581	1.73562e-13
4583	9.25666e-14
4585	2.19846e-13
4587	1.85133e-13
4589	1.27279e-13
4591	1.04137e-13
4593	2.31416e-13
4595	1.15708e-13
4597	2.19846e-13
4599	2.08275e-13
4601	1.61992e-13
4603	1.50421e-13
4605	2.31416e-14
4607	2.42987e-13
4609	1.15708e-13
4611	2.31416e-14
4613	1.04137e-13
4615	1.04137e-13
4617	1.15708e-14
4619	1.15708e-14
4621	1.73562e-13
4623	1.27279e-13
4625	2.31416e-13
4627	1.27279e-13
4629	9.25666e-14
4631	2.777e-13
4633	1.50421e-13
4635	2.777e-13
4637	2.31416e-14
4639	1.3885e-13
4641	1.3885e-13
4643	1.96704e-13
4645	0
4647	4.62833e-14
4649	0
4651	2.31416e-13
4653	3.00841e-13
4655	2.19846e-13
4657	1.15708e-13
4659	1.27279e-13
4661	1.73562e-13
4663	1.15708e-13
4665	1.73562e-13
4667	1.15708e-13
4669	3.35554e-13
4671	6.94249e-14
4673	2.08275e-13
4675	2.42987e-13
4677	1.73562e-13
4679	1.27279e-13
4681	1.73562e-13
4683	1.15708e-13
4685	4.62833e-14
4687	2.08275e-13
4689	4.62833e-14
4691	6.94249e-14
4693	1.85133e-13
4695	6.94249e-14
4697	8.09958e-14
4699	5.78541e-14
4701	9.25666e-14
4703	1.50421e-13
4705	9.25666e-14
4707	1.50421e-13
4709	2.19846e-13
4711	1.15708e-14
4713	4.62833e-14
4715	5.78541e-14
4717	1.50421e-13
4719	5.78541e-14
4721	2.89271e-13
4723	1.27279e-13
4725	1.15708e-13
4727	1.15708e-13
4729	3.47125e-14
4731	1.15708e-13
4733	1.15708e-13
4735	1.15708e-13
4737	1.15708e-14
4739	1.15708e-14
4741	8.09958e-14
4743	3.47125e-14
4745	1.61992e-13
4747	4.62833e-14
4749	1.50421e-13
4751	1.85133e-13
4753	5.78541e-14
4755	1.61992e-13
4757	6.94249e-14
4759	3.93408e-13
4761	8.09958e-14
4763	1.15708e-14
4765	8.09958e-14
4767	2.777e-13
4769	0
4771	1.3885e-13
4773	6.94249e-14
4775	1.15708e-14
4777	1.27279e-13
4779	1.27279e-13
4781	1.15708e-13
4783	1.96704e-13
4785	4.62833e-14
4787	1.15708e-14
4789	4.62833e-14
4791	8.09958e-14
4793	6.94249e-14
4795	1.15708e-14
4797	6.94249e-14
4799	1.04137e-13
4801	1.15708e-13
4803	2.19846e-13
4805	2.89271e-13
4807	2.08275e-13
4809	8.09958e-14
4811	1.15708e-13
4813	1.27279e-13
4815	8.09958e-14
4817	8.09958e-14
4819	8.09958e-14
4821	1.96704e-13
4823	3.47125e-14
4825	2.54558e-13
4827	1.15708e-14
4829	9.25666e-14
4831	8.09958e-14
4833	0
4835	1.85133e-13
4837	1.15708e-14
4839	4.62833e-14
4841	1.50421e-13
4843	1.96704e-13
4845	6.94249e-14
4847	1.15708e-13
4849	2.08275e-13
4851	1.73562e-13
4853	1.15708e-14
4855	8.09958e-14
4857	2.66129e-13
4859	2.31416e-13
4861	1.85133e-13
4863	9.25666e-14
4865	9.25666e-14
4867	2.42987e-13
4869	1.85133e-13
4871	3.47125e-14
4873	1.04137e-13
4875	1.85133e-13
4877	1.15708e-14
4879	2.31416e-14
4881	5.78541e-14
4883	8.09958e-14
4885	1.50421e-13
4887	3.47125e-14
4889	1.85133e-13
4891	2.31416e-13
4893	1.85133e-13
4895	2.777e-13
4897	2.89271e-13
4899	1.15708e-14
4901	1.15708e-13
4903	2.42987e-13
4905	2.31416e-14
4907	1.50421e-13
4909	8.09958e-14
4911	1.15708e-14
4913	1.50421e-13
4915	5.78541e-14
4917	1.15708e-13
4919	1.15708e-14
4921	4.62833e-14
4923	6.94249e-14
4925	1.15708e-13
4927	9.25666e-14
4929	4.62833e-14
4931	1.15708e-14
4933	3.23983e-13
4935	3.47125e-14
4937	3.70266e-13
4939	1.3885e-13
4941	1.73562e-13
4943	1.27279e-13
4945	6.94249e-14
4947	1.27279e-13
4949	2.66129e-13
4951	1.50421e-13
4953	3.47125e-14
4955	2.777e-13
4957	2.42987e-13
4959	1.04137e-13
4961	0
4963	1.27279e-13
4965	1.85133e-13
4967	8.09958e-14
4969	1.04137e-13
4971	8.09958e-14
4973	1.50421e-13
4975	6.94249e-14
4977	2.19846e-13
4979	1.96704e-13
4981	1.3885e-13
4983	2.31416e-14
4985	3.47125e-14
4987	9.25666e-14
4989	2.31416e-13
4991	2.19846e-13
4993	4.62833e-14
4995	2.777e-13
4997	8.09958e-14
4999	2.31416e-14
5001	9.25666e-14
5003	0
5005	8.09958e-14
5007	1.3885e-13
5009	1.96704e-13
5011	1.15708e-14
5013	1.50421e-13
5015	1.96704e-13
5017	2.19846e-13
5019	1.04137e-13
5021	4.62833e-14
5023	0
5025	1.04137e-13
5027	3.47125e-14
5029	1.96704e-13
5031	2.19846e-13
5033	1.15708e-13
5035	6.94249e-14
5037	4.62833e-14
5039	6.94249e-14
5041	1.04137e-13
5043	3.00841e-13
5045	1.15708e-14
5047	0
5049	9.25666e-14
5051	1.50421e-13
5053	6.94249e-14
5055	2.08275e-13
5057	2.31416e-14
5059	8.09958e-14
5061	4.62833e-14
5063	4.62833e-14
5065	1.3885e-13
5067	5.78541e-14
5069	1.50421e-13
5071	1.04137e-13
5073	3.47125e-14
5075	3.12412e-13
5077	1.15708e-14
5079	2.89271e-13
5081	6.94249e-14
5083	1.04137e-13
5085	8.09958e-14
5087	1.15708e-14
5089	2.19846e-13
5091	2.31416e-14
5093	2.08275e-13
5095	4.62833e-14
5097	5.78541e-14
5099	1.04137e-13
5101	0
5103	2.31416e-14
5105	3.47125e-14
5107	2.31416e-13
5109	1.15708e-13
5111	1.15708e-14
5113	1.73562e-13
5115	3.23983e-13
5117	2.31416e-14
5119	2.31416e-14
5121	2.31416e-14
5123	9.25666e-14
5125	4.62833e-14
5127	2.66129e-13
5129	1.15708e-14
5131	1.04137e-13
5133	1.61992e-13
5135	1.61992e-13
5137	1.96704e-13
5139	1.85133e-13
5141	1.73562e-13
5143	5.78541e-14
5145	2.31416e-14
5147	3.12412e-13
5149	1.3885e-13
5151	1.96704e-13
5153	9.25666e-14
5155	8.09958e-14
5157	3.47125e-14
5159	1.15708e-13
5161	1.04137e-13
5163	1.15708e-13
5165	1.85133e-13
5167	1.15708e-14
5169	1.04137e-13
5171	1.85133e-13
5173	1.50421e-13
5175	4.62833e-14
5177	2.31416e-14
5179	1.3885e-13
5181	1.04137e-13
5183	1.85133e-13
5185	1.04137e-13
5187	1.15708e-14
5189	2.42987e-13
5191	1.73562e-13
5193	6.94249e-14
5195	3.47125e-14
5197	1.15708e-14
5199	9.25666e-14
5201	1.15708e-14
5203	1.96704e-13
5205	2.08275e-13
5207	2.777e-13
5209	5.78541e-14
5211	6.94249e-14
5213	1.04137e-13
5215	1.73562e-13
5217	0
5219	1.15708e-13
5221	2.54558e-13
5223	2.66129e-13
5225	2.66129e-13
5227	1.15708e-14
5229	1.15708e-13
5231	2.08275e-13
5233	8.09958e-14
5235	2.31416e-13
5237	1.50421e-13
5239	1.61992e-13
5241	6.94249e-14
5243	9.25666e-14
5245	5.78541e-14
5247	1.27279e-13
5249	4.62833e-14
5251	6.94249e-14
5253	2.31416e-13
5255	5.78541e-14
5257	6.94249e-14
5259	1.15708e-13
5261	0
5263	6.94249e-14
5265	2.89271e-13
5267	1.27279e-13
5269	8.09958e-14
5271	2.08275e-13
5273	1.15708e-13
5275	2.31416e-14
5277	1.15708e-14
5279	6.94249e-14
5281	2.42987e-13
5283	6.94249e-14
5285	2.54558e-13
5287	1.3885e-13
5289	1.27279e-13
5291	9.25666e-14
5293	2.42987e-13
5295	2.19846e-13
5297	8.09958e-14
5299	9.25666e-14
5301	3.47125e-14
5303	1.73562e-13
5305	1.3885e-13
5307	4.62833e-14
5309	5.78541e-14
5311	1.04137e-13
5313	5.78541e-14
5315	2.31416e-13
5317	2.31416e-14
5319	9.25666e-14
5321	4.62833e-14
5323	1.50421e-13
5325	1.15708e-13
5327	1.27279e-13
5329	3.00841e-13
5331	5.78541e-14
5333	1.15708e-14
5335	2.31416e-14
5337	8.09958e-14
5339	1.96704e-13
5341	8.09958e-14
5343	5.78541e-14
5345	9.25666e-14
5347	6.94249e-14
5349	8.09958e-14
5351	1.27279e-13
5353	4.62833e-14
5355	3.47125e-14
5357	0
5359	1.27279e-13
5361	1.61992e-13
5363	2.08275e-13
5365	8.09958e-14
5367	5.78541e-14
5369	1.85133e-13
5371	1.85133e-13
5373	2.31416e-14
5375	3.47125e-14
5377	2.19846e-13
5379	0
5381	4.62833e-14
5383	1.15708e-14
5385	0
5387	8.09958e-14
5389	1.27279e-13
5391	2.31416e-13
5393	1.15708e-14
5395	8.09958e-14
5397	1.04137e-13
5399	9.25666e-14
5401	5.78541e-14
5403	1.15708e-14
5405	1.50421e-13
5407	3.12412e-13
5409	1.85133e-13
5411	1.15708e-14
5413	2.08275e-13
5415	1.96704e-13
5417	4.62833e-14
5419	2.19846e-13
5421	1.3885e-13
5423	2.31416e-13
5425	3.47125e-14
5427	1.61992e-13
5429	1.15708e-14
5431	8.09958e-14
5433	1.3885e-13
5435	9.25666e-14
5437	1.3885e-13
5439	1.50421e-13
5441	1.50421e-13
5443	1.27279e-13
5445	3.47125e-14
5447	2.08275e-13
5449	2.08275e-13
5451	1.3885e-13
5453	8.09958e-14
5455	1.73562e-13
5457	2.31416e-14
5459	9.25666e-14
5461	4.62833e-14
5463	2.31416e-14
5465	1.15708e-14
5467	2.42987e-13
5469	4.62833e-14
5471	2.19846e-13
5473	8.09958e-14
5475	1.73562e-13
5477	1.15708e-13
5479	2.31416e-14
5481	2.31416e-13
5483	1.15708e-14
5485	9.25666e-14
5487	3.47125e-14
5489	1.3885e-13
5491	8.09958e-14
5493	6.94249e-14
5495	3.47125e-14
5497	2.08275e-13
5499	6.94249e-14
5501	8.09958e-14
5503	2.31416e-14
5505	9.25666e-14
5507	9.25666e-14
5509	5.78541e-14
5511	2.89271e-13
5513	1.85133e-13
5515	4.62833e-14
5517	1.3885e-13
5519	3.70266e-13
5521	6.94249e-14
5523	6.94249e-14
5525	5.78541e-14
5527	1.15708e-14
5529	5.78541e-14
5531	1.73562e-13
5533	4.62833e-14
5535	1.27279e-13
5537	9.25666e-14
5539	0
5541	2.08275e-13
5543	1.04137e-13
5545	1.73562e-13
5547	6.94249e-14
5549	0
5551	3.35554e-13
5553	1.73562e-13
5555	2.42987e-13
5557	8.09958e-14
5559	1.15708e-14
5561	1.3885e-13
5563	8.09958e-14
5565	6.94249e-14
5567	9.25666e-14
5569	8.09958e-14
5571	1.73562e-13
5573	1.27279e-13
5575	3.35554e-13
5577	3.12412e-13
5579	2.89271e-13
5581	2.19846e-13
5583	1.15708e-13
5585	5.78541e-14
5587	4.62833e-14
5589	1.73562e-13
5591	6.94249e-14
5593	3.00841e-13
5595	5.78541e-14
5597	6.94249e-14
5599	2.31416e-14
5601	2.31416e-14
5603	1.04137e-13
5605	1.27279e-13
5607	1.15708e-13
5609	3.47125e-14
5611	1.85133e-13
5613	1.04137e-13
5615	1.27279e-13
5617	3.23983e-13
5619	2.19846e-13
5621	3.47125e-14
5623	2.777e-13
5625	2.42987e-13
5627	4.62833e-14
5629	1.3885e-13
5631	2.31416e-14
5633	2.08275e-13
5635	5.78541e-14
5637	1.27279e-13
5639	3.47125e-14
5641	1.96704e-13
5643	1.27279e-13
5645	1.96704e-13
5647	1.96704e-13
5649	1.27279e-13
5651	2.31416e-13
5653	8.09958e-14
5655	1.04137e-13
5657	6.94249e-14
5659	1.61992e-13
5661	4.62833e-14
5663	9.25666e-14
5665	5.78541e-14
5667	1.15708e-13
5669	4.62833e-14
5671	3.70266e-13
5673	1.96704e-13
5675	1.15708e-14
5677	9.25666e-14
5679	1.61992e-13
5681	8.09958e-14
5683	9.25666e-14
5685	2.777e-13
5687	6.94249e-14
5689	2.31416e-13
5691	1.96704e-13
5693	8.09958e-14
5695	4.62833e-14
5697	1.04137e-13
5699	3.47125e-14
5701	2.54558e-13
5703	5.78541e-14
5705	2.31416e-13
5707	1.3885e-13
5709	8.09958e-14
5711	3.47125e-14
5713	1.15708e-14
5715	1.73562e-13
5717	4.62833e-14
5719	1.3885e-13
5721	5.78541e-14
5723	3.00841e-13
5725	8.09958e-14
5727	1.61992e-13
5729	5.78541e-14
5731	1.50421e-13
5733	1.15708e-13
5735	1.04137e-13
5737	1.15708e-13
5739	2.08275e-13
5741	2.31416e-14
5743	5.78541e-14
5745	2.31416e-14
5747	1.15708e-14
5749	0
5751	3.47125e-13
5753	1.50421e-13
5755	1.15708e-14
5757	3.12412e-13
5759	2.42987e-13
5761	1.27279e-13
5763	9.25666e-14
5765	9.25666e-14
5767	1.04137e-13
5769	1.04137e-13
5771	2.31416e-13
5773	5.78541e-14
5775	1.15708e-14
5777	2.31416e-14
5779	1.3885e-13
5781	1.15708e-13
5783	1.15708e-13
5785	1.3885e-13
5787	1.61992e-13
5789	1.27279e-13
5791	3.23983e-13
5793	9.25666e-14
5795	4.62833e-14
5797	5.78541e-14
5799	2.54558e-13
5801	1.61992e-13
5803	6.94249e-14
5805	0
5807	1.15708e-14
5809	4.62833e-14
5811	1.15708e-13
5813	2.19846e-13
5815	1.73562e-13
5817	3.35554e-13
5819	4.62833e-14
5821	6.94249e-14
5823	4.62833e-14
5825	2.31416e-14
5827	0
5829	9.25666e-14
5831	8.09958e-14
5833	6.94249e-14
5835	1.27279e-13
5837	1.15708e-13
5839	6.94249e-14
5841	1.15708e-14
5843	1.73562e-13
5845	9.25666e-14
5847	3.58696e-13
5849	1.3885e-13
5851	6.94249e-14
5853	8.09958e-14
5855	2.31416e-14
5857	5.78541e-14
5859	2.89271e-13
5861	5.78541e-14
5863	5.78541e-14
5865	1.27279e-13
5867	8.09958e-14
5869	2.08275e-13
5871	3.00841e-13
5873	1.3885e-13
5875	1.15708e-14
5877	1.04137e-13
5879	2.31416e-14
5881	9.25666e-14
5883	4.62833e-14
5885	1.27279e-13
5887	1.15708e-13
5889	3.93408e-13
5891	3.47125e-14
5893	1.04137e-13
5895	1.73562e-13
5897	1.15708e-13
5899	5.78541e-14
5901	1.15708e-14
5903	0
5905	5.78541e-14
5907	1.15708e-14
5909	1.3885e-13
5911	3.47125e-14
5913	2.54558e-13
5915	4.62833e-14
5917	5.78541e-14
5919	3.47125e-14
5921	3.70266e-13
5923	1.15708e-14
5925	1.04137e-13
5927	3.47125e-14
5929	1.3885e-13
5931	4.62833e-14
5933	2.31416e-14
5935	1.85133e-13
5937	1.96704e-13
5939	1.61992e-13
5941	2.31416e-14
5943	1.85133e-13
5945	2.31416e-14
5947	5.78541e-14
5949	1.61992e-13
5951	1.15708e-13
5953	1.27279e-13
5955	4.2812e-13
5957	1.85133e-13
5959	1.15708e-14
5961	1.96704e-13
5963	1.15708e-14
5965	2.54558e-13
5967	6.94249e-14
5969	3.58696e-13
5971	3.58696e-13
5973	8.09958e-14
5975	9.25666e-14
5977	1.50421e-13
5979	8.09958e-14
5981	1.50421e-13
5983	3.47125e-14
5985	1.61992e-13
5987	3.47125e-14
5989	3.47125e-14
5991	3.47125e-14
5993	1.15708e-13
5995	2.42987e-13
5997	8.09958e-14
5999	1.61992e-13
6001	2.777e-13
6003	5.78541e-14
6005	1.27279e-13
6007	1.73562e-13
6009	1.15708e-14
6011	1.04137e-13
6013	6.94249e-14
6015	5.78541e-14
6017	8.09958e-14
6019	1.15708e-13
6021	2.777e-13
6023	1.73562e-13
6025	1.50421e-13
6027	2.19846e-13
6029	1.61992e-13
6031	3.47125e-14
6033	1.27279e-13
6035	8.09958e-14
6037	1.04137e-13
6039	3.47125e-14
6041	1.15708e-13
6043	3.81837e-13
6045	3.47125e-14
6047	2.31416e-13
6049	3.47125e-14
6051	1.04137e-13
6053	2.08275e-13
6055	1.15708e-14
6057	3.00841e-13
6059	2.08275e-13
6061	5.78541e-14
6063	0
6065	1.85133e-13
6067	9.25666e-14
6069	3.47125e-13
6071	1.15708e-14
6073	1.85133e-13
6075	1.15708e-13
6077	2.31416e-14
6079	2.08275e-13
6081	3.47125e-14
6083	1.15708e-13
6085	1.61992e-13
6087	0
6089	3.47125e-14
6091	1.04137e-13
6093	1.96704e-13
6095	1.3885e-13
6097	1.3885e-13
6099	2.19846e-13
6101	8.09958e-14
6103	4.62833e-14
6105	1.15708e-14
6107	2.19846e-13
6109	2.66129e-13
6111	3.00841e-13
6113	1.15708e-14
6115	5.78541e-14
6117	1.15708e-14
6119	2.19846e-13
6121	1.15708e-14
6123	9.25666e-14
6125	1.3885e-13
6127	8.09958e-14
6129	1.3885e-13
6131	1.50421e-13
6133	1.15708e-14
6135	1.85133e-13
6137	2.66129e-13
6139	8.09958e-14
6141	2.66129e-13
6143	2.31416e-14
6145	2.08275e-13
6147	1.96704e-13
6149	1.50421e-13
6151	1.15708e-14
6153	1.15708e-14
6155	3.47125e-14
6157	2.31416e-14
6159	1.27279e-13
6161	3.47125e-14
6163	9.25666e-14
6165	1.96704e-13
6167	1.61992e-13
6169	8.09958e-14
6171	5.78541e-14
6173	3.12412e-13
6175	1.15708e-14
6177	1.61992e-13
6179	1.27279e-13
6181	1.27279e-13
6183	2.31416e-14
6185	5.78541e-14
6187	1.3885e-13
6189	0
6191	1.15708e-14
6193	3.93408e-13
6195	1.04137e-13
6197	2.54558e-13
6199	3.47125e-13
6201	2.31416e-13
6203	1.96704e-13
6205	3.47125e-13
6207	2.19846e-13
6209	1.15708e-14
6211	3.47125e-14
6213	1.96704e-13
6215	1.85133e-13
6217	2.31416e-13
6219	1.85133e-13
6221	2.31416e-13
6223	9.25666e-14
6225	4.62833e-14
6227	3.47125e-14
6229	3.47125e-14
6231	3.23983e-13
6233	1.3885e-13
6235	6.94249e-14
6237	2.66129e-13
6239	2.31416e-14
6241	2.89271e-13
6243	1.61992e-13
6245	6.94249e-14
6247	9.25666e-14
6249	5.78541e-14
6251	5.78541e-14
6253	1.61992e-13
6255	9.25666e-14
6257	1.61992e-13
6259	3.47125e-14
6261	1.3885e-13
6263	5.78541e-14
6265	2.19846e-13
6267	1.96704e-13
6269	8.09958e-14
6271	6.94249e-14
6273	2.08275e-13
6275	1.15708e-14
6277	5.78541e-14
6279	8.09958e-14
6281	3.47125e-14
6283	2.66129e-13
6285	1.96704e-13
6287	3.35554e-13
6289	2.66129e-13
6291	2.42987e-13
6293	1.27279e-13
6295	1.15708e-14
6297	3.00841e-13
6299	6.94249e-14
6301	2.42987e-13
6303	4.62833e-14
6305	5.78541e-14
6307	6.94249e-14
6309	2.19846e-13
6311	9.25666e-14
6313	2.31416e-14
6315	2.54558e-13
6317	8.09958e-14
6319	1.15708e-13
6321	2.777e-13
6323	1.50421e-13
6325	3.47125e-14
6327	9.25666e-14
6329	4.62833e-14
6331	1.04137e-13
6333	1.15708e-14
6335	8.09958e-14
6337	8.09958e-14
6339	5.78541e-14
6341	4.62833e-14
6343	1.61992e-13
6345	8.09958e-14
6347	1.15708e-14
6349	1.15708e-13
6351	2.31416e-14
6353	2.54558e-13
6355	1.04137e-13
6357	2.19846e-13
6359	9.25666e-14
6361	1.96704e-13
6363	2.54558e-13
6365	1.3885e-13
6367	1.15708e-14
6369	1.61992e-13
6371	6.94249e-14
6373	9.25666e-14
6375	2.31416e-14
6377	1.85133e-13
6379	1.15708e-13
6381	3.23983e-13
6383	0
6385	1.85133e-13
6387	2.42987e-13
6389	1.15708e-14
6391	5.78541e-14
6393	3.47125e-14
6395	1.15708e-13
6397	1.04137e-13
6399	1.85133e-13
6401	1.27279e-13
6403	8.09958e-14
6405	3.12412e-13
6407	1.04137e-13
6409	6.94249e-14
6411	2.08275e-13
6413	3.81837e-13
6415	1.61992e-13
6417	3.35554e-13
6419	2.08275e-13
6421	1.15708e-13
6423	9.25666e-14
6425	9.25666e-14
6427	2.31416e-13
6429	1.50421e-13
6431	1.27279e-13
6433	2.89271e-13
6435	1.04137e-13
6437	6.94249e-14
6439	1.50421e-13
6441	1.61992e-13
6443	1.73562e-13
6445	9.25666e-14
6447	3.58696e-13
6449	1.50421e-13
6451	1.04137e-13
6453	2.31416e-14
6455	3.58696e-13
6457	1.96704e-13
6459	3.47125e-14
6461	2.31416e-14
6463	5.78541e-14
6465	3.47125e-14
6467	1.27279e-13
6469	1.85133e-13
6471	4.62833e-14
6473	1.96704e-13
6475	1.96704e-13
6477	1.04137e-13
6479	1.3885e-13
6481	2.31416e-14
6483	9.25666e-14
6485	5.78541e-14
6487	1.61992e-13
6489	6.94249e-14
6491	1.04137e-13
6493	3.47125e-14
6495	2.31416e-14
6497	1.50421e-13
6499	1.50421e-13
6501	1.3885e-13
6503	4.62833e-14
6505	1.85133e-13
6507	2.08275e-13
6509	1.15708e-14
6511	3.58696e-13
6513	1.85133e-13
6515	3.47125e-13
6517	6.94249e-14
6519	1.27279e-13
6521	1.85133e-13
6523	1.15708e-13
6525	2.54558e-13
6527	3.47125e-14
6529	1.15708e-14
6531	2.54558e-13
6533	1.61992e-13
6535	1.3885e-13
6537	1.15708e-14
6539	8.09958e-14
6541	8.09958e-14
6543	2.08275e-13
6545	2.54558e-13
6547	9.25666e-14
6549	1.61992e-13
6551	1.96704e-13
6553	1.85133e-13
6555	6.94249e-14
6557	1.85133e-13
6559	2.66129e-13
6561	1.15708e-14
6563	1.50421e-13
6565	3.00841e-13
6567	1.04137e-13
6569	2.89271e-13
6571	1.15708e-13
6573	1.3885e-13
6575	9.25666e-14
6577	2.31416e-14
6579	8.09958e-14
6581	1.04137e-13
6583	5.78541e-14
6585	1.61992e-13
6587	2.777e-13
6589	6.94249e-14
6591	4.62833e-14
6593	2.66129e-13
6595	1.27279e-13
6597	2.19846e-13
6599	0
6601	1.15708e-13
6603	1.15708e-13
6605	1.15708e-14
6607	2.777e-13
6609	9.25666e-14
6611	9.25666e-14
6613	6.94249e-14
6615	1.73562e-13
6617	1.85133e-13
6619	3.47125e-14
6621	1.15708e-13
6623	1.3885e-13
6625	5.78541e-14
6627	1.3885e-13
6629	2.31416e-13
6631	8.09958e-14
6633	2.42987e-13
6635	2.66129e-13
6637	1.61992e-13
6639	1.27279e-13
6641	3.47125e-14
6643	1.27279e-13
6645	1.3885e-13
6647	6.94249e-14
6649	2.31416e-13
6651	0
6653	5.78541e-14
6655	2.08275e-13
6657	2.31416e-14
6659	3.35554e-13
6661	2.89271e-13
6663	2.19846e-13
6665	1.50421e-13
6667	1.15708e-13
6669	9.25666e-14
6671	2.31416e-14
6673	2.89271e-13
6675	1.73562e-13
6677	2.31416e-14
6679	1.27279e-13
6681	1.73562e-13
6683	3.23983e-13
6685	1.61992e-13
6687	1.50421e-13
6689	1.96704e-13
6691	9.25666e-14
6693	9.25666e-14
6695	1.85133e-13
6697	1.15708e-14
6699	3.47125e-14
6701	1.3885e-13
6703	2.19846e-13
6705	1.96704e-13
6707	1.73562e-13
6709	1.85133e-13
6711	5.78541e-14
6713	1.50421e-13
6715	1.73562e-13
6717	2.08275e-13
6719	9.25666e-14
6721	3.47125e-14
6723	1.50421e-13
6725	2.42987e-13
6727	2.777e-13
6729	2.54558e-13
6731	2.777e-13
6733	1.27279e-13
6735	2.66129e-13
6737	1.85133e-13
6739	8.09958e-14
6741	1.96704e-13
6743	2.08275e-13
6745	2.777e-13
6747	3.00841e-13
6749	3.47125e-13
6751	3.58696e-13
6753	0
6755	5.78541e-14
6757	4.62833e-14
6759	2.66129e-13
6761	2.777e-13
6763	1.50421e-13
6765	3.81837e-13
6767	6.94249e-14
6769	6.94249e-14
6771	1.73562e-13
6773	9.25666e-14
6775	2.66129e-13
6777	3.47125e-13
6779	9.25666e-14
6781	1.3885e-13
6783	1.50421e-13
6785	6.94249e-14
6787	1.73562e-13
6789	2.19846e-13
6791	2.31416e-13
6793	1.15708e-13
6795	4.62833e-14
6797	1.61992e-13
6799	1.04137e-13
6801	1.96704e-13
6803	1.73562e-13
6805	6.94249e-14
6807	1.85133e-13
6809	1.73562e-13
6811	9.25666e-14
6813	9.25666e-14
6815	9.25666e-14
6817	1.96704e-13
6819	9.25666e-14
6821	3.47125e-14
6823	3.47125e-14
6825	1.04137e-13
6827	3.35554e-13
6829	1.15708e-14
6831	2.42987e-13
6833	4.62833e-14
6835	4.62833e-14
6837	0
6839	3.47125e-14
6841	9.25666e-14
6843	4.62833e-14
6845	1.04137e-13
6847	9.25666e-14
6849	1.15708e-14
6851	2.777e-13
6853	2.31416e-14
6855	3.47125e-14
6857	1.15708e-13
6859	1.15708e-14
6861	8.09958e-14
6863	2.42987e-13
6865	5.78541e-14
6867	3.00841e-13
6869	3.58696e-13
6871	1.73562e-13
6873	1.50421e-13
6875	2.31416e-14
6877	8.09958e-14
6879	3.00841e-13
6881	1.73562e-13
6883	4.62833e-14
6885	5.78541e-14
6887	2.42987e-13
6889	1.27279e-13
6891	6.94249e-14
6893	6.94249e-14
6895	2.42987e-13
6897	6.94249e-14
6899	3.47125e-14
6901	1.50421e-13
6903	2.19846e-13
6905	6.94249e-14
6907	6.94249e-14
6909	8.09958e-14
6911	1.04137e-13
6913	1.50421e-13
6915	2.66129e-13
6917	2.31416e-13
6919	1.15708e-14
6921	2.42987e-13
6923	5.32258e-13
6925	1.15708e-13
6927	1.96704e-13
6929	9.25666e-14
6931	2.08275e-13
6933	0
6935	2.42987e-13
6937	2.31416e-13
6939	4.62833e-14
6941	1.27279e-13
6943	1.27279e-13
6945	5.78541e-14
6947	2.54558e-13
6949	4.97545e-13
6951	1.3885e-13
6953	1.3885e-13
6955	1.27279e-13
6957	4.62833e-14
6959	2.19846e-13
6961	2.42987e-13
6963	3.23983e-13
6965	6.94249e-14
6967	1.04137e-13
6969	8.09958e-14
6971	1.27279e-13
6973	2.777e-13
6975	9.25666e-14
6977	8.09958e-14
6979	3.35554e-13
6981	2.31416e-14
6983	2.777e-13
6985	9.25666e-14
6987	1.04137e-13
6989	1.04137e-13
6991	2.89271e-13
6993	1.73562e-13
6995	1.15708e-13
6997	1.50421e-13
6999	1.15708e-13
7001	2.42987e-13
7003	6.94249e-14
7005	8.09958e-14
7007	4.62833e-14
7009	2.777e-13
7011	9.25666e-14
7013	2.19846e-13
7015	2.42987e-13
7017	1.04137e-13
7019	4.62833e-14
7021	9.25666e-14
7023	1.15708e-13
7025	1.96704e-13
7027	4.62833e-14
7029	9.25666e-14
7031	8.09958e-14
7033	1.85133e-13
7035	2.31416e-13
7037	1.27279e-13
7039	2.08275e-13
7041	5.78541e-14
7043	3.35554e-13
7045	1.96704e-13
7047	2.54558e-13
7049	4.62833e-14
7051	2.31416e-13
7053	2.31416e-14
7055	1.15708e-14
7057	1.61992e-13
7059	8.09958e-14
7061	1.27279e-13
7063	1.04137e-13
7065	1.73562e-13
7067	1.96704e-13
7069	1.3885e-13
7071	2.31416e-14
7073	1.15708e-14
7075	1.50421e-13
7077	1.15708e-14
7079	2.54558e-13
7081	2.31416e-14
7083	1.50421e-13
7085	6.94249e-14
7087	2.19846e-13
7089	1.85133e-13
7091	2.89271e-13
7093	2.777e-13
7095	5.78541e-14
7097	2.31416e-14
7099	9.25666e-14
7101	1.85133e-13
7103	1.15708e-14
7105	1.27279e-13
7107	1.85133e-13
7109	9.25666e-14
7111	1.61992e-13
7113	1.3885e-13
7115	1.15708e-14
7117	3.47125e-13
7119	1.27279e-13
7121	3.47125e-14
7123	2.42987e-13
7125	1.15708e-13
7127	9.25666e-14
7129	9.25666e-14
7131	9.25666e-14
7133	9.25666e-14
7135	1.3885e-13
7137	2.31416e-13
7139	2.777e-13
7141	2.31416e-14
7143	1.73562e-13
7145	1.50421e-13
7147	1.61992e-13
7149	2.777e-13
7151	9.25666e-14
7153	5.78541e-14
7155	1.15708e-13
7157	2.31416e-13
7159	2.54558e-13
7161	2.777e-13
7163	8.09958e-14
7165	2.54558e-13
7167	1.04137e-13
7169	6.94249e-14
7171	8.09958e-14
7173	1.85133e-13
7175	1.15708e-14
7177	9.25666e-14
7179	3.47125e-14
7181	1.15708e-14
7183	2.31416e-13
7185	1.3885e-13
7187	2.31416e-14
7189	1.15708e-14
7191	4.74404e-13
7193	1.15708e-14
7195	9.25666e-14
7197	5.78541e-14
7199	3.70266e-13
7201	8.09958e-14
7203	3.12412e-13
7205	1.3885e-13
7207	8.09958e-14
7209	3.47125e-13
7211	1.27279e-13
7213	1.04137e-13
7215	1.3885e-13
7217	1.96704e-13
7219	4.85975e-13
7221	8.09958e-14
7223	1.96704e-13
7225	3.00841e-13
7227	1.61992e-13
7229	2.66129e-13
7231	2.54558e-13
7233	1.85133e-13
7235	1.15708e-13
7237	1.85133e-13
7239	6.94249e-14
7241	3.12412e-13
7243	2.19846e-13
7245	1.73562e-13
7247	5.78541e-14
7249	2.54558e-13
7251	1.04137e-13
7253	1.27279e-13
7255	3.12412e-13
7257	2.31416e-14
7259	4.1655e-13
7261	1.15708e-13
7263	8.09958e-14
7265	1.50421e-13
7267	4.62833e-14
7269	1.04137e-13
7271	1.04137e-13
7273	9.25666e-14
7275	1.50421e-13
7277	1.96704e-13
7279	5.78541e-14
7281	2.31416e-13
7283	6.94249e-14
7285	1.3885e-13
7287	2.08275e-13
7289	1.3885e-13
7291	3.00841e-13
7293	1.04137e-13
7295	1.73562e-13
7297	6.94249e-14
7299	2.54558e-13
7301	0
7303	5.78541e-14
7305	2.54558e-13
7307	8.09958e-14
7309	1.15708e-14
7311	8.09958e-14
7313	1.15708e-13
7315	2.31416e-14
7317	1.27279e-13
7319	2.42987e-13
7321	1.3885e-13
7323	2.89271e-13
7325	2.54558e-13
7327	8.09958e-14
7329	0
7331	6.94249e-14
7333	1.3885e-13
7335	3.35554e-13
7337	1.61992e-13
7339	1.04137e-13
7341	3.00841e-13
7343	4.04979e-13
7345	1.3885e-13
7347	3.00841e-13
7349	2.19846e-13
7351	1.96704e-13
7353	1.27279e-13
7355	1.04137e-13
7357	1.3885e-13
7359	3.47125e-14
7361	9.25666e-14
7363	2.54558e-13
7365	2.31416e-13
7367	1.15708e-13
7369	3.12412e-13
7371	3.47125e-14
7373	6.94249e-14
7375	9.25666e-14
7377	9.25666e-14
7379	3.70266e-13
7381	3.47125e-14
7383	1.50421e-13
7385	1.15708e-14
7387	3.47125e-13
7389	9.25666e-14
7391	6.94249e-14
7393	8.09958e-14
7395	1.3885e-13
7397	1.73562e-13
7399	0
7401	3.00841e-13
7403	3.47125e-14
7405	1.61992e-13
7407	3.47125e-14
7409	2.08275e-13
7411	1.15708e-14
7413	5.78541e-14
7415	1.73562e-13
7417	4.62833e-14
7419	9.25666e-14
7421	4.1655e-13
7423	2.89271e-13
7425	1.96704e-13
7427	2.54558e-13
7429	2.08275e-13
7431	2.31416e-13
7433	2.19846e-13
7435	1.27279e-13
7437	5.78541e-14
7439	8.09958e-14
7441	9.25666e-14
7443	2.31416e-13
7445	1.27279e-13
7447	6.94249e-14
7449	1.50421e-13
7451	2.19846e-13
7453	1.73562e-13
7455	1.73562e-13
7457	2.54558e-13
7459	2.31416e-14
7461	5.78541e-14
7463	1.27279e-13
7465	2.54558e-13
7467	2.66129e-13
7469	5.78541e-14
7471	2.31416e-14
7473	6.94249e-14
7475	2.42987e-13
7477	5.78541e-14
7479	2.19846e-13
7481	3.47125e-13
7483	1.85133e-13
7485	9.25666e-14
7487	2.08275e-13
7489	1.15708e-14
7491	1.15708e-13
7493	2.19846e-13
7495	6.94249e-14
7497	5.78541e-14
7499	2.777e-13
7501	1.3885e-13
7503	4.62833e-14
7505	2.19846e-13
7507	1.96704e-13
7509	1.61992e-13
7511	1.61992e-13
7513	9.25666e-14
7515	2.31416e-14
7517	1.73562e-13
7519	3.12412e-13
7521	9.25666e-14
7523	2.54558e-13
7525	2.19846e-13
7527	1.27279e-13
7529	3.00841e-13
7531	9.25666e-14
7533	2.19846e-13
7535	8.09958e-14
7537	3.93408e-13
7539	1.27279e-13
7541	8.09958e-14
7543	8.09958e-14
7545	3.00841e-13
7547	1.15708e-14
7549	2.31416e-14
7551	1.96704e-13
7553	1.73562e-13
7555	2.31416e-14
7557	2.08275e-13
7559	1.85133e-13
7561	1.15708e-13
7563	1.96704e-13
7565	3.81837e-13
7567	4.62833e-14
7569	3.12412e-13
7571	2.19846e-13
7573	9.25666e-14
7575	2.19846e-13
7577	1.73562e-13
7579	1.04137e-13
7581	1.50421e-13
7583	5.78541e-14
7585	1.96704e-13
7587	1.27279e-13
7589	1.3885e-13
7591	2.19846e-13
7593	0
7595	4.62833e-14
7597	2.31416e-14
7599	3.47125e-14
7601	2.89271e-13
7603	8.09958e-14
7605	2.42987e-13
7607	2.31416e-14
7609	1.27279e-13
7611	1.73562e-13
7613	3.70266e-13
7615	1.61992e-13
7617	4.62833e-14
7619	2.31416e-13
7621	2.777e-13
7623	4.2812e-13
7625	2.66129e-13
7627	1.15708e-13
7629	1.73562e-13
7631	6.94249e-14
7633	1.15708e-14
7635	8.09958e-14
7637	2.31416e-14
7639	3.70266e-13
7641	1.61992e-13
7643	3.35554e-13
7645	4.62833e-14
7647	0
7649	2.54558e-13
7651	3.35554e-13
7653	3.35554e-13
7655	9.25666e-14
7657	2.31416e-14
7659	8.09958e-14
7661	1.04137e-13
7663	3.00841e-13
7665	3.47125e-14
7667	3.47125e-14
7669	2.31416e-14
7671	1.04137e-13
7673	1.04137e-13
7675	2.19846e-13
7677	1.15708e-13
7679	2.08275e-13
7681	3.12412e-13
7683	1.15708e-13
7685	2.777e-13
7687	1.27279e-13
7689	1.61992e-13
7691	1.96704e-13
7693	1.15708e-13
7695	1.96704e-13
7697	2.31416e-14
7699	5.78541e-14
7701	2.66129e-13
7703	8.09958e-14
7705	1.50421e-13
7707	6.94249e-14
7709	1.73562e-13
7711	5.78541e-14
7713	2.19846e-13
7715	1.15708e-13
7717	1.15708e-13
7719	1.85133e-13
7721	2.08275e-13
7723	2.19846e-13
7725	1.73562e-13
7727	4.62833e-14
7729	3.47125e-14
7731	4.62833e-14
7733	1.27279e-13
7735	1.96704e-13
7737	4.2812e-13
7739	4.62833e-14
7741	1.61992e-13
7743	5.78541e-14
7745	1.50421e-13
7747	0
7749	1.73562e-13
7751	4.97545e-13
7753	1.73562e-13
7755	1.61992e-13
7757	1.15708e-13
7759	2.19846e-13
7761	0
7763	1.50421e-13
7765	1.15708e-14
7767	4.62833e-14
7769	3.47125e-14
7771	3.12412e-13
7773	1.27279e-13
7775	3.23983e-13
7777	3.23983e-13
7779	6.94249e-14
7781	6.94249e-14
7783	3.12412e-13
7785	1.15708e-13
7787	5.78541e-14
7789	3.23983e-13
7791	5.78541e-14
7793	1.50421e-13
7795	1.3885e-13
7797	2.19846e-13
7799	9.25666e-14
7801	2.08275e-13
7803	1.04137e-13
7805	1.96704e-13
7807	3.00841e-13
7809	6.94249e-14
7811	1.04137e-13
7813	4.62833e-14
7815	1.04137e-13
7817	6.94249e-14
7819	2.08275e-13
7821	1.15708e-14
7823	1.3885e-13
7825	2.31416e-13
7827	4.62833e-13
7829	9.25666e-14
7831	2.19846e-13
7833	1.73562e-13
7835	1.3885e-13
7837	0
7839	4.62833e-14
7841	2.08275e-13
7843	1.04137e-13
7845	2.31416e-14
7847	2.31416e-14
7849	2.31416e-14
7851	2.31416e-13
7853	2.31416e-14
7855	3.70266e-13
7857	8.09958e-14
7859	5.78541e-14
7861	1.3885e-13
7863	1.04137e-13
7865	3.47125e-14
7867	1.3885e-13
7869	1.3885e-13
7871	2.08275e-13
7873	0
7875	4.1655e-13
7877	3.47125e-14
7879	2.66129e-13
7881	4.39691e-13
7883	3.47125e-13
7885	1.27279e-13
7887	1.15708e-14
7889	1.61992e-13
7891	3.93408e-13
7893	1.15708e-13
7895	3.23983e-13
7897	1.15708e-13
7899	1.04137e-13
7901	2.89271e-13
7903	4.62833e-14
7905	2.66129e-13
7907	2.31416e-14
7909	5.78541e-14
7911	3.00841e-13
7913	8.09958e-14
7915	1.27279e-13
7917	2.777e-13
7919	8.09958e-14
7921	4.1655e-13
7923	2.31416e-14
7925	2.31416e-13
7927	3.00841e-13
7929	4.1655e-13
7931	3.47125e-14
7933	1.15708e-14
7935	1.96704e-13
7937	8.09958e-14
7939	0
7941	1.73562e-13
7943	3.47125e-14
7945	1.61992e-13
7947	3.81837e-13
7949	1.50421e-13
7951	1.73562e-13
7953	8.09958e-14
7955	1.04137e-13
7957	8.09958e-14
7959	9.25666e-14
7961	1.27279e-13
7963	1.15708e-13
7965	1.73562e-13
7967	1.15708e-13
7969	2.31416e-14
7971	1.04137e-13
7973	1.27279e-13
7975	2.31416e-14
7977	2.08275e-13
7979	2.42987e-13
7981	2.19846e-13
7983	0
7985	3.47125e-14
7987	1.85133e-13
7989	1.04137e-13
7991	4.62833e-14
7993	9.25666e-14
7995	3.47125e-14
7997	2.777e-13
7999	2.31416e-14
8001	8.09958e-14
8003	0
8005	0
8007	2.66129e-13
8009	6.94249e-14
8011	1.85133e-13
8013	6.94249e-14
8015	3.58696e-13
8017	1.73562e-13
8019	4.62833e-14
8021	6.94249e-14
8023	9.25666e-14
8025	2.19846e-13
8027	2.54558e-13
8029	1.50421e-13
8031	8.09958e-14
8033	9.25666e-14
8035	9.25666e-14
8037	6.94249e-14
8039	8.09958e-14
8041	1.15708e-13
8043	2.08275e-13
8045	2.19846e-13
8047	4.2812e-13
8049	9.25666e-14
8051	4.74404e-13
8053	8.09958e-14
8055	2.42987e-13
8057	2.66129e-13
8059	1.3885e-13
8061	3.81837e-13
8063	1.85133e-13
8065	1.96704e-13
8067	1.27279e-13
8069	1.73562e-13
8071	6.94249e-14
8073	1.73562e-13
8075	5.78541e-14
8077	1.73562e-13
8079	1.3885e-13
8081	0
8083	2.31416e-14
8085	1.61992e-13
8087	3.93408e-13
8089	4.62833e-14
8091	3.00841e-13
8093	1.15708e-13
8095	3.12412e-13
8097	5.78541e-14
8099	1.15708e-14
8101	3.47125e-14
8103	1.27279e-13
8105	1.61992e-13
8107	2.31416e-13
8109	1.04137e-13
8111	3.70266e-13
8113	1.61992e-13
8115	1.85133e-13
8117	0
8119	1.73562e-13
8121	1.15708e-13
8123	3.81837e-13
8125	3.12412e-13
8127	3.47125e-14
8129	2.42987e-13
8131	1.73562e-13
8133	2.08275e-13
8135	1.15708e-13
8137	1.96704e-13
8139	2.19846e-13
8141	1.15708e-14
8143	1.04137e-13
8145	3.47125e-14
8147	2.66129e-13
8149	2.31416e-14
8151	3.35554e-13
8153	1.50421e-13
8155	1.3885e-13
8157	1.3885e-13
8159	3.23983e-13
8161	1.85133e-13
8163	1.61992e-13
8165	2.19846e-13
8167	2.31416e-13
8169	4.62833e-14
8171	1.27279e-13
8173	1.61992e-13
8175	1.27279e-13
8177	1.15708e-13
8179	4.62833e-14
8181	2.19846e-13
8183	1.50421e-13
8185	5.78541e-14
8187	4.62833e-14
8189	2.777e-13
8191	1.73562e-13
8193	2.19846e-13
8195	1.61992e-13
8197	9.25666e-14
8199	1.15708e-14
8201	8.09958e-14
8203	2.31416e-14
8205	2.31416e-14
8207	9.25666e-14
8209	6.94249e-14
8211	3.12412e-13
8213	1.50421e-13
8215	2.08275e-13
8217	1.50421e-13
8219	1.85133e-13
8221	0
8223	5.78541e-14
8225	4.62833e-14
8227	1.3885e-13
8229	1.96704e-13
8231	1.85133e-13
8233	1.04137e-13
8235	4.62833e-14
8237	1.73562e-13
8239	2.19846e-13
8241	8.09958e-14
8243	1.15708e-13
8245	2.08275e-13
8247	1.3885e-13
8249	2.777e-13
8251	1.50421e-13
8253	2.31416e-13
8255	1.15708e-14
8257	9.25666e-14
8259	1.96704e-13
8261	6.94249e-14
8263	3.47125e-14
8265	3.58696e-13
8267	5.78541e-14
8269	2.08275e-13
8271	2.08275e-13
8273	3.12412e-13
8275	1.61992e-13
8277	2.31416e-14
8279	1.96704e-13
8281	2.08275e-13
8283	6.94249e-14
8285	3.47125e-14
8287	1.04137e-13
8289	1.73562e-13
8291	2.31416e-14
8293	9.25666e-14
8295	2.777e-13
8297	5.78541e-14
8299	1.3885e-13
8301	1.96704e-13
8303	2.42987e-13
8305	3.47125e-14
8307	2.19846e-13
8309	1.27279e-13
8311	2.08275e-13
8313	0
8315	2.31416e-14
8317	1.15708e-14
8319	1.85133e-13
8321	2.31416e-13
8323	5.78541e-14
8325	8.09958e-14
8327	2.42987e-13
8329	3.12412e-13
8331	5.78541e-14
8333	2.31416e-14
8335	1.61992e-13
8337	2.89271e-13
8339	1.61992e-13
8341	2.66129e-13
8343	3.47125e-14
8345	2.08275e-13
8347	2.19846e-13
8349	5.78541e-14
8351	8.09958e-14
8353	4.62833e-14
8355	1.3885e-13
8357	2.777e-13
8359	1.50421e-13
8361	1.61992e-13
8363	2.54558e-13
8365	3.81837e-13
8367	2.19846e-13
8369	2.89271e-13
8371	2.31416e-13
8373	1.27279e-13
8375	6.94249e-14
8377	8.09958e-14
8379	9.25666e-14
8381	1.50421e-13
8383	0
8385	3.12412e-13
8387	3.35554e-13
8389	2.31416e-13
8391	4.62833e-14
8393	3.00841e-13
8395	6.94249e-14
8397	2.66129e-13
8399	4.62833e-14
8401	3.23983e-13
8403	6.94249e-14
8405	2.54558e-13
8407	3.58696e-13
8409	2.777e-13
8411	1.27279e-13
8413	1.15708e-14
8415	3.70266e-13
8417	1.27279e-13
8419	9.25666e-14
8421	3.81837e-13
8423	3.47125e-13
8425	3.23983e-13
8427	1.15708e-14
8429	8.09958e-14
8431	1.96704e-13
8433	1.3885e-13
8435	1.3885e-13
8437	4.2812e-13
8439	3.47125e-13
8441	2.08275e-13
8443	2.31416e-13
8445	1.96704e-13
8447	2.66129e-13
8449	1.50421e-13
8451	3.58696e-13
8453	1.04137e-13
8455	3.70266e-13
8457	5.78541e-14
8459	1.04137e-13
8461	2.89271e-13
8463	8.09958e-14
8465	1.15708e-14
8467	3.47125e-14
8469	2.777e-13
8471	3.35554e-13
8473	2.89271e-13
8475	2.31416e-14
8477	4.62833e-14
8479	1.27279e-13
8481	1.73562e-13
8483	1.96704e-13
8485	3.00841e-13
8487	1.61992e-13
8489	1.04137e-13
8491	3.58696e-13
8493	1.3885e-13
8495	2.42987e-13
8497	2.31416e-14
8499	8.09958e-14
8501	2.42987e-13
8503	2.08275e-13
8505	8.09958e-14
8507	1.73562e-13
8509	3.58696e-13
8511	1.15708e-14
8513	1.96704e-13
8515	1.50421e-13
8517	4.62833e-14
8519	6.94249e-14
8521	1.85133e-13
8523	2.31416e-13
8525	4.62833e-14
8527	8.09958e-14
8529	2.54558e-13
8531	2.19846e-13
8533	3.12412e-13
8535	6.94249e-14
8537	2.31416e-13
8539	3.47125e-14
8541	5.78541e-14
8543	6.94249e-14
8545	4.04979e-13
8547	2.08275e-13
8549	3.47125e-14
8551	1.73562e-13
8553	2.777e-13
8555	1.3885e-13
8557	1.27279e-13
8559	1.96704e-13
8561	3.00841e-13
8563	2.31416e-14
8565	5.78541e-14
8567	1.50421e-13
8569	1.73562e-13
8571	4.2812e-13
8573	1.96704e-13
8575	1.27279e-13
8577	2.31416e-13
8579	3.81837e-13
8581	2.31416e-13
8583	1.04137e-13
8585	2.89271e-13
8587	1.96704e-13
8589	3.47125e-14
8591	4.1655e-13
8593	5.78541e-14
8595	3.35554e-13
8597	1.15708e-13
8599	4.62833e-14
8601	3.70266e-13
8603	5.78541e-14
8605	2.08275e-13
8607	2.31416e-14
8609	1.27279e-13
8611	1.3885e-13
8613	3.47125e-14
8615	3.12412e-13
8617	4.62833e-14
8619	2.66129e-13
8621	1.85133e-13
8623	1.61992e-13
8625	2.66129e-13
8627	2.66129e-13
8629	6.94249e-14
8631	2.89271e-13
8633	1.96704e-13
8635	2.31416e-14
8637	2.54558e-13
8639	3.47125e-14
8641	2.31416e-14
8643	1.50421e-13
8645	6.94249e-14
8647	6.94249e-14
8649	3.35554e-13
8651	1.73562e-13
8653	2.31416e-14
8655	8.09958e-14
8657	1.04137e-13
8659	1.27279e-13
8661	5.78541e-14
8663	3.12412e-13
8665	1.04137e-13
8667	2.66129e-13
8669	2.66129e-13
8671	1.15708e-13
8673	1.50421e-13
8675	1.15708e-14
8677	1.61992e-13
8679	1.73562e-13
8681	2.31416e-13
8683	2.31416e-14
8685	2.31416e-13
8687	4.62833e-14
8689	1.04137e-13
8691	0
8693	9.25666e-14
8695	4.62833e-14
8697	1.50421e-13
8699	2.54558e-13
8701	3.47125e-14
8703	3.23983e-13
8705	2.66129e-13
8707	5.09116e-13
8709	9.25666e-14
8711	9.25666e-14
8713	1.50421e-13
8715	8.09958e-14
8717	1.3885e-13
8719	8.09958e-14
8721	1.61992e-13
8723	9.25666e-14
8725	2.19846e-13
8727	1.61992e-13
8729	1.3885e-13
8731	3.00841e-13
8733	5.78541e-14
8735	1.73562e-13
8737	2.19846e-13
8739	1.61992e-13
8741	2.42987e-13
8743	1.73562e-13
8745	1.15708e-13
8747	1.3885e-13
8749	1.15708e-13
8751	3.47125e-13
8753	1.61992e-13
8755	5.78541e-14
8757	8.09958e-14
8759	3.00841e-13
8761	1.27279e-13
8763	1.3885e-13
8765	3.47125e-14
8767	3.12412e-13
8769	2.19846e-13
8771	2.08275e-13
8773	1.27279e-13
8775	3.00841e-13
8777	9.25666e-14
8779	1.96704e-13
8781	1.27279e-13
8783	1.73562e-13
8785	1.04137e-13
8787	2.08275e-13
8789	2.42987e-13
8791	3.47125e-14
8793	1.3885e-13
8795	4.62833e-14
8797	2.66129e-13
8799	8.09958e-14
8801	1.15708e-13
8803	1.27279e-13
8805	5.78541e-14
8807	1.50421e-13
8809	1.61992e-13
8811	5.20687e-13
8813	2.08275e-13
8815	2.19846e-13
8817	4.62833e-14
8819	1.61992e-13
8821	1.85133e-13
8823	2.08275e-13
8825	1.04137e-13
8827	1.27279e-13
8829	2.31416e-14
8831	5.78541e-14
8833	3.23983e-13
8835	1.73562e-13
8837	3.23983e-13
8839	5.78541e-14
8841	3.47125e-14
8843	1.3885e-13
8845	9.25666e-14
8847	3.70266e-13
8849	1.73562e-13
8851	1.61992e-13
8853	8.09958e-14
8855	2.31416e-13
8857	2.19846e-13
8859	1.15708e-14
8861	6.94249e-14
8863	2.54558e-13
8865	3.12412e-13
8867	1.85133e-13
8869	2.66129e-13
8871	1.15708e-13
8873	8.09958e-14
8875	1.04137e-13
8877	1.04137e-13
8879	1.27279e-13
8881	2.66129e-13
8883	2.19846e-13
8885	3.35554e-13
8887	3.00841e-13
8889	2.08275e-13
8891	2.66129e-13
8893	2.19846e-13
8895	1.27279e-13
8897	5.78541e-14
8899	3.47125e-14
8901	1.04137e-13
8903	3.93408e-13
8905	2.89271e-13
8907	8.09958e-14
8909	1.15708e-13
8911	1.50421e-13
8913	5.78541e-14
8915	9.25666e-14
8917	8.09958e-14
8919	4.62833e-14
8921	1.3885e-13
8923	3.23983e-13
8925	3.70266e-13
8927	8.09958e-14
8929	1.27279e-13
8931	3.35554e-13
8933	2.777e-13
8935	2.54558e-13
8937	4.62833e-13
8939	3.47125e-14
8941	2.31416e-13
8943	2.777e-13
8945	3.12412e-13
8947	3.00841e-13
8949	2.31416e-14
8951	1.85133e-13
8953	3.47125e-14
8955	1.50421e-13
8957	2.19846e-13
8959	5.78541e-14
8961	3.00841e-13
8963	3.70266e-13
8965	1.96704e-13
8967	3.47125e-14
8969	3.58696e-13
8971	1.96704e-13
8973	6.94249e-14
8975	3.70266e-13
8977	1.73562e-13
8979	9.25666e-14
8981	1.96704e-13
8983	9.25666e-14
8985	1.15708e-14
8987	4.62833e-14
8989	8.09958e-14
8991	1.04137e-13
8993	3.47125e-13
8995	1.04137e-13
8997	1.73562e-13
8999	1.85133e-13
9001	1.15708e-14
9003	5.78541e-14
9005	2.42987e-13
9007	8.09958e-14
9009	1.3885e-13
9011	5.78541e-14
9013	1.04137e-13
9015	1.27279e-13
9017	2.31416e-13
9019	2.19846e-13
9021	3.81837e-13
9023	5.32258e-13
9025	8.09958e-14
9027	3.93408e-13
9029	1.50421e-13
9031	2.777e-13
9033	1.50421e-13
9035	1.73562e-13
9037	2.777e-13
9039	9.25666e-14
9041	5.78541e-14
9043	9.25666e-14
9045	2.42987e-13
9047	1.61992e-13
9049	1.50421e-13
9051	2.777e-13
9053	0
9055	2.54558e-13
9057	1.27279e-13
9059	9.25666e-14
9061	2.54558e-13
9063	2.89271e-13
9065	3.23983e-13
9067	4.62833e-14
9069	2.19846e-13
9071	1.85133e-13
9073	1.96704e-13
9075	1.73562e-13
9077	5.78541e-14
9079	6.94249e-14
9081	1.96704e-13
9083	9.25666e-14
9085	1.15708e-13
9087	2.54558e-13
9089	1.73562e-13
9091	1.04137e-13
9093	1.96704e-13
9095	1.85133e-13
9097	1.73562e-13
9099	4.97545e-13
9101	3.58696e-13
9103	2.66129e-13
9105	5.78541e-14
9107	3.23983e-13
9109	3.47125e-14
9111	2.31416e-13
9113	2.31416e-14
9115	1.04137e-13
9117	5.20687e-13
9119	1.85133e-13
9121	0
9123	1.3885e-13
9125	2.54558e-13
9127	1.50421e-13
9129	9.25666e-14
9131	8.09958e-14
9133	2.31416e-13
9135	1.50421e-13
9137	2.54558e-13
9139	1.50421e-13
9141	1.27279e-13
9143	1.50421e-13
9145	4.62833e-14
9147	6.94249e-14
9149	4.62833e-14
9151	1.27279e-13
9153	1.15708e-13
9155	6.94249e-14
9157	8.09958e-14
9159	3.23983e-13
9161	9.25666e-14
9163	1.61992e-13
9165	1.15708e-13
9167	1.15708e-13
9169	9.25666e-14
9171	2.777e-13
9173	1.73562e-13
9175	3.00841e-13
9177	1.73562e-13
9179	1.96704e-13
9181	1.27279e-13
9183	1.73562e-13
9185	0
9187	1.85133e-13
9189	1.50421e-13
9191	6.94249e-14
9193	2.54558e-13
9195	3.81837e-13
9197	1.15708e-14
9199	2.89271e-13
9201	8.09958e-14
9203	4.62833e-14
9205	1.15708e-13
9207	1.50421e-13
9209	2.66129e-13
9211	2.42987e-13
9213	1.15708e-14
9215	4.62833e-14
9217	1.15708e-14
9219	9.25666e-14
9221	1.15708e-14
9223	4.04979e-13
9225	8.09958e-14
9227	4.62833e-14
9229	2.08275e-13
9231	1.85133e-13
9233	1.73562e-13
9235	1.04137e-13
9237	8.09958e-14
9239	2.777e-13
9241	1.73562e-13
9243	1.15708e-14
9245	3.00841e-13
9247	4.97545e-13
9249	1.27279e-13
9251	3.70266e-13
9253	2.777e-13
9255	2.19846e-13
9257	1.50421e-13
9259	1.15708e-13
9261	2.54558e-13
9263	1.96704e-13
9265	8.09958e-14
9267	3.35554e-13
9269	3.47125e-13
9271	1.15708e-14
9273	2.66129e-13
9275	3.47125e-14
9277	5.78541e-14
9279	8.09958e-14
9281	1.50421e-13
9283	1.73562e-13
9285	1.27279e-13
9287	3.47125e-14
9289	3.47125e-14
9291	1.3885e-13
9293	1.61992e-13
9295	3.00841e-13
9297	2.08275e-13
9299	1.73562e-13
9301	6.94249e-14
9303	1.27279e-13
9305	1.85133e-13
9307	9.25666e-14
9309	2.08275e-13
9311	1.04137e-13
9313	9.25666e-14
9315	2.42987e-13
9317	1.3885e-13
9319	1.04137e-13
9321	1.85133e-13
9323	8.09958e-14
9325	1.3885e-13
9327	2.777e-13
9329	1.15708e-14
9331	3.23983e-13
9333	4.1655e-13
9335	1.96704e-13
9337	4.85975e-13
9339	2.89271e-13
9341	1.04137e-13
9343	3.47125e-14
9345	4.62833e-13
9347	8.09958e-14
9349	4.2812e-13
9351	2.08275e-13
9353	2.89271e-13
9355	3.47125e-14
9357	6.94249e-14
9359	3.47125e-14
9361	1.50421e-13
9363	2.08275e-13
9365	2.31416e-13
9367	3.23983e-13
9369	2.31416e-13
9371	8.09958e-14
9373	2.19846e-13
9375	2.31416e-14
9377	2.31416e-13
9379	3.70266e-13
9381	3.12412e-13
9383	4.62833e-14
9385	2.777e-13
9387	1.3885e-13
9389	1.96704e-13
9391	9.25666e-14
9393	4.85975e-13
9395	2.08275e-13
9397	2.777e-13
9399	1.96704e-13
9401	1.61992e-13
9403	1.50421e-13
9405	2.89271e-13
9407	2.08275e-13
9409	1.61992e-13
9411	4.62833e-13
9413	3.47125e-14
9415	4.62833e-14
9417	2.66129e-13
9419	3.00841e-13
9421	3.47125e-14
9423	5.6697e-13
9425	2.19846e-13
9427	8.09958e-14
9429	1.61992e-13
9431	3.47125e-14
9433	3.12412e-13
9435	2.31416e-14
9437	3.35554e-13
9439	3.23983e-13
9441	1.61992e-13
9443	3.47125e-14
9445	3.35554e-13
9447	1.61992e-13
9449	2.89271e-13
9451	5.78541e-14
9453	1.3885e-13
9455	1.85133e-13
9457	1.96704e-13
9459	9.25666e-14
9461	0
9463	1.15708e-14
9465	2.31416e-14
9467	6.94249e-14
9469	2.31416e-14
9471	1.27279e-13
9473	1.73562e-13
9475	4.04979e-13
9477	3.47125e-13
9479	1.61992e-13
9481	3.00841e-13
9483	8.09958e-14
9485	3.47125e-14
9487	1.85133e-13
9489	2.54558e-13
9491	1.15708e-13
9493	3.58696e-13
9495	1.73562e-13
9497	3.00841e-13
9499	2.66129e-13
9501	2.19846e-13
9503	1.61992e-13
9505	5.20687e-13
9507	1.15708e-13
9509	3.58696e-13
9511	1.27279e-13
9513	1.27279e-13
9515	5.78541e-14
9517	1.27279e-13
9519	5.78541e-14
9521	5.78541e-14
9523	2.08275e-13
9525	1.96704e-13
9527	6.94249e-14
9529	2.08275e-13
9531	2.777e-13
9533	1.04137e-13
9535	2.54558e-13
9537	2.66129e-13
9539	4.04979e-13
9541	4.2812e-13
9543	2.777e-13
9545	1.3885e-13
9547	1.96704e-13
9549	2.31416e-14
9551	9.25666e-14
9553	1.15708e-14
9555	1.50421e-13
9557	2.777e-13
9559	3.47125e-13
9561	9.25666e-14
9563	1.15708e-14
9565	4.62833e-13
9567	1.96704e-13
9569	8.09958e-14
9571	2.08275e-13
9573	4.39691e-13
9575	3.47125e-14
9577	5.78541e-14
9579	0
9581	2.31416e-13
9583	2.42987e-13
9585	5.78541e-14
9587	2.89271e-13
9589	1.61992e-13
9591	0
9593	2.66129e-13
9595	5.32258e-13
9597	9.25666e-14
9599	1.15708e-14
9601	9.25666e-14
9603	1.50421e-13
9605	2.54558e-13
9607	3.35554e-13
9609	1.73562e-13
9611	3.00841e-13
9613	1.15708e-14
9615	4.62833e-14
9617	1.3885e-13
9619	3.12412e-13
9621	3.00841e-13
9623	1.73562e-13
9625	9.25666e-14
9627	8.09958e-14
9629	8.09958e-14
9631	8.09958e-14
9633	1.50421e-13
9635	1.61992e-13
9637	1.15708e-14
9639	6.94249e-14
9641	2.19846e-13
9643	3.23983e-13
9645	2.66129e-13
9647	1.96704e-13
9649	6.94249e-14
9651	2.31416e-14
9653	2.66129e-13
9655	1.04137e-13
9657	4.2812e-13
9659	3.35554e-13
9661	1.96704e-13
9663	9.25666e-14
9665	5.78541e-14
9667	1.3885e-13
9669	1.3885e-13
9671	1.73562e-13
9673	1.85133e-13
9675	3.12412e-13
9677	2.31416e-13
9679	2.31416e-14
9681	8.09958e-14
9683	1.15708e-14
9685	3.81837e-13
9687	6.94249e-14
9689	3.12412e-13
9691	3.47125e-14
9693	2.31416e-14
9695	1.04137e-13
9697	1.3885e-13
9699	3.58696e-13
9701	2.08275e-13
9703	4.97545e-13
9705	2.66129e-13
9707	6.94249e-14
9709	2.08275e-13
9711	1.3885e-13
9713	1.96704e-13
9715	3.47125e-14
9717	2.54558e-13
9719	3.23983e-13
9721	8.09958e-14
9723	1.85133e-13
9725	2.42987e-13
9727	1.61992e-13
9729	1.73562e-13
9731	1.85133e-13
9733	3.47125e-13
9735	1.50421e-13
9737	2.54558e-13
9739	2.19846e-13
9741	1.15708e-13
9743	1.50421e-13
9745	1.85133e-13
9747	1.61992e-13
9749	3.81837e-13
9751	2.08275e-13
9753	1.96704e-13
9755	4.62833e-14
9757	3.12412e-13
9759	8.09958e-14
9761	4.62833e-14
9763	1.3885e-13
9765	1.50421e-13
9767	3.81837e-13
9769	9.25666e-14
9771	3.58696e-13
9773	4.62833e-13
9775	1.85133e-13
9777	8.09958e-14
9779	1.15708e-13
9781	4.1655e-13
9783	8.09958e-14
9785	6.94249e-14
9787	1.50421e-13
9789	3.12412e-13
9791	8.09958e-14
9793	3.00841e-13
9795	2.08275e-13
9797	5.78541e-14
9799	4.62833e-14
9801	2.777e-13
9803	3.00841e-13
9805	2.31416e-14
9807	1.04137e-13
9809	2.42987e-13
9811	1.3885e-13
9813	9.25666e-14
9815	2.777e-13
9817	3.47125e-14
9819	1.85133e-13
9821	1.27279e-13
9823	3.12412e-13
9825	9.25666e-14
9827	3.81837e-13
9829	1.61992e-13
9831	3.58696e-13
9833	2.89271e-13
9835	1.85133e-13
9837	6.94249e-14
9839	1.85133e-13
9841	3.00841e-13
9843	1.3885e-13
9845	2.31416e-13
9847	9.25666e-14
9849	2.66129e-13
9851	4.62833e-14
9853	1.15708e-13
9855	2.31416e-13
9857	5.78541e-14
9859	3.35554e-13
9861	2.31416e-13
9863	8.09958e-14
9865	2.19846e-13
9867	4.2812e-13
9869	1.3885e-13
9871	1.15708e-13
9873	1.27279e-13
9875	5.78541e-14
9877	2.89271e-13
9879	2.08275e-13
9881	3.47125e-14
9883	2.89271e-13
9885	1.27279e-13
9887	1.27279e-13
9889	6.94249e-14
9891	2.08275e-13
9893	3.47125e-14
9895	4.51262e-13
9897	6.94249e-14
9899	2.19846e-13
9901	3.47125e-14
9903	9.25666e-14
9905	1.73562e-13
9907	1.73562e-13
9909	4.51262e-13
9911	4.97545e-13
9913	2.31416e-13
9915	2.08275e-13
9917	2.42987e-13
9919	3.58696e-13
9921	1.73562e-13
9923	3.23983e-13
9925	6.94249e-14
9927	6.94249e-14
9929	2.08275e-13
9931	3.47125e-14
9933	1.15708e-13
9935	1.04137e-13
9937	3.23983e-13
9939	1.15708e-14
9941	3.93408e-13
9943	3.35554e-13
9945	5.78541e-14
9947	2.31416e-13
9949	1.50421e-13
9951	1.15708e-14
9953	9.25666e-14
9955	4.62833e-14
9957	4.2812e-13
9959	4.2812e-13
9961	3.47125e-13
9963	3.12412e-13
9965	1.96704e-13
9967	2.54558e-13
9969	3.23983e-13
9971	3.23983e-13
9973	1.27279e-13
9975	2.42987e-13
9977	3.00841e-13
9979	2.08275e-13
9981	1.15708e-13
9983	1.50421e-13
9985	8.09958e-14
9987	2.777e-13
9989	4.85975e-13
9991	3.70266e-13
9993	1.04137e-13
9995	3.58696e-13
9997	1.04137e-13
9999	3.47125e-14
