0.001	0.0034965
0.002	0.006986
0.003	0.0104685
0.004	0.013944
0.005	0.0174125
0.006	0.020874
0.007	0.0243285
0.008	0.027776
0.009	0.0312165
0.01	0.03465
0.011	0.0380765
0.012	0.041496
0.013	0.0449085
0.014	0.048314
0.015	0.0517125
0.016	0.055104
0.017	0.0584885
0.018	0.061866
0.019	0.0652365
0.02	0.0686
0.021	0.0719565
0.022	0.075306
0.023	0.0786485
0.024	0.081984
0.025	0.0853125
0.026	0.088634
0.027	0.0919485
0.028	0.095256
0.029	0.0985565
0.03	0.10185
0.031	0.105136
0.032	0.108416
0.033	0.111689
0.034	0.114954
0.035	0.118213
0.036	0.121464
0.037	0.124708
0.038	0.127946
0.039	0.131177
0.04	0.1344
0.041	0.137617
0.042	0.140826
0.043	0.144028
0.044	0.147224
0.045	0.150413
0.046	0.153594
0.047	0.156769
0.048	0.159936
0.049	0.163097
0.05	0.16625
0.051	0.169396
0.052	0.172536
0.053	0.175669
0.054	0.178794
0.055	0.181913
0.056	0.185024
0.057	0.188129
0.058	0.191226
0.059	0.194317
0.06	0.1974
0.061	0.200477
0.062	0.203546
0.063	0.206609
0.064	0.209664
0.065	0.212712
0.066	0.215754
0.067	0.218789
0.068	0.221816
0.069	0.224837
0.07	0.22785
0.071	0.230856
0.072	0.233856
0.073	0.236848
0.074	0.239834
0.075	0.242812
0.076	0.245784
0.077	0.248748
0.078	0.251706
0.079	0.254657
0.08	0.2576
0.081	0.260537
0.082	0.263466
0.083	0.266389
0.084	0.269304
0.085	0.272213
0.086	0.275114
0.087	0.278008
0.088	0.280896
0.089	0.283776
0.09	0.28665
0.091	0.289517
0.092	0.292376
0.093	0.295229
0.094	0.298074
0.095	0.300913
0.096	0.303744
0.097	0.306569
0.098	0.309386
0.099	0.312196
0.1	0.315
0.101	0.317797
0.102	0.320586
0.103	0.323369
0.104	0.326144
0.105	0.328912
0.106	0.331674
0.107	0.334429
0.108	0.337176
0.109	0.339917
0.11	0.34265
0.111	0.345377
0.112	0.348096
0.113	0.350809
0.114	0.353514
0.115	0.356212
0.116	0.358904
0.117	0.361589
0.118	0.364266
0.119	0.366936
0.12	0.3696
0.121	0.372256
0.122	0.374906
0.123	0.377549
0.124	0.380184
0.125	0.382812
0.126	0.385434
0.127	0.388049
0.128	0.390656
0.129	0.393257
0.13	0.39585
0.131	0.398437
0.132	0.401016
0.133	0.403589
0.134	0.406154
0.135	0.408713
0.136	0.411264
0.137	0.413809
0.138	0.416346
0.139	0.418877
0.14	0.4214
0.141	0.423916
0.142	0.426426
0.143	0.428928
0.144	0.431424
0.145	0.433912
0.146	0.436394
0.147	0.438868
0.148	0.441336
0.149	0.443796
0.15	0.44625
0.151	0.448696
0.152	0.451136
0.153	0.453568
0.154	0.455994
0.155	0.458413
0.156	0.460824
0.157	0.463228
0.158	0.465626
0.159	0.468017
0.16	0.4704
0.161	0.472776
0.162	0.475146
0.163	0.477509
0.164	0.479864
0.165	0.482213
0.166	0.484554
0.167	0.486889
0.168	0.489216
0.169	0.491537
0.17	0.49385
0.171	0.496157
0.172	0.498456
0.173	0.500748
0.174	0.503034
0.175	0.505312
0.176	0.507584
0.177	0.509848
0.178	0.512106
0.179	0.514356
0.18	0.5166
0.181	0.518837
0.182	0.521066
0.183	0.523289
0.184	0.525504
0.185	0.527713
0.186	0.529914
0.187	0.532108
0.188	0.534296
0.189	0.536477
0.19	0.53865
0.191	0.540817
0.192	0.542976
0.193	0.545129
0.194	0.547274
0.195	0.549412
0.196	0.551544
0.197	0.553669
0.198	0.555786
0.199	0.557897
0.2	0.56
0.201	0.562096
0.202	0.564186
0.203	0.566269
0.204	0.568344
0.205	0.570412
0.206	0.572474
0.207	0.574528
0.208	0.576576
0.209	0.578616
0.21	0.58065
0.211	0.582676
0.212	0.584696
0.213	0.586708
0.214	0.588714
0.215	0.590712
0.216	0.592704
0.217	0.594688
0.218	0.596666
0.219	0.598637
0.22	0.6006
0.221	0.602557
0.222	0.604506
0.223	0.606449
0.224	0.608384
0.225	0.610313
0.226	0.612234
0.227	0.614148
0.228	0.616056
0.229	0.617957
0.23	0.61985
0.231	0.621737
0.232	0.623616
0.233	0.625489
0.234	0.627354
0.235	0.629212
0.236	0.631064
0.237	0.632908
0.238	0.634746
0.239	0.636576
0.24	0.6384
0.241	0.640216
0.242	0.642026
0.243	0.643829
0.244	0.645624
0.245	0.647412
0.246	0.649194
0.247	0.650968
0.248	0.652736
0.249	0.654497
0.25	0.65625
0.251	0.657996
0.252	0.659736
0.253	0.661469
0.254	0.663194
0.255	0.664913
0.256	0.666624
0.257	0.668328
0.258	0.670026
0.259	0.671717
0.26	0.6734
0.261	0.675076
0.262	0.676746
0.263	0.678408
0.264	0.680064
0.265	0.681713
0.266	0.683354
0.267	0.684989
0.268	0.686616
0.269	0.688237
0.27	0.68985
0.271	0.691457
0.272	0.693056
0.273	0.694649
0.274	0.696234
0.275	0.697813
0.276	0.699384
0.277	0.700949
0.278	0.702506
0.279	0.704057
0.28	0.7056
0.281	0.707137
0.282	0.708666
0.283	0.710189
0.284	0.711704
0.285	0.713212
0.286	0.714714
0.287	0.716208
0.288	0.717696
0.289	0.719176
0.29	0.72065
0.291	0.722116
0.292	0.723576
0.293	0.725028
0.294	0.726474
0.295	0.727912
0.296	0.729344
0.297	0.730768
0.298	0.732186
0.299	0.733596
0.3	0.735
0.301	0.736397
0.302	0.737786
0.303	0.739169
0.304	0.740544
0.305	0.741912
0.306	0.743274
0.307	0.744629
0.308	0.745976
0.309	0.747317
0.31	0.74865
0.311	0.749977
0.312	0.751296
0.313	0.752609
0.314	0.753914
0.315	0.755212
0.316	0.756504
0.317	0.757788
0.318	0.759066
0.319	0.760336
0.32	0.7616
0.321	0.762857
0.322	0.764106
0.323	0.765348
0.324	0.766584
0.325	0.767813
0.326	0.769034
0.327	0.770249
0.328	0.771456
0.329	0.772656
0.33	0.77385
0.331	0.775037
0.332	0.776216
0.333	0.777389
0.334	0.778554
0.335	0.779713
0.336	0.780864
0.337	0.782008
0.338	0.783146
0.339	0.784277
0.34	0.7854
0.341	0.786517
0.342	0.787626
0.343	0.788729
0.344	0.789824
0.345	0.790913
0.346	0.791994
0.347	0.793068
0.348	0.794136
0.349	0.795196
0.35	0.79625
0.351	0.797296
0.352	0.798336
0.353	0.799368
0.354	0.800394
0.355	0.801412
0.356	0.802424
0.357	0.803428
0.358	0.804426
0.359	0.805416
0.36	0.8064
0.361	0.807376
0.362	0.808346
0.363	0.809308
0.364	0.810264
0.365	0.811213
0.366	0.812154
0.367	0.813088
0.368	0.814016
0.369	0.814936
0.37	0.81585
0.371	0.816756
0.372	0.817656
0.373	0.818549
0.374	0.819434
0.375	0.820312
0.376	0.821184
0.377	0.822048
0.378	0.822906
0.379	0.823757
0.38	0.8246
0.381	0.825437
0.382	0.826266
0.383	0.827089
0.384	0.827904
0.385	0.828712
0.386	0.829514
0.387	0.830309
0.388	0.831096
0.389	0.831877
0.39	0.83265
0.391	0.833417
0.392	0.834176
0.393	0.834928
0.394	0.835674
0.395	0.836413
0.396	0.837144
0.397	0.837869
0.398	0.838586
0.399	0.839297
0.4	0.84
0.401	0.840697
0.402	0.841386
0.403	0.842068
0.404	0.842744
0.405	0.843413
0.406	0.844074
0.407	0.844728
0.408	0.845376
0.409	0.846016
0.41	0.84665
0.411	0.847276
0.412	0.847896
0.413	0.848508
0.414	0.849114
0.415	0.849712
0.416	0.850304
0.417	0.850888
0.418	0.851466
0.419	0.852036
0.42	0.8526
0.421	0.853156
0.422	0.853706
0.423	0.854248
0.424	0.854784
0.425	0.855313
0.426	0.855834
0.427	0.856348
0.428	0.856856
0.429	0.857356
0.43	0.85785
0.431	0.858336
0.432	0.858816
0.433	0.859289
0.434	0.859754
0.435	0.860213
0.436	0.860664
0.437	0.861109
0.438	0.861546
0.439	0.861977
0.44	0.8624
0.441	0.862816
0.442	0.863226
0.443	0.863629
0.444	0.864024
0.445	0.864413
0.446	0.864794
0.447	0.865169
0.448	0.865536
0.449	0.865896
0.45	0.86625
0.451	0.866596
0.452	0.866936
0.453	0.867268
0.454	0.867594
0.455	0.867912
0.456	0.868224
0.457	0.868529
0.458	0.868826
0.459	0.869116
0.46	0.8694
0.461	0.869676
0.462	0.869946
0.463	0.870209
0.464	0.870464
0.465	0.870713
0.466	0.870954
0.467	0.871189
0.468	0.871416
0.469	0.871637
0.47	0.87185
0.471	0.872057
0.472	0.872256
0.473	0.872448
0.474	0.872634
0.475	0.872812
0.476	0.872984
0.477	0.873148
0.478	0.873306
0.479	0.873456
0.48	0.8736
0.481	0.873737
0.482	0.873866
0.483	0.873988
0.484	0.874104
0.485	0.874212
0.486	0.874314
0.487	0.874409
0.488	0.874496
0.489	0.874576
0.49	0.87465
0.491	0.874717
0.492	0.874776
0.493	0.874829
0.494	0.874874
0.495	0.874912
0.496	0.874944
0.497	0.874969
0.498	0.874986
0.499	0.874996
0.5	0.875
0.501	0.874996
0.502	0.874986
0.503	0.874969
0.504	0.874944
0.505	0.874912
0.506	0.874874
0.507	0.874829
0.508	0.874776
0.509	0.874717
0.51	0.87465
0.511	0.874576
0.512	0.874496
0.513	0.874409
0.514	0.874314
0.515	0.874212
0.516	0.874104
0.517	0.873988
0.518	0.873866
0.519	0.873737
0.52	0.8736
0.521	0.873456
0.522	0.873306
0.523	0.873148
0.524	0.872984
0.525	0.872812
0.526	0.872634
0.527	0.872448
0.528	0.872256
0.529	0.872057
0.53	0.87185
0.531	0.871637
0.532	0.871416
0.533	0.871189
0.534	0.870954
0.535	0.870713
0.536	0.870464
0.537	0.870208
0.538	0.869946
0.539	0.869676
0.54	0.8694
0.541	0.869116
0.542	0.868826
0.543	0.868529
0.544	0.868224
0.545	0.867912
0.546	0.867594
0.547	0.867268
0.548	0.866936
0.549	0.866596
0.55	0.86625
0.551	0.865896
0.552	0.865536
0.553	0.865169
0.554	0.864794
0.555	0.864413
0.556	0.864024
0.557	0.863629
0.558	0.863226
0.559	0.862816
0.56	0.8624
0.561	0.861976
0.562	0.861546
0.563	0.861109
0.564	0.860664
0.565	0.860213
0.566	0.859754
0.567	0.859289
0.568	0.858816
0.569	0.858337
0.57	0.85785
0.571	0.857357
0.572	0.856856
0.573	0.856349
0.574	0.855834
0.575	0.855313
0.576	0.854784
0.577	0.854249
0.578	0.853706
0.579	0.853156
0.58	0.8526
0.581	0.852036
0.582	0.851466
0.583	0.850889
0.584	0.850304
0.585	0.849712
0.586	0.849114
0.587	0.848508
0.588	0.847896
0.589	0.847276
0.59	0.84665
0.591	0.846017
0.592	0.845376
0.593	0.844728
0.594	0.844074
0.595	0.843413
0.596	0.842744
0.597	0.842068
0.598	0.841386
0.599	0.840697
0.6	0.84
0.601	0.839297
0.602	0.838586
0.603	0.837869
0.604	0.837144
0.605	0.836413
0.606	0.835674
0.607	0.834928
0.608	0.834176
0.609	0.833417
0.61	0.83265
0.611	0.831877
0.612	0.831096
0.613	0.830309
0.614	0.829514
0.615	0.828712
0.616	0.827904
0.617	0.827089
0.618	0.826266
0.619	0.825437
0.62	0.8246
0.621	0.823757
0.622	0.822906
0.623	0.822048
0.624	0.821184
0.625	0.820312
0.626	0.819434
0.627	0.818549
0.628	0.817656
0.629	0.816756
0.63	0.81585
0.631	0.814936
0.632	0.814016
0.633	0.813088
0.634	0.812154
0.635	0.811213
0.636	0.810264
0.637	0.809308
0.638	0.808346
0.639	0.807376
0.64	0.8064
0.641	0.805416
0.642	0.804426
0.643	0.803428
0.644	0.802424
0.645	0.801412
0.646	0.800394
0.647	0.799368
0.648	0.798336
0.649	0.797296
0.65	0.79625
0.651	0.795196
0.652	0.794136
0.653	0.793068
0.654	0.791994
0.655	0.790913
0.656	0.789824
0.657	0.788728
0.658	0.787626
0.659	0.786516
0.66	0.7854
0.661	0.784276
0.662	0.783146
0.663	0.782008
0.664	0.780864
0.665	0.779712
0.666	0.778554
0.667	0.777388
0.668	0.776216
0.669	0.775036
0.67	0.77385
0.671	0.772656
0.672	0.771456
0.673	0.770249
0.674	0.769034
0.675	0.767812
0.676	0.766584
0.677	0.765348
0.678	0.764106
0.679	0.762856
0.68	0.7616
0.681	0.760336
0.682	0.759066
0.683	0.757788
0.684	0.756504
0.685	0.755212
0.686	0.753914
0.687	0.752608
0.688	0.751296
0.689	0.749977
0.69	0.74865
0.691	0.747317
0.692	0.745976
0.693	0.744629
0.694	0.743274
0.695	0.741913
0.696	0.740544
0.697	0.739169
0.698	0.737786
0.699	0.736397
0.7	0.735
0.701	0.733597
0.702	0.732186
0.703	0.730769
0.704	0.729344
0.705	0.727913
0.706	0.726474
0.707	0.725029
0.708	0.723576
0.709	0.722117
0.71	0.72065
0.711	0.719176
0.712	0.717696
0.713	0.716209
0.714	0.714714
0.715	0.713213
0.716	0.711704
0.717	0.710189
0.718	0.708666
0.719	0.707137
0.72	0.7056
0.721	0.704057
0.722	0.702506
0.723	0.700949
0.724	0.699384
0.725	0.697813
0.726	0.696234
0.727	0.694649
0.728	0.693056
0.729	0.691457
0.73	0.68985
0.731	0.688237
0.732	0.686616
0.733	0.684989
0.734	0.683354
0.735	0.681713
0.736	0.680064
0.737	0.678408
0.738	0.676746
0.739	0.675076
0.74	0.6734
0.741	0.671717
0.742	0.670026
0.743	0.668328
0.744	0.666624
0.745	0.664913
0.746	0.663194
0.747	0.661469
0.748	0.659736
0.749	0.657996
0.75	0.65625
0.751	0.654497
0.752	0.652736
0.753	0.650968
0.754	0.649194
0.755	0.647412
0.756	0.645624
0.757	0.643829
0.758	0.642026
0.759	0.640216
0.76	0.6384
0.761	0.636576
0.762	0.634746
0.763	0.632908
0.764	0.631064
0.765	0.629212
0.766	0.627354
0.767	0.625489
0.768	0.623616
0.769	0.621736
0.77	0.61985
0.771	0.617957
0.772	0.616056
0.773	0.614148
0.774	0.612234
0.775	0.610312
0.776	0.608384
0.777	0.606448
0.778	0.604506
0.779	0.602556
0.78	0.6006
0.781	0.598636
0.782	0.596666
0.783	0.594688
0.784	0.592704
0.785	0.590712
0.786	0.588714
0.787	0.586708
0.788	0.584696
0.789	0.582676
0.79	0.58065
0.791	0.578616
0.792	0.576576
0.793	0.574528
0.794	0.572474
0.795	0.570412
0.796	0.568344
0.797	0.566268
0.798	0.564186
0.799	0.562096
0.8	0.56
0.801	0.557896
0.802	0.555786
0.803	0.553668
0.804	0.551544
0.805	0.549412
0.806	0.547274
0.807	0.545128
0.808	0.542976
0.809	0.540816
0.81	0.53865
0.811	0.536476
0.812	0.534296
0.813	0.532109
0.814	0.529914
0.815	0.527713
0.816	0.525504
0.817	0.523289
0.818	0.521066
0.819	0.518837
0.82	0.5166
0.821	0.514357
0.822	0.512106
0.823	0.509849
0.824	0.507584
0.825	0.505313
0.826	0.503034
0.827	0.500749
0.828	0.498456
0.829	0.496157
0.83	0.49385
0.831	0.491537
0.832	0.489216
0.833	0.486889
0.834	0.484554
0.835	0.482213
0.836	0.479864
0.837	0.477509
0.838	0.475146
0.839	0.472777
0.84	0.4704
0.841	0.468017
0.842	0.465626
0.843	0.463229
0.844	0.460824
0.845	0.458413
0.846	0.455994
0.847	0.453569
0.848	0.451136
0.849	0.448697
0.85	0.44625
0.851	0.443797
0.852	0.441336
0.853	0.438869
0.854	0.436394
0.855	0.433913
0.856	0.431424
0.857	0.428929
0.858	0.426426
0.859	0.423917
0.86	0.4214
0.861	0.418877
0.862	0.416346
0.863	0.413809
0.864	0.411264
0.865	0.408713
0.866	0.406154
0.867	0.403589
0.868	0.401016
0.869	0.398437
0.87	0.39585
0.871	0.393257
0.872	0.390656
0.873	0.388049
0.874	0.385434
0.875	0.382812
0.876	0.380184
0.877	0.377549
0.878	0.374906
0.879	0.372256
0.88	0.3696
0.881	0.366936
0.882	0.364266
0.883	0.361588
0.884	0.358904
0.885	0.356212
0.886	0.353514
0.887	0.350808
0.888	0.348096
0.889	0.345376
0.89	0.34265
0.891	0.339916
0.892	0.337176
0.893	0.334428
0.894	0.331674
0.895	0.328912
0.896	0.326144
0.897	0.323368
0.898	0.320586
0.899	0.317796
0.9	0.315
0.901	0.312196
0.902	0.309386
0.903	0.306568
0.904	0.303744
0.905	0.300912
0.906	0.298074
0.907	0.295228
0.908	0.292376
0.909	0.289516
0.91	0.28665
0.911	0.283776
0.912	0.280896
0.913	0.278008
0.914	0.275114
0.915	0.272212
0.916	0.269304
0.917	0.266388
0.918	0.263466
0.919	0.260536
0.92	0.2576
0.921	0.254656
0.922	0.251706
0.923	0.248748
0.924	0.245784
0.925	0.242812
0.926	0.239834
0.927	0.236848
0.928	0.233856
0.929	0.230856
0.93	0.22785
0.931	0.224836
0.932	0.221816
0.933	0.218788
0.934	0.215754
0.935	0.212712
0.936	0.209664
0.937	0.206608
0.938	0.203546
0.939	0.200477
0.94	0.1974
0.941	0.194317
0.942	0.191226
0.943	0.188129
0.944	0.185024
0.945	0.181913
0.946	0.178794
0.947	0.175669
0.948	0.172536
0.949	0.169397
0.95	0.16625
0.951	0.163097
0.952	0.159936
0.953	0.156769
0.954	0.153594
0.955	0.150413
0.956	0.147224
0.957	0.144029
0.958	0.140826
0.959	0.137617
0.96	0.1344
0.961	0.131177
0.962	0.127946
0.963	0.124709
0.964	0.121464
0.965	0.118213
0.966	0.114954
0.967	0.111689
0.968	0.108416
0.969	0.105137
0.97	0.10185
0.971	0.0985565
0.972	0.095256
0.973	0.0919485
0.974	0.088634
0.975	0.0853125
0.976	0.081984
0.977	0.0786485
0.978	0.075306
0.979	0.0719565
0.98	0.0686
0.981	0.0652365
0.982	0.061866
0.983	0.0584885
0.984	0.055104
0.985	0.0517125
0.986	0.048314
0.987	0.0449085
0.988	0.041496
0.989	0.0380765
0.99	0.03465
0.991	0.0312165
0.992	0.027776
0.993	0.0243285
0.994	0.020874
0.995	0.0174125
0.996	0.013944
0.997	0.0104685
0.998	0.006986
0.999	0.0034965
1	0
