0.001	0.012195
0.002	0.0242802
0.003	0.0362562
0.004	0.0481235
0.005	0.0598826
0.006	0.071534
0.007	0.0830782
0.008	0.0945157
0.009	0.105847
0.01	0.117073
0.011	0.128193
0.012	0.139209
0.013	0.150121
0.014	0.160929
0.015	0.171634
0.016	0.182236
0.017	0.192737
0.018	0.203135
0.019	0.213432
0.02	0.223629
0.021	0.233726
0.022	0.243723
0.023	0.25362
0.024	0.263419
0.025	0.27312
0.026	0.282723
0.027	0.292229
0.028	0.301638
0.029	0.310951
0.03	0.320168
0.031	0.32929
0.032	0.338317
0.033	0.34725
0.034	0.356089
0.035	0.364834
0.036	0.373487
0.037	0.382047
0.038	0.390515
0.039	0.398892
0.04	0.407178
0.041	0.415374
0.042	0.423479
0.043	0.431495
0.044	0.439422
0.045	0.44726
0.046	0.45501
0.047	0.462672
0.048	0.470248
0.049	0.477736
0.05	0.485138
0.051	0.492455
0.052	0.499686
0.053	0.506832
0.054	0.513893
0.055	0.520871
0.056	0.527765
0.057	0.534577
0.058	0.541305
0.059	0.547952
0.06	0.554516
0.061	0.561
0.062	0.567403
0.063	0.573725
0.064	0.579968
0.065	0.586131
0.066	0.592215
0.067	0.59822
0.068	0.604148
0.069	0.609998
0.07	0.61577
0.071	0.621466
0.072	0.627086
0.073	0.63263
0.074	0.638098
0.075	0.643491
0.076	0.64881
0.077	0.654054
0.078	0.659225
0.079	0.664323
0.08	0.669348
0.081	0.6743
0.082	0.679181
0.083	0.68399
0.084	0.688728
0.085	0.693395
0.086	0.697992
0.087	0.702519
0.088	0.706977
0.089	0.711366
0.09	0.715686
0.091	0.719938
0.092	0.724123
0.093	0.72824
0.094	0.732291
0.095	0.736275
0.096	0.740193
0.097	0.744045
0.098	0.747832
0.099	0.751554
0.1	0.755212
0.101	0.758807
0.102	0.762337
0.103	0.765805
0.104	0.769209
0.105	0.772552
0.106	0.775832
0.107	0.779051
0.108	0.782209
0.109	0.785306
0.11	0.788343
0.111	0.791321
0.112	0.794238
0.113	0.797097
0.114	0.799896
0.115	0.802638
0.116	0.805322
0.117	0.807948
0.118	0.810517
0.119	0.813029
0.12	0.815485
0.121	0.817886
0.122	0.82023
0.123	0.82252
0.124	0.824754
0.125	0.826935
0.126	0.829061
0.127	0.831134
0.128	0.833154
0.129	0.83512
0.13	0.837035
0.131	0.838897
0.132	0.840708
0.133	0.842467
0.134	0.844175
0.135	0.845833
0.136	0.847441
0.137	0.848999
0.138	0.850507
0.139	0.851966
0.14	0.853377
0.141	0.85474
0.142	0.856054
0.143	0.857321
0.144	0.858541
0.145	0.859714
0.146	0.86084
0.147	0.86192
0.148	0.862955
0.149	0.863944
0.15	0.864888
0.151	0.865788
0.152	0.866643
0.153	0.867454
0.154	0.868222
0.155	0.868947
0.156	0.869628
0.157	0.870267
0.158	0.870864
0.159	0.87142
0.16	0.871933
0.161	0.872406
0.162	0.872838
0.163	0.873229
0.164	0.873581
0.165	0.873893
0.166	0.874165
0.167	0.874398
0.168	0.874593
0.169	0.874749
0.17	0.874868
0.171	0.874948
0.172	0.874992
0.173	0.874998
0.174	0.874968
0.175	0.874901
0.176	0.874799
0.177	0.874661
0.178	0.874487
0.179	0.874279
0.18	0.874036
0.181	0.873758
0.182	0.873447
0.183	0.873102
0.184	0.872723
0.185	0.872312
0.186	0.871868
0.187	0.871392
0.188	0.870883
0.189	0.870343
0.19	0.869772
0.191	0.869169
0.192	0.868536
0.193	0.867872
0.194	0.867178
0.195	0.866454
0.196	0.865701
0.197	0.864919
0.198	0.864108
0.199	0.863268
0.2	0.8624
0.201	0.861504
0.202	0.860581
0.203	0.85963
0.204	0.858652
0.205	0.857647
0.206	0.856616
0.207	0.855559
0.208	0.854476
0.209	0.853368
0.21	0.852235
0.211	0.851076
0.212	0.849893
0.213	0.848686
0.214	0.847454
0.215	0.846199
0.216	0.844921
0.217	0.843619
0.218	0.842295
0.219	0.840948
0.22	0.839579
0.221	0.838188
0.222	0.836775
0.223	0.835341
0.224	0.833885
0.225	0.832409
0.226	0.830912
0.227	0.829395
0.228	0.827859
0.229	0.826302
0.23	0.824726
0.231	0.823131
0.232	0.821517
0.233	0.819884
0.234	0.818233
0.235	0.816564
0.236	0.814878
0.237	0.813174
0.238	0.811452
0.239	0.809714
0.24	0.807959
0.241	0.806188
0.242	0.8044
0.243	0.802597
0.244	0.800778
0.245	0.798943
0.246	0.797094
0.247	0.79523
0.248	0.793351
0.249	0.791458
0.25	0.789551
0.251	0.78763
0.252	0.785695
0.253	0.783748
0.254	0.781787
0.255	0.779814
0.256	0.777828
0.257	0.775829
0.258	0.773819
0.259	0.771797
0.26	0.769764
0.261	0.767719
0.262	0.765663
0.263	0.763596
0.264	0.761519
0.265	0.759432
0.266	0.757335
0.267	0.755227
0.268	0.753111
0.269	0.750985
0.27	0.748849
0.271	0.746705
0.272	0.744553
0.273	0.742392
0.274	0.740223
0.275	0.738046
0.276	0.735861
0.277	0.733669
0.278	0.73147
0.279	0.729263
0.28	0.72705
0.281	0.724831
0.282	0.722605
0.283	0.720373
0.284	0.718135
0.285	0.715892
0.286	0.713643
0.287	0.711389
0.288	0.70913
0.289	0.706866
0.29	0.704598
0.291	0.702325
0.292	0.700048
0.293	0.697768
0.294	0.695483
0.295	0.693196
0.296	0.690905
0.297	0.688611
0.298	0.686314
0.299	0.684014
0.3	0.681713
0.301	0.679408
0.302	0.677102
0.303	0.674795
0.304	0.672485
0.305	0.670174
0.306	0.667862
0.307	0.665549
0.308	0.663235
0.309	0.660921
0.31	0.658606
0.311	0.656291
0.312	0.653976
0.313	0.651661
0.314	0.649347
0.315	0.647033
0.316	0.64472
0.317	0.642408
0.318	0.640097
0.319	0.637787
0.32	0.635479
0.321	0.633173
0.322	0.630868
0.323	0.628566
0.324	0.626265
0.325	0.623968
0.326	0.621672
0.327	0.61938
0.328	0.617091
0.329	0.614805
0.33	0.612522
0.331	0.610242
0.332	0.607967
0.333	0.605695
0.334	0.603427
0.335	0.601163
0.336	0.598904
0.337	0.596649
0.338	0.594399
0.339	0.592154
0.34	0.589914
0.341	0.587679
0.342	0.585449
0.343	0.583225
0.344	0.581007
0.345	0.578795
0.346	0.576588
0.347	0.574388
0.348	0.572194
0.349	0.570007
0.35	0.567826
0.351	0.565652
0.352	0.563485
0.353	0.561325
0.354	0.559172
0.355	0.557027
0.356	0.554889
0.357	0.552759
0.358	0.550637
0.359	0.548523
0.36	0.546417
0.361	0.544319
0.362	0.54223
0.363	0.540149
0.364	0.538077
0.365	0.536014
0.366	0.53396
0.367	0.531915
0.368	0.529879
0.369	0.527853
0.37	0.525836
0.371	0.523829
0.372	0.521831
0.373	0.519844
0.374	0.517867
0.375	0.5159
0.376	0.513943
0.377	0.511997
0.378	0.510061
0.379	0.508136
0.38	0.506222
0.381	0.504319
0.382	0.502427
0.383	0.500546
0.384	0.498676
0.385	0.496818
0.386	0.494972
0.387	0.493137
0.388	0.491314
0.389	0.489503
0.39	0.487704
0.391	0.485917
0.392	0.484142
0.393	0.48238
0.394	0.48063
0.395	0.478893
0.396	0.477169
0.397	0.475457
0.398	0.473758
0.399	0.472073
0.4	0.4704
0.401	0.468741
0.402	0.467095
0.403	0.465462
0.404	0.463843
0.405	0.462237
0.406	0.460646
0.407	0.459068
0.408	0.457504
0.409	0.455954
0.41	0.454418
0.411	0.452897
0.412	0.451389
0.413	0.449896
0.414	0.448418
0.415	0.446954
0.416	0.445505
0.417	0.44407
0.418	0.442651
0.419	0.441246
0.42	0.439856
0.421	0.438482
0.422	0.437122
0.423	0.435778
0.424	0.434449
0.425	0.433136
0.426	0.431838
0.427	0.430555
0.428	0.429288
0.429	0.428037
0.43	0.426802
0.431	0.425582
0.432	0.424379
0.433	0.423191
0.434	0.42202
0.435	0.420864
0.436	0.419725
0.437	0.418602
0.438	0.417496
0.439	0.416406
0.44	0.415332
0.441	0.414275
0.442	0.413234
0.443	0.41221
0.444	0.411203
0.445	0.410212
0.446	0.409239
0.447	0.408282
0.448	0.407342
0.449	0.406419
0.45	0.405513
0.451	0.404625
0.452	0.403753
0.453	0.402898
0.454	0.402061
0.455	0.401241
0.456	0.400439
0.457	0.399654
0.458	0.398886
0.459	0.398136
0.46	0.397403
0.461	0.396687
0.462	0.39599
0.463	0.39531
0.464	0.394647
0.465	0.394003
0.466	0.393376
0.467	0.392767
0.468	0.392176
0.469	0.391602
0.47	0.391047
0.471	0.390509
0.472	0.389989
0.473	0.389487
0.474	0.389004
0.475	0.388538
0.476	0.38809
0.477	0.387661
0.478	0.387249
0.479	0.386856
0.48	0.386481
0.481	0.386124
0.482	0.385785
0.483	0.385464
0.484	0.385162
0.485	0.384878
0.486	0.384612
0.487	0.384364
0.488	0.384135
0.489	0.383924
0.49	0.383731
0.491	0.383556
0.492	0.3834
0.493	0.383263
0.494	0.383143
0.495	0.383042
0.496	0.382959
0.497	0.382895
0.498	0.382849
0.499	0.382822
0.5	0.382812
0.501	0.382822
0.502	0.382849
0.503	0.382895
0.504	0.382959
0.505	0.383042
0.506	0.383143
0.507	0.383263
0.508	0.3834
0.509	0.383556
0.51	0.383731
0.511	0.383924
0.512	0.384135
0.513	0.384364
0.514	0.384612
0.515	0.384878
0.516	0.385162
0.517	0.385464
0.518	0.385785
0.519	0.386124
0.52	0.386481
0.521	0.386856
0.522	0.387249
0.523	0.387661
0.524	0.38809
0.525	0.388538
0.526	0.389004
0.527	0.389487
0.528	0.389989
0.529	0.390509
0.53	0.391047
0.531	0.391602
0.532	0.392176
0.533	0.392767
0.534	0.393376
0.535	0.394003
0.536	0.394647
0.537	0.39531
0.538	0.39599
0.539	0.396687
0.54	0.397403
0.541	0.398136
0.542	0.398886
0.543	0.399654
0.544	0.400439
0.545	0.401241
0.546	0.402061
0.547	0.402898
0.548	0.403753
0.549	0.404625
0.55	0.405513
0.551	0.406419
0.552	0.407342
0.553	0.408282
0.554	0.409239
0.555	0.410212
0.556	0.411203
0.557	0.41221
0.558	0.413234
0.559	0.414275
0.56	0.415332
0.561	0.416406
0.562	0.417496
0.563	0.418602
0.564	0.419725
0.565	0.420864
0.566	0.42202
0.567	0.423191
0.568	0.424379
0.569	0.425582
0.57	0.426802
0.571	0.428037
0.572	0.429288
0.573	0.430555
0.574	0.431838
0.575	0.433136
0.576	0.434449
0.577	0.435778
0.578	0.437122
0.579	0.438482
0.58	0.439856
0.581	0.441246
0.582	0.442651
0.583	0.44407
0.584	0.445505
0.585	0.446954
0.586	0.448418
0.587	0.449896
0.588	0.451389
0.589	0.452897
0.59	0.454418
0.591	0.455954
0.592	0.457504
0.593	0.459068
0.594	0.460646
0.595	0.462237
0.596	0.463843
0.597	0.465462
0.598	0.467095
0.599	0.468741
0.6	0.4704
0.601	0.472073
0.602	0.473758
0.603	0.475457
0.604	0.477169
0.605	0.478893
0.606	0.48063
0.607	0.48238
0.608	0.484142
0.609	0.485917
0.61	0.487704
0.611	0.489503
0.612	0.491314
0.613	0.493137
0.614	0.494972
0.615	0.496818
0.616	0.498676
0.617	0.500546
0.618	0.502427
0.619	0.504319
0.62	0.506222
0.621	0.508136
0.622	0.510061
0.623	0.511997
0.624	0.513943
0.625	0.5159
0.626	0.517867
0.627	0.519844
0.628	0.521831
0.629	0.523829
0.63	0.525836
0.631	0.527853
0.632	0.529879
0.633	0.531915
0.634	0.53396
0.635	0.536014
0.636	0.538077
0.637	0.540149
0.638	0.54223
0.639	0.544319
0.64	0.546417
0.641	0.548523
0.642	0.550637
0.643	0.552759
0.644	0.554889
0.645	0.557027
0.646	0.559172
0.647	0.561325
0.648	0.563485
0.649	0.565652
0.65	0.567826
0.651	0.570007
0.652	0.572194
0.653	0.574388
0.654	0.576588
0.655	0.578795
0.656	0.581007
0.657	0.583225
0.658	0.585449
0.659	0.587679
0.66	0.589914
0.661	0.592154
0.662	0.594399
0.663	0.596649
0.664	0.598904
0.665	0.601163
0.666	0.603427
0.667	0.605695
0.668	0.607967
0.669	0.610242
0.67	0.612522
0.671	0.614805
0.672	0.617091
0.673	0.61938
0.674	0.621672
0.675	0.623968
0.676	0.626265
0.677	0.628566
0.678	0.630868
0.679	0.633173
0.68	0.635479
0.681	0.637787
0.682	0.640097
0.683	0.642408
0.684	0.64472
0.685	0.647033
0.686	0.649347
0.687	0.651661
0.688	0.653976
0.689	0.656291
0.69	0.658606
0.691	0.660921
0.692	0.663235
0.693	0.665549
0.694	0.667862
0.695	0.670174
0.696	0.672485
0.697	0.674795
0.698	0.677102
0.699	0.679408
0.7	0.681712
0.701	0.684014
0.702	0.686314
0.703	0.688611
0.704	0.690905
0.705	0.693196
0.706	0.695483
0.707	0.697768
0.708	0.700048
0.709	0.702325
0.71	0.704598
0.711	0.706866
0.712	0.70913
0.713	0.711389
0.714	0.713643
0.715	0.715892
0.716	0.718135
0.717	0.720373
0.718	0.722605
0.719	0.724831
0.72	0.72705
0.721	0.729263
0.722	0.73147
0.723	0.733669
0.724	0.735861
0.725	0.738046
0.726	0.740223
0.727	0.742392
0.728	0.744553
0.729	0.746705
0.73	0.748849
0.731	0.750985
0.732	0.753111
0.733	0.755227
0.734	0.757335
0.735	0.759432
0.736	0.761519
0.737	0.763596
0.738	0.765663
0.739	0.767719
0.74	0.769764
0.741	0.771797
0.742	0.773819
0.743	0.775829
0.744	0.777828
0.745	0.779814
0.746	0.781787
0.747	0.783748
0.748	0.785695
0.749	0.78763
0.75	0.789551
0.751	0.791458
0.752	0.793351
0.753	0.79523
0.754	0.797094
0.755	0.798943
0.756	0.800778
0.757	0.802597
0.758	0.8044
0.759	0.806188
0.76	0.807959
0.761	0.809714
0.762	0.811452
0.763	0.813174
0.764	0.814878
0.765	0.816564
0.766	0.818233
0.767	0.819884
0.768	0.821517
0.769	0.823131
0.77	0.824726
0.771	0.826302
0.772	0.827859
0.773	0.829395
0.774	0.830912
0.775	0.832409
0.776	0.833885
0.777	0.835341
0.778	0.836775
0.779	0.838188
0.78	0.839579
0.781	0.840948
0.782	0.842295
0.783	0.843619
0.784	0.844921
0.785	0.846199
0.786	0.847454
0.787	0.848686
0.788	0.849893
0.789	0.851076
0.79	0.852235
0.791	0.853368
0.792	0.854476
0.793	0.855559
0.794	0.856616
0.795	0.857647
0.796	0.858652
0.797	0.85963
0.798	0.860581
0.799	0.861504
0.8	0.8624
0.801	0.863268
0.802	0.864108
0.803	0.864919
0.804	0.865701
0.805	0.866454
0.806	0.867178
0.807	0.867872
0.808	0.868536
0.809	0.869169
0.81	0.869772
0.811	0.870343
0.812	0.870883
0.813	0.871392
0.814	0.871868
0.815	0.872312
0.816	0.872723
0.817	0.873102
0.818	0.873447
0.819	0.873758
0.82	0.874036
0.821	0.874279
0.822	0.874487
0.823	0.874661
0.824	0.874799
0.825	0.874901
0.826	0.874968
0.827	0.874998
0.828	0.874992
0.829	0.874948
0.83	0.874868
0.831	0.874749
0.832	0.874593
0.833	0.874398
0.834	0.874165
0.835	0.873893
0.836	0.873581
0.837	0.873229
0.838	0.872838
0.839	0.872406
0.84	0.871933
0.841	0.87142
0.842	0.870864
0.843	0.870267
0.844	0.869628
0.845	0.868947
0.846	0.868222
0.847	0.867454
0.848	0.866643
0.849	0.865788
0.85	0.864888
0.851	0.863944
0.852	0.862955
0.853	0.86192
0.854	0.86084
0.855	0.859714
0.856	0.858541
0.857	0.857321
0.858	0.856054
0.859	0.85474
0.86	0.853377
0.861	0.851966
0.862	0.850507
0.863	0.848999
0.864	0.847441
0.865	0.845833
0.866	0.844175
0.867	0.842467
0.868	0.840708
0.869	0.838897
0.87	0.837035
0.871	0.83512
0.872	0.833154
0.873	0.831134
0.874	0.829061
0.875	0.826935
0.876	0.824754
0.877	0.82252
0.878	0.82023
0.879	0.817886
0.88	0.815485
0.881	0.813029
0.882	0.810517
0.883	0.807948
0.884	0.805322
0.885	0.802638
0.886	0.799896
0.887	0.797097
0.888	0.794238
0.889	0.791321
0.89	0.788343
0.891	0.785306
0.892	0.782209
0.893	0.779051
0.894	0.775832
0.895	0.772552
0.896	0.769209
0.897	0.765805
0.898	0.762337
0.899	0.758807
0.9	0.755212
0.901	0.751554
0.902	0.747832
0.903	0.744045
0.904	0.740193
0.905	0.736275
0.906	0.732291
0.907	0.72824
0.908	0.724123
0.909	0.719938
0.91	0.715686
0.911	0.711366
0.912	0.706977
0.913	0.702519
0.914	0.697992
0.915	0.693395
0.916	0.688728
0.917	0.68399
0.918	0.679181
0.919	0.6743
0.92	0.669348
0.921	0.664323
0.922	0.659225
0.923	0.654054
0.924	0.64881
0.925	0.643491
0.926	0.638098
0.927	0.63263
0.928	0.627086
0.929	0.621466
0.93	0.61577
0.931	0.609998
0.932	0.604148
0.933	0.59822
0.934	0.592215
0.935	0.586131
0.936	0.579968
0.937	0.573725
0.938	0.567403
0.939	0.561
0.94	0.554516
0.941	0.547952
0.942	0.541305
0.943	0.534577
0.944	0.527765
0.945	0.520871
0.946	0.513893
0.947	0.506832
0.948	0.499686
0.949	0.492455
0.95	0.485138
0.951	0.477736
0.952	0.470248
0.953	0.462672
0.954	0.45501
0.955	0.44726
0.956	0.439422
0.957	0.431495
0.958	0.423479
0.959	0.415374
0.96	0.407178
0.961	0.398892
0.962	0.390515
0.963	0.382047
0.964	0.373487
0.965	0.364834
0.966	0.356089
0.967	0.34725
0.968	0.338317
0.969	0.32929
0.97	0.320168
0.971	0.310951
0.972	0.301638
0.973	0.292229
0.974	0.282723
0.975	0.27312
0.976	0.263419
0.977	0.25362
0.978	0.243723
0.979	0.233726
0.98	0.223629
0.981	0.213432
0.982	0.203135
0.983	0.192737
0.984	0.182236
0.985	0.171634
0.986	0.160929
0.987	0.150121
0.988	0.139209
0.989	0.128193
0.99	0.117073
0.991	0.105847
0.992	0.0945157
0.993	0.0830782
0.994	0.071534
0.995	0.0598826
0.996	0.0481235
0.997	0.0362562
0.998	0.0242802
0.999	0.012195
1	0
