0.001	0.0421619
0.002	0.0829173
0.003	0.122296
0.004	0.160327
0.005	0.197038
0.006	0.232459
0.007	0.266617
0.008	0.299539
0.009	0.331252
0.01	0.361784
0.011	0.391159
0.012	0.419405
0.013	0.446547
0.014	0.472608
0.015	0.497615
0.016	0.521592
0.017	0.544562
0.018	0.566549
0.019	0.587577
0.02	0.607667
0.021	0.626843
0.022	0.645126
0.023	0.662539
0.024	0.679103
0.025	0.694839
0.026	0.709768
0.027	0.723909
0.028	0.737284
0.029	0.749912
0.03	0.761812
0.031	0.773003
0.032	0.783505
0.033	0.793336
0.034	0.802513
0.035	0.811056
0.036	0.81898
0.037	0.826305
0.038	0.833046
0.039	0.83922
0.04	0.844844
0.041	0.849934
0.042	0.854506
0.043	0.858575
0.044	0.862156
0.045	0.865265
0.046	0.867916
0.047	0.870123
0.048	0.871902
0.049	0.873265
0.05	0.874227
0.051	0.874801
0.052	0.875
0.053	0.874837
0.054	0.874324
0.055	0.873475
0.056	0.872302
0.057	0.870816
0.058	0.869029
0.059	0.866952
0.06	0.864598
0.061	0.861977
0.062	0.859099
0.063	0.855976
0.064	0.852618
0.065	0.849035
0.066	0.845238
0.067	0.841235
0.068	0.837036
0.069	0.832652
0.07	0.82809
0.071	0.823361
0.072	0.818472
0.073	0.813433
0.074	0.808252
0.075	0.802936
0.076	0.797495
0.077	0.791935
0.078	0.786266
0.079	0.780493
0.08	0.774625
0.081	0.768668
0.082	0.76263
0.083	0.756517
0.084	0.750336
0.085	0.744094
0.086	0.737797
0.087	0.731451
0.088	0.725062
0.089	0.718636
0.09	0.712178
0.091	0.705695
0.092	0.699191
0.093	0.692672
0.094	0.686144
0.095	0.67961
0.096	0.673076
0.097	0.666547
0.098	0.660027
0.099	0.653521
0.1	0.647033
0.101	0.640567
0.102	0.634127
0.103	0.627718
0.104	0.621342
0.105	0.615004
0.106	0.608708
0.107	0.602456
0.108	0.596253
0.109	0.590101
0.11	0.584003
0.111	0.577963
0.112	0.571984
0.113	0.566068
0.114	0.560217
0.115	0.554436
0.116	0.548725
0.117	0.543088
0.118	0.537527
0.119	0.532044
0.12	0.526641
0.121	0.521321
0.122	0.516084
0.123	0.510934
0.124	0.505871
0.125	0.500898
0.126	0.496016
0.127	0.491226
0.128	0.48653
0.129	0.48193
0.13	0.477427
0.131	0.473021
0.132	0.468714
0.133	0.464508
0.134	0.460402
0.135	0.456398
0.136	0.452497
0.137	0.4487
0.138	0.445007
0.139	0.441419
0.14	0.437936
0.141	0.434559
0.142	0.431289
0.143	0.428126
0.144	0.42507
0.145	0.422122
0.146	0.419281
0.147	0.416548
0.148	0.413923
0.149	0.411406
0.15	0.408998
0.151	0.406697
0.152	0.404505
0.153	0.40242
0.154	0.400444
0.155	0.398574
0.156	0.396812
0.157	0.395157
0.158	0.393608
0.159	0.392166
0.16	0.390829
0.161	0.389598
0.162	0.388471
0.163	0.387449
0.164	0.386531
0.165	0.385715
0.166	0.385002
0.167	0.384391
0.168	0.38388
0.169	0.38347
0.17	0.38316
0.171	0.382948
0.172	0.382834
0.173	0.382818
0.174	0.382897
0.175	0.383072
0.176	0.383341
0.177	0.383703
0.178	0.384158
0.179	0.384704
0.18	0.385341
0.181	0.386067
0.182	0.386881
0.183	0.387783
0.184	0.38877
0.185	0.389843
0.186	0.391
0.187	0.392239
0.188	0.39356
0.189	0.394961
0.19	0.396441
0.191	0.398
0.192	0.399635
0.193	0.401346
0.194	0.403131
0.195	0.404989
0.196	0.406919
0.197	0.40892
0.198	0.410989
0.199	0.413127
0.2	0.415332
0.201	0.417602
0.202	0.419936
0.203	0.422333
0.204	0.424791
0.205	0.427309
0.206	0.429887
0.207	0.432522
0.208	0.435213
0.209	0.437959
0.21	0.440758
0.211	0.44361
0.212	0.446512
0.213	0.449464
0.214	0.452464
0.215	0.455511
0.216	0.458604
0.217	0.46174
0.218	0.46492
0.219	0.468141
0.22	0.471402
0.221	0.474702
0.222	0.47804
0.223	0.481414
0.224	0.484822
0.225	0.488265
0.226	0.49174
0.227	0.495245
0.228	0.498781
0.229	0.502345
0.23	0.505936
0.231	0.509553
0.232	0.513194
0.233	0.516859
0.234	0.520546
0.235	0.524254
0.236	0.527982
0.237	0.531728
0.238	0.535491
0.239	0.53927
0.24	0.543064
0.241	0.546872
0.242	0.550692
0.243	0.554523
0.244	0.558365
0.245	0.562215
0.246	0.566073
0.247	0.569938
0.248	0.573808
0.249	0.577683
0.25	0.581561
0.251	0.585442
0.252	0.589323
0.253	0.593205
0.254	0.597086
0.255	0.600965
0.256	0.604841
0.257	0.608714
0.258	0.612581
0.259	0.616442
0.26	0.620297
0.261	0.624143
0.262	0.627981
0.263	0.631809
0.264	0.635627
0.265	0.639433
0.266	0.643226
0.267	0.647006
0.268	0.650773
0.269	0.654524
0.27	0.658259
0.271	0.661978
0.272	0.665679
0.273	0.669362
0.274	0.673026
0.275	0.67667
0.276	0.680293
0.277	0.683896
0.278	0.687476
0.279	0.691034
0.28	0.694569
0.281	0.698079
0.282	0.701565
0.283	0.705025
0.284	0.70846
0.285	0.711868
0.286	0.715249
0.287	0.718602
0.288	0.721927
0.289	0.725223
0.29	0.728489
0.291	0.731726
0.292	0.734933
0.293	0.738108
0.294	0.741252
0.295	0.744364
0.296	0.747444
0.297	0.750491
0.298	0.753505
0.299	0.756485
0.3	0.759432
0.301	0.762344
0.302	0.765222
0.303	0.768064
0.304	0.770871
0.305	0.773643
0.306	0.776378
0.307	0.779077
0.308	0.78174
0.309	0.784366
0.31	0.786954
0.311	0.789506
0.312	0.79202
0.313	0.794496
0.314	0.796934
0.315	0.799335
0.316	0.801696
0.317	0.80402
0.318	0.806305
0.319	0.808551
0.32	0.810759
0.321	0.812928
0.322	0.815057
0.323	0.817148
0.324	0.8192
0.325	0.821212
0.326	0.823185
0.327	0.825119
0.328	0.827014
0.329	0.82887
0.33	0.830686
0.331	0.832463
0.332	0.834201
0.333	0.8359
0.334	0.83756
0.335	0.839181
0.336	0.840763
0.337	0.842306
0.338	0.843811
0.339	0.845277
0.34	0.846704
0.341	0.848093
0.342	0.849444
0.343	0.850757
0.344	0.852032
0.345	0.85327
0.346	0.85447
0.347	0.855632
0.348	0.856758
0.349	0.857847
0.35	0.858899
0.351	0.859914
0.352	0.860894
0.353	0.861837
0.354	0.862745
0.355	0.863618
0.356	0.864455
0.357	0.865258
0.358	0.866026
0.359	0.866759
0.36	0.867459
0.361	0.868125
0.362	0.868758
0.363	0.869358
0.364	0.869926
0.365	0.870461
0.366	0.870964
0.367	0.871435
0.368	0.871875
0.369	0.872285
0.37	0.872664
0.371	0.873013
0.372	0.873332
0.373	0.873622
0.374	0.873883
0.375	0.874115
0.376	0.87432
0.377	0.874496
0.378	0.874646
0.379	0.874768
0.38	0.874865
0.381	0.874935
0.382	0.874979
0.383	0.874999
0.384	0.874994
0.385	0.874965
0.386	0.874912
0.387	0.874835
0.388	0.874736
0.389	0.874614
0.39	0.874471
0.391	0.874306
0.392	0.87412
0.393	0.873913
0.394	0.873687
0.395	0.873441
0.396	0.873176
0.397	0.872892
0.398	0.87259
0.399	0.87227
0.4	0.871933
0.401	0.87158
0.402	0.87121
0.403	0.870825
0.404	0.870424
0.405	0.870009
0.406	0.869579
0.407	0.869136
0.408	0.868679
0.409	0.86821
0.41	0.867728
0.411	0.867234
0.412	0.86673
0.413	0.866214
0.414	0.865688
0.415	0.865151
0.416	0.864606
0.417	0.864052
0.418	0.863489
0.419	0.862918
0.42	0.86234
0.421	0.861754
0.422	0.861162
0.423	0.860564
0.424	0.859961
0.425	0.859352
0.426	0.858739
0.427	0.858121
0.428	0.857499
0.429	0.856875
0.43	0.856247
0.431	0.855617
0.432	0.854985
0.433	0.854351
0.434	0.853717
0.435	0.853081
0.436	0.852446
0.437	0.85181
0.438	0.851176
0.439	0.850542
0.44	0.84991
0.441	0.849279
0.442	0.848651
0.443	0.848025
0.444	0.847403
0.445	0.846784
0.446	0.846168
0.447	0.845557
0.448	0.844951
0.449	0.844349
0.45	0.843753
0.451	0.843162
0.452	0.842578
0.453	0.842
0.454	0.841428
0.455	0.840864
0.456	0.840306
0.457	0.839757
0.458	0.839216
0.459	0.838683
0.46	0.838158
0.461	0.837643
0.462	0.837137
0.463	0.83664
0.464	0.836153
0.465	0.835676
0.466	0.83521
0.467	0.834754
0.468	0.834309
0.469	0.833875
0.47	0.833452
0.471	0.833041
0.472	0.832642
0.473	0.832254
0.474	0.831879
0.475	0.831517
0.476	0.831167
0.477	0.83083
0.478	0.830505
0.479	0.830194
0.48	0.829897
0.481	0.829613
0.482	0.829342
0.483	0.829085
0.484	0.828843
0.485	0.828614
0.486	0.828399
0.487	0.828199
0.488	0.828013
0.489	0.827842
0.49	0.827685
0.491	0.827543
0.492	0.827416
0.493	0.827303
0.494	0.827206
0.495	0.827123
0.496	0.827055
0.497	0.827003
0.498	0.826965
0.499	0.826942
0.5	0.826935
0.501	0.826942
0.502	0.826965
0.503	0.827003
0.504	0.827055
0.505	0.827123
0.506	0.827206
0.507	0.827303
0.508	0.827416
0.509	0.827543
0.51	0.827685
0.511	0.827842
0.512	0.828013
0.513	0.828199
0.514	0.828399
0.515	0.828614
0.516	0.828843
0.517	0.829085
0.518	0.829342
0.519	0.829613
0.52	0.829897
0.521	0.830194
0.522	0.830505
0.523	0.83083
0.524	0.831167
0.525	0.831517
0.526	0.831879
0.527	0.832254
0.528	0.832642
0.529	0.833041
0.53	0.833452
0.531	0.833875
0.532	0.834309
0.533	0.834754
0.534	0.83521
0.535	0.835676
0.536	0.836153
0.537	0.83664
0.538	0.837137
0.539	0.837643
0.54	0.838158
0.541	0.838683
0.542	0.839216
0.543	0.839757
0.544	0.840306
0.545	0.840864
0.546	0.841428
0.547	0.842
0.548	0.842578
0.549	0.843162
0.55	0.843753
0.551	0.844349
0.552	0.844951
0.553	0.845557
0.554	0.846168
0.555	0.846784
0.556	0.847403
0.557	0.848025
0.558	0.848651
0.559	0.849279
0.56	0.84991
0.561	0.850542
0.562	0.851176
0.563	0.85181
0.564	0.852446
0.565	0.853081
0.566	0.853717
0.567	0.854351
0.568	0.854985
0.569	0.855617
0.57	0.856247
0.571	0.856875
0.572	0.857499
0.573	0.858121
0.574	0.858739
0.575	0.859352
0.576	0.859961
0.577	0.860564
0.578	0.861162
0.579	0.861754
0.58	0.86234
0.581	0.862918
0.582	0.863489
0.583	0.864052
0.584	0.864606
0.585	0.865151
0.586	0.865688
0.587	0.866214
0.588	0.86673
0.589	0.867234
0.59	0.867728
0.591	0.86821
0.592	0.868679
0.593	0.869136
0.594	0.869579
0.595	0.870009
0.596	0.870424
0.597	0.870825
0.598	0.87121
0.599	0.87158
0.6	0.871933
0.601	0.87227
0.602	0.87259
0.603	0.872892
0.604	0.873176
0.605	0.873441
0.606	0.873687
0.607	0.873913
0.608	0.87412
0.609	0.874306
0.61	0.874471
0.611	0.874614
0.612	0.874736
0.613	0.874835
0.614	0.874912
0.615	0.874965
0.616	0.874994
0.617	0.874999
0.618	0.874979
0.619	0.874935
0.62	0.874865
0.621	0.874768
0.622	0.874646
0.623	0.874496
0.624	0.87432
0.625	0.874115
0.626	0.873883
0.627	0.873622
0.628	0.873332
0.629	0.873013
0.63	0.872664
0.631	0.872285
0.632	0.871875
0.633	0.871435
0.634	0.870964
0.635	0.870461
0.636	0.869926
0.637	0.869358
0.638	0.868758
0.639	0.868125
0.64	0.867459
0.641	0.866759
0.642	0.866026
0.643	0.865258
0.644	0.864455
0.645	0.863618
0.646	0.862745
0.647	0.861837
0.648	0.860894
0.649	0.859914
0.65	0.858899
0.651	0.857847
0.652	0.856758
0.653	0.855632
0.654	0.85447
0.655	0.85327
0.656	0.852032
0.657	0.850757
0.658	0.849444
0.659	0.848093
0.66	0.846704
0.661	0.845277
0.662	0.843811
0.663	0.842306
0.664	0.840763
0.665	0.839181
0.666	0.83756
0.667	0.8359
0.668	0.834201
0.669	0.832463
0.67	0.830686
0.671	0.82887
0.672	0.827014
0.673	0.825119
0.674	0.823185
0.675	0.821212
0.676	0.8192
0.677	0.817148
0.678	0.815057
0.679	0.812928
0.68	0.810759
0.681	0.808551
0.682	0.806305
0.683	0.80402
0.684	0.801696
0.685	0.799335
0.686	0.796934
0.687	0.794496
0.688	0.79202
0.689	0.789506
0.69	0.786954
0.691	0.784366
0.692	0.78174
0.693	0.779077
0.694	0.776378
0.695	0.773643
0.696	0.770871
0.697	0.768064
0.698	0.765222
0.699	0.762344
0.7	0.759432
0.701	0.756485
0.702	0.753505
0.703	0.750491
0.704	0.747444
0.705	0.744364
0.706	0.741252
0.707	0.738108
0.708	0.734933
0.709	0.731726
0.71	0.728489
0.711	0.725223
0.712	0.721927
0.713	0.718602
0.714	0.715249
0.715	0.711868
0.716	0.70846
0.717	0.705025
0.718	0.701565
0.719	0.698079
0.72	0.694569
0.721	0.691034
0.722	0.687476
0.723	0.683896
0.724	0.680293
0.725	0.67667
0.726	0.673026
0.727	0.669362
0.728	0.665679
0.729	0.661978
0.73	0.658259
0.731	0.654524
0.732	0.650773
0.733	0.647006
0.734	0.643226
0.735	0.639433
0.736	0.635627
0.737	0.631809
0.738	0.627981
0.739	0.624143
0.74	0.620297
0.741	0.616442
0.742	0.612581
0.743	0.608714
0.744	0.604841
0.745	0.600965
0.746	0.597086
0.747	0.593205
0.748	0.589323
0.749	0.585442
0.75	0.581561
0.751	0.577683
0.752	0.573808
0.753	0.569938
0.754	0.566073
0.755	0.562215
0.756	0.558365
0.757	0.554523
0.758	0.550692
0.759	0.546872
0.76	0.543064
0.761	0.53927
0.762	0.535491
0.763	0.531728
0.764	0.527982
0.765	0.524254
0.766	0.520546
0.767	0.516859
0.768	0.513194
0.769	0.509553
0.77	0.505936
0.771	0.502345
0.772	0.498781
0.773	0.495245
0.774	0.49174
0.775	0.488265
0.776	0.484822
0.777	0.481414
0.778	0.47804
0.779	0.474702
0.78	0.471402
0.781	0.468141
0.782	0.46492
0.783	0.46174
0.784	0.458604
0.785	0.455511
0.786	0.452464
0.787	0.449464
0.788	0.446512
0.789	0.44361
0.79	0.440758
0.791	0.437959
0.792	0.435213
0.793	0.432522
0.794	0.429887
0.795	0.427309
0.796	0.424791
0.797	0.422333
0.798	0.419936
0.799	0.417602
0.8	0.415332
0.801	0.413127
0.802	0.410989
0.803	0.40892
0.804	0.406919
0.805	0.404989
0.806	0.403131
0.807	0.401346
0.808	0.399635
0.809	0.398
0.81	0.396441
0.811	0.394961
0.812	0.39356
0.813	0.392239
0.814	0.391
0.815	0.389843
0.816	0.38877
0.817	0.387783
0.818	0.386881
0.819	0.386067
0.82	0.385341
0.821	0.384704
0.822	0.384158
0.823	0.383703
0.824	0.383341
0.825	0.383072
0.826	0.382897
0.827	0.382818
0.828	0.382834
0.829	0.382948
0.83	0.38316
0.831	0.38347
0.832	0.38388
0.833	0.384391
0.834	0.385002
0.835	0.385715
0.836	0.386531
0.837	0.387449
0.838	0.388471
0.839	0.389598
0.84	0.390829
0.841	0.392166
0.842	0.393608
0.843	0.395157
0.844	0.396812
0.845	0.398574
0.846	0.400444
0.847	0.40242
0.848	0.404505
0.849	0.406697
0.85	0.408998
0.851	0.411406
0.852	0.413923
0.853	0.416548
0.854	0.419281
0.855	0.422122
0.856	0.42507
0.857	0.428126
0.858	0.431289
0.859	0.434559
0.86	0.437936
0.861	0.441419
0.862	0.445007
0.863	0.4487
0.864	0.452497
0.865	0.456398
0.866	0.460402
0.867	0.464508
0.868	0.468714
0.869	0.473021
0.87	0.477427
0.871	0.48193
0.872	0.48653
0.873	0.491226
0.874	0.496016
0.875	0.500898
0.876	0.505871
0.877	0.510934
0.878	0.516084
0.879	0.521321
0.88	0.526641
0.881	0.532044
0.882	0.537527
0.883	0.543088
0.884	0.548725
0.885	0.554436
0.886	0.560217
0.887	0.566068
0.888	0.571984
0.889	0.577963
0.89	0.584003
0.891	0.590101
0.892	0.596253
0.893	0.602456
0.894	0.608708
0.895	0.615004
0.896	0.621342
0.897	0.627718
0.898	0.634127
0.899	0.640567
0.9	0.647033
0.901	0.653521
0.902	0.660027
0.903	0.666547
0.904	0.673076
0.905	0.67961
0.906	0.686144
0.907	0.692672
0.908	0.699191
0.909	0.705695
0.91	0.712178
0.911	0.718636
0.912	0.725062
0.913	0.731451
0.914	0.737797
0.915	0.744094
0.916	0.750336
0.917	0.756517
0.918	0.76263
0.919	0.768668
0.92	0.774625
0.921	0.780493
0.922	0.786266
0.923	0.791935
0.924	0.797495
0.925	0.802936
0.926	0.808252
0.927	0.813433
0.928	0.818472
0.929	0.823361
0.93	0.82809
0.931	0.832652
0.932	0.837036
0.933	0.841235
0.934	0.845238
0.935	0.849035
0.936	0.852618
0.937	0.855976
0.938	0.859099
0.939	0.861977
0.94	0.864598
0.941	0.866952
0.942	0.869029
0.943	0.870816
0.944	0.872302
0.945	0.873475
0.946	0.874324
0.947	0.874837
0.948	0.875
0.949	0.874801
0.95	0.874227
0.951	0.873265
0.952	0.871902
0.953	0.870123
0.954	0.867916
0.955	0.865265
0.956	0.862156
0.957	0.858575
0.958	0.854506
0.959	0.849934
0.96	0.844844
0.961	0.83922
0.962	0.833046
0.963	0.826305
0.964	0.81898
0.965	0.811056
0.966	0.802513
0.967	0.793336
0.968	0.783505
0.969	0.773003
0.97	0.761812
0.971	0.749912
0.972	0.737284
0.973	0.723909
0.974	0.709768
0.975	0.694839
0.976	0.679103
0.977	0.662539
0.978	0.645126
0.979	0.626843
0.98	0.607667
0.981	0.587577
0.982	0.566549
0.983	0.544562
0.984	0.521592
0.985	0.497615
0.986	0.472608
0.987	0.446547
0.988	0.419405
0.989	0.391159
0.99	0.361784
0.991	0.331252
0.992	0.299539
0.993	0.266617
0.994	0.232459
0.995	0.197038
0.996	0.160327
0.997	0.122296
0.998	0.0829173
0.999	0.0421619
1	0
