0.001	0.141345
0.002	0.266147
0.003	0.375689
0.004	0.471177
0.005	0.55375
0.006	0.624476
0.007	0.684363
0.008	0.734354
0.009	0.775335
0.01	0.808137
0.011	0.833538
0.012	0.852266
0.013	0.865
0.014	0.872374
0.015	0.87498
0.016	0.873368
0.017	0.86805
0.018	0.859499
0.019	0.848156
0.02	0.834427
0.021	0.818688
0.022	0.801284
0.023	0.782533
0.024	0.762727
0.025	0.742132
0.026	0.720992
0.027	0.699526
0.028	0.677937
0.029	0.656405
0.03	0.635091
0.031	0.614142
0.032	0.593687
0.033	0.57384
0.034	0.5547
0.035	0.536355
0.036	0.51888
0.037	0.502338
0.038	0.486781
0.039	0.472254
0.04	0.458788
0.041	0.446411
0.042	0.435139
0.043	0.424985
0.044	0.415951
0.045	0.408036
0.046	0.401233
0.047	0.395531
0.048	0.390912
0.049	0.387356
0.05	0.38484
0.051	0.383335
0.052	0.382813
0.053	0.383241
0.054	0.384584
0.055	0.386807
0.056	0.38987
0.057	0.393735
0.058	0.398363
0.059	0.403711
0.06	0.409739
0.061	0.416405
0.062	0.423667
0.063	0.431483
0.064	0.439811
0.065	0.44861
0.066	0.457839
0.067	0.467456
0.068	0.477423
0.069	0.4877
0.07	0.498249
0.071	0.509032
0.072	0.520014
0.073	0.531159
0.074	0.542434
0.075	0.553804
0.076	0.565239
0.077	0.576708
0.078	0.588182
0.079	0.599633
0.08	0.611035
0.081	0.622361
0.082	0.63359
0.083	0.644696
0.084	0.655661
0.085	0.666463
0.086	0.677084
0.087	0.687507
0.088	0.697715
0.089	0.707695
0.09	0.717432
0.091	0.726914
0.092	0.73613
0.093	0.745071
0.094	0.753727
0.095	0.762091
0.096	0.770156
0.097	0.777917
0.098	0.785369
0.099	0.792509
0.1	0.799335
0.101	0.805843
0.102	0.812035
0.103	0.817909
0.104	0.823466
0.105	0.828709
0.106	0.833639
0.107	0.838259
0.108	0.842574
0.109	0.846586
0.11	0.850302
0.111	0.853726
0.112	0.856864
0.113	0.859723
0.114	0.862309
0.115	0.864629
0.116	0.86669
0.117	0.868502
0.118	0.870071
0.119	0.871406
0.12	0.872516
0.121	0.873409
0.122	0.874095
0.123	0.874582
0.124	0.874879
0.125	0.874997
0.126	0.874944
0.127	0.874731
0.128	0.874365
0.129	0.873857
0.13	0.873217
0.131	0.872452
0.132	0.871574
0.133	0.870591
0.134	0.869512
0.135	0.868346
0.136	0.867102
0.137	0.865789
0.138	0.864415
0.139	0.862989
0.14	0.861518
0.141	0.860011
0.142	0.858476
0.143	0.856919
0.144	0.855349
0.145	0.853772
0.146	0.852195
0.147	0.850625
0.148	0.849068
0.149	0.847529
0.15	0.846015
0.151	0.844531
0.152	0.843082
0.153	0.841674
0.154	0.84031
0.155	0.838995
0.156	0.837733
0.157	0.836528
0.158	0.835383
0.159	0.834301
0.16	0.833286
0.161	0.83234
0.162	0.831465
0.163	0.830663
0.164	0.829936
0.165	0.829286
0.166	0.828714
0.167	0.828221
0.168	0.827807
0.169	0.827473
0.17	0.827219
0.171	0.827046
0.172	0.826953
0.173	0.826939
0.174	0.827004
0.175	0.827147
0.176	0.827367
0.177	0.827663
0.178	0.828032
0.179	0.828474
0.18	0.828987
0.181	0.829567
0.182	0.830215
0.183	0.830926
0.184	0.831698
0.185	0.832529
0.186	0.833416
0.187	0.834356
0.188	0.835347
0.189	0.836384
0.19	0.837465
0.191	0.838586
0.192	0.839744
0.193	0.840936
0.194	0.842157
0.195	0.843405
0.196	0.844676
0.197	0.845965
0.198	0.84727
0.199	0.848586
0.2	0.84991
0.201	0.851237
0.202	0.852564
0.203	0.853887
0.204	0.855203
0.205	0.856506
0.206	0.857794
0.207	0.859063
0.208	0.860309
0.209	0.861528
0.21	0.862716
0.211	0.86387
0.212	0.864987
0.213	0.866061
0.214	0.867091
0.215	0.868073
0.216	0.869002
0.217	0.869877
0.218	0.870693
0.219	0.871447
0.22	0.872138
0.221	0.87276
0.222	0.873312
0.223	0.873791
0.224	0.874194
0.225	0.874518
0.226	0.874761
0.227	0.874921
0.228	0.874995
0.229	0.874981
0.23	0.874877
0.231	0.874681
0.232	0.874391
0.233	0.874005
0.234	0.873522
0.235	0.872941
0.236	0.87226
0.237	0.871477
0.238	0.870591
0.239	0.869602
0.24	0.868509
0.241	0.867311
0.242	0.866006
0.243	0.864595
0.244	0.863078
0.245	0.861453
0.246	0.85972
0.247	0.85788
0.248	0.855933
0.249	0.853879
0.25	0.851717
0.251	0.849449
0.252	0.847075
0.253	0.844595
0.254	0.84201
0.255	0.839321
0.256	0.836529
0.257	0.833635
0.258	0.830639
0.259	0.827544
0.26	0.82435
0.261	0.82106
0.262	0.817673
0.263	0.814192
0.264	0.810619
0.265	0.806955
0.266	0.803202
0.267	0.799362
0.268	0.795437
0.269	0.791429
0.27	0.787339
0.271	0.783172
0.272	0.778927
0.273	0.774608
0.274	0.770218
0.275	0.765757
0.276	0.76123
0.277	0.756638
0.278	0.751984
0.279	0.747271
0.28	0.742501
0.281	0.737676
0.282	0.732801
0.283	0.727876
0.284	0.722906
0.285	0.717892
0.286	0.712838
0.287	0.707746
0.288	0.70262
0.289	0.697461
0.29	0.692274
0.291	0.68706
0.292	0.681824
0.293	0.676566
0.294	0.671291
0.295	0.666002
0.296	0.6607
0.297	0.65539
0.298	0.650073
0.299	0.644753
0.3	0.639433
0.301	0.634114
0.302	0.628801
0.303	0.623496
0.304	0.618201
0.305	0.612919
0.306	0.607653
0.307	0.602406
0.308	0.597179
0.309	0.591977
0.31	0.5868
0.311	0.581652
0.312	0.576536
0.313	0.571452
0.314	0.566405
0.315	0.561396
0.316	0.556427
0.317	0.551501
0.318	0.54662
0.319	0.541786
0.32	0.537001
0.321	0.532267
0.322	0.527586
0.323	0.52296
0.324	0.51839
0.325	0.51388
0.326	0.509429
0.327	0.505041
0.328	0.500716
0.329	0.496456
0.33	0.492263
0.331	0.488139
0.332	0.484083
0.333	0.480099
0.334	0.476186
0.335	0.472347
0.336	0.468582
0.337	0.464893
0.338	0.46128
0.339	0.457744
0.34	0.454287
0.341	0.450909
0.342	0.44761
0.343	0.444393
0.344	0.441256
0.345	0.438201
0.346	0.435229
0.347	0.432339
0.348	0.429533
0.349	0.42681
0.35	0.424171
0.351	0.421616
0.352	0.419145
0.353	0.416758
0.354	0.414455
0.355	0.412237
0.356	0.410103
0.357	0.408054
0.358	0.406088
0.359	0.404206
0.36	0.402408
0.361	0.400693
0.362	0.399061
0.363	0.397511
0.364	0.396043
0.365	0.394656
0.366	0.393351
0.367	0.392126
0.368	0.39098
0.369	0.389914
0.37	0.388926
0.371	0.388015
0.372	0.387182
0.373	0.386424
0.374	0.385741
0.375	0.385132
0.376	0.384597
0.377	0.384134
0.378	0.383742
0.379	0.38342
0.38	0.383168
0.381	0.382984
0.382	0.382867
0.383	0.382815
0.384	0.382829
0.385	0.382906
0.386	0.383045
0.387	0.383245
0.388	0.383505
0.389	0.383824
0.39	0.384201
0.391	0.384633
0.392	0.38512
0.393	0.385661
0.394	0.386253
0.395	0.386897
0.396	0.38759
0.397	0.388331
0.398	0.389119
0.399	0.389952
0.4	0.390829
0.401	0.391749
0.402	0.39271
0.403	0.393711
0.404	0.39475
0.405	0.395827
0.406	0.396939
0.407	0.398085
0.408	0.399264
0.409	0.400475
0.41	0.401716
0.411	0.402986
0.412	0.404283
0.413	0.405606
0.414	0.406954
0.415	0.408325
0.416	0.409719
0.417	0.411133
0.418	0.412566
0.419	0.414017
0.42	0.415485
0.421	0.416969
0.422	0.418466
0.423	0.419977
0.424	0.421499
0.425	0.423031
0.426	0.424573
0.427	0.426123
0.428	0.427679
0.429	0.429242
0.43	0.430808
0.431	0.432378
0.432	0.43395
0.433	0.435523
0.434	0.437096
0.435	0.438667
0.436	0.440237
0.437	0.441803
0.438	0.443365
0.439	0.444921
0.44	0.446472
0.441	0.448014
0.442	0.449549
0.443	0.451074
0.444	0.45259
0.445	0.454094
0.446	0.455586
0.447	0.457066
0.448	0.458531
0.449	0.459983
0.45	0.461419
0.451	0.462839
0.452	0.464242
0.453	0.465627
0.454	0.466994
0.455	0.468342
0.456	0.46967
0.457	0.470978
0.458	0.472264
0.459	0.473529
0.46	0.474771
0.461	0.475991
0.462	0.477186
0.463	0.478358
0.464	0.479504
0.465	0.480625
0.466	0.481721
0.467	0.48279
0.468	0.483832
0.469	0.484847
0.47	0.485834
0.471	0.486793
0.472	0.487723
0.473	0.488625
0.474	0.489496
0.475	0.490338
0.476	0.49115
0.477	0.491931
0.478	0.492682
0.479	0.493401
0.48	0.494088
0.481	0.494744
0.482	0.495368
0.483	0.49596
0.484	0.496519
0.485	0.497045
0.486	0.497539
0.487	0.497999
0.488	0.498426
0.489	0.498819
0.49	0.499178
0.491	0.499504
0.492	0.499796
0.493	0.500054
0.494	0.500277
0.495	0.500467
0.496	0.500622
0.497	0.500743
0.498	0.500829
0.499	0.50088
0.5	0.500898
0.501	0.50088
0.502	0.500829
0.503	0.500743
0.504	0.500622
0.505	0.500467
0.506	0.500277
0.507	0.500054
0.508	0.499796
0.509	0.499504
0.51	0.499178
0.511	0.498819
0.512	0.498426
0.513	0.497999
0.514	0.497539
0.515	0.497045
0.516	0.496519
0.517	0.49596
0.518	0.495368
0.519	0.494744
0.52	0.494088
0.521	0.493401
0.522	0.492682
0.523	0.491931
0.524	0.49115
0.525	0.490338
0.526	0.489496
0.527	0.488625
0.528	0.487723
0.529	0.486793
0.53	0.485834
0.531	0.484847
0.532	0.483832
0.533	0.48279
0.534	0.481721
0.535	0.480625
0.536	0.479504
0.537	0.478358
0.538	0.477186
0.539	0.475991
0.54	0.474771
0.541	0.473529
0.542	0.472264
0.543	0.470978
0.544	0.46967
0.545	0.468342
0.546	0.466994
0.547	0.465627
0.548	0.464242
0.549	0.462839
0.55	0.461419
0.551	0.459983
0.552	0.458531
0.553	0.457066
0.554	0.455586
0.555	0.454094
0.556	0.45259
0.557	0.451074
0.558	0.449549
0.559	0.448014
0.56	0.446472
0.561	0.444921
0.562	0.443365
0.563	0.441803
0.564	0.440237
0.565	0.438667
0.566	0.437096
0.567	0.435523
0.568	0.43395
0.569	0.432378
0.57	0.430808
0.571	0.429242
0.572	0.427679
0.573	0.426123
0.574	0.424573
0.575	0.423031
0.576	0.421499
0.577	0.419977
0.578	0.418466
0.579	0.416969
0.58	0.415485
0.581	0.414017
0.582	0.412566
0.583	0.411133
0.584	0.409719
0.585	0.408325
0.586	0.406954
0.587	0.405606
0.588	0.404283
0.589	0.402986
0.59	0.401716
0.591	0.400475
0.592	0.399264
0.593	0.398085
0.594	0.396939
0.595	0.395827
0.596	0.39475
0.597	0.393711
0.598	0.39271
0.599	0.391749
0.6	0.390829
0.601	0.389952
0.602	0.389119
0.603	0.388331
0.604	0.38759
0.605	0.386897
0.606	0.386253
0.607	0.385661
0.608	0.38512
0.609	0.384633
0.61	0.384201
0.611	0.383824
0.612	0.383505
0.613	0.383245
0.614	0.383045
0.615	0.382906
0.616	0.382829
0.617	0.382815
0.618	0.382867
0.619	0.382984
0.62	0.383168
0.621	0.38342
0.622	0.383742
0.623	0.384134
0.624	0.384597
0.625	0.385132
0.626	0.385741
0.627	0.386424
0.628	0.387182
0.629	0.388015
0.63	0.388926
0.631	0.389914
0.632	0.39098
0.633	0.392126
0.634	0.393351
0.635	0.394656
0.636	0.396043
0.637	0.397511
0.638	0.399061
0.639	0.400693
0.64	0.402408
0.641	0.404206
0.642	0.406088
0.643	0.408054
0.644	0.410103
0.645	0.412237
0.646	0.414455
0.647	0.416758
0.648	0.419145
0.649	0.421616
0.65	0.424171
0.651	0.42681
0.652	0.429533
0.653	0.432339
0.654	0.435229
0.655	0.438201
0.656	0.441256
0.657	0.444393
0.658	0.44761
0.659	0.450909
0.66	0.454287
0.661	0.457744
0.662	0.46128
0.663	0.464893
0.664	0.468582
0.665	0.472347
0.666	0.476186
0.667	0.480099
0.668	0.484083
0.669	0.488139
0.67	0.492263
0.671	0.496456
0.672	0.500716
0.673	0.505041
0.674	0.509429
0.675	0.51388
0.676	0.51839
0.677	0.52296
0.678	0.527586
0.679	0.532267
0.68	0.537001
0.681	0.541786
0.682	0.54662
0.683	0.551501
0.684	0.556427
0.685	0.561396
0.686	0.566405
0.687	0.571452
0.688	0.576536
0.689	0.581652
0.69	0.5868
0.691	0.591977
0.692	0.597179
0.693	0.602406
0.694	0.607653
0.695	0.612919
0.696	0.618201
0.697	0.623496
0.698	0.628801
0.699	0.634114
0.7	0.639433
0.701	0.644753
0.702	0.650073
0.703	0.65539
0.704	0.6607
0.705	0.666002
0.706	0.671291
0.707	0.676566
0.708	0.681824
0.709	0.68706
0.71	0.692274
0.711	0.697461
0.712	0.70262
0.713	0.707746
0.714	0.712838
0.715	0.717892
0.716	0.722906
0.717	0.727876
0.718	0.732801
0.719	0.737676
0.72	0.742501
0.721	0.747271
0.722	0.751984
0.723	0.756638
0.724	0.76123
0.725	0.765757
0.726	0.770218
0.727	0.774608
0.728	0.778927
0.729	0.783172
0.73	0.787339
0.731	0.791429
0.732	0.795437
0.733	0.799362
0.734	0.803202
0.735	0.806955
0.736	0.810619
0.737	0.814192
0.738	0.817673
0.739	0.82106
0.74	0.82435
0.741	0.827544
0.742	0.830639
0.743	0.833635
0.744	0.836529
0.745	0.839321
0.746	0.84201
0.747	0.844595
0.748	0.847075
0.749	0.849449
0.75	0.851717
0.751	0.853879
0.752	0.855933
0.753	0.85788
0.754	0.85972
0.755	0.861453
0.756	0.863078
0.757	0.864595
0.758	0.866006
0.759	0.867311
0.76	0.868509
0.761	0.869602
0.762	0.870591
0.763	0.871477
0.764	0.87226
0.765	0.872941
0.766	0.873522
0.767	0.874005
0.768	0.874391
0.769	0.874681
0.77	0.874877
0.771	0.874981
0.772	0.874995
0.773	0.874921
0.774	0.874761
0.775	0.874518
0.776	0.874194
0.777	0.873791
0.778	0.873312
0.779	0.87276
0.78	0.872138
0.781	0.871447
0.782	0.870693
0.783	0.869877
0.784	0.869002
0.785	0.868073
0.786	0.867091
0.787	0.866061
0.788	0.864987
0.789	0.86387
0.79	0.862716
0.791	0.861528
0.792	0.860309
0.793	0.859063
0.794	0.857794
0.795	0.856506
0.796	0.855203
0.797	0.853887
0.798	0.852564
0.799	0.851237
0.8	0.84991
0.801	0.848586
0.802	0.84727
0.803	0.845965
0.804	0.844676
0.805	0.843405
0.806	0.842157
0.807	0.840936
0.808	0.839744
0.809	0.838586
0.81	0.837465
0.811	0.836384
0.812	0.835347
0.813	0.834356
0.814	0.833416
0.815	0.832529
0.816	0.831698
0.817	0.830926
0.818	0.830215
0.819	0.829567
0.82	0.828987
0.821	0.828474
0.822	0.828032
0.823	0.827663
0.824	0.827367
0.825	0.827147
0.826	0.827004
0.827	0.826939
0.828	0.826953
0.829	0.827046
0.83	0.827219
0.831	0.827473
0.832	0.827807
0.833	0.828221
0.834	0.828714
0.835	0.829286
0.836	0.829936
0.837	0.830663
0.838	0.831465
0.839	0.83234
0.84	0.833286
0.841	0.834301
0.842	0.835383
0.843	0.836528
0.844	0.837733
0.845	0.838995
0.846	0.84031
0.847	0.841674
0.848	0.843082
0.849	0.844531
0.85	0.846015
0.851	0.847529
0.852	0.849068
0.853	0.850625
0.854	0.852195
0.855	0.853772
0.856	0.855349
0.857	0.856919
0.858	0.858476
0.859	0.860011
0.86	0.861518
0.861	0.862989
0.862	0.864415
0.863	0.865789
0.864	0.867102
0.865	0.868346
0.866	0.869512
0.867	0.870591
0.868	0.871574
0.869	0.872452
0.87	0.873217
0.871	0.873857
0.872	0.874365
0.873	0.874731
0.874	0.874944
0.875	0.874997
0.876	0.874879
0.877	0.874582
0.878	0.874095
0.879	0.873409
0.88	0.872516
0.881	0.871406
0.882	0.870071
0.883	0.868502
0.884	0.86669
0.885	0.864629
0.886	0.862309
0.887	0.859723
0.888	0.856864
0.889	0.853726
0.89	0.850302
0.891	0.846586
0.892	0.842574
0.893	0.838259
0.894	0.833639
0.895	0.828709
0.896	0.823466
0.897	0.817909
0.898	0.812035
0.899	0.805843
0.9	0.799335
0.901	0.792509
0.902	0.785369
0.903	0.777917
0.904	0.770156
0.905	0.762091
0.906	0.753727
0.907	0.745071
0.908	0.73613
0.909	0.726914
0.91	0.717432
0.911	0.707695
0.912	0.697715
0.913	0.687507
0.914	0.677084
0.915	0.666463
0.916	0.655661
0.917	0.644696
0.918	0.63359
0.919	0.622361
0.92	0.611035
0.921	0.599633
0.922	0.588182
0.923	0.576708
0.924	0.565239
0.925	0.553804
0.926	0.542434
0.927	0.531159
0.928	0.520014
0.929	0.509032
0.93	0.498249
0.931	0.4877
0.932	0.477423
0.933	0.467456
0.934	0.457839
0.935	0.44861
0.936	0.439811
0.937	0.431483
0.938	0.423667
0.939	0.416405
0.94	0.409739
0.941	0.403711
0.942	0.398363
0.943	0.393735
0.944	0.38987
0.945	0.386807
0.946	0.384584
0.947	0.383241
0.948	0.382813
0.949	0.383335
0.95	0.38484
0.951	0.387356
0.952	0.390912
0.953	0.395531
0.954	0.401233
0.955	0.408036
0.956	0.415951
0.957	0.424985
0.958	0.435139
0.959	0.446411
0.96	0.458788
0.961	0.472254
0.962	0.486781
0.963	0.502338
0.964	0.51888
0.965	0.536355
0.966	0.5547
0.967	0.57384
0.968	0.593687
0.969	0.614142
0.97	0.635091
0.971	0.656405
0.972	0.677937
0.973	0.699526
0.974	0.720992
0.975	0.742132
0.976	0.762727
0.977	0.782533
0.978	0.801284
0.979	0.818688
0.98	0.834427
0.981	0.848156
0.982	0.859499
0.983	0.86805
0.984	0.873368
0.985	0.87498
0.986	0.872374
0.987	0.865
0.988	0.852266
0.989	0.833538
0.99	0.808137
0.991	0.775335
0.992	0.734354
0.993	0.684363
0.994	0.624476
0.995	0.55375
0.996	0.471177
0.997	0.375689
0.998	0.266147
0.999	0.141345
1	0
